title="tecplot geometry and solution file"
variables = x y z mach temperature lambda1 lambda2 lambda3 lambda4 lambda5
zone t="boundary 1 bc-1", solutiontime= 0.7000000E+02, strandid=1001, i=32, j=46, f=feblock
  0.000000000000E+00  0.000000000000E+00  0.000000000000E+00  0.000000000000E+00  0.000000000000E+00  0.000000000000E+00  0.000000000000E+00
  0.000000000000E+00  0.000000000000E+00  0.000000000000E+00  0.000000000000E+00  0.000000000000E+00  0.000000000000E+00  0.000000000000E+00
  0.000000000000E+00  0.000000000000E+00  0.000000000000E+00  0.000000000000E+00  0.000000000000E+00  0.000000000000E+00  0.000000000000E+00
  0.000000000000E+00  0.000000000000E+00  0.000000000000E+00  0.000000000000E+00  0.000000000000E+00  0.000000000000E+00  0.000000000000E+00
  0.000000000000E+00  0.000000000000E+00  0.000000000000E+00  0.000000000000E+00
  0.250000000000E+01  0.250000000000E+01  0.125000000000E+01  0.146289271009E+01  0.157686156160E+01  0.308372018325E+00  0.000000000000E+00
 -0.125000000000E+01 -0.600232012419E+00  0.250000000000E+01  0.477386199275E+00  0.742988685424E+00 -0.739814786992E+00  0.177790177481E+01
  0.155830813274E+01  0.250000000000E+01 -0.250000000000E+01 -0.154800130438E+01 -0.487811078581E+00  0.250000000000E+01  0.627766083140E+00
 -0.345533899378E+00 -0.178862290564E+01 -0.158811787973E+01  0.125000000000E+01 -0.250000000000E+01 -0.144524380962E+01  0.000000000000E+00
 -0.125000000000E+01 -0.250000000000E+01 -0.250000000000E+01 -0.250000000000E+01
  0.000000000000E+00  0.125000000000E+01  0.000000000000E+00  0.103724302461E+01  0.219251206392E+01  0.922061490191E+00  0.000000000000E+00
  0.000000000000E+00  0.715990576545E+00  0.250000000000E+01  0.202479342020E+01  0.324151231464E+01  0.175434191980E+01  0.310152362409E+01
  0.404200324774E+01  0.375000000000E+01  0.000000000000E+00  0.930412228790E+00  0.299062775774E+01  0.500000000000E+01  0.429310310915E+01
  0.409252726285E+01  0.187029682677E+01  0.284428995242E+01  0.500000000000E+01  0.125000000000E+01  0.394624082883E+01  0.500000000000E+01
  0.500000000000E+01  0.250000000000E+01  0.375000000000E+01  0.500000000000E+01
  0.000000000000E+00  0.441238348384E+00  0.000000000000E+00  0.475214987021E+00  0.460123708856E+00  0.468827815405E+00  0.000000000000E+00
  0.000000000000E+00  0.402302516798E+00  0.469814974359E+00  0.464411128942E+00  0.478714034184E+00  0.489298241651E+00  0.483068557888E+00
  0.487930073118E+00  0.488961654628E+00  0.000000000000E+00  0.464775721414E+00  0.473795651891E+00  0.495346592024E+00  0.490266103446E+00
  0.486286083902E+00  0.445717618051E+00  0.464382274634E+00  0.496127394917E+00  0.443624103833E+00  0.486964461957E+00  0.497246279768E+00
  0.496059270892E+00  0.467732355362E+00  0.488212087362E+00  0.495098264817E+00
  0.999990295028E+00  0.102982719499E+01  0.999990757903E+00  0.104247294232E+01  0.101190080524E+01  0.102520618293E+01  0.999991416700E+00
  0.999992168096E+00  0.103891223624E+01  0.100826277309E+01  0.101252833877E+01  0.100300548289E+01  0.102702865700E+01  0.100605563290E+01
  0.100244400478E+01  0.100355660048E+01  0.999992721792E+00  0.103239739214E+01  0.100459524090E+01  0.100179336279E+01  0.100260305842E+01
  0.100234966417E+01  0.101657153079E+01  0.100617544692E+01  0.100168844809E+01  0.104043292670E+01  0.100303376377E+01  0.100118726928E+01
  0.100134171022E+01  0.100976788415E+01  0.100405369352E+01  0.100176112495E+01
  0.875983588320E-03  0.457167153557E-02  0.963535928597E-03  0.709978713699E-02  0.395527728487E-03  0.871968682305E-02  0.654246915636E-03
  0.307687482850E-03  0.880965123644E-02 -0.286952961426E-03  0.500531598455E-03 -0.115547238527E-02  0.844172391512E-03 -0.634282210803E-03
 -0.152826738497E-02 -0.147537131967E-02  0.827654083371E-03  0.871059559874E-02 -0.840939792768E-03 -0.561367577434E-02 -0.203556541079E-02
 -0.142947281775E-02  0.996183176851E-03 -0.942061330964E-03 -0.582735269639E-02  0.725566012101E-02 -0.117764995263E-02 -0.650162483429E-02
 -0.579435114752E-02 -0.761710782093E-03 -0.137214263895E-02 -0.544055414185E-02
  0.389289633721E-04  0.657426145282E-03  0.478105796791E-04  0.902759866174E-03  0.458957646006E-06  0.134013373125E-02  0.506669460769E-04
  0.952104980127E-04  0.132764586686E-02 -0.125641835479E-03  0.267856373140E-04 -0.244446485924E-03  0.236696063452E-04 -0.181671208293E-03
 -0.299008113452E-03 -0.322326402602E-03  0.924022969856E-04  0.140799429086E-02 -0.172071008704E-03 -0.115650366983E-02 -0.404388733124E-03
 -0.274766871816E-03  0.580258314232E-04 -0.176175529208E-03 -0.122180329765E-02  0.966423548274E-03 -0.230877863418E-03 -0.136616859959E-02
 -0.121345203753E-02 -0.180282116537E-03 -0.285968383590E-03 -0.113378887659E-02
  0.616107325866E-04  0.190422936139E-04  0.900175906932E-04  0.195688673291E-03  0.290983921272E-04  0.783021627855E-04  0.596396759851E-04
 -0.777794931620E-04 -0.255064721675E-05 -0.171997782482E-05  0.400407453767E-04  0.351824508266E-04  0.523442535788E-05  0.985446488408E-05
 -0.125724722860E-05 -0.665533971630E-06 -0.662399049602E-04 -0.147993591573E-03  0.244051424774E-04  0.202417214047E-06  0.698880487488E-05
  0.896187850981E-05  0.265228053264E-04 -0.676347937494E-05  0.204817160971E-04 -0.243980109039E-04 -0.290669732775E-05  0.555874161290E-05
 -0.714837299053E-05 -0.470875886997E-05 -0.251856962067E-05  0.442189030226E-06
 -0.215369329278E-03 -0.182871324032E-03 -0.229574163005E-03  0.321570441440E-05  0.220278497202E-03  0.241061777378E-03 -0.125714743127E-03
 -0.145716420721E-03  0.972537149222E-04  0.245089097843E-03  0.434437156951E-03  0.252526402270E-03  0.497008619557E-03  0.231351449578E-03
  0.171528532011E-03  0.199143440657E-03 -0.151222720710E-03  0.545671501504E-04  0.300780617722E-03  0.748635666538E-04  0.164699841945E-03
  0.201555223046E-03  0.394578487138E-03  0.254461329660E-03  0.726359736593E-04  0.179743442716E-03  0.190677032019E-03  0.693228752333E-04
  0.832725767693E-04  0.304215362795E-03  0.197098406459E-03  0.800761779635E-04
 -0.713563322365E-03 -0.188677368556E-02 -0.933645139999E-03 -0.284602570193E-02 -0.168574699467E-03 -0.364079824166E-02  0.882827717199E-04
  0.135589864142E-03 -0.366240741499E-02  0.112601517373E-03 -0.224406613659E-03  0.452708046208E-03 -0.357963116558E-03  0.248983731792E-03
  0.610274842376E-03  0.594141604395E-03 -0.326118137209E-03 -0.363078316770E-02  0.312432800731E-03  0.233118026514E-02  0.822703905140E-03
  0.567592663611E-03 -0.424692099620E-03  0.345041310308E-03  0.242386223803E-02 -0.294062053505E-02  0.462809567228E-03  0.271213239557E-02
  0.241174562981E-02  0.284643312523E-03  0.550058842268E-03  0.225895709294E-02
        12        19        11        11
        11         5        12        12
        10        14         5         5
        19        13        11        11
        19        24        13        13
        30        23        24        24
        19        12        22        22
        28        22        21        21
        11        13         6         6
         7         6         9         9
        15        12        14        14
        18        13        23        23
        15        25        21        21
        27        19        22        22
        18         8         9         9
        27        31        24        24
         4        11         6         6
         5        14        12        12
         4         2         5         5
        21        12        15        15
        14        16        15        15
        24        19        27        27
        22        29        27        27
        23        26        18        18
        17         8        18        18
         5        11         4         4
         6         3         4         4
        26        23        30        30
         5         2        10        10
        16        14        10        10
         3         6         7         7
        21        25        28        28
        29        22        28        28
         6        13         9         9
         2         4         1         1
        31        27        32        32
        25        15        20        20
        24        23        13        13
         8         7         9         9
        13        18         9         9
        31        30        24        24
        12        21        22        22
        29        32        27        27
         3         1         4         4
        26        17        18        18
        16        20        15        15
zone t="boundary 2 bc-2", solutiontime= 0.7000000E+02, strandid=1002, i=33, j=48, f=feblock
  0.500000000000E+01  0.375000000000E+01  0.250000000000E+01  0.288078410721E+01  0.125000000000E+01  0.190974100652E+01  0.326683758169E+01
  0.201431602454E+01  0.000000000000E+00  0.963108083381E+00  0.500000000000E+01  0.403552511878E+01  0.423153924130E+01  0.500000000000E+01
  0.385533350601E+01  0.500000000000E+01  0.398173246726E+01  0.315249557942E+01  0.267000324704E+01  0.154774304040E+01  0.218329375016E+01
  0.893127759452E+00  0.000000000000E+00  0.698517061619E+00  0.964171764089E+00  0.310324758057E+01  0.000000000000E+00  0.000000000000E+00
  0.125000000000E+01  0.500000000000E+01  0.375000000000E+01  0.250000000000E+01  0.000000000000E+00
 -0.250000000000E+01 -0.250000000000E+01 -0.250000000000E+01 -0.250000000000E+01 -0.250000000000E+01 -0.250000000000E+01 -0.250000000000E+01
 -0.250000000000E+01 -0.250000000000E+01 -0.250000000000E+01 -0.250000000000E+01 -0.250000000000E+01 -0.250000000000E+01 -0.250000000000E+01
 -0.250000000000E+01 -0.250000000000E+01 -0.250000000000E+01 -0.250000000000E+01 -0.250000000000E+01 -0.250000000000E+01 -0.250000000000E+01
 -0.250000000000E+01 -0.250000000000E+01 -0.250000000000E+01 -0.250000000000E+01 -0.250000000000E+01 -0.250000000000E+01 -0.250000000000E+01
 -0.250000000000E+01 -0.250000000000E+01 -0.250000000000E+01 -0.250000000000E+01 -0.250000000000E+01
  0.000000000000E+00  0.000000000000E+00  0.000000000000E+00  0.904659890645E+00  0.000000000000E+00  0.717002441913E+00  0.188609243358E+01
  0.176246431481E+01  0.000000000000E+00  0.961328577125E+00  0.125000000000E+01  0.101201586758E+01  0.191586535653E+01  0.250000000000E+01
  0.293121848150E+01  0.375000000000E+01  0.406975391361E+01  0.363585050272E+01  0.285047954584E+01  0.292817774674E+01  0.395907379566E+01
  0.205246550326E+01  0.125000000000E+01  0.306828197606E+01  0.397245519226E+01  0.433168271247E+01  0.250000000000E+01  0.375000000000E+01
  0.500000000000E+01  0.500000000000E+01  0.500000000000E+01  0.500000000000E+01  0.500000000000E+01
  0.000000000000E+00  0.000000000000E+00  0.000000000000E+00  0.380991906500E+00  0.000000000000E+00  0.343629824950E+00  0.585286157424E+00
  0.579373264282E+00  0.000000000000E+00  0.501056069140E+00  0.508460362676E+00  0.435373026572E+00  0.572640041190E+00  0.537002098944E+00
  0.568922553870E+00  0.514994090651E+00  0.508247257160E+00  0.527252853130E+00  0.567446661127E+00  0.531657143909E+00  0.505981016593E+00
  0.520795579399E+00  0.443624103833E+00  0.490663730453E+00  0.492155873749E+00  0.501390784676E+00  0.467732355362E+00  0.488212087362E+00
  0.490002767114E+00  0.491352304715E+00  0.486075475228E+00  0.490036479234E+00  0.495098264817E+00
  0.999993487379E+00  0.999993690057E+00  0.999993543115E+00  0.989539055875E+00  0.999993137282E+00  0.985524707174E+00  0.989838908967E+00
  0.991798516580E+00  0.999992721792E+00  0.984411112416E+00  0.985091906406E+00  0.984689080896E+00  0.990058464829E+00  0.100289621837E+01
  0.999855369243E+00  0.100485306649E+01  0.100121554699E+01  0.100055642931E+01  0.997896793475E+00  0.100350029570E+01  0.100058068723E+01
  0.101093276247E+01  0.104043292670E+01  0.100326475367E+01  0.100254498742E+01  0.100045587387E+01  0.100976788415E+01  0.100405369352E+01
  0.100192656835E+01  0.100045434508E+01  0.100058774183E+01  0.100109993754E+01  0.100176112495E+01
 -0.508087575301E-03 -0.417820353400E-03 -0.255587333045E-03  0.711569745207E-02  0.768327574360E-03  0.226939027789E-01 -0.106471956848E-02
  0.640618774956E-03  0.827654083371E-03  0.101266616760E-01 -0.125229188180E-02 -0.175652976975E-02 -0.949727898111E-03 -0.814012001016E-03
 -0.577077305100E-03 -0.526184207099E-03 -0.388825783792E-03 -0.433387427533E-03 -0.825632395807E-03 -0.114496577964E-02 -0.568397436016E-03
  0.552024282235E-03  0.725566012101E-02 -0.759766428339E-03 -0.110932342832E-02 -0.689823705327E-03 -0.761710782093E-03 -0.137214263895E-02
 -0.493107391257E-02 -0.611386017598E-03 -0.230216311742E-02 -0.436925059481E-02 -0.544055414185E-02
  0.147296557245E-03 -0.307359861799E-04  0.283509689531E-05  0.127823359404E-02 -0.109511314018E-03  0.283976193660E-02 -0.412800987376E-04
 -0.922412929350E-04  0.924022969856E-04  0.120036480674E-02  0.289918505395E-03  0.295558585056E-04  0.151127276107E-03  0.207334683641E-03
  0.128199305396E-03  0.123196340612E-03  0.141002246802E-03  0.108818252434E-03  0.104726288243E-04 -0.144419463974E-03  0.400771438743E-04
 -0.895405478802E-04  0.966423548274E-03 -0.715767150478E-04 -0.136375284107E-03  0.609832074229E-04 -0.180282116537E-03 -0.285968383590E-03
 -0.897381199219E-03  0.294639493694E-04 -0.234775914681E-03 -0.690337411305E-03 -0.113378887659E-02
 -0.378572976546E-04  0.114362256073E-04  0.631301345662E-04  0.191084917861E-03  0.324721874942E-04  0.277338319868E-03 -0.173154157400E-04
  0.935564029495E-05 -0.662399049602E-04  0.101502372297E-03 -0.128366716058E-04 -0.519550280069E-04  0.134918730158E-05  0.141082257189E-05
  0.177288144630E-05 -0.288030825325E-05  0.885573123029E-07 -0.186214869951E-05  0.478965203432E-05  0.938615273253E-05 -0.353119614456E-05
  0.677110480147E-05 -0.243980109039E-04  0.248290088340E-05 -0.100449318008E-05 -0.148258752552E-05 -0.470875886997E-05 -0.251856962067E-05
 -0.108996523794E-05 -0.644398789918E-06 -0.541324760896E-07  0.304150182493E-06  0.442189030226E-06
 -0.316938444638E-04 -0.495881610942E-04 -0.871013654220E-04  0.286768961695E-03 -0.199935323253E-03  0.730623128509E-04  0.370471270404E-03
  0.496349821890E-03 -0.151222720710E-03  0.229584493191E-03  0.590106156902E-04  0.255102677868E-03  0.136486022346E-03  0.541508846682E-04
  0.128939770575E-03  0.424825600820E-04  0.114493377576E-03  0.163310972819E-03  0.205439797399E-03  0.189764686941E-03  0.179585960768E-03
  0.349896656301E-03  0.179743442716E-03  0.201113354143E-03  0.172236500983E-03  0.158144031861E-03  0.304215362795E-03  0.197098406459E-03
  0.115399476434E-03  0.649418430799E-04  0.138905077323E-03  0.148024040689E-03  0.800761779635E-04
  0.117130867052E-03  0.483462284659E-03  0.109814358609E-02 -0.320502103097E-02  0.960141897608E-03 -0.967041050639E-02  0.341407914729E-03
 -0.237308582181E-03 -0.326118137209E-03 -0.414809500435E-02  0.269179871519E-03  0.551716115882E-03  0.229278424974E-03  0.156885367000E-03
  0.114031994726E-03  0.106563196373E-03  0.562911879432E-04  0.817688741633E-04  0.245598017860E-03  0.417632139791E-03  0.156011094806E-03
 -0.211197113206E-03 -0.294062053505E-02  0.260423771056E-03  0.410412664013E-03  0.191238080759E-03  0.284643312523E-03  0.550058842268E-03
  0.200631340251E-02  0.185308616512E-03  0.864972501449E-03  0.174028114513E-02  0.225895709294E-02
        15         7        19        19
         8        20        19        19
        18        19        21        21
         7         4         8         8
         3         6         4         4
        19         7         8         8
        19        18        15        15
        14        13        15        15
         8        22        20        20
        27        24        22        22
        19        20        21        21
        32        26        21        21
        17        18        26        26
        17        16        15        15
        25        29        21        21
        12         7        13        13
        10         8         6         6
        25        20        24        24
         4         6         8         8
        12         2         4         4
        10        23        22        22
        26        31        17        17
        30        16        17        17
         4         7        12        12
        13        11        12        12
        21        20        25        25
        24        28        25        25
        22         8        10        10
         6         5        10        10
        31        26        32        32
         4         2         3         3
         5         6         3         3
        11        13        14        14
        22        23        27        27
        28        24        27        27
        15        13         7         7
         2        12         1         1
        29        25        33        33
        23        10         9         9
        21        26        18        18
        16        14        15        15
        18        17        15        15
        29        32        21        21
        22        24        20        20
        28        33        25        25
        11         1        12        12
        31        30        17        17
         5         9        10        10
zone t="boundary 3 bc-3", solutiontime= 0.7000000E+02, strandid=1003, i=33, j=48, f=feblock
  0.375000000000E+01  0.250000000000E+01  0.500000000000E+01  0.403552511878E+01  0.288078410721E+01  0.125000000000E+01  0.190974100652E+01
  0.500000000000E+01  0.326683758169E+01  0.423153924130E+01  0.201431602454E+01  0.000000000000E+00  0.963108083381E+00  0.500000000000E+01
  0.267000324704E+01  0.385533350601E+01  0.893127759452E+00  0.154774304040E+01  0.000000000000E+00  0.500000000000E+01  0.315249557942E+01
  0.218329375016E+01  0.398173246726E+01  0.000000000000E+00  0.698517061619E+00  0.964171764089E+00  0.125000000000E+01  0.000000000000E+00
  0.500000000000E+01  0.310324758057E+01  0.250000000000E+01  0.375000000000E+01  0.000000000000E+00
  0.250000000000E+01  0.250000000000E+01  0.250000000000E+01  0.250000000000E+01  0.250000000000E+01  0.250000000000E+01  0.250000000000E+01
  0.250000000000E+01  0.250000000000E+01  0.250000000000E+01  0.250000000000E+01  0.250000000000E+01  0.250000000000E+01  0.250000000000E+01
  0.250000000000E+01  0.250000000000E+01  0.250000000000E+01  0.250000000000E+01  0.250000000000E+01  0.250000000000E+01  0.250000000000E+01
  0.250000000000E+01  0.250000000000E+01  0.250000000000E+01  0.250000000000E+01  0.250000000000E+01  0.250000000000E+01  0.250000000000E+01
  0.250000000000E+01  0.250000000000E+01  0.250000000000E+01  0.250000000000E+01  0.250000000000E+01
  0.000000000000E+00  0.000000000000E+00  0.000000000000E+00  0.101201586758E+01  0.904659890645E+00  0.000000000000E+00  0.717002441913E+00
  0.125000000000E+01  0.188609243358E+01  0.191586535653E+01  0.176246431481E+01  0.000000000000E+00  0.961328577125E+00  0.250000000000E+01
  0.285047954584E+01  0.293121848150E+01  0.205246550326E+01  0.292817774674E+01  0.125000000000E+01  0.375000000000E+01  0.363585050272E+01
  0.395907379566E+01  0.406975391361E+01  0.250000000000E+01  0.306828197606E+01  0.397245519226E+01  0.500000000000E+01  0.375000000000E+01
  0.500000000000E+01  0.433168271247E+01  0.500000000000E+01  0.500000000000E+01  0.500000000000E+01
  0.000000000000E+00  0.000000000000E+00  0.000000000000E+00  0.443767745459E+00  0.402286944574E+00  0.000000000000E+00  0.377550369545E+00
  0.509232128688E+00  0.575832179754E+00  0.573707405285E+00  0.562554064412E+00  0.000000000000E+00  0.490563299840E+00  0.534527096543E+00
  0.556586982170E+00  0.564391577749E+00  0.522730517385E+00  0.522052000170E+00  0.441238348384E+00  0.517182331791E+00  0.524228630763E+00
  0.503687457534E+00  0.509488571178E+00  0.469814974359E+00  0.495614442414E+00  0.494483780212E+00  0.488562428343E+00  0.488961654628E+00
  0.492980744788E+00  0.499005552222E+00  0.486460936507E+00  0.484596927548E+00  0.495346592024E+00
  0.999989339439E+00  0.999989408764E+00  0.999989626853E+00  0.981541895460E+00  0.988773990194E+00  0.999989827144E+00  0.982469462434E+00
  0.984104309047E+00  0.990427545862E+00  0.990355285694E+00  0.994362997073E+00  0.999990295028E+00  0.988652071037E+00  0.100368369414E+01
  0.999769197113E+00  0.100118501219E+01  0.100834885320E+01  0.100252111043E+01  0.102982719499E+01  0.100443319461E+01  0.100199536635E+01
  0.100082056599E+01  0.100138192342E+01  0.100826277309E+01  0.100298787130E+01  0.100192389555E+01  0.100215267510E+01  0.100355660048E+01
  0.100047670023E+01  0.100056591053E+01  0.100126820231E+01  0.100066573360E+01  0.100179336279E+01
 -0.338034108518E-03  0.225664547937E-03 -0.407457850445E-03  0.187864219531E-02  0.101282014177E-01  0.593365738422E-03  0.975222220307E-02
 -0.142026155565E-02 -0.897421455104E-03 -0.933504780540E-03  0.158753703750E-02  0.875983588320E-03  0.648058391726E-02 -0.740941380351E-03
 -0.845851459418E-03 -0.615629235124E-03  0.215055638778E-03 -0.841912990947E-03  0.457167153557E-02 -0.516890026945E-03 -0.369023329323E-03
 -0.505505247504E-03 -0.397592401765E-03 -0.286952961426E-03 -0.675406998948E-03 -0.136306324564E-02 -0.424555153305E-02 -0.147537131967E-02
 -0.495006779547E-03 -0.610330527753E-03 -0.398486157331E-02 -0.216062012830E-02 -0.561367577434E-02
 -0.555163178146E-04 -0.751178159679E-04  0.111681480773E-03  0.662703130926E-03  0.146203496464E-02 -0.112059688104E-03  0.117169874232E-02
  0.249959454426E-03  0.168875759714E-04  0.155631811736E-03  0.222818435568E-04  0.389289633721E-04  0.509051171265E-03  0.193548247187E-03
  0.546764144954E-05  0.116180911946E-03 -0.164580037186E-03 -0.828813845392E-04  0.657426145282E-03  0.126823503784E-03  0.114497538132E-03
  0.605826054545E-04  0.130975367528E-03 -0.125641835479E-03 -0.149402336931E-03 -0.173610915451E-03 -0.756887933961E-03 -0.322326402602E-03
  0.455796025759E-04  0.706157456276E-04 -0.619314865703E-03 -0.213521774374E-03 -0.115650366983E-02
 -0.116969967809E-04  0.788184546687E-05  0.776435984939E-05 -0.558962149968E-04 -0.181947243571E-03  0.495060714166E-04 -0.617661404284E-05
 -0.205689834394E-05 -0.160002345209E-04  0.845494311873E-06 -0.144158509239E-04  0.616107325866E-04  0.614805948657E-04  0.489301654029E-05
  0.420289132923E-06  0.145641064072E-05 -0.254544023219E-04 -0.973089310082E-05  0.190422936139E-04  0.271762390643E-05  0.128847671258E-05
  0.682898726543E-05  0.434431123397E-06 -0.171997782482E-05 -0.564189036349E-05  0.261657480386E-05  0.263474113702E-05 -0.665533971630E-06
  0.101238736379E-05  0.316245561479E-07  0.605979401111E-06 -0.200473022466E-06  0.202417214047E-06
 -0.773097002404E-04 -0.153102698620E-03 -0.292687418518E-04  0.892465703722E-04  0.172488208401E-03 -0.128505299499E-03  0.348498494199E-04
  0.383660394093E-04  0.298161433924E-03  0.125269548523E-03  0.451599700150E-03 -0.215369329278E-03  0.132381352819E-03  0.538389996689E-04
  0.154913533814E-03  0.126178126894E-03  0.358503022884E-03  0.164147309953E-03 -0.182871324032E-03  0.516568802158E-04  0.153894275277E-03
  0.158056829084E-03  0.115675455595E-03  0.245089097843E-03  0.233687031779E-03  0.159999338890E-03  0.119500741049E-03  0.199143440657E-03
  0.579906772465E-04  0.151637479282E-03  0.146215180014E-03  0.133698140597E-03  0.748635666538E-04
  0.115685275477E-02  0.589248868875E-03  0.189703783319E-03 -0.104263768205E-02 -0.441948095406E-02  0.483025129359E-04 -0.408447697127E-02
  0.351909568169E-03  0.274267982581E-03  0.227893755698E-03 -0.618449747980E-03 -0.713563322365E-03 -0.256163382082E-02  0.139934937306E-03
  0.261194154183E-03  0.134128706783E-03 -0.717201964013E-04  0.291240960555E-03 -0.188677368556E-02  0.101463440248E-03  0.576311623923E-04
  0.128594863797E-03  0.642037783262E-04  0.112601517373E-03  0.242843766055E-03  0.513282486950E-03  0.171731261187E-02  0.594141604395E-03
  0.140071099412E-03  0.161597685620E-03  0.158163006743E-02  0.808465706055E-03  0.233118026514E-02
        15         9        16        16
        15        18        11        11
        22        15        21        21
        11         5         9         9
         5         7         2         2
        11         9        15        15
        16        21        15        15
        16        10        14        14
        18        17        11        11
        17        25        24        24
        22        18        15        15
        22        30        31        31
        30        21        23        23
        16        20        23        23
        22        27        26        26
        10         9         4         4
         7        11        13        13
        25        18        26        26
        11         7         5         5
         5         1         4         4
        17        19        13        13
        23        32        30        30
        23        20        29        29
         4         9         5         5
         4         8        10        10
        26        18        22        22
        26        28        25        25
        13        11        17        17
        13         6         7         7
        31        30        32        32
         2         1         5         5
         2         7         6         6
        14        10         8         8
        24        19        17        17
        24        25        28        28
         9        10        16        16
         3         4         1         1
        33        26        27        27
        12        13        19        19
        21        30        22        22
        16        14        20        20
        16        23        21        21
        22        31        27        27
        18        25        17        17
        26        33        28        28
         4         3         8         8
        23        29        32        32
        13        12         6         6
zone t="boundary 4 bc-4", solutiontime= 0.7000000E+02, strandid=1004, i=32, j=46, f=feblock
  0.125000000000E+01  0.219251206392E+01  0.103724302461E+01  0.500000000000E+01  0.250000000000E+01  0.375000000000E+01  0.404200324774E+01
  0.500000000000E+01  0.000000000000E+00  0.310152362409E+01  0.202479342020E+01  0.324151231464E+01  0.922061490191E+00  0.000000000000E+00
  0.299062775774E+01  0.394624082883E+01  0.500000000000E+01  0.409252726285E+01  0.500000000000E+01  0.429310310915E+01  0.175434191980E+01
  0.284428995242E+01  0.000000000000E+00  0.000000000000E+00  0.715990576545E+00  0.930412228790E+00  0.125000000000E+01  0.187029682677E+01
  0.500000000000E+01  0.375000000000E+01  0.250000000000E+01  0.000000000000E+00
  0.250000000000E+01  0.157686156160E+01  0.146289271009E+01  0.250000000000E+01  0.250000000000E+01  0.250000000000E+01  0.155830813274E+01
  0.125000000000E+01  0.250000000000E+01  0.177790177481E+01  0.477386199275E+00  0.742988685424E+00  0.308372018325E+00  0.125000000000E+01
 -0.487811078581E+00 -0.144524380962E+01 -0.125000000000E+01 -0.345533899378E+00  0.000000000000E+00  0.627766083140E+00 -0.739814786992E+00
 -0.158811787973E+01  0.000000000000E+00 -0.125000000000E+01 -0.600232012419E+00 -0.154800130438E+01 -0.250000000000E+01 -0.178862290564E+01
 -0.250000000000E+01 -0.250000000000E+01 -0.250000000000E+01 -0.250000000000E+01
  0.500000000000E+01  0.500000000000E+01  0.500000000000E+01  0.500000000000E+01  0.500000000000E+01  0.500000000000E+01  0.500000000000E+01
  0.500000000000E+01  0.500000000000E+01  0.500000000000E+01  0.500000000000E+01  0.500000000000E+01  0.500000000000E+01  0.500000000000E+01
  0.500000000000E+01  0.500000000000E+01  0.500000000000E+01  0.500000000000E+01  0.500000000000E+01  0.500000000000E+01  0.500000000000E+01
  0.500000000000E+01  0.500000000000E+01  0.500000000000E+01  0.500000000000E+01  0.500000000000E+01  0.500000000000E+01  0.500000000000E+01
  0.500000000000E+01  0.500000000000E+01  0.500000000000E+01  0.500000000000E+01
  0.488562428343E+00  0.488873127044E+00  0.490562939264E+00  0.492980744788E+00  0.486460936507E+00  0.484596927548E+00  0.485347896276E+00
  0.494163542317E+00  0.495346592024E+00  0.486528232758E+00  0.487819998460E+00  0.487068916091E+00  0.494045904395E+00  0.496127394917E+00
  0.487612357629E+00  0.483219722850E+00  0.492395510969E+00  0.487214141159E+00  0.494738985333E+00  0.487958525499E+00  0.489677249447E+00
  0.488029107105E+00  0.497246279768E+00  0.496059270892E+00  0.494951052257E+00  0.492800373677E+00  0.490002767114E+00  0.490005124553E+00
  0.491352304715E+00  0.486075475228E+00  0.490036479234E+00  0.495098264817E+00
  0.100215267510E+01  0.100152652958E+01  0.100178347660E+01  0.100047670023E+01  0.100126820231E+01  0.100066573360E+01  0.100025357725E+01
  0.100050391679E+01  0.100179336279E+01  0.100112367258E+01  0.100133045248E+01  0.100072432973E+01  0.100164366725E+01  0.100168844809E+01
  0.100096274503E+01  0.100000874853E+01  0.100082864314E+01  0.100022269190E+01  0.100062146074E+01  0.100023497311E+01  0.100174635719E+01
  0.100098855496E+01  0.100118726928E+01  0.100134171022E+01  0.100132635956E+01  0.100179873777E+01  0.100192656835E+01  0.100163748619E+01
  0.100045434508E+01  0.100058774183E+01  0.100109993754E+01  0.100176112495E+01
 -0.424555153305E-02 -0.413406809190E-02 -0.423499376573E-02 -0.495006779547E-03 -0.398486157331E-02 -0.216062012830E-02 -0.150586036974E-02
 -0.494266877138E-03 -0.561367577434E-02 -0.331857658580E-02 -0.448034652215E-02 -0.314964821528E-02 -0.521332375241E-02 -0.582735269639E-02
 -0.359175213772E-02 -0.150688288323E-02 -0.591393538329E-03 -0.189279590582E-02 -0.470809237764E-03 -0.186344667789E-02 -0.557720800762E-02
 -0.341650853610E-02 -0.650162483429E-02 -0.579435114752E-02 -0.607638787583E-02 -0.490244893995E-02 -0.493107391257E-02 -0.522848953039E-02
 -0.611386017598E-03 -0.230216311742E-02 -0.436925059481E-02 -0.544055414185E-02
 -0.756887933961E-03 -0.674579827189E-03 -0.764806373987E-03  0.455796025759E-04 -0.619314865703E-03 -0.213521774374E-03 -0.949691769572E-04
  0.351732623261E-04 -0.115650366983E-02 -0.455203796095E-03 -0.738608460705E-03 -0.416735674767E-03 -0.954835793164E-03 -0.122180329765E-02
 -0.509117917145E-03 -0.948210203087E-04  0.368945358407E-04 -0.167779113518E-03  0.365543411875E-04 -0.165488945315E-03 -0.970921418041E-03
 -0.475311784040E-03 -0.136616859959E-02 -0.121345203753E-02 -0.115858966371E-02 -0.917214809305E-03 -0.897381199219E-03 -0.900645002276E-03
  0.294639493694E-04 -0.234775914681E-03 -0.690337411305E-03 -0.113378887659E-02
  0.263474113702E-05  0.113795488494E-04  0.127730565744E-04  0.101238736379E-05  0.605979401111E-06 -0.200473022466E-06  0.339304777372E-05
 -0.264589740740E-05  0.202417214047E-06  0.644018071678E-05  0.153442301280E-04  0.695322548946E-05  0.182931966811E-04  0.204817160971E-04
 -0.886510149892E-06 -0.584714439001E-05 -0.276634027691E-05 -0.675431189619E-05  0.406878241153E-06 -0.816850517835E-06 -0.377275737836E-07
 -0.215607922853E-05  0.555874161290E-05 -0.714837299053E-05 -0.453873203195E-06 -0.108863452569E-04 -0.108996523794E-05 -0.106816780755E-04
 -0.644398789918E-06 -0.541324760896E-07  0.304150182493E-06  0.442189030226E-06
  0.119500741049E-03  0.144275972367E-03  0.114103944245E-03  0.579906772465E-04  0.146215180014E-03  0.133698140597E-03  0.121315246332E-03
  0.527000077820E-04  0.748635666538E-04  0.149618305368E-03  0.141164520401E-03  0.152106985995E-03  0.110620499604E-03  0.726359736593E-04
  0.152039315788E-03  0.127131207802E-03  0.622409181146E-04  0.126055152169E-03  0.511608171270E-04  0.113865426507E-03  0.134011534629E-03
  0.154684110133E-03  0.693228752333E-04  0.832725767693E-04  0.949324315900E-04  0.109697701412E-03  0.115399476434E-03  0.132784905934E-03
  0.649418430799E-04  0.138905077323E-03  0.148024040689E-03  0.800761779635E-04
  0.171731261187E-02  0.164995422331E-02  0.171936456503E-02  0.140071099412E-03  0.158163006743E-02  0.808465706055E-03  0.538249282155E-03
  0.144484921226E-03  0.233118026514E-02  0.129433907869E-02  0.179479985550E-02  0.122294761345E-02  0.212850928111E-02  0.242386223803E-02
  0.140860075678E-02  0.537795915068E-03  0.175706176952E-03  0.700076675777E-03  0.135896714378E-03  0.692142913141E-03  0.225720231065E-02
  0.133454409490E-02  0.271213239557E-02  0.241174562981E-02  0.250075617108E-02  0.200363372427E-02  0.200631340251E-02  0.211213225169E-02
  0.185308616512E-03  0.864972501449E-03  0.174028114513E-02  0.225895709294E-02
        12        15        11        11
        11         2        12        12
         5        10         2         2
        15        21        11        11
        15        22        21        21
        31        28        22        22
        15        12        18        18
        19        18        20        20
        11        21        13        13
        23        13        25        25
         7        12        10        10
        26        21        28        28
         7         8        20        20
        16        15        18        18
        26        24        25        25
        16        30        22        22
         3        11        13        13
         2        10        12        12
         3         1         2         2
        20        12         7         7
        10         6         7         7
        22        15        16        16
        18        17        16        16
        28        27        26        26
        32        24        26        26
         2        11         3         3
        13        14         3         3
        27        28        31        31
         2         1         5         5
         6        10         5         5
        14        13        23        23
        20         8        19        19
        17        18        19        19
        13        21        25        25
         1         3         9         9
        30        16        29        29
         8         7         4         4
        22        28        21        21
        24        23        25        25
        21        26        25        25
        30        31        22        22
        12        20        18        18
        17        29        16        16
        14         9         3         3
        27        32        26        26
         6         4         7         7
zone t="boundary 5 bc-5", solutiontime= 0.7000000E+02, strandid=1005, i=33, j=48, f=feblock
  0.500000000000E+01  0.500000000000E+01  0.500000000000E+01  0.500000000000E+01  0.500000000000E+01  0.500000000000E+01  0.500000000000E+01
  0.500000000000E+01  0.500000000000E+01  0.500000000000E+01  0.500000000000E+01  0.500000000000E+01  0.500000000000E+01  0.500000000000E+01
  0.500000000000E+01  0.500000000000E+01  0.500000000000E+01  0.500000000000E+01  0.500000000000E+01  0.500000000000E+01  0.500000000000E+01
  0.500000000000E+01  0.500000000000E+01  0.500000000000E+01  0.500000000000E+01  0.500000000000E+01  0.500000000000E+01  0.500000000000E+01
  0.500000000000E+01  0.500000000000E+01  0.500000000000E+01  0.500000000000E+01  0.500000000000E+01
  0.250000000000E+01  0.125000000000E+01  0.250000000000E+01  0.157899473280E+01  0.000000000000E+00  0.659350882208E+00  0.250000000000E+01
  0.173899611320E+01  0.825621401394E+00  0.132549389334E+01 -0.125000000000E+01 -0.322732261638E+00  0.250000000000E+01  0.490615021923E-01
 -0.873141960959E+00  0.350800286361E+00  0.145332269920E+01 -0.250000000000E+01 -0.147959633950E+01  0.250000000000E+01 -0.857924212153E+00
 -0.165007033378E+01  0.518568023061E+00 -0.461282870254E+00  0.125000000000E+01 -0.250000000000E+01 -0.183684615440E+01 -0.158398995423E+01
 -0.250000000000E+01 -0.250000000000E+01 -0.125000000000E+01  0.000000000000E+00 -0.250000000000E+01
  0.000000000000E+00  0.000000000000E+00  0.125000000000E+01  0.905837536509E+00  0.000000000000E+00  0.735450417037E+00  0.250000000000E+01
  0.182727219356E+01  0.162230260845E+01  0.280856328277E+01  0.000000000000E+00  0.109945440014E+01  0.375000000000E+01  0.227317933631E+01
  0.189599568386E+01  0.342819755379E+01  0.403384942830E+01  0.000000000000E+00  0.104050588738E+01  0.500000000000E+01  0.297954017413E+01
  0.214587157439E+01  0.430969386006E+01  0.408642231822E+01  0.500000000000E+01  0.125000000000E+01  0.304506426164E+01  0.398205049073E+01
  0.250000000000E+01  0.375000000000E+01  0.500000000000E+01  0.500000000000E+01  0.500000000000E+01
  0.000000000000E+00  0.000000000000E+00  0.509232128688E+00  0.472098749751E+00  0.000000000000E+00  0.480805629297E+00  0.534527096543E+00
  0.535829284544E+00  0.535479021387E+00  0.540786045491E+00  0.000000000000E+00  0.510356197485E+00  0.517182331791E+00  0.539187577880E+00
  0.542979820827E+00  0.529277379004E+00  0.511036765470E+00  0.000000000000E+00  0.495604789636E+00  0.492980744788E+00  0.531173388087E+00
  0.533778472989E+00  0.505621127769E+00  0.512004182097E+00  0.494163542317E+00  0.508460362676E+00  0.529554208813E+00  0.511911000444E+00
  0.537002098944E+00  0.514994090651E+00  0.492395510969E+00  0.494738985333E+00  0.491352304715E+00
  0.999989626853E+00  0.999990280142E+00  0.984104309047E+00  0.976444106158E+00  0.999991490088E+00  0.959042327528E+00  0.100368369414E+01
  0.994429506663E+00  0.991216393836E+00  0.100355187734E+01  0.999992820913E+00  0.971537544369E+00  0.100443319461E+01  0.100528531017E+01
  0.997216648600E+00  0.100662940615E+01  0.100305331035E+01  0.999993487379E+00  0.973515985336E+00  0.100047670023E+01  0.100763862604E+01
  0.100128631826E+01  0.100314049598E+01  0.100383220486E+01  0.100050391679E+01  0.985091906406E+00  0.100596550881E+01  0.100387951332E+01
  0.100289621837E+01  0.100485306649E+01  0.100082864314E+01  0.100062146074E+01  0.100045434508E+01
 -0.407457850445E-03 -0.366406166662E-03 -0.142026155565E-02 -0.169095084832E-02 -0.579958281939E-03 -0.786589872465E-03 -0.740941380351E-03
 -0.951649863031E-03 -0.103826862988E-02 -0.658785196666E-03 -0.399480537221E-03 -0.897147110313E-03 -0.516890026945E-03 -0.836249689118E-03
 -0.100199576759E-02 -0.553319860499E-03 -0.418757906741E-03 -0.508087575301E-03 -0.105792858306E-02 -0.495006779547E-03 -0.670158642463E-03
 -0.943160532021E-03 -0.339935924425E-03 -0.381959854879E-03 -0.494266877138E-03 -0.125229188180E-02 -0.664980736307E-03 -0.430117657230E-03
 -0.814012001016E-03 -0.526184207099E-03 -0.591393538329E-03 -0.470809237764E-03 -0.611386017598E-03
  0.111681480773E-03  0.110225168651E-03  0.249959454426E-03  0.231624917775E-03  0.192462381458E-03  0.623431989434E-03  0.193548247187E-03
  0.251437448675E-03  0.286838719597E-03  0.180433780215E-03  0.158759681177E-03  0.537813052282E-03  0.126823503784E-03  0.219372095833E-03
  0.270164730717E-03  0.153241063723E-03  0.126829930043E-03  0.147296557245E-03  0.453619115004E-03  0.455796025759E-04  0.173817940058E-03
  0.242379018783E-03  0.112929540323E-03  0.134556265700E-03  0.351732623261E-04  0.289918505395E-03  0.164144051810E-03  0.135876087864E-03
  0.207334683641E-03  0.123196340612E-03  0.368945358407E-04  0.365543411875E-04  0.294639493694E-04
  0.776435984939E-05  0.367182208319E-04 -0.205689834394E-05  0.490334893384E-04 -0.244750162356E-04  0.103465367611E-03  0.489301654029E-05
  0.247772642607E-04  0.366483298631E-04  0.592822150430E-05 -0.226590384361E-04 -0.578612213775E-04  0.271762390643E-05 -0.320745761665E-06
 -0.224970584892E-04  0.698220792652E-05  0.207614910846E-05 -0.378572976546E-04 -0.281803331105E-04  0.101238736379E-05 -0.610618871344E-05
 -0.203516144444E-04  0.124614376738E-05  0.112842382719E-05 -0.264589740740E-05 -0.128366716058E-04 -0.802240579722E-07 -0.585359552716E-05
  0.141082257189E-05 -0.288030825325E-05 -0.276634027691E-05  0.406878241153E-06 -0.644398789918E-06
 -0.292687418518E-04 -0.425347316755E-04  0.383660394093E-04  0.689700897450E-05 -0.856124547218E-04 -0.437160088268E-04  0.538389996689E-04
  0.581567040973E-04  0.104572508783E-03  0.607837668359E-04 -0.578405107976E-04  0.284138971062E-04  0.516568802158E-04  0.641626290914E-04
  0.981203733600E-04  0.402033916992E-04  0.553367854029E-04 -0.316938444638E-04  0.105287970998E-04  0.579906772465E-04  0.431072780623E-04
  0.670937464682E-04  0.406359741083E-04  0.493921481892E-04  0.527000077820E-04  0.590106156902E-04  0.369023196098E-04  0.474488095520E-04
  0.541508846682E-04  0.424825600820E-04  0.622409181146E-04  0.511608171270E-04  0.649418430799E-04
  0.189703783319E-03  0.423180466896E-03  0.351909568169E-03  0.460274647146E-03  0.689567210918E-03 -0.729770898033E-04  0.139934937306E-03
  0.182684032070E-03  0.198589469634E-03  0.120033780942E-03  0.598090550787E-03  0.589142116733E-05  0.101463440248E-03  0.155448364081E-03
  0.188847158016E-03  0.100527776983E-03  0.725954239072E-04  0.117130867052E-03  0.119562930293E-03  0.140071099412E-03  0.126147227532E-03
  0.180778799623E-03  0.531997512284E-04  0.573285408895E-04  0.144484921226E-03  0.269179871519E-03  0.129427300571E-03  0.730093313790E-04
  0.156885367000E-03  0.106563196373E-03  0.175706176952E-03  0.135896714378E-03  0.185308616512E-03
        12        15        14        14
        21        16        14        14
         9        14        10        10
        15        22        21        21
        29        27        22        22
        14        16        10        10
         7         8        10        10
        14        15        21        21
        14         9        12        12
         5        12         6         6
        21        24        16        16
        32        23        24        24
        28        21        27        27
        17        16        23        23
        28        31        24        24
        19        15        12        12
         4         2         6         6
         4         9         8         8
        10         8         9         9
        17        13        10        10
        19        26        22        22
        10        16        17        17
        23        25        17        17
        22        15        19        19
        12        11        19        19
        27        30        28        28
        33        31        28        28
         6         9         4         4
         8         3         4         4
        25        23        32        32
        10        13         7         7
         3         8         7         7
        30        27        29        29
         6         2         5         5
        11        12         5         5
        24        23        16        16
        13        17        20        20
        26        19        18        18
         2         4         1         1
        22        27        21        21
        31        32        24        24
        21        28        24        24
        26        29        22        22
         9         6        12        12
        11        18        19        19
        25        20        17        17
        30        33        28        28
         3         1         4         4
zone t="boundary 6 bc-6", solutiontime= 0.7000000E+02, strandid=1006, i=33, j=48, f=feblock
  0.375000000000E+01  0.250000000000E+01  0.500000000000E+01  0.403384942830E+01  0.280856328277E+01  0.125000000000E+01  0.182727219356E+01
  0.500000000000E+01  0.430969386006E+01  0.342819755379E+01  0.227317933631E+01  0.162230260845E+01  0.000000000000E+00  0.905837536509E+00
  0.500000000000E+01  0.408642231822E+01  0.297954017413E+01  0.189599568386E+01  0.109945440014E+01  0.735450417037E+00  0.000000000000E+00
  0.500000000000E+01  0.398205049073E+01  0.304506426164E+01  0.214587157439E+01  0.104050588738E+01  0.000000000000E+00  0.000000000000E+00
  0.500000000000E+01  0.375000000000E+01  0.250000000000E+01  0.125000000000E+01  0.000000000000E+00
  0.250000000000E+01  0.250000000000E+01  0.250000000000E+01  0.145332269920E+01  0.132549389334E+01  0.250000000000E+01  0.173899611320E+01
  0.125000000000E+01  0.518568023061E+00  0.350800286361E+00  0.490615021923E-01  0.825621401394E+00  0.250000000000E+01  0.157899473280E+01
  0.000000000000E+00 -0.461282870254E+00 -0.857924212153E+00 -0.873141960959E+00 -0.322732261638E+00  0.659350882208E+00  0.125000000000E+01
 -0.125000000000E+01 -0.158398995423E+01 -0.183684615440E+01 -0.165007033378E+01 -0.147959633950E+01  0.000000000000E+00 -0.125000000000E+01
 -0.250000000000E+01 -0.250000000000E+01 -0.250000000000E+01 -0.250000000000E+01 -0.250000000000E+01
  0.000000000000E+00  0.000000000000E+00  0.000000000000E+00  0.000000000000E+00  0.000000000000E+00  0.000000000000E+00  0.000000000000E+00
  0.000000000000E+00  0.000000000000E+00  0.000000000000E+00  0.000000000000E+00  0.000000000000E+00  0.000000000000E+00  0.000000000000E+00
  0.000000000000E+00  0.000000000000E+00  0.000000000000E+00  0.000000000000E+00  0.000000000000E+00  0.000000000000E+00  0.000000000000E+00
  0.000000000000E+00  0.000000000000E+00  0.000000000000E+00  0.000000000000E+00  0.000000000000E+00  0.000000000000E+00  0.000000000000E+00
  0.000000000000E+00  0.000000000000E+00  0.000000000000E+00  0.000000000000E+00  0.000000000000E+00
  0.000000000000E+00  0.000000000000E+00  0.000000000000E+00  0.000000000000E+00  0.000000000000E+00  0.000000000000E+00  0.000000000000E+00
  0.000000000000E+00  0.000000000000E+00  0.000000000000E+00  0.000000000000E+00  0.000000000000E+00  0.000000000000E+00  0.000000000000E+00
  0.000000000000E+00  0.000000000000E+00  0.000000000000E+00  0.000000000000E+00  0.000000000000E+00  0.000000000000E+00  0.000000000000E+00
  0.000000000000E+00  0.000000000000E+00  0.000000000000E+00  0.000000000000E+00  0.000000000000E+00  0.000000000000E+00  0.000000000000E+00
  0.000000000000E+00  0.000000000000E+00  0.000000000000E+00  0.000000000000E+00  0.000000000000E+00
  0.999989339439E+00  0.999989408764E+00  0.999989626853E+00  0.999989597857E+00  0.999989617537E+00  0.999989827144E+00  0.999989796486E+00
  0.999990280142E+00  0.999990683073E+00  0.999990488857E+00  0.999991229255E+00  0.999990579939E+00  0.999990295028E+00  0.999990369758E+00
  0.999991490088E+00  0.999992140430E+00  0.999992688838E+00  0.999992317107E+00  0.999991643787E+00  0.999990917154E+00  0.999990757903E+00
  0.999992820913E+00  0.999993395481E+00  0.999993478885E+00  0.999993152857E+00  0.999992518335E+00  0.999991416700E+00  0.999992168096E+00
  0.999993487379E+00  0.999993690057E+00  0.999993543115E+00  0.999993137282E+00  0.999992721792E+00
 -0.338034108518E-03  0.225664547937E-03 -0.407457850445E-03 -0.427122752618E-03  0.381601542724E-04  0.593365738422E-03  0.265767998992E-03
 -0.366406166662E-03 -0.471498167946E-03 -0.148920058637E-03  0.214876726850E-03  0.224565137414E-03  0.875983588320E-03  0.604482211139E-03
 -0.579958281939E-03 -0.490943435134E-03  0.428580895364E-04  0.445117181686E-03  0.260581911267E-03  0.469969273052E-03  0.963535928597E-03
 -0.399480537221E-03 -0.470975311639E-03  0.171125700386E-04  0.133270854524E-03  0.593105913820E-03  0.654246915636E-03  0.307687482850E-03
 -0.508087575301E-03 -0.417820353400E-03 -0.255587333045E-03  0.768327574360E-03  0.827654083371E-03
 -0.555163178146E-04 -0.751178159679E-04  0.111681480773E-03 -0.217406670035E-04 -0.226021474882E-03 -0.112059688104E-03 -0.445851354339E-04
  0.110225168651E-03 -0.269801269217E-04 -0.181550949147E-03 -0.145050330007E-03 -0.562815571197E-04  0.389289633721E-04 -0.170782117862E-03
  0.192462381458E-03 -0.376851267805E-04 -0.189984808765E-03 -0.151461577754E-03 -0.327283448056E-04 -0.140374141060E-03  0.478105796791E-04
  0.158759681177E-03 -0.198124167154E-04 -0.160507192983E-03 -0.152508101196E-03 -0.112685999349E-03  0.506669460769E-04  0.952104980127E-04
  0.147296557245E-03 -0.307359861799E-04  0.283509689531E-05 -0.109511314018E-03  0.924022969856E-04
 -0.116969967809E-04  0.788184546687E-05  0.776435984939E-05 -0.400557470727E-04 -0.380021008103E-04  0.495060714166E-04  0.231671492217E-04
  0.367182208319E-04  0.433424174887E-04  0.198070217402E-04 -0.252045694137E-04 -0.266692830657E-04  0.616107325866E-04  0.578765064694E-04
 -0.244750162356E-04 -0.207579741194E-04 -0.681258598490E-04 -0.714247295538E-04 -0.193402049268E-03  0.350661679911E-04  0.900175906932E-04
 -0.226590384361E-04  0.550026370415E-05  0.114364432891E-03  0.256494908121E-03 -0.239424080518E-04  0.596396759851E-04 -0.777794931620E-04
 -0.378572976546E-04  0.114362256073E-04  0.631301345662E-04  0.324721874942E-04 -0.662399049602E-04
 -0.773097002404E-04 -0.153102698620E-03 -0.292687418518E-04 -0.116898434260E-03 -0.268656173420E-03 -0.128505299499E-03 -0.165107913279E-03
 -0.425347316755E-04 -0.896115742780E-04 -0.169410890528E-03 -0.241985527423E-03 -0.286688765386E-03 -0.215369329278E-03 -0.127396761353E-03
 -0.856124547218E-04 -0.118614708418E-03 -0.220224703234E-03 -0.243121528022E-03 -0.418863101300E-03 -0.192608085473E-03 -0.229574163005E-03
 -0.578405107976E-04 -0.834760190296E-04 -0.135611383456E-03 -0.258626133246E-03 -0.440223381844E-03 -0.125714743127E-03 -0.145716420721E-03
 -0.316938444638E-04 -0.495881610942E-04 -0.871013654220E-04 -0.199935323253E-03 -0.151222720710E-03
  0.115685275477E-02  0.589248868875E-03  0.189703783319E-03  0.406902172965E-03  0.961509145576E-03  0.483025129359E-04  0.570381905199E-03
  0.423180466896E-03  0.432673877311E-03  0.997669081864E-03  0.444524473634E-03  0.198882697266E-03 -0.713563322365E-03  0.129541952788E-02
  0.689567210918E-03  0.861547791247E-03  0.153533328911E-02  0.305988158302E-03  0.287902180553E-04  0.701705057855E-03 -0.933645139999E-03
  0.598090550787E-03  0.123711518492E-02 -0.288589314220E-04  0.186828843338E-03 -0.514319382246E-03  0.882827717199E-04  0.135589864142E-03
  0.117130867052E-03  0.483462284659E-03  0.109814358609E-02  0.960141897608E-03 -0.326118137209E-03
        19        18        11        11
        17        10        11        11
        12        11         5         5
        18        25        17        17
        31        24        25        25
        11        10         5         5
         2         7         5         5
        11        18        17        17
        11        12        19        19
        27        19        20        20
        17        16        10        10
        15         9        16        16
        23        17        24        24
         4        10         9         9
        23        22        16        16
        26        18        19        19
        14        21        20        20
        14        12         7         7
         5         7        12        12
         4         1         5         5
        26        32        25        25
         5        10         4         4
         9         8         4         4
        25        18        26        26
        19        28        26        26
        24        30        23        23
        29        22        23        23
        20        12        14        14
         7         6        14        14
         8         9        15        15
         5         1         2         2
         6         7         2         2
        30        24        31        31
        20        21        27        27
        28        19        27        27
        16         9        10        10
         1         4         3         3
        32        26        33        33
        21        14        13        13
        25        24        17        17
        22        15        16        16
        17        23        16        16
        32        31        25        25
        12        20        19        19
        28        33        26        26
         8         3         4         4
        30        29        23        23
         6        13        14        14
