title="tecplot geometry and solution file"
variables = x y z rho u v w p mach temperature
zone t="boundary 1 bc-1", solutiontime= 0.2000000E+02, strandid=1001, i=32, j=46, f=feblock
  0.000000000000E+00  0.000000000000E+00  0.000000000000E+00  0.000000000000E+00  0.000000000000E+00  0.000000000000E+00  0.000000000000E+00
  0.000000000000E+00  0.000000000000E+00  0.000000000000E+00  0.000000000000E+00  0.000000000000E+00  0.000000000000E+00  0.000000000000E+00
  0.000000000000E+00  0.000000000000E+00  0.000000000000E+00  0.000000000000E+00  0.000000000000E+00  0.000000000000E+00  0.000000000000E+00
  0.000000000000E+00  0.000000000000E+00  0.000000000000E+00  0.000000000000E+00  0.000000000000E+00  0.000000000000E+00  0.000000000000E+00
  0.000000000000E+00  0.000000000000E+00  0.000000000000E+00  0.000000000000E+00
  0.250000000000E+01  0.250000000000E+01  0.125000000000E+01  0.146289271009E+01  0.157686156160E+01  0.308372018325E+00  0.000000000000E+00
 -0.125000000000E+01 -0.600232012419E+00  0.250000000000E+01  0.477386199275E+00  0.742988685424E+00 -0.739814786992E+00  0.177790177481E+01
  0.155830813274E+01  0.250000000000E+01 -0.250000000000E+01 -0.154800130438E+01 -0.487811078581E+00  0.250000000000E+01  0.627766083140E+00
 -0.345533899378E+00 -0.178862290564E+01 -0.158811787973E+01  0.125000000000E+01 -0.250000000000E+01 -0.144524380962E+01  0.000000000000E+00
 -0.125000000000E+01 -0.250000000000E+01 -0.250000000000E+01 -0.250000000000E+01
  0.000000000000E+00  0.125000000000E+01  0.000000000000E+00  0.103724302461E+01  0.219251206392E+01  0.922061490191E+00  0.000000000000E+00
  0.000000000000E+00  0.715990576545E+00  0.250000000000E+01  0.202479342020E+01  0.324151231464E+01  0.175434191980E+01  0.310152362409E+01
  0.404200324774E+01  0.375000000000E+01  0.000000000000E+00  0.930412228790E+00  0.299062775774E+01  0.500000000000E+01  0.429310310915E+01
  0.409252726285E+01  0.187029682677E+01  0.284428995242E+01  0.500000000000E+01  0.125000000000E+01  0.394624082883E+01  0.500000000000E+01
  0.500000000000E+01  0.250000000000E+01  0.375000000000E+01  0.500000000000E+01
  0.134426838742E+01  0.106353843499E+01  0.142583560372E+01  0.108609241686E+01  0.103227491644E+01  0.120094417709E+01  0.164466041761E+01
  0.149408450819E+01  0.123520237364E+01  0.102388266990E+01  0.102808019095E+01  0.101300806564E+01  0.103252724612E+01  0.101471166569E+01
  0.100663076926E+01  0.100829328463E+01  0.144945964668E+01  0.116391890955E+01  0.101461478568E+01  0.100425924212E+01  0.100679000359E+01
  0.100722949594E+01  0.104666259211E+01  0.101936935520E+01  0.100424233917E+01  0.106441906816E+01  0.100787608905E+01  0.100286987145E+01
  0.100332787324E+01  0.102846339782E+01  0.100957111544E+01  0.100398696605E+01
  0.000000000000E+00  0.445502324124E+00  0.000000000000E+00  0.468719323235E+00  0.462217691706E+00  0.443628267776E+00  0.000000000000E+00
  0.000000000000E+00  0.379277589479E+00  0.471752111557E+00  0.466601460647E+00  0.479368284714E+00  0.490161983922E+00  0.484523272613E+00
  0.488507087133E+00  0.489832142904E+00  0.000000000000E+00  0.450678650954E+00  0.474831613686E+00  0.495837701440E+00  0.490906657184E+00
  0.486837480321E+00  0.448689227706E+00  0.465830350604E+00  0.496552794382E+00  0.444692952773E+00  0.487707593286E+00  0.497546045015E+00
  0.496391981083E+00  0.470013949842E+00  0.489213707231E+00  0.495539117472E+00
  0.000000000000E+00  0.000000000000E+00  0.000000000000E+00  0.186083018925E-01 -0.276682149450E-02  0.332956459746E-01  0.000000000000E+00
  0.000000000000E+00 -0.594944049373E-02  0.000000000000E+00  0.356415355316E-02 -0.567669140444E-02 -0.416468413065E-02  0.271896496472E-04
 -0.106237436296E-02  0.000000000000E+00  0.000000000000E+00 -0.764333946729E-02  0.351055395261E-03  0.000000000000E+00 -0.204357465526E-02
 -0.139237158512E-02  0.156573112490E-02 -0.159354801202E-02 -0.669054573717E-04  0.000000000000E+00 -0.285329385011E-04 -0.196298255489E-03
  0.818431862662E-03  0.000000000000E+00  0.000000000000E+00  0.000000000000E+00
  0.000000000000E+00  0.452310344608E-01  0.000000000000E+00  0.123915713537E+00  0.247704442444E-01  0.165641014472E+00  0.000000000000E+00
  0.000000000000E+00  0.155765511630E+00  0.351720111661E-02  0.259830470281E-01 -0.651467334711E-02  0.748948358290E-01  0.371247945678E-02
 -0.161053457181E-03  0.449446116884E-03  0.000000000000E+00  0.140949509476E+00 -0.808694161786E-02  0.234334812176E-02 -0.316579268800E-03
 -0.438227712721E-02  0.254971821103E-01 -0.195496146326E-02  0.306232562395E-02  0.837408972027E-01 -0.119810689023E-02  0.269132547637E-02
  0.265403316754E-02  0.278480356068E-02 -0.838270584937E-03  0.344749800753E-02
  0.960182425471E+00  0.782329414793E+00  0.101844463005E+01  0.808717513752E+00  0.746113029545E+00  0.879439228685E+00  0.117474740149E+01
  0.106719489844E+01  0.916614509054E+00  0.737382950908E+00  0.743541516866E+00  0.725748579345E+00  0.757446397896E+00  0.729178718425E+00
  0.720770748428E+00  0.722769618943E+00  0.103532081666E+01  0.858307859818E+00  0.728052620034E+00  0.718607626399E+00  0.721000133380E+00
  0.721136541676E+00  0.760004222159E+00  0.732614488547E+00  0.718521935021E+00  0.791034776422E+00  0.722091668557E+00  0.717182656428E+00
  0.717623471006E+00  0.741787366031E+00  0.724041441093E+00  0.718394752899E+00
  0.000000000000E+00  0.441260050482E+00  0.000000000000E+00  0.475196702921E+00  0.460159527845E+00  0.468840137542E+00  0.000000000000E+00
  0.000000000000E+00  0.402309075196E+00  0.469829687109E+00  0.464438165535E+00  0.478728385581E+00  0.489302143689E+00  0.483078497500E+00
  0.487915287259E+00  0.488964059347E+00  0.000000000000E+00  0.464797414050E+00  0.473814025822E+00  0.495401577817E+00  0.490275884580E+00
  0.486289424160E+00  0.445738029472E+00  0.464406365501E+00  0.496145347813E+00  0.443630810867E+00  0.486972251008E+00  0.497259456267E+00
  0.496067366797E+00  0.467744895480E+00  0.488227213373E+00  0.495115926510E+00
  0.999990335442E+00  0.102982754988E+01  0.999990797222E+00  0.104245688643E+01  0.101189927676E+01  0.102520578696E+01  0.999991453848E+00
  0.999992202332E+00  0.103890693547E+01  0.100825627938E+01  0.101252619472E+01  0.100300090942E+01  0.102701886177E+01  0.100604954127E+01
  0.100243215150E+01  0.100355470174E+01  0.999992753610E+00  0.103240096358E+01  0.100459177456E+01  0.100178383705E+01  0.100259257952E+01
  0.100234471132E+01  0.101657011442E+01  0.100617139287E+01  0.100168123748E+01  0.104042544907E+01  0.100302839502E+01  0.100118245406E+01
  0.100134052507E+01  0.100976108109E+01  0.100404815671E+01  0.100175867622E+01
        12        19        11        11
        11         5        12        12
        10        14         5         5
        19        13        11        11
        19        24        13        13
        30        23        24        24
        19        12        22        22
        28        22        21        21
        11        13         6         6
         7         6         9         9
        15        12        14        14
        18        13        23        23
        15        25        21        21
        27        19        22        22
        18         8         9         9
        27        31        24        24
         4        11         6         6
         5        14        12        12
         4         2         5         5
        21        12        15        15
        14        16        15        15
        24        19        27        27
        22        29        27        27
        23        26        18        18
        17         8        18        18
         5        11         4         4
         6         3         4         4
        26        23        30        30
         5         2        10        10
        16        14        10        10
         3         6         7         7
        21        25        28        28
        29        22        28        28
         6        13         9         9
         2         4         1         1
        31        27        32        32
        25        15        20        20
        24        23        13        13
         8         7         9         9
        13        18         9         9
        31        30        24        24
        12        21        22        22
        29        32        27        27
         3         1         4         4
        26        17        18        18
        16        20        15        15
zone t="boundary 2 bc-2", solutiontime= 0.2000000E+02, strandid=1002, i=33, j=48, f=feblock
  0.500000000000E+01  0.375000000000E+01  0.250000000000E+01  0.288078410721E+01  0.125000000000E+01  0.190974100652E+01  0.326683758169E+01
  0.201431602454E+01  0.000000000000E+00  0.963108083381E+00  0.500000000000E+01  0.403552511878E+01  0.423153924130E+01  0.500000000000E+01
  0.385533350601E+01  0.500000000000E+01  0.398173246726E+01  0.315249557942E+01  0.267000324704E+01  0.154774304040E+01  0.218329375016E+01
  0.893127759452E+00  0.000000000000E+00  0.698517061619E+00  0.964171764089E+00  0.310324758057E+01  0.000000000000E+00  0.000000000000E+00
  0.125000000000E+01  0.500000000000E+01  0.375000000000E+01  0.250000000000E+01  0.000000000000E+00
 -0.250000000000E+01 -0.250000000000E+01 -0.250000000000E+01 -0.250000000000E+01 -0.250000000000E+01 -0.250000000000E+01 -0.250000000000E+01
 -0.250000000000E+01 -0.250000000000E+01 -0.250000000000E+01 -0.250000000000E+01 -0.250000000000E+01 -0.250000000000E+01 -0.250000000000E+01
 -0.250000000000E+01 -0.250000000000E+01 -0.250000000000E+01 -0.250000000000E+01 -0.250000000000E+01 -0.250000000000E+01 -0.250000000000E+01
 -0.250000000000E+01 -0.250000000000E+01 -0.250000000000E+01 -0.250000000000E+01 -0.250000000000E+01 -0.250000000000E+01 -0.250000000000E+01
 -0.250000000000E+01 -0.250000000000E+01 -0.250000000000E+01 -0.250000000000E+01 -0.250000000000E+01
  0.000000000000E+00  0.000000000000E+00  0.000000000000E+00  0.904659890645E+00  0.000000000000E+00  0.717002441913E+00  0.188609243358E+01
  0.176246431481E+01  0.000000000000E+00  0.961328577125E+00  0.125000000000E+01  0.101201586758E+01  0.191586535653E+01  0.250000000000E+01
  0.293121848150E+01  0.375000000000E+01  0.406975391361E+01  0.363585050272E+01  0.285047954584E+01  0.292817774674E+01  0.395907379566E+01
  0.205246550326E+01  0.125000000000E+01  0.306828197606E+01  0.397245519226E+01  0.433168271247E+01  0.250000000000E+01  0.375000000000E+01
  0.500000000000E+01  0.500000000000E+01  0.500000000000E+01  0.500000000000E+01  0.500000000000E+01
  0.830778983665E+00  0.935291962459E+00  0.934197903815E+00  0.968077355471E+00  0.961707278740E+00  0.964846883645E+00  0.984107051924E+00
  0.991409400080E+00  0.144945964668E+01  0.102920948119E+01  0.955850383657E+00  0.960702796049E+00  0.981460899548E+00  0.100641976563E+01
  0.997903861814E+00  0.100979425600E+01  0.100198678463E+01  0.998055893170E+00  0.991072908385E+00  0.100131055675E+01  0.100093438827E+01
  0.101223769360E+01  0.106441906816E+01  0.101080731942E+01  0.100683991282E+01  0.100116876113E+01  0.102846339782E+01  0.100957111544E+01
  0.100508760963E+01  0.100172951838E+01  0.100263233679E+01  0.100320029510E+01  0.100398696605E+01
  0.000000000000E+00  0.000000000000E+00  0.000000000000E+00  0.378965489358E+00  0.000000000000E+00  0.340647571240E+00  0.582141606169E+00
  0.575191872128E+00  0.000000000000E+00  0.489462225052E+00  0.494720455977E+00  0.431486713905E+00  0.568930597861E+00  0.536178932591E+00
  0.568934552992E+00  0.516295740412E+00  0.508657182683E+00  0.527484113898E+00  0.566663735505E+00  0.531845086600E+00  0.506168015250E+00
  0.520712296984E+00  0.444692952773E+00  0.491350132338E+00  0.492749232353E+00  0.501555472007E+00  0.470013949842E+00  0.489213707231E+00
  0.490452355343E+00  0.491390742363E+00  0.486048353777E+00  0.490250004809E+00  0.495539117472E+00
  0.000000000000E+00  0.000000000000E+00  0.000000000000E+00  0.000000000000E+00  0.000000000000E+00  0.000000000000E+00  0.000000000000E+00
  0.000000000000E+00  0.000000000000E+00  0.000000000000E+00  0.000000000000E+00  0.000000000000E+00  0.000000000000E+00  0.000000000000E+00
  0.000000000000E+00  0.000000000000E+00  0.000000000000E+00  0.000000000000E+00  0.000000000000E+00  0.000000000000E+00  0.000000000000E+00
  0.000000000000E+00  0.000000000000E+00  0.000000000000E+00  0.000000000000E+00  0.000000000000E+00  0.000000000000E+00  0.000000000000E+00
  0.000000000000E+00  0.000000000000E+00  0.000000000000E+00  0.000000000000E+00  0.000000000000E+00
  0.000000000000E+00  0.000000000000E+00  0.000000000000E+00 -0.228646769053E-02  0.000000000000E+00  0.183641468857E-01  0.121351929263E-01
  0.455236058409E-01  0.000000000000E+00  0.870795018040E-01 -0.995463316572E-01 -0.212082395866E-01 -0.306597054440E-01 -0.414704056223E-01
 -0.138996084102E-02  0.261850809090E-02  0.596022117395E-03  0.497554260649E-03  0.151304056870E-01  0.284417486129E-01  0.564608652751E-02
  0.553441687149E-01  0.837408972027E-01  0.110577614845E-01  0.680910576224E-02 -0.785569320188E-03  0.278480356068E-02 -0.838270584937E-03
  0.400061193535E-02  0.607080960849E-02 -0.141958257421E-03  0.120292658316E-02  0.344749800753E-02
  0.593409709670E+00  0.668061488852E+00  0.667279926588E+00  0.684247772269E+00  0.686929076808E+00  0.679190299078E+00  0.695799373780E+00
  0.702332061237E+00  0.103532081666E+01  0.723688794496E+00  0.672571884304E+00  0.675691305681E+00  0.694081594628E+00  0.720955243826E+00
  0.712681808929E+00  0.724783374589E+00  0.716575053863E+00  0.713285320507E+00  0.706419752911E+00  0.717724927853E+00  0.715362416716E+00
  0.730927355138E+00  0.791034776422E+00  0.724359087053E+00  0.720997356558E+00  0.715435207171E+00  0.741787366031E+00  0.724041441093E+00
  0.719303504648E+00  0.715838945952E+00  0.716585926745E+00  0.717365014619E+00  0.718394752899E+00
  0.000000000000E+00  0.000000000000E+00  0.000000000000E+00  0.380970970272E+00  0.000000000000E+00  0.343640946891E+00  0.585245545977E+00
  0.579375261323E+00  0.000000000000E+00  0.501069101040E+00  0.508440433391E+00  0.435359213302E+00  0.572606432485E+00  0.537002479441E+00
  0.568978824330E+00  0.515053622779E+00  0.508348581571E+00  0.527340769436E+00  0.567462992876E+00  0.531675485995E+00  0.506054676739E+00
  0.520807507882E+00  0.443630810867E+00  0.490675351839E+00  0.492171855358E+00  0.501445777603E+00  0.467744895480E+00  0.488227213373E+00
  0.489996666897E+00  0.491319122258E+00  0.485905923639E+00  0.489980306955E+00  0.495115926510E+00
  0.999993511960E+00  0.999993715260E+00  0.999993570321E+00  0.989535470242E+00  0.999993167142E+00  0.985510172472E+00  0.989850770185E+00
  0.991784913128E+00  0.999992753610E+00  0.984410201039E+00  0.985092075208E+00  0.984662303310E+00  0.990069225302E+00  0.100289896505E+01
  0.999850357014E+00  0.100485491811E+01  0.100121587510E+01  0.100054461433E+01  0.997895962756E+00  0.100349975562E+01  0.100057246023E+01
  0.101092688374E+01  0.104042544907E+01  0.100326016877E+01  0.100253901969E+01  0.100044001464E+01  0.100976108109E+01  0.100404815671E+01
  0.100192749056E+01  0.100044423764E+01  0.100058641701E+01  0.100110718205E+01  0.100175867622E+01
        15         7        19        19
         8        20        19        19
        18        19        21        21
         7         4         8         8
         3         6         4         4
        19         7         8         8
        19        18        15        15
        14        13        15        15
         8        22        20        20
        27        24        22        22
        19        20        21        21
        32        26        21        21
        17        18        26        26
        17        16        15        15
        25        29        21        21
        12         7        13        13
        10         8         6         6
        25        20        24        24
         4         6         8         8
        12         2         4         4
        10        23        22        22
        26        31        17        17
        30        16        17        17
         4         7        12        12
        13        11        12        12
        21        20        25        25
        24        28        25        25
        22         8        10        10
         6         5        10        10
        31        26        32        32
         4         2         3         3
         5         6         3         3
        11        13        14        14
        22        23        27        27
        28        24        27        27
        15        13         7         7
         2        12         1         1
        29        25        33        33
        23        10         9         9
        21        26        18        18
        16        14        15        15
        18        17        15        15
        29        32        21        21
        22        24        20        20
        28        33        25        25
        11         1        12        12
        31        30        17        17
         5         9        10        10
zone t="boundary 3 bc-3", solutiontime= 0.2000000E+02, strandid=1003, i=33, j=48, f=feblock
  0.375000000000E+01  0.250000000000E+01  0.500000000000E+01  0.403552511878E+01  0.288078410721E+01  0.125000000000E+01  0.190974100652E+01
  0.500000000000E+01  0.326683758169E+01  0.423153924130E+01  0.201431602454E+01  0.000000000000E+00  0.963108083381E+00  0.500000000000E+01
  0.267000324704E+01  0.385533350601E+01  0.893127759452E+00  0.154774304040E+01  0.000000000000E+00  0.500000000000E+01  0.315249557942E+01
  0.218329375016E+01  0.398173246726E+01  0.000000000000E+00  0.698517061619E+00  0.964171764089E+00  0.125000000000E+01  0.000000000000E+00
  0.500000000000E+01  0.310324758057E+01  0.250000000000E+01  0.375000000000E+01  0.000000000000E+00
  0.250000000000E+01  0.250000000000E+01  0.250000000000E+01  0.250000000000E+01  0.250000000000E+01  0.250000000000E+01  0.250000000000E+01
  0.250000000000E+01  0.250000000000E+01  0.250000000000E+01  0.250000000000E+01  0.250000000000E+01  0.250000000000E+01  0.250000000000E+01
  0.250000000000E+01  0.250000000000E+01  0.250000000000E+01  0.250000000000E+01  0.250000000000E+01  0.250000000000E+01  0.250000000000E+01
  0.250000000000E+01  0.250000000000E+01  0.250000000000E+01  0.250000000000E+01  0.250000000000E+01  0.250000000000E+01  0.250000000000E+01
  0.250000000000E+01  0.250000000000E+01  0.250000000000E+01  0.250000000000E+01  0.250000000000E+01
  0.000000000000E+00  0.000000000000E+00  0.000000000000E+00  0.101201586758E+01  0.904659890645E+00  0.000000000000E+00  0.717002441913E+00
  0.125000000000E+01  0.188609243358E+01  0.191586535653E+01  0.176246431481E+01  0.000000000000E+00  0.961328577125E+00  0.250000000000E+01
  0.285047954584E+01  0.293121848150E+01  0.205246550326E+01  0.292817774674E+01  0.125000000000E+01  0.375000000000E+01  0.363585050272E+01
  0.395907379566E+01  0.406975391361E+01  0.250000000000E+01  0.306828197606E+01  0.397245519226E+01  0.500000000000E+01  0.375000000000E+01
  0.500000000000E+01  0.433168271247E+01  0.500000000000E+01  0.500000000000E+01  0.500000000000E+01
  0.941868432987E+00  0.946282951472E+00  0.843728307508E+00  0.964400623221E+00  0.978854113115E+00  0.956963402211E+00  0.983321570324E+00
  0.963536570553E+00  0.982671924713E+00  0.984233438035E+00  0.990249796859E+00  0.134426838742E+01  0.101917437031E+01  0.100830812171E+01
  0.993441928496E+00  0.997999946842E+00  0.100806158274E+01  0.100070011203E+01  0.106353843499E+01  0.100676927113E+01  0.100057981058E+01
  0.100233598898E+01  0.100177133386E+01  0.102388266990E+01  0.100872463532E+01  0.100526544530E+01  0.100522328998E+01  0.100829328463E+01
  0.100185779568E+01  0.100160296794E+01  0.100409388158E+01  0.100312448279E+01  0.100425924212E+01
  0.000000000000E+00  0.000000000000E+00  0.000000000000E+00  0.439022287335E+00  0.399808680380E+00  0.000000000000E+00  0.373781471446E+00
  0.494927478373E+00  0.573030263953E+00  0.569562188116E+00  0.559933667198E+00  0.000000000000E+00  0.483394439900E+00  0.533810620177E+00
  0.556500305043E+00  0.564763146570E+00  0.522634481471E+00  0.522557646391E+00  0.445502324124E+00  0.518381237897E+00  0.524845180752E+00
  0.503954732431E+00  0.509947243576E+00  0.471752111557E+00  0.496257899114E+00  0.494963543410E+00  0.489129349469E+00  0.489832142904E+00
  0.493005480222E+00  0.499231024849E+00  0.486737176498E+00  0.484538944669E+00  0.495837701440E+00
  0.000000000000E+00  0.000000000000E+00  0.000000000000E+00  0.000000000000E+00  0.000000000000E+00  0.000000000000E+00  0.000000000000E+00
  0.000000000000E+00  0.000000000000E+00  0.000000000000E+00  0.000000000000E+00  0.000000000000E+00  0.000000000000E+00  0.000000000000E+00
  0.000000000000E+00  0.000000000000E+00  0.000000000000E+00  0.000000000000E+00  0.000000000000E+00  0.000000000000E+00  0.000000000000E+00
  0.000000000000E+00  0.000000000000E+00  0.000000000000E+00  0.000000000000E+00  0.000000000000E+00  0.000000000000E+00  0.000000000000E+00
  0.000000000000E+00  0.000000000000E+00  0.000000000000E+00  0.000000000000E+00  0.000000000000E+00
  0.000000000000E+00  0.000000000000E+00  0.000000000000E+00 -0.226393636372E-01  0.112001305882E-01  0.000000000000E+00  0.179824985879E-01
 -0.100767638709E+00  0.390746209224E-02 -0.389578474424E-01  0.340486726182E-01  0.000000000000E+00  0.652249141374E-01 -0.425016128516E-01
  0.845717366637E-02 -0.650672873800E-02  0.490110344367E-01  0.136121562691E-01  0.452310344608E-01  0.799981319942E-03 -0.695487657474E-03
  0.244109218188E-02  0.926420232079E-03  0.351720111661E-02  0.103970486944E-01  0.431281658960E-02  0.333951909807E-02  0.449446116884E-03
  0.583901150562E-02  0.340626770940E-03  0.163630609508E-02  0.684447797956E-03  0.234334812176E-02
  0.672756021802E+00  0.675909263694E+00  0.602656848293E+00  0.676086972472E+00  0.691292244324E+00  0.683538362242E+00  0.690058529071E+00
  0.677282299788E+00  0.695189754081E+00  0.696239998315E+00  0.703330011186E+00  0.960182425471E+00  0.719710701328E+00  0.722871249574E+00
  0.709435289250E+00  0.713692996842E+00  0.726051365496E+00  0.716587522734E+00  0.782329414793E+00  0.722305359281E+00  0.716112954711E+00
  0.716528097747E+00  0.716535014951E+00  0.737382950908E+00  0.722665930811E+00  0.719418192225E+00  0.719559467700E+00  0.722769618943E+00
  0.715958148995E+00  0.715824023477E+00  0.718133037122E+00  0.717024309529E+00  0.718607626399E+00
  0.000000000000E+00  0.000000000000E+00  0.000000000000E+00  0.443738064675E+00  0.402241325820E+00  0.000000000000E+00  0.377537925857E+00
  0.509151099294E+00  0.575806059638E+00  0.573667519859E+00  0.562557379397E+00  0.000000000000E+00  0.490569798553E+00  0.534517033944E+00
  0.556629709235E+00  0.564469777896E+00  0.522751356119E+00  0.522077334218E+00  0.441260050482E+00  0.517237889377E+00  0.524327552642E+00
  0.503758809793E+00  0.509597793033E+00  0.469829687109E+00  0.495628454607E+00  0.494510308805E+00  0.488616076503E+00  0.488964059347E+00
  0.492921100647E+00  0.499093963057E+00  0.486426987240E+00  0.484368151768E+00  0.495401577817E+00
  0.999989380190E+00  0.999989451040E+00  0.999989665041E+00  0.981461167352E+00  0.988716427797E+00  0.999989868921E+00  0.982467963538E+00
  0.984078081395E+00  0.990427864313E+00  0.990350418887E+00  0.994357200358E+00  0.999990335442E+00  0.988638461888E+00  0.100368104513E+01
  0.999765941481E+00  0.100117259399E+01  0.100834307060E+01  0.100252065505E+01  0.102982754988E+01  0.100442825580E+01  0.100197717963E+01
  0.100080147563E+01  0.100137525104E+01  0.100825627938E+01  0.100298165397E+01  0.100190996699E+01  0.100214874130E+01  0.100355470174E+01
  0.100048271612E+01  0.100054978364E+01  0.100128710116E+01  0.100070734048E+01  0.100178383705E+01
        15         9        16        16
        15        18        11        11
        22        15        21        21
        11         5         9         9
         5         7         2         2
        11         9        15        15
        16        21        15        15
        16        10        14        14
        18        17        11        11
        17        25        24        24
        22        18        15        15
        22        30        31        31
        30        21        23        23
        16        20        23        23
        22        27        26        26
        10         9         4         4
         7        11        13        13
        25        18        26        26
        11         7         5         5
         5         1         4         4
        17        19        13        13
        23        32        30        30
        23        20        29        29
         4         9         5         5
         4         8        10        10
        26        18        22        22
        26        28        25        25
        13        11        17        17
        13         6         7         7
        31        30        32        32
         2         1         5         5
         2         7         6         6
        14        10         8         8
        24        19        17        17
        24        25        28        28
         9        10        16        16
         3         4         1         1
        33        26        27        27
        12        13        19        19
        21        30        22        22
        16        14        20        20
        16        23        21        21
        22        31        27        27
        18        25        17        17
        26        33        28        28
         4         3         8         8
        23        29        32        32
        13        12         6         6
zone t="boundary 4 bc-4", solutiontime= 0.2000000E+02, strandid=1004, i=32, j=46, f=feblock
  0.125000000000E+01  0.219251206392E+01  0.103724302461E+01  0.500000000000E+01  0.250000000000E+01  0.375000000000E+01  0.404200324774E+01
  0.500000000000E+01  0.000000000000E+00  0.310152362409E+01  0.202479342020E+01  0.324151231464E+01  0.922061490191E+00  0.000000000000E+00
  0.299062775774E+01  0.394624082883E+01  0.500000000000E+01  0.409252726285E+01  0.500000000000E+01  0.429310310915E+01  0.175434191980E+01
  0.284428995242E+01  0.000000000000E+00  0.000000000000E+00  0.715990576545E+00  0.930412228790E+00  0.125000000000E+01  0.187029682677E+01
  0.500000000000E+01  0.375000000000E+01  0.250000000000E+01  0.000000000000E+00
  0.250000000000E+01  0.157686156160E+01  0.146289271009E+01  0.250000000000E+01  0.250000000000E+01  0.250000000000E+01  0.155830813274E+01
  0.125000000000E+01  0.250000000000E+01  0.177790177481E+01  0.477386199275E+00  0.742988685424E+00  0.308372018325E+00  0.125000000000E+01
 -0.487811078581E+00 -0.144524380962E+01 -0.125000000000E+01 -0.345533899378E+00  0.000000000000E+00  0.627766083140E+00 -0.739814786992E+00
 -0.158811787973E+01  0.000000000000E+00 -0.125000000000E+01 -0.600232012419E+00 -0.154800130438E+01 -0.250000000000E+01 -0.178862290564E+01
 -0.250000000000E+01 -0.250000000000E+01 -0.250000000000E+01 -0.250000000000E+01
  0.500000000000E+01  0.500000000000E+01  0.500000000000E+01  0.500000000000E+01  0.500000000000E+01  0.500000000000E+01  0.500000000000E+01
  0.500000000000E+01  0.500000000000E+01  0.500000000000E+01  0.500000000000E+01  0.500000000000E+01  0.500000000000E+01  0.500000000000E+01
  0.500000000000E+01  0.500000000000E+01  0.500000000000E+01  0.500000000000E+01  0.500000000000E+01  0.500000000000E+01  0.500000000000E+01
  0.500000000000E+01  0.500000000000E+01  0.500000000000E+01  0.500000000000E+01  0.500000000000E+01  0.500000000000E+01  0.500000000000E+01
  0.500000000000E+01  0.500000000000E+01  0.500000000000E+01  0.500000000000E+01
  0.100522328998E+01  0.100430413724E+01  0.100429841858E+01  0.100185779568E+01  0.100409388158E+01  0.100312448279E+01  0.100249901366E+01
  0.100192674434E+01  0.100425924212E+01  0.100366029586E+01  0.100444672018E+01  0.100343697907E+01  0.100364980766E+01  0.100424233917E+01
  0.100359205113E+01  0.100160839686E+01  0.100223043614E+01  0.100221125788E+01  0.100205915433E+01  0.100246476328E+01  0.100441748831E+01
  0.100336324753E+01  0.100286987145E+01  0.100332787324E+01  0.100322051045E+01  0.100404956103E+01  0.100508760963E+01  0.100430750813E+01
  0.100172951838E+01  0.100263233679E+01  0.100320029510E+01  0.100398696605E+01
  0.489129349469E+00  0.489234811600E+00  0.491007713357E+00  0.493005480222E+00  0.486737176498E+00  0.484538944669E+00  0.485194372603E+00
  0.494183291830E+00  0.495837701440E+00  0.486689545591E+00  0.488139634196E+00  0.487158082798E+00  0.494443026484E+00  0.496552794382E+00
  0.487765389294E+00  0.483085447381E+00  0.492510702682E+00  0.487120572178E+00  0.494807250591E+00  0.487851596313E+00  0.490094589213E+00
  0.488159680392E+00  0.497546045015E+00  0.496391981083E+00  0.495267684751E+00  0.493224658362E+00  0.490452355343E+00  0.490379909124E+00
  0.491390742363E+00  0.486048353777E+00  0.490250004809E+00  0.495539117472E+00
  0.000000000000E+00 -0.103065505118E-03 -0.131113881917E-02  0.000000000000E+00  0.000000000000E+00  0.000000000000E+00  0.466973679634E-03
  0.848308341000E-03  0.000000000000E+00  0.267508008233E-03 -0.947688161535E-03 -0.833632094468E-03 -0.174490461493E-02 -0.669054573717E-04
 -0.110388624874E-02 -0.103545631459E-02 -0.134024317120E-02 -0.215445766978E-02 -0.130445743141E-02 -0.105164671115E-02 -0.593864299682E-03
 -0.749155547794E-03 -0.196298255489E-03  0.818431862662E-03  0.659206697494E-04  0.163944341284E-02  0.000000000000E+00  0.805114138219E-03
  0.000000000000E+00  0.000000000000E+00  0.000000000000E+00  0.000000000000E+00
  0.333951909807E-02  0.271313283698E-02  0.384175227214E-02  0.583901150562E-02  0.163630609508E-02  0.684447797956E-03  0.213026068829E-02
  0.499928627408E-02  0.234334812176E-02  0.113859677728E-02  0.199449519194E-02  0.201503170362E-05  0.499554511381E-02  0.306232562395E-02
  0.434119394982E-04  0.111857421698E-02  0.489205433153E-02  0.122621773275E-02  0.501032303848E-02  0.151647554298E-02  0.269701853269E-02
  0.766816592601E-04  0.269132547637E-02  0.265403316754E-02  0.438115158724E-02  0.488647068275E-02  0.400061193535E-02  0.231464695851E-02
  0.607080960849E-02 -0.141958257421E-03  0.120292658316E-02  0.344749800753E-02
  0.719559467700E+00  0.718463137546E+00  0.718632497544E+00  0.715958148995E+00  0.718133037122E+00  0.717024309529E+00  0.716271454427E+00
  0.716023958730E+00  0.718607626399E+00  0.717729303458E+00  0.718420778798E+00  0.717272331440E+00  0.718068327477E+00  0.718521935021E+00
  0.717551173228E+00  0.715443533748E+00  0.716466674369E+00  0.716034546887E+00  0.716197877708E+00  0.716226199450E+00  0.718693947751E+00
  0.717401760468E+00  0.717182656428E+00  0.717623471006E+00  0.717535003803E+00  0.718468859334E+00  0.719303504648E+00  0.718539538702E+00
  0.715838945952E+00  0.716585926745E+00  0.717365014619E+00  0.718394752899E+00
  0.488616076503E+00  0.488866640083E+00  0.490588203498E+00  0.492921100647E+00  0.486426987240E+00  0.484368151768E+00  0.485131282060E+00
  0.494084362390E+00  0.495401577817E+00  0.486409766797E+00  0.487818770416E+00  0.486978224994E+00  0.494066405213E+00  0.496145347813E+00
  0.487528763572E+00  0.483084825529E+00  0.492334740873E+00  0.487069266778E+00  0.494681848006E+00  0.487793800164E+00  0.489674990744E+00
  0.487917371124E+00  0.497259456267E+00  0.496067366797E+00  0.494959454952E+00  0.492808369438E+00  0.489996666897E+00  0.489984219700E+00
  0.491319122258E+00  0.485905923639E+00  0.489980306955E+00  0.495115926510E+00
  0.100214874130E+01  0.100153763713E+01  0.100177942925E+01  0.100048271612E+01  0.100128710116E+01  0.100070734048E+01  0.100028032201E+01
  0.100050582329E+01  0.100178383705E+01  0.100115649586E+01  0.100133642742E+01  0.100074173562E+01  0.100163986562E+01  0.100168123748E+01
  0.100097608524E+01  0.100001253023E+01  0.100082107662E+01  0.100023658461E+01  0.100061660478E+01  0.100025129656E+01  0.100174632417E+01
  0.100099586778E+01  0.100118245406E+01  0.100134052507E+01  0.100132423018E+01  0.100179955463E+01  0.100192749056E+01  0.100164077838E+01
  0.100044423764E+01  0.100058641701E+01  0.100110718205E+01  0.100175867622E+01
        12        15        11        11
        11         2        12        12
         5        10         2         2
        15        21        11        11
        15        22        21        21
        31        28        22        22
        15        12        18        18
        19        18        20        20
        11        21        13        13
        23        13        25        25
         7        12        10        10
        26        21        28        28
         7         8        20        20
        16        15        18        18
        26        24        25        25
        16        30        22        22
         3        11        13        13
         2        10        12        12
         3         1         2         2
        20        12         7         7
        10         6         7         7
        22        15        16        16
        18        17        16        16
        28        27        26        26
        32        24        26        26
         2        11         3         3
        13        14         3         3
        27        28        31        31
         2         1         5         5
         6        10         5         5
        14        13        23        23
        20         8        19        19
        17        18        19        19
        13        21        25        25
         1         3         9         9
        30        16        29        29
         8         7         4         4
        22        28        21        21
        24        23        25        25
        21        26        25        25
        30        31        22        22
        12        20        18        18
        17        29        16        16
        14         9         3         3
        27        32        26        26
         6         4         7         7
zone t="boundary 5 bc-5", solutiontime= 0.2000000E+02, strandid=1005, i=33, j=48, f=feblock
  0.500000000000E+01  0.500000000000E+01  0.500000000000E+01  0.500000000000E+01  0.500000000000E+01  0.500000000000E+01  0.500000000000E+01
  0.500000000000E+01  0.500000000000E+01  0.500000000000E+01  0.500000000000E+01  0.500000000000E+01  0.500000000000E+01  0.500000000000E+01
  0.500000000000E+01  0.500000000000E+01  0.500000000000E+01  0.500000000000E+01  0.500000000000E+01  0.500000000000E+01  0.500000000000E+01
  0.500000000000E+01  0.500000000000E+01  0.500000000000E+01  0.500000000000E+01  0.500000000000E+01  0.500000000000E+01  0.500000000000E+01
  0.500000000000E+01  0.500000000000E+01  0.500000000000E+01  0.500000000000E+01  0.500000000000E+01
  0.250000000000E+01  0.125000000000E+01  0.250000000000E+01  0.157899473280E+01  0.000000000000E+00  0.659350882208E+00  0.250000000000E+01
  0.173899611320E+01  0.825621401394E+00  0.132549389334E+01 -0.125000000000E+01 -0.322732261638E+00  0.250000000000E+01  0.490615021923E-01
 -0.873141960959E+00  0.350800286361E+00  0.145332269920E+01 -0.250000000000E+01 -0.147959633950E+01  0.250000000000E+01 -0.857924212153E+00
 -0.165007033378E+01  0.518568023061E+00 -0.461282870254E+00  0.125000000000E+01 -0.250000000000E+01 -0.183684615440E+01 -0.158398995423E+01
 -0.250000000000E+01 -0.250000000000E+01 -0.125000000000E+01  0.000000000000E+00 -0.250000000000E+01
  0.000000000000E+00  0.000000000000E+00  0.125000000000E+01  0.905837536509E+00  0.000000000000E+00  0.735450417037E+00  0.250000000000E+01
  0.182727219356E+01  0.162230260845E+01  0.280856328277E+01  0.000000000000E+00  0.109945440014E+01  0.375000000000E+01  0.227317933631E+01
  0.189599568386E+01  0.342819755379E+01  0.403384942830E+01  0.000000000000E+00  0.104050588738E+01  0.500000000000E+01  0.297954017413E+01
  0.214587157439E+01  0.430969386006E+01  0.408642231822E+01  0.500000000000E+01  0.125000000000E+01  0.304506426164E+01  0.398205049073E+01
  0.250000000000E+01  0.375000000000E+01  0.500000000000E+01  0.500000000000E+01  0.500000000000E+01
  0.843728307508E+00  0.773778010637E+00  0.963536570553E+00  0.924937304324E+00  0.762965026150E+00  0.875185804640E+00  0.100830812171E+01
  0.990735664408E+00  0.976691358963E+00  0.100516041507E+01  0.766422649202E+00  0.908988322171E+00  0.100676927113E+01  0.100559064655E+01
  0.986033833036E+00  0.101046838892E+01  0.100450787287E+01  0.830778983665E+00  0.914363407580E+00  0.100185779568E+01  0.101290064431E+01
  0.100041834672E+01  0.100544753570E+01  0.100583264398E+01  0.100192674434E+01  0.955850383657E+00  0.101163896677E+01  0.100703656202E+01
  0.100641976563E+01  0.100979425600E+01  0.100223043614E+01  0.100205915433E+01  0.100172951838E+01
  0.000000000000E+00  0.000000000000E+00  0.494927478373E+00  0.452378643712E+00  0.000000000000E+00  0.460285840290E+00  0.533810620177E+00
  0.528224255225E+00  0.524500527418E+00  0.541026704834E+00  0.000000000000E+00  0.493148159054E+00  0.518381237897E+00  0.537417372488E+00
  0.536126050032E+00  0.531000776891E+00  0.511848551406E+00  0.000000000000E+00  0.478315687406E+00  0.493005480222E+00  0.532833281524E+00
  0.529746302481E+00  0.506388016746E+00  0.512982931546E+00  0.494183291830E+00  0.494720455977E+00  0.530908580674E+00  0.512905416598E+00
  0.536178932591E+00  0.516295740412E+00  0.492510702682E+00  0.494807250591E+00  0.491390742363E+00
  0.000000000000E+00  0.000000000000E+00  0.000000000000E+00 -0.192306173284E-01  0.000000000000E+00 -0.780551949962E-02  0.000000000000E+00
 -0.732176620666E-02 -0.132681834386E-01 -0.763319441051E-04  0.000000000000E+00 -0.649246653817E-02  0.000000000000E+00 -0.424013872836E-03
  0.446788476580E-02  0.316860155400E-02  0.219561525029E-02  0.000000000000E+00  0.142609461943E-01  0.000000000000E+00  0.345253798664E-02
  0.491726756750E-02  0.172909277908E-02  0.704204005020E-03  0.848308341000E-03  0.000000000000E+00  0.193014522996E-02  0.484937719241E-03
  0.000000000000E+00  0.000000000000E+00 -0.134024317120E-02 -0.130445743141E-02  0.000000000000E+00
  0.000000000000E+00  0.000000000000E+00 -0.100767638709E+00 -0.112162256267E+00  0.000000000000E+00 -0.987240280201E-01 -0.425016128516E-01
 -0.801101784536E-01 -0.945971413196E-01 -0.278009380431E-01  0.000000000000E+00 -0.989116910859E-01  0.799981319942E-03 -0.587083021190E-01
 -0.809341589632E-01 -0.595839433260E-02  0.431494800160E-02  0.000000000000E+00 -0.100449130572E+00  0.583901150562E-02 -0.193355427232E-01
 -0.680771112051E-01  0.689811292797E-02  0.520911546082E-02  0.499928627408E-02 -0.995463316572E-01 -0.157662191530E-01  0.510161405829E-02
 -0.414704056223E-01  0.261850809090E-02  0.489205433153E-02  0.501032303848E-02  0.607080960849E-02
  0.602656848293E+00  0.552693226128E+00  0.677282299788E+00  0.645101849352E+00  0.544970397490E+00  0.599523549146E+00  0.722871249574E+00
  0.703727714350E+00  0.691513411560E+00  0.720521524032E+00  0.547440833502E+00  0.630790000834E+00  0.722305359281E+00  0.722078548270E+00
  0.702349479699E+00  0.726540894629E+00  0.719688284848E+00  0.593409709670E+00  0.635815253168E+00  0.715958148995E+00  0.729025179183E+00
  0.715506749724E+00  0.720427155224E+00  0.721197631215E+00  0.716023958730E+00  0.672571884304E+00  0.726908243135E+00  0.722097472276E+00
  0.720955243826E+00  0.724783374589E+00  0.716466674369E+00  0.716197877708E+00  0.715838945952E+00
  0.000000000000E+00  0.000000000000E+00  0.509151099294E+00  0.472067459468E+00  0.000000000000E+00  0.480769444392E+00  0.534517033944E+00
  0.535808514297E+00  0.535483194521E+00  0.540781110362E+00  0.000000000000E+00  0.510329683948E+00  0.517237889377E+00  0.539190511201E+00
  0.542975192579E+00  0.529294697424E+00  0.511094659830E+00  0.000000000000E+00  0.495565331699E+00  0.492921100647E+00  0.531170990356E+00
  0.533780954752E+00  0.505646370366E+00  0.512032365828E+00  0.494084362390E+00  0.508440433391E+00  0.529569528972E+00  0.511940691368E+00
  0.537002479441E+00  0.515053622779E+00  0.492334740873E+00  0.494681848006E+00  0.491319122258E+00
  0.999989665041E+00  0.999990314978E+00  0.984078081395E+00  0.976436548586E+00  0.999991520367E+00  0.959034029522E+00  0.100368104513E+01
  0.994431547672E+00  0.991222833395E+00  0.100355139192E+01  0.999992846899E+00  0.971526233757E+00  0.100442825580E+01  0.100528974792E+01
  0.997216564619E+00  0.100661956735E+01  0.100304201291E+01  0.999993511960E+00  0.973509380468E+00  0.100048271612E+01  0.100763609599E+01
  0.100129056299E+01  0.100313341224E+01  0.100382174882E+01  0.100050582329E+01  0.985092075208E+00  0.100596316849E+01  0.100387264903E+01
  0.100289896505E+01  0.100485491811E+01  0.100082107662E+01  0.100061660478E+01  0.100044423764E+01
        12        15        14        14
        21        16        14        14
         9        14        10        10
        15        22        21        21
        29        27        22        22
        14        16        10        10
         7         8        10        10
        14        15        21        21
        14         9        12        12
         5        12         6         6
        21        24        16        16
        32        23        24        24
        28        21        27        27
        17        16        23        23
        28        31        24        24
        19        15        12        12
         4         2         6         6
         4         9         8         8
        10         8         9         9
        17        13        10        10
        19        26        22        22
        10        16        17        17
        23        25        17        17
        22        15        19        19
        12        11        19        19
        27        30        28        28
        33        31        28        28
         6         9         4         4
         8         3         4         4
        25        23        32        32
        10        13         7         7
         3         8         7         7
        30        27        29        29
         6         2         5         5
        11        12         5         5
        24        23        16        16
        13        17        20        20
        26        19        18        18
         2         4         1         1
        22        27        21        21
        31        32        24        24
        21        28        24        24
        26        29        22        22
         9         6        12        12
        11        18        19        19
        25        20        17        17
        30        33        28        28
         3         1         4         4
zone t="boundary 6 bc-6", solutiontime= 0.2000000E+02, strandid=1006, i=33, j=48, f=feblock
  0.375000000000E+01  0.250000000000E+01  0.500000000000E+01  0.403384942830E+01  0.280856328277E+01  0.125000000000E+01  0.182727219356E+01
  0.500000000000E+01  0.430969386006E+01  0.342819755379E+01  0.227317933631E+01  0.162230260845E+01  0.000000000000E+00  0.905837536509E+00
  0.500000000000E+01  0.408642231822E+01  0.297954017413E+01  0.189599568386E+01  0.109945440014E+01  0.735450417037E+00  0.000000000000E+00
  0.500000000000E+01  0.398205049073E+01  0.304506426164E+01  0.214587157439E+01  0.104050588738E+01  0.000000000000E+00  0.000000000000E+00
  0.500000000000E+01  0.375000000000E+01  0.250000000000E+01  0.125000000000E+01  0.000000000000E+00
  0.250000000000E+01  0.250000000000E+01  0.250000000000E+01  0.145332269920E+01  0.132549389334E+01  0.250000000000E+01  0.173899611320E+01
  0.125000000000E+01  0.518568023061E+00  0.350800286361E+00  0.490615021923E-01  0.825621401394E+00  0.250000000000E+01  0.157899473280E+01
  0.000000000000E+00 -0.461282870254E+00 -0.857924212153E+00 -0.873141960959E+00 -0.322732261638E+00  0.659350882208E+00  0.125000000000E+01
 -0.125000000000E+01 -0.158398995423E+01 -0.183684615440E+01 -0.165007033378E+01 -0.147959633950E+01  0.000000000000E+00 -0.125000000000E+01
 -0.250000000000E+01 -0.250000000000E+01 -0.250000000000E+01 -0.250000000000E+01 -0.250000000000E+01
  0.000000000000E+00  0.000000000000E+00  0.000000000000E+00  0.000000000000E+00  0.000000000000E+00  0.000000000000E+00  0.000000000000E+00
  0.000000000000E+00  0.000000000000E+00  0.000000000000E+00  0.000000000000E+00  0.000000000000E+00  0.000000000000E+00  0.000000000000E+00
  0.000000000000E+00  0.000000000000E+00  0.000000000000E+00  0.000000000000E+00  0.000000000000E+00  0.000000000000E+00  0.000000000000E+00
  0.000000000000E+00  0.000000000000E+00  0.000000000000E+00  0.000000000000E+00  0.000000000000E+00  0.000000000000E+00  0.000000000000E+00
  0.000000000000E+00  0.000000000000E+00  0.000000000000E+00  0.000000000000E+00  0.000000000000E+00
  0.941868432987E+00  0.946282951472E+00  0.843728307508E+00  0.943650153403E+00  0.944502973763E+00  0.956963402211E+00  0.930052048856E+00
  0.773778010637E+00  0.937602917033E+00  0.956393344404E+00  0.942350068209E+00  0.925600592347E+00  0.134426838742E+01  0.100900409150E+01
  0.762965026150E+00  0.953738822990E+00  0.951864225122E+00  0.886335278709E+00  0.941572903274E+00  0.103636765292E+01  0.142583560372E+01
  0.766422649202E+00  0.950864827508E+00  0.934836548633E+00  0.932218384491E+00  0.958149883094E+00  0.164466041761E+01  0.149408450819E+01
  0.830778983665E+00  0.935291962459E+00  0.934197903815E+00  0.961707278740E+00  0.144945964668E+01
  0.000000000000E+00  0.000000000000E+00  0.000000000000E+00  0.000000000000E+00  0.000000000000E+00  0.000000000000E+00  0.000000000000E+00
  0.000000000000E+00  0.000000000000E+00  0.000000000000E+00  0.000000000000E+00  0.000000000000E+00  0.000000000000E+00  0.000000000000E+00
  0.000000000000E+00  0.000000000000E+00  0.000000000000E+00  0.000000000000E+00  0.000000000000E+00  0.000000000000E+00  0.000000000000E+00
  0.000000000000E+00  0.000000000000E+00  0.000000000000E+00  0.000000000000E+00  0.000000000000E+00  0.000000000000E+00  0.000000000000E+00
  0.000000000000E+00  0.000000000000E+00  0.000000000000E+00  0.000000000000E+00  0.000000000000E+00
  0.000000000000E+00  0.000000000000E+00  0.000000000000E+00  0.000000000000E+00  0.000000000000E+00  0.000000000000E+00  0.000000000000E+00
  0.000000000000E+00  0.000000000000E+00  0.000000000000E+00  0.000000000000E+00  0.000000000000E+00  0.000000000000E+00  0.000000000000E+00
  0.000000000000E+00  0.000000000000E+00  0.000000000000E+00  0.000000000000E+00  0.000000000000E+00  0.000000000000E+00  0.000000000000E+00
  0.000000000000E+00  0.000000000000E+00  0.000000000000E+00  0.000000000000E+00  0.000000000000E+00  0.000000000000E+00  0.000000000000E+00
  0.000000000000E+00  0.000000000000E+00  0.000000000000E+00  0.000000000000E+00  0.000000000000E+00
  0.000000000000E+00  0.000000000000E+00  0.000000000000E+00  0.000000000000E+00  0.000000000000E+00  0.000000000000E+00  0.000000000000E+00
  0.000000000000E+00  0.000000000000E+00  0.000000000000E+00  0.000000000000E+00  0.000000000000E+00  0.000000000000E+00  0.000000000000E+00
  0.000000000000E+00  0.000000000000E+00  0.000000000000E+00  0.000000000000E+00  0.000000000000E+00  0.000000000000E+00  0.000000000000E+00
  0.000000000000E+00  0.000000000000E+00  0.000000000000E+00  0.000000000000E+00  0.000000000000E+00  0.000000000000E+00  0.000000000000E+00
  0.000000000000E+00  0.000000000000E+00  0.000000000000E+00  0.000000000000E+00  0.000000000000E+00
  0.672756021802E+00  0.675909263694E+00  0.602656848293E+00  0.674028838790E+00  0.674638004896E+00  0.683538362242E+00  0.664316141554E+00
  0.552693226128E+00  0.669710152425E+00  0.683131631278E+00  0.673101313082E+00  0.661137078723E+00  0.960182425471E+00  0.720710296814E+00
  0.544970397490E+00  0.681236682287E+00  0.679898067710E+00  0.633091784808E+00  0.672546478247E+00  0.740255914422E+00  0.101844463005E+01
  0.547440833502E+00  0.679184694308E+00  0.667736055516E+00  0.665865734954E+00  0.684387675657E+00  0.117474740149E+01  0.106719489844E+01
  0.593409709670E+00  0.668061488852E+00  0.667279926588E+00  0.686929076808E+00  0.103532081666E+01
  0.000000000000E+00  0.000000000000E+00  0.000000000000E+00  0.000000000000E+00  0.000000000000E+00  0.000000000000E+00  0.000000000000E+00
  0.000000000000E+00  0.000000000000E+00  0.000000000000E+00  0.000000000000E+00  0.000000000000E+00  0.000000000000E+00  0.000000000000E+00
  0.000000000000E+00  0.000000000000E+00  0.000000000000E+00  0.000000000000E+00  0.000000000000E+00  0.000000000000E+00  0.000000000000E+00
  0.000000000000E+00  0.000000000000E+00  0.000000000000E+00  0.000000000000E+00  0.000000000000E+00  0.000000000000E+00  0.000000000000E+00
  0.000000000000E+00  0.000000000000E+00  0.000000000000E+00  0.000000000000E+00  0.000000000000E+00
  0.999989380190E+00  0.999989451040E+00  0.999989665041E+00  0.999989636947E+00  0.999989659209E+00  0.999989868921E+00  0.999989838547E+00
  0.999990314978E+00  0.999990717139E+00  0.999990526267E+00  0.999991266627E+00  0.999990619998E+00  0.999990335442E+00  0.999990410387E+00
  0.999991520367E+00  0.999992169986E+00  0.999992719204E+00  0.999992350550E+00  0.999991680168E+00  0.999990956169E+00  0.999990797222E+00
  0.999992846899E+00  0.999993421276E+00  0.999993505912E+00  0.999993182332E+00  0.999992551088E+00  0.999991453848E+00  0.999992202332E+00
  0.999993511960E+00  0.999993715260E+00  0.999993570321E+00  0.999993167142E+00  0.999992753610E+00
        19        18        11        11
        17        10        11        11
        12        11         5         5
        18        25        17        17
        31        24        25        25
        11        10         5         5
         2         7         5         5
        11        18        17        17
        11        12        19        19
        27        19        20        20
        17        16        10        10
        15         9        16        16
        23        17        24        24
         4        10         9         9
        23        22        16        16
        26        18        19        19
        14        21        20        20
        14        12         7         7
         5         7        12        12
         4         1         5         5
        26        32        25        25
         5        10         4         4
         9         8         4         4
        25        18        26        26
        19        28        26        26
        24        30        23        23
        29        22        23        23
        20        12        14        14
         7         6        14        14
         8         9        15        15
         5         1         2         2
         6         7         2         2
        30        24        31        31
        20        21        27        27
        28        19        27        27
        16         9        10        10
         1         4         3         3
        32        26        33        33
        21        14        13        13
        25        24        17        17
        22        15        16        16
        17        23        16        16
        32        31        25        25
        12        20        19        19
        28        33        26        26
         8         3         4         4
        30        29        23        23
         6        13        14        14
