title="tecplot geometry and solution file"
variables = x y z rho u v w p mach temperature
zone t="boundary 1 bc-1", solutiontime= 0.4000000E+02, strandid=1001, i=32, j=46, f=feblock
  0.000000000000E+00  0.000000000000E+00  0.000000000000E+00  0.000000000000E+00  0.000000000000E+00  0.000000000000E+00  0.000000000000E+00
  0.000000000000E+00  0.000000000000E+00  0.000000000000E+00  0.000000000000E+00  0.000000000000E+00  0.000000000000E+00  0.000000000000E+00
  0.000000000000E+00  0.000000000000E+00  0.000000000000E+00  0.000000000000E+00  0.000000000000E+00  0.000000000000E+00  0.000000000000E+00
  0.000000000000E+00  0.000000000000E+00  0.000000000000E+00  0.000000000000E+00  0.000000000000E+00  0.000000000000E+00  0.000000000000E+00
  0.000000000000E+00  0.000000000000E+00  0.000000000000E+00  0.000000000000E+00
  0.250000000000E+01  0.250000000000E+01  0.125000000000E+01  0.146289271009E+01  0.157686156160E+01  0.308372018325E+00  0.000000000000E+00
 -0.125000000000E+01 -0.600232012419E+00  0.250000000000E+01  0.477386199275E+00  0.742988685424E+00 -0.739814786992E+00  0.177790177481E+01
  0.155830813274E+01  0.250000000000E+01 -0.250000000000E+01 -0.154800130438E+01 -0.487811078581E+00  0.250000000000E+01  0.627766083140E+00
 -0.345533899378E+00 -0.178862290564E+01 -0.158811787973E+01  0.125000000000E+01 -0.250000000000E+01 -0.144524380962E+01  0.000000000000E+00
 -0.125000000000E+01 -0.250000000000E+01 -0.250000000000E+01 -0.250000000000E+01
  0.000000000000E+00  0.125000000000E+01  0.000000000000E+00  0.103724302461E+01  0.219251206392E+01  0.922061490191E+00  0.000000000000E+00
  0.000000000000E+00  0.715990576545E+00  0.250000000000E+01  0.202479342020E+01  0.324151231464E+01  0.175434191980E+01  0.310152362409E+01
  0.404200324774E+01  0.375000000000E+01  0.000000000000E+00  0.930412228790E+00  0.299062775774E+01  0.500000000000E+01  0.429310310915E+01
  0.409252726285E+01  0.187029682677E+01  0.284428995242E+01  0.500000000000E+01  0.125000000000E+01  0.394624082883E+01  0.500000000000E+01
  0.500000000000E+01  0.250000000000E+01  0.375000000000E+01  0.500000000000E+01
  0.134427281546E+01  0.106355515341E+01  0.142583439720E+01  0.108609142295E+01  0.103229085428E+01  0.120095672894E+01  0.164467010169E+01
  0.149409287849E+01  0.123520893202E+01  0.102389345131E+01  0.102809501240E+01  0.101301839267E+01  0.103253151039E+01  0.101471953891E+01
  0.100663936613E+01  0.100830884569E+01  0.144945894920E+01  0.116393846331E+01  0.101462845969E+01  0.100426051823E+01  0.100679860571E+01
  0.100724595188E+01  0.104668011676E+01  0.101938421099E+01  0.100424810867E+01  0.106442598137E+01  0.100789379063E+01  0.100288872962E+01
  0.100334576488E+01  0.102847370440E+01  0.100958722442E+01  0.100399310248E+01
  0.000000000000E+00  0.445481596092E+00  0.000000000000E+00  0.468734676761E+00  0.462184233659E+00  0.443610945538E+00  0.000000000000E+00
  0.000000000000E+00  0.379268679204E+00  0.471739201639E+00  0.466577325513E+00  0.479355354950E+00  0.490159513430E+00  0.484514133343E+00
  0.488523922758E+00  0.489829301900E+00  0.000000000000E+00  0.450650457421E+00  0.474814745771E+00  0.495784293797E+00  0.490898765037E+00
  0.486834858945E+00  0.448671688560E+00  0.465808639884E+00  0.496536141020E+00  0.444685284018E+00  0.487700573073E+00  0.497533659806E+00
  0.496383678404E+00  0.470003483272E+00  0.489199400097E+00  0.495521354409E+00
  0.000000000000E+00  0.000000000000E+00  0.000000000000E+00  0.186080950245E-01 -0.276628867555E-02  0.332950188021E-01  0.000000000000E+00
  0.000000000000E+00 -0.594681474588E-02  0.000000000000E+00  0.356676841295E-02 -0.566597778677E-02 -0.416021039917E-02  0.305715017483E-04
 -0.106159375523E-02  0.000000000000E+00  0.000000000000E+00 -0.764122019823E-02  0.359920531182E-03  0.000000000000E+00 -0.203498376647E-02
 -0.138300051596E-02  0.156544407516E-02 -0.158535944174E-02 -0.639666374484E-04  0.000000000000E+00 -0.282703367428E-04 -0.196436361207E-03
  0.807170879868E-03  0.000000000000E+00  0.000000000000E+00  0.000000000000E+00
  0.000000000000E+00  0.452218781070E-01  0.000000000000E+00  0.123933409480E+00  0.247673642673E-01  0.165645091446E+00  0.000000000000E+00
  0.000000000000E+00  0.155764250724E+00  0.351982807299E-02  0.259815022954E-01 -0.651122902745E-02  0.749024763953E-01  0.371888272304E-02
 -0.149076964602E-03  0.459023523205E-03  0.000000000000E+00  0.140954999711E+00 -0.808395900312E-02  0.237202680745E-02 -0.304120265488E-03
 -0.438166968176E-02  0.255055956873E-01 -0.194761258737E-02  0.308400188454E-02  0.837488442744E-01 -0.121869390481E-02  0.268541570882E-02
  0.264054762933E-02  0.279529944379E-02 -0.834451213530E-03  0.345022400456E-02
  0.960185588325E+00  0.782341531779E+00  0.101844376826E+01  0.808728068596E+00  0.746126318208E+00  0.879448608904E+00  0.117475431864E+01
  0.106720087718E+01  0.916623175173E+00  0.737395649650E+00  0.743554363743E+00  0.725759456693E+00  0.757456622196E+00  0.729188787628E+00
  0.720785419690E+00  0.722782114667E+00  0.103532031847E+01  0.858318917324E+00  0.728065212743E+00  0.718615494455E+00  0.721013841639E+00
  0.721151942478E+00  0.760018590695E+00  0.732628726169E+00  0.718531377731E+00  0.791044792208E+00  0.722108337066E+00  0.717199748582E+00
  0.717637249264E+00  0.741799796625E+00  0.724056988133E+00  0.718401014170E+00
  0.000000000000E+00  0.441238868998E+00  0.000000000000E+00  0.475212330855E+00  0.460125602873E+00  0.468825461151E+00  0.000000000000E+00
  0.000000000000E+00  0.402299648583E+00  0.469815278179E+00  0.464413488020E+00  0.478714156701E+00  0.489298543735E+00  0.483067973934E+00
  0.487929214575E+00  0.488960778595E+00  0.000000000000E+00  0.464773424228E+00  0.473796250108E+00  0.495345957547E+00  0.490265393004E+00
  0.486285553646E+00  0.445720652590E+00  0.464383534695E+00  0.496127007563E+00  0.443623496488E+00  0.486963948249E+00  0.497245796608E+00
  0.496058640324E+00  0.467732966434E+00  0.488211582072E+00  0.495097553921E+00
  0.999990335442E+00  0.102982731171E+01  0.999990797222E+00  0.104247144587E+01  0.101190167593E+01  0.102520600684E+01  0.999991453848E+00
  0.999992202332E+00  0.103891124163E+01  0.100826302599E+01  0.101252909185E+01  0.100300571709E+01  0.102702848330E+01  0.100605562772E+01
  0.100244399486E+01  0.100355656390E+01  0.999992753610E+00  0.103239691971E+01  0.100459561144E+01  0.100179353263E+01  0.100260307531E+01
  0.100234974147E+01  0.101657231272E+01  0.100617628327E+01  0.100168864660E+01  0.104043186513E+01  0.100303393204E+01  0.100118748806E+01
  0.100134189443E+01  0.100976788306E+01  0.100405369528E+01  0.100176128437E+01
        12        19        11        11
        11         5        12        12
        10        14         5         5
        19        13        11        11
        19        24        13        13
        30        23        24        24
        19        12        22        22
        28        22        21        21
        11        13         6         6
         7         6         9         9
        15        12        14        14
        18        13        23        23
        15        25        21        21
        27        19        22        22
        18         8         9         9
        27        31        24        24
         4        11         6         6
         5        14        12        12
         4         2         5         5
        21        12        15        15
        14        16        15        15
        24        19        27        27
        22        29        27        27
        23        26        18        18
        17         8        18        18
         5        11         4         4
         6         3         4         4
        26        23        30        30
         5         2        10        10
        16        14        10        10
         3         6         7         7
        21        25        28        28
        29        22        28        28
         6        13         9         9
         2         4         1         1
        31        27        32        32
        25        15        20        20
        24        23        13        13
         8         7         9         9
        13        18         9         9
        31        30        24        24
        12        21        22        22
        29        32        27        27
         3         1         4         4
        26        17        18        18
        16        20        15        15
zone t="boundary 2 bc-2", solutiontime= 0.4000000E+02, strandid=1002, i=33, j=48, f=feblock
  0.500000000000E+01  0.375000000000E+01  0.250000000000E+01  0.288078410721E+01  0.125000000000E+01  0.190974100652E+01  0.326683758169E+01
  0.201431602454E+01  0.000000000000E+00  0.963108083381E+00  0.500000000000E+01  0.403552511878E+01  0.423153924130E+01  0.500000000000E+01
  0.385533350601E+01  0.500000000000E+01  0.398173246726E+01  0.315249557942E+01  0.267000324704E+01  0.154774304040E+01  0.218329375016E+01
  0.893127759452E+00  0.000000000000E+00  0.698517061619E+00  0.964171764089E+00  0.310324758057E+01  0.000000000000E+00  0.000000000000E+00
  0.125000000000E+01  0.500000000000E+01  0.375000000000E+01  0.250000000000E+01  0.000000000000E+00
 -0.250000000000E+01 -0.250000000000E+01 -0.250000000000E+01 -0.250000000000E+01 -0.250000000000E+01 -0.250000000000E+01 -0.250000000000E+01
 -0.250000000000E+01 -0.250000000000E+01 -0.250000000000E+01 -0.250000000000E+01 -0.250000000000E+01 -0.250000000000E+01 -0.250000000000E+01
 -0.250000000000E+01 -0.250000000000E+01 -0.250000000000E+01 -0.250000000000E+01 -0.250000000000E+01 -0.250000000000E+01 -0.250000000000E+01
 -0.250000000000E+01 -0.250000000000E+01 -0.250000000000E+01 -0.250000000000E+01 -0.250000000000E+01 -0.250000000000E+01 -0.250000000000E+01
 -0.250000000000E+01 -0.250000000000E+01 -0.250000000000E+01 -0.250000000000E+01 -0.250000000000E+01
  0.000000000000E+00  0.000000000000E+00  0.000000000000E+00  0.904659890645E+00  0.000000000000E+00  0.717002441913E+00  0.188609243358E+01
  0.176246431481E+01  0.000000000000E+00  0.961328577125E+00  0.125000000000E+01  0.101201586758E+01  0.191586535653E+01  0.250000000000E+01
  0.293121848150E+01  0.375000000000E+01  0.406975391361E+01  0.363585050272E+01  0.285047954584E+01  0.292817774674E+01  0.395907379566E+01
  0.205246550326E+01  0.125000000000E+01  0.306828197606E+01  0.397245519226E+01  0.433168271247E+01  0.250000000000E+01  0.375000000000E+01
  0.500000000000E+01  0.500000000000E+01  0.500000000000E+01  0.500000000000E+01  0.500000000000E+01
  0.830786804236E+00  0.935297081350E+00  0.934222272334E+00  0.968087426228E+00  0.961720427282E+00  0.964848126079E+00  0.984135916796E+00
  0.991412632922E+00  0.144945894920E+01  0.102921756210E+01  0.955877228776E+00  0.960692501198E+00  0.981487208512E+00  0.100642792043E+01
  0.997911684038E+00  0.100977853219E+01  0.100199456620E+01  0.998062854088E+00  0.991085666115E+00  0.100132757022E+01  0.100094583685E+01
  0.101224734440E+01  0.106442598137E+01  0.101082193630E+01  0.100685279552E+01  0.100118394658E+01  0.102847370440E+01  0.100958722442E+01
  0.100510201122E+01  0.100179494781E+01  0.100266311055E+01  0.100321173346E+01  0.100399310248E+01
  0.000000000000E+00  0.000000000000E+00  0.000000000000E+00  0.378986718948E+00  0.000000000000E+00  0.340639495621E+00  0.582176561280E+00
  0.575193779677E+00  0.000000000000E+00  0.489447232106E+00  0.494740729086E+00  0.431507086394E+00  0.568959415416E+00  0.536179208581E+00
  0.568878732240E+00  0.516236449393E+00  0.508557991394E+00  0.527400723671E+00  0.566648010310E+00  0.531829591985E+00  0.506097850280E+00
  0.520701734225E+00  0.444685284018E+00  0.491340605066E+00  0.492735186028E+00  0.501506446590E+00  0.470003483272E+00  0.489199400097E+00
  0.490457814230E+00  0.491429135503E+00  0.486220970175E+00  0.490305615595E+00  0.495521354409E+00
  0.000000000000E+00  0.000000000000E+00  0.000000000000E+00  0.000000000000E+00  0.000000000000E+00  0.000000000000E+00  0.000000000000E+00
  0.000000000000E+00  0.000000000000E+00  0.000000000000E+00  0.000000000000E+00  0.000000000000E+00  0.000000000000E+00  0.000000000000E+00
  0.000000000000E+00  0.000000000000E+00  0.000000000000E+00  0.000000000000E+00  0.000000000000E+00  0.000000000000E+00  0.000000000000E+00
  0.000000000000E+00  0.000000000000E+00  0.000000000000E+00  0.000000000000E+00  0.000000000000E+00  0.000000000000E+00  0.000000000000E+00
  0.000000000000E+00  0.000000000000E+00  0.000000000000E+00  0.000000000000E+00  0.000000000000E+00
  0.000000000000E+00  0.000000000000E+00  0.000000000000E+00 -0.229668489785E-02  0.000000000000E+00  0.183564274961E-01  0.121119089608E-01
  0.454984084084E-01  0.000000000000E+00  0.870784188966E-01 -0.995420818969E-01 -0.211864957344E-01 -0.306440438268E-01 -0.414443959438E-01
 -0.137848139519E-02  0.259881250656E-02  0.610034043697E-03  0.504777165314E-03  0.150975744739E-01  0.284039995016E-01  0.564261858827E-02
  0.553436634786E-01  0.837488442744E-01  0.110456265019E-01  0.679236625789E-02 -0.757349128400E-03  0.279529944379E-02 -0.834451213530E-03
  0.400701552181E-02  0.602772286456E-02 -0.143865238419E-03  0.120115339974E-02  0.345022400456E-02
  0.593415295756E+00  0.668065145179E+00  0.667297332561E+00  0.684257399700E+00  0.686938468559E+00  0.679201274028E+00  0.695811391989E+00
  0.702343800240E+00  0.103532031847E+01  0.723695199678E+00  0.672590450372E+00  0.675702455481E+00  0.694092610767E+00  0.720958727232E+00
  0.712690844989E+00  0.724770695465E+00  0.716580480706E+00  0.713298692303E+00  0.706429400061E+00  0.717737466175E+00  0.715376626358E+00
  0.730938399432E+00  0.791044792208E+00  0.724373345810E+00  0.721010939096E+00  0.715457498072E+00  0.741799796625E+00  0.724056988133E+00
  0.719313183688E+00  0.715893185373E+00  0.716608852677E+00  0.717367952639E+00  0.718401014170E+00
  0.000000000000E+00  0.000000000000E+00  0.000000000000E+00  0.380991674947E+00  0.000000000000E+00  0.343629850328E+00  0.585283713683E+00
  0.579371277838E+00  0.000000000000E+00  0.501053781963E+00  0.508459735540E+00  0.435372719102E+00  0.572637636150E+00  0.537001630319E+00
  0.568921594770E+00  0.514994871654E+00  0.508249516206E+00  0.527254305341E+00  0.567446158049E+00  0.531657902285E+00  0.505982365956E+00
  0.520795556171E+00  0.443623496488E+00  0.490664288421E+00  0.492156110330E+00  0.501392711223E+00  0.467732966434E+00  0.488211582072E+00
  0.490002386348E+00  0.491354405598E+00  0.486078173984E+00  0.490037672632E+00  0.495097553921E+00
  0.999993511960E+00  0.999993715260E+00  0.999993570321E+00  0.989539099079E+00  0.999993167142E+00  0.985524828144E+00  0.989838834412E+00
  0.991798256028E+00  0.999992753610E+00  0.984411184632E+00  0.985091601907E+00  0.984689103428E+00  0.990058399789E+00  0.100289568447E+01
  0.999855196552E+00  0.100485298638E+01  0.100121568203E+01  0.100055639295E+01  0.997896744852E+00  0.100350023561E+01  0.100058089062E+01
  0.101093252047E+01  0.104043186513E+01  0.100326540978E+01  0.100254507831E+01  0.100045601083E+01  0.100976788306E+01  0.100405369528E+01
  0.100192661633E+01  0.100045469556E+01  0.100058771804E+01  0.100109986775E+01  0.100176128437E+01
        15         7        19        19
         8        20        19        19
        18        19        21        21
         7         4         8         8
         3         6         4         4
        19         7         8         8
        19        18        15        15
        14        13        15        15
         8        22        20        20
        27        24        22        22
        19        20        21        21
        32        26        21        21
        17        18        26        26
        17        16        15        15
        25        29        21        21
        12         7        13        13
        10         8         6         6
        25        20        24        24
         4         6         8         8
        12         2         4         4
        10        23        22        22
        26        31        17        17
        30        16        17        17
         4         7        12        12
        13        11        12        12
        21        20        25        25
        24        28        25        25
        22         8        10        10
         6         5        10        10
        31        26        32        32
         4         2         3         3
         5         6         3         3
        11        13        14        14
        22        23        27        27
        28        24        27        27
        15        13         7         7
         2        12         1         1
        29        25        33        33
        23        10         9         9
        21        26        18        18
        16        14        15        15
        18        17        15        15
        29        32        21        21
        22        24        20        20
        28        33        25        25
        11         1        12        12
        31        30        17        17
         5         9        10        10
zone t="boundary 3 bc-3", solutiontime= 0.4000000E+02, strandid=1003, i=33, j=48, f=feblock
  0.375000000000E+01  0.250000000000E+01  0.500000000000E+01  0.403552511878E+01  0.288078410721E+01  0.125000000000E+01  0.190974100652E+01
  0.500000000000E+01  0.326683758169E+01  0.423153924130E+01  0.201431602454E+01  0.000000000000E+00  0.963108083381E+00  0.500000000000E+01
  0.267000324704E+01  0.385533350601E+01  0.893127759452E+00  0.154774304040E+01  0.000000000000E+00  0.500000000000E+01  0.315249557942E+01
  0.218329375016E+01  0.398173246726E+01  0.000000000000E+00  0.698517061619E+00  0.964171764089E+00  0.125000000000E+01  0.000000000000E+00
  0.500000000000E+01  0.310324758057E+01  0.250000000000E+01  0.375000000000E+01  0.000000000000E+00
  0.250000000000E+01  0.250000000000E+01  0.250000000000E+01  0.250000000000E+01  0.250000000000E+01  0.250000000000E+01  0.250000000000E+01
  0.250000000000E+01  0.250000000000E+01  0.250000000000E+01  0.250000000000E+01  0.250000000000E+01  0.250000000000E+01  0.250000000000E+01
  0.250000000000E+01  0.250000000000E+01  0.250000000000E+01  0.250000000000E+01  0.250000000000E+01  0.250000000000E+01  0.250000000000E+01
  0.250000000000E+01  0.250000000000E+01  0.250000000000E+01  0.250000000000E+01  0.250000000000E+01  0.250000000000E+01  0.250000000000E+01
  0.250000000000E+01  0.250000000000E+01  0.250000000000E+01  0.250000000000E+01  0.250000000000E+01
  0.000000000000E+00  0.000000000000E+00  0.000000000000E+00  0.101201586758E+01  0.904659890645E+00  0.000000000000E+00  0.717002441913E+00
  0.125000000000E+01  0.188609243358E+01  0.191586535653E+01  0.176246431481E+01  0.000000000000E+00  0.961328577125E+00  0.250000000000E+01
  0.285047954584E+01  0.293121848150E+01  0.205246550326E+01  0.292817774674E+01  0.125000000000E+01  0.375000000000E+01  0.363585050272E+01
  0.395907379566E+01  0.406975391361E+01  0.250000000000E+01  0.306828197606E+01  0.397245519226E+01  0.500000000000E+01  0.375000000000E+01
  0.500000000000E+01  0.433168271247E+01  0.500000000000E+01  0.500000000000E+01  0.500000000000E+01
  0.941861317580E+00  0.946296668687E+00  0.843730005209E+00  0.964330909810E+00  0.978820764864E+00  0.956977244637E+00  0.983331101657E+00
  0.963499291921E+00  0.982689172528E+00  0.984243378674E+00  0.990264127344E+00  0.134427281546E+01  0.101918341188E+01  0.100829832489E+01
  0.993456083314E+00  0.997998478237E+00  0.100807890618E+01  0.100072119291E+01  0.106355515341E+01  0.100673538409E+01  0.100058326478E+01
  0.100234964219E+01  0.100178057876E+01  0.102389345131E+01  0.100874249026E+01  0.100528395455E+01  0.100522891036E+01  0.100830884569E+01
  0.100196493594E+01  0.100161987240E+01  0.100413208914E+01  0.100321955990E+01  0.100426051823E+01
  0.000000000000E+00  0.000000000000E+00  0.000000000000E+00  0.439071502767E+00  0.399865913580E+00  0.000000000000E+00  0.373793797757E+00
  0.495016989290E+00  0.573054338477E+00  0.569602776181E+00  0.559930989162E+00  0.000000000000E+00  0.483388375007E+00  0.533821508965E+00
  0.556458891229E+00  0.564687662092E+00  0.522615381641E+00  0.522534073686E+00  0.445481596092E+00  0.518327387779E+00  0.524752323355E+00
  0.503889400695E+00  0.509841483924E+00  0.471739201639E+00  0.496245994388E+00  0.494940441954E+00  0.489076071692E+00  0.489829301900E+00
  0.493067098741E+00  0.499148515224E+00  0.486768037095E+00  0.484761046720E+00  0.495784293797E+00
  0.000000000000E+00  0.000000000000E+00  0.000000000000E+00  0.000000000000E+00  0.000000000000E+00  0.000000000000E+00  0.000000000000E+00
  0.000000000000E+00  0.000000000000E+00  0.000000000000E+00  0.000000000000E+00  0.000000000000E+00  0.000000000000E+00  0.000000000000E+00
  0.000000000000E+00  0.000000000000E+00  0.000000000000E+00  0.000000000000E+00  0.000000000000E+00  0.000000000000E+00  0.000000000000E+00
  0.000000000000E+00  0.000000000000E+00  0.000000000000E+00  0.000000000000E+00  0.000000000000E+00  0.000000000000E+00  0.000000000000E+00
  0.000000000000E+00  0.000000000000E+00  0.000000000000E+00  0.000000000000E+00  0.000000000000E+00
  0.000000000000E+00  0.000000000000E+00  0.000000000000E+00 -0.226115688547E-01  0.111961847752E-01  0.000000000000E+00  0.179816121270E-01
 -0.100760590461E+00  0.390395595789E-02 -0.389322602848E-01  0.340376104145E-01  0.000000000000E+00  0.652288406528E-01 -0.424929073370E-01
  0.843970167014E-02 -0.650957343213E-02  0.490063851564E-01  0.135887414999E-01  0.452218781070E-01  0.736804388774E-03 -0.700164477484E-03
  0.243831054086E-02  0.869324003107E-03  0.351982807299E-02  0.103956408869E-01  0.431718631858E-02  0.337500701617E-02  0.459023523205E-03
  0.572625574330E-02  0.341793463483E-03  0.160973735133E-02  0.569954888672E-03  0.237202680745E-02
  0.672750939423E+00  0.675919061601E+00  0.602658060924E+00  0.676093438394E+00  0.691308856196E+00  0.683548249589E+00  0.690066300377E+00
  0.677273936436E+00  0.695201603930E+00  0.696250323887E+00  0.703344029689E+00  0.960185588325E+00  0.719726727197E+00  0.722865638552E+00
  0.709447594851E+00  0.713700515131E+00  0.726067907058E+00  0.716603025717E+00  0.782341531779E+00  0.722284495129E+00  0.716128356949E+00
  0.716551639877E+00  0.716546505561E+00  0.737395649650E+00  0.722683428647E+00  0.719441504021E+00  0.719566299616E+00  0.722782114667E+00
  0.716030696991E+00  0.715847785374E+00  0.718146762246E+00  0.717062460097E+00  0.718615494455E+00
  0.000000000000E+00  0.000000000000E+00  0.000000000000E+00  0.443768070750E+00  0.402287064587E+00  0.000000000000E+00  0.377550008174E+00
  0.509231393484E+00  0.575830371462E+00  0.573705099284E+00  0.562552489741E+00  0.000000000000E+00  0.490560996124E+00  0.534526656645E+00
  0.556587168121E+00  0.564390987403E+00  0.522730523176E+00  0.522053042339E+00  0.441238868998E+00  0.517182830234E+00  0.524230060513E+00
  0.503688647530E+00  0.509490271486E+00  0.469815278179E+00  0.495614926967E+00  0.494483809134E+00  0.488562146933E+00  0.488960778595E+00
  0.492982761078E+00  0.499007405665E+00  0.486462345828E+00  0.484600099579E+00  0.495345957547E+00
  0.999989380190E+00  0.999989451040E+00  0.999989665041E+00  0.981541506264E+00  0.988773873028E+00  0.999989868921E+00  0.982469504828E+00
  0.984104003979E+00  0.990427362702E+00  0.990355103791E+00  0.994362629498E+00  0.999990335442E+00  0.988651705208E+00  0.100368300630E+01
  0.999769038081E+00  0.100118461398E+01  0.100834871521E+01  0.100252122481E+01  0.102982731171E+01  0.100443305079E+01  0.100199527118E+01
  0.100082072523E+01  0.100138206815E+01  0.100826302599E+01  0.100298818567E+01  0.100192398483E+01  0.100215265307E+01  0.100355656390E+01
  0.100047710237E+01  0.100056611010E+01  0.100126813795E+01  0.100066574084E+01  0.100179353263E+01
        15         9        16        16
        15        18        11        11
        22        15        21        21
        11         5         9         9
         5         7         2         2
        11         9        15        15
        16        21        15        15
        16        10        14        14
        18        17        11        11
        17        25        24        24
        22        18        15        15
        22        30        31        31
        30        21        23        23
        16        20        23        23
        22        27        26        26
        10         9         4         4
         7        11        13        13
        25        18        26        26
        11         7         5         5
         5         1         4         4
        17        19        13        13
        23        32        30        30
        23        20        29        29
         4         9         5         5
         4         8        10        10
        26        18        22        22
        26        28        25        25
        13        11        17        17
        13         6         7         7
        31        30        32        32
         2         1         5         5
         2         7         6         6
        14        10         8         8
        24        19        17        17
        24        25        28        28
         9        10        16        16
         3         4         1         1
        33        26        27        27
        12        13        19        19
        21        30        22        22
        16        14        20        20
        16        23        21        21
        22        31        27        27
        18        25        17        17
        26        33        28        28
         4         3         8         8
        23        29        32        32
        13        12         6         6
zone t="boundary 4 bc-4", solutiontime= 0.4000000E+02, strandid=1004, i=32, j=46, f=feblock
  0.125000000000E+01  0.219251206392E+01  0.103724302461E+01  0.500000000000E+01  0.250000000000E+01  0.375000000000E+01  0.404200324774E+01
  0.500000000000E+01  0.000000000000E+00  0.310152362409E+01  0.202479342020E+01  0.324151231464E+01  0.922061490191E+00  0.000000000000E+00
  0.299062775774E+01  0.394624082883E+01  0.500000000000E+01  0.409252726285E+01  0.500000000000E+01  0.429310310915E+01  0.175434191980E+01
  0.284428995242E+01  0.000000000000E+00  0.000000000000E+00  0.715990576545E+00  0.930412228790E+00  0.125000000000E+01  0.187029682677E+01
  0.500000000000E+01  0.375000000000E+01  0.250000000000E+01  0.000000000000E+00
  0.250000000000E+01  0.157686156160E+01  0.146289271009E+01  0.250000000000E+01  0.250000000000E+01  0.250000000000E+01  0.155830813274E+01
  0.125000000000E+01  0.250000000000E+01  0.177790177481E+01  0.477386199275E+00  0.742988685424E+00  0.308372018325E+00  0.125000000000E+01
 -0.487811078581E+00 -0.144524380962E+01 -0.125000000000E+01 -0.345533899378E+00  0.000000000000E+00  0.627766083140E+00 -0.739814786992E+00
 -0.158811787973E+01  0.000000000000E+00 -0.125000000000E+01 -0.600232012419E+00 -0.154800130438E+01 -0.250000000000E+01 -0.178862290564E+01
 -0.250000000000E+01 -0.250000000000E+01 -0.250000000000E+01 -0.250000000000E+01
  0.500000000000E+01  0.500000000000E+01  0.500000000000E+01  0.500000000000E+01  0.500000000000E+01  0.500000000000E+01  0.500000000000E+01
  0.500000000000E+01  0.500000000000E+01  0.500000000000E+01  0.500000000000E+01  0.500000000000E+01  0.500000000000E+01  0.500000000000E+01
  0.500000000000E+01  0.500000000000E+01  0.500000000000E+01  0.500000000000E+01  0.500000000000E+01  0.500000000000E+01  0.500000000000E+01
  0.500000000000E+01  0.500000000000E+01  0.500000000000E+01  0.500000000000E+01  0.500000000000E+01  0.500000000000E+01  0.500000000000E+01
  0.500000000000E+01  0.500000000000E+01  0.500000000000E+01  0.500000000000E+01
  0.100522891036E+01  0.100432972860E+01  0.100432057169E+01  0.100196493594E+01  0.100413208914E+01  0.100321955990E+01  0.100258609907E+01
  0.100201207169E+01  0.100426051823E+01  0.100372308707E+01  0.100446493266E+01  0.100346917290E+01  0.100366004307E+01  0.100424810867E+01
  0.100362320256E+01  0.100164167703E+01  0.100227653964E+01  0.100227281670E+01  0.100213472794E+01  0.100254320774E+01  0.100442397029E+01
  0.100337260292E+01  0.100288872962E+01  0.100334576488E+01  0.100323229649E+01  0.100406112490E+01  0.100510201122E+01  0.100431325025E+01
  0.100179494781E+01  0.100266311055E+01  0.100321173346E+01  0.100399310248E+01
  0.489076071692E+00  0.489239514577E+00  0.490982943533E+00  0.493067098741E+00  0.486768037095E+00  0.484761046720E+00  0.485408471169E+00
  0.494264775595E+00  0.495784293797E+00  0.486802515099E+00  0.488140251348E+00  0.487247388427E+00  0.494422666415E+00  0.496536141020E+00
  0.487848064819E+00  0.483222725399E+00  0.492575484004E+00  0.487265924052E+00  0.494868068226E+00  0.488016507585E+00  0.490096902330E+00
  0.488271357050E+00  0.497533659806E+00  0.496383678404E+00  0.495259146424E+00  0.493215887046E+00  0.490457814230E+00  0.490400262323E+00
  0.491429135503E+00  0.486220970175E+00  0.490305615595E+00  0.495521354409E+00
  0.000000000000E+00 -0.892664798295E-04 -0.129738550964E-02  0.000000000000E+00  0.000000000000E+00  0.000000000000E+00  0.425541779746E-03
  0.797050356032E-03  0.000000000000E+00  0.274681895548E-03 -0.942139226784E-03 -0.819702048910E-03 -0.174518028069E-02 -0.639666374484E-04
 -0.109975251659E-02 -0.102236000544E-02 -0.133215052763E-02 -0.213360351150E-02 -0.132884565333E-02 -0.106367078198E-02 -0.624152301312E-03
 -0.761416966383E-03 -0.196436361207E-03  0.807170879868E-03  0.520711886886E-04  0.161632125379E-02  0.000000000000E+00  0.791631591020E-03
  0.000000000000E+00  0.000000000000E+00  0.000000000000E+00  0.000000000000E+00
  0.337500701617E-02  0.271226542892E-02  0.385746842678E-02  0.572625574330E-02  0.160973735133E-02  0.569954888672E-03  0.204031636946E-02
  0.493807505556E-02  0.237202680745E-02  0.107161446711E-02  0.201425878616E-02 -0.160682335990E-04  0.501068150018E-02  0.308400188454E-02
  0.290174523382E-04  0.111468403748E-02  0.487220064635E-02  0.118331596330E-02  0.497127802934E-02  0.146617405405E-02  0.271585458140E-02
  0.899995620506E-04  0.268541570882E-02  0.264054762933E-02  0.438692517480E-02  0.489568216707E-02  0.400701552181E-02  0.232281545437E-02
  0.602772286456E-02 -0.143865238419E-03  0.120115339974E-02  0.345022400456E-02
  0.719566299616E+00  0.718473460294E+00  0.718651271878E+00  0.716030696991E+00  0.718146762246E+00  0.717062460097E+00  0.716314638502E+00
  0.716083940482E+00  0.718615494455E+00  0.717750623107E+00  0.718429536433E+00  0.717282873904E+00  0.718078423796E+00  0.718531377731E+00
  0.717563864117E+00  0.715464696568E+00  0.716505346651E+00  0.716068693920E+00  0.716255759486E+00  0.716270767220E+00  0.718698634373E+00
  0.717403165275E+00  0.717199748582E+00  0.717637249264E+00  0.717545068000E+00  0.718476609951E+00  0.719313183688E+00  0.718541281946E+00
  0.715893185373E+00  0.716608852677E+00  0.717367952639E+00  0.718401014170E+00
  0.488562146933E+00  0.488874048439E+00  0.490562545652E+00  0.492982761078E+00  0.486462345828E+00  0.484600099579E+00  0.485351373413E+00
  0.494165464902E+00  0.495345957547E+00  0.486530515487E+00  0.487820906739E+00  0.487071707918E+00  0.494045262949E+00  0.496127007563E+00
  0.487614643767E+00  0.483222946192E+00  0.492397310092E+00  0.487217747277E+00  0.494740979153E+00  0.487962471594E+00  0.489677426797E+00
  0.488030810679E+00  0.497245796608E+00  0.496058640324E+00  0.494950408321E+00  0.492799801258E+00  0.490002386348E+00  0.490005379024E+00
  0.491354405598E+00  0.486078173984E+00  0.490037672632E+00  0.495097553921E+00
  0.100215265307E+01  0.100152650646E+01  0.100178350319E+01  0.100047710237E+01  0.100126813795E+01  0.100066574084E+01  0.100025373864E+01
  0.100050443004E+01  0.100179353263E+01  0.100112360201E+01  0.100133047785E+01  0.100072433771E+01  0.100164373410E+01  0.100168864660E+01
  0.100096271908E+01  0.100000888358E+01  0.100082905829E+01  0.100022284829E+01  0.100062200752E+01  0.100023526803E+01  0.100174639184E+01
  0.100098849466E+01  0.100118748806E+01  0.100134189443E+01  0.100132651103E+01  0.100179882378E+01  0.100192661633E+01  0.100163748161E+01
  0.100045469556E+01  0.100058771804E+01  0.100109986775E+01  0.100176128437E+01
        12        15        11        11
        11         2        12        12
         5        10         2         2
        15        21        11        11
        15        22        21        21
        31        28        22        22
        15        12        18        18
        19        18        20        20
        11        21        13        13
        23        13        25        25
         7        12        10        10
        26        21        28        28
         7         8        20        20
        16        15        18        18
        26        24        25        25
        16        30        22        22
         3        11        13        13
         2        10        12        12
         3         1         2         2
        20        12         7         7
        10         6         7         7
        22        15        16        16
        18        17        16        16
        28        27        26        26
        32        24        26        26
         2        11         3         3
        13        14         3         3
        27        28        31        31
         2         1         5         5
         6        10         5         5
        14        13        23        23
        20         8        19        19
        17        18        19        19
        13        21        25        25
         1         3         9         9
        30        16        29        29
         8         7         4         4
        22        28        21        21
        24        23        25        25
        21        26        25        25
        30        31        22        22
        12        20        18        18
        17        29        16        16
        14         9         3         3
        27        32        26        26
         6         4         7         7
zone t="boundary 5 bc-5", solutiontime= 0.4000000E+02, strandid=1005, i=33, j=48, f=feblock
  0.500000000000E+01  0.500000000000E+01  0.500000000000E+01  0.500000000000E+01  0.500000000000E+01  0.500000000000E+01  0.500000000000E+01
  0.500000000000E+01  0.500000000000E+01  0.500000000000E+01  0.500000000000E+01  0.500000000000E+01  0.500000000000E+01  0.500000000000E+01
  0.500000000000E+01  0.500000000000E+01  0.500000000000E+01  0.500000000000E+01  0.500000000000E+01  0.500000000000E+01  0.500000000000E+01
  0.500000000000E+01  0.500000000000E+01  0.500000000000E+01  0.500000000000E+01  0.500000000000E+01  0.500000000000E+01  0.500000000000E+01
  0.500000000000E+01  0.500000000000E+01  0.500000000000E+01  0.500000000000E+01  0.500000000000E+01
  0.250000000000E+01  0.125000000000E+01  0.250000000000E+01  0.157899473280E+01  0.000000000000E+00  0.659350882208E+00  0.250000000000E+01
  0.173899611320E+01  0.825621401394E+00  0.132549389334E+01 -0.125000000000E+01 -0.322732261638E+00  0.250000000000E+01  0.490615021923E-01
 -0.873141960959E+00  0.350800286361E+00  0.145332269920E+01 -0.250000000000E+01 -0.147959633950E+01  0.250000000000E+01 -0.857924212153E+00
 -0.165007033378E+01  0.518568023061E+00 -0.461282870254E+00  0.125000000000E+01 -0.250000000000E+01 -0.183684615440E+01 -0.158398995423E+01
 -0.250000000000E+01 -0.250000000000E+01 -0.125000000000E+01  0.000000000000E+00 -0.250000000000E+01
  0.000000000000E+00  0.000000000000E+00  0.125000000000E+01  0.905837536509E+00  0.000000000000E+00  0.735450417037E+00  0.250000000000E+01
  0.182727219356E+01  0.162230260845E+01  0.280856328277E+01  0.000000000000E+00  0.109945440014E+01  0.375000000000E+01  0.227317933631E+01
  0.189599568386E+01  0.342819755379E+01  0.403384942830E+01  0.000000000000E+00  0.104050588738E+01  0.500000000000E+01  0.297954017413E+01
  0.214587157439E+01  0.430969386006E+01  0.408642231822E+01  0.500000000000E+01  0.125000000000E+01  0.304506426164E+01  0.398205049073E+01
  0.250000000000E+01  0.375000000000E+01  0.500000000000E+01  0.500000000000E+01  0.500000000000E+01
  0.843730005209E+00  0.773799934308E+00  0.963499291921E+00  0.924938729127E+00  0.762981365615E+00  0.875167801039E+00  0.100829832489E+01
  0.990759979620E+00  0.976725916853E+00  0.100513974481E+01  0.766457212804E+00  0.908965726710E+00  0.100673538409E+01  0.100560855101E+01
  0.986055463452E+00  0.101043832856E+01  0.100450503004E+01  0.830786804236E+00  0.914363108167E+00  0.100196493594E+01  0.101288206155E+01
  0.100045118006E+01  0.100546858150E+01  0.100583128360E+01  0.100201207169E+01  0.955877228776E+00  0.101161832800E+01  0.100703688149E+01
  0.100642792043E+01  0.100977853219E+01  0.100227653964E+01  0.100213472794E+01  0.100179494781E+01
  0.000000000000E+00  0.000000000000E+00  0.495016989290E+00  0.452411165624E+00  0.000000000000E+00  0.460317396807E+00  0.533821508965E+00
  0.528245277946E+00  0.524488493755E+00  0.541030576026E+00  0.000000000000E+00  0.493169385749E+00  0.518327387779E+00  0.537409623518E+00
  0.536125128007E+00  0.530985374627E+00  0.511795044114E+00  0.000000000000E+00  0.478351486957E+00  0.493067098741E+00  0.532835538533E+00
  0.529742743367E+00  0.506366545539E+00  0.512958681933E+00  0.494264775595E+00  0.494740729086E+00  0.530893924680E+00  0.512878644743E+00
  0.536179208581E+00  0.516236449393E+00  0.492575484004E+00  0.494868068226E+00  0.491429135503E+00
  0.000000000000E+00  0.000000000000E+00  0.000000000000E+00 -0.192255508714E-01  0.000000000000E+00 -0.782157069486E-02  0.000000000000E+00
 -0.731610195615E-02 -0.132771576868E-01 -0.772369584702E-04  0.000000000000E+00 -0.648828174437E-02  0.000000000000E+00 -0.438950596430E-03
  0.446846382816E-02  0.314767637225E-02  0.218309452563E-02  0.000000000000E+00  0.142731566612E-01  0.000000000000E+00  0.343416631024E-02
  0.491421938321E-02  0.170473820302E-02  0.690775573938E-03  0.797050356032E-03  0.000000000000E+00  0.192080217371E-02  0.477223028234E-03
  0.000000000000E+00  0.000000000000E+00 -0.133215052763E-02 -0.132884565333E-02  0.000000000000E+00
  0.000000000000E+00  0.000000000000E+00 -0.100760590461E+00 -0.112167378855E+00  0.000000000000E+00 -0.987543683475E-01 -0.424929073370E-01
 -0.801001132435E-01 -0.946247038535E-01 -0.278113473339E-01  0.000000000000E+00 -0.989524712617E-01  0.736804388774E-03 -0.587329535149E-01
 -0.809643980386E-01 -0.600353198546E-02  0.423042117237E-02  0.000000000000E+00 -0.100472873442E+00  0.572625574330E-02 -0.193539278927E-01
 -0.680710918037E-01  0.681891828103E-02  0.515462891904E-02  0.493807505556E-02 -0.995420818969E-01 -0.157585622016E-01  0.507057325935E-02
 -0.414443959438E-01  0.259881250656E-02  0.487220064635E-02  0.497127802934E-02  0.602772286456E-02
  0.602658060924E+00  0.552708885742E+00  0.677273936436E+00  0.645107797824E+00  0.544982068438E+00  0.599516460632E+00  0.722865638552E+00
  0.703743203143E+00  0.691533142223E+00  0.720506681664E+00  0.547465521613E+00  0.630781544549E+00  0.722284495129E+00  0.722087678451E+00
  0.702364561859E+00  0.726526104957E+00  0.719694387156E+00  0.593415295756E+00  0.635819254044E+00  0.716030696991E+00  0.729013182467E+00
  0.715526732090E+00  0.720447471383E+00  0.721204225897E+00  0.716083940482E+00  0.672590450372E+00  0.726894741808E+00  0.722102670338E+00
  0.720958727232E+00  0.724770695465E+00  0.716505346651E+00  0.716255759486E+00  0.715893185373E+00
  0.000000000000E+00  0.000000000000E+00  0.509231393484E+00  0.472098599243E+00  0.000000000000E+00  0.480805612920E+00  0.534526656645E+00
  0.535828443151E+00  0.535478274717E+00  0.540785512621E+00  0.000000000000E+00  0.510355956964E+00  0.517182830234E+00  0.539186902059E+00
  0.542978930852E+00  0.529277244071E+00  0.511037588380E+00  0.000000000000E+00  0.495604489822E+00  0.492982761078E+00  0.531173281534E+00
  0.533777937965E+00  0.505621944032E+00  0.512004908985E+00  0.494165464902E+00  0.508459735540E+00  0.529554178745E+00  0.511911896788E+00
  0.537001630319E+00  0.514994871654E+00  0.492397310092E+00  0.494740979153E+00  0.491354405598E+00
  0.999989665041E+00  0.999990314978E+00  0.984104003979E+00  0.976444048144E+00  0.999991520367E+00  0.959042418938E+00  0.100368300630E+01
  0.994429028893E+00  0.991216043730E+00  0.100355135646E+01  0.999992846899E+00  0.971537359901E+00  0.100443305079E+01  0.100528456010E+01
  0.997216102997E+00  0.100662902247E+01  0.100305335652E+01  0.999993511960E+00  0.973515825071E+00  0.100047710237E+01  0.100763800071E+01
  0.100128566480E+01  0.100314070324E+01  0.100383228551E+01  0.100050443004E+01  0.985091601907E+00  0.100596500712E+01  0.100387955700E+01
  0.100289568447E+01  0.100485298638E+01  0.100082905829E+01  0.100062200752E+01  0.100045469556E+01
        12        15        14        14
        21        16        14        14
         9        14        10        10
        15        22        21        21
        29        27        22        22
        14        16        10        10
         7         8        10        10
        14        15        21        21
        14         9        12        12
         5        12         6         6
        21        24        16        16
        32        23        24        24
        28        21        27        27
        17        16        23        23
        28        31        24        24
        19        15        12        12
         4         2         6         6
         4         9         8         8
        10         8         9         9
        17        13        10        10
        19        26        22        22
        10        16        17        17
        23        25        17        17
        22        15        19        19
        12        11        19        19
        27        30        28        28
        33        31        28        28
         6         9         4         4
         8         3         4         4
        25        23        32        32
        10        13         7         7
         3         8         7         7
        30        27        29        29
         6         2         5         5
        11        12         5         5
        24        23        16        16
        13        17        20        20
        26        19        18        18
         2         4         1         1
        22        27        21        21
        31        32        24        24
        21        28        24        24
        26        29        22        22
         9         6        12        12
        11        18        19        19
        25        20        17        17
        30        33        28        28
         3         1         4         4
zone t="boundary 6 bc-6", solutiontime= 0.4000000E+02, strandid=1006, i=33, j=48, f=feblock
  0.375000000000E+01  0.250000000000E+01  0.500000000000E+01  0.403384942830E+01  0.280856328277E+01  0.125000000000E+01  0.182727219356E+01
  0.500000000000E+01  0.430969386006E+01  0.342819755379E+01  0.227317933631E+01  0.162230260845E+01  0.000000000000E+00  0.905837536509E+00
  0.500000000000E+01  0.408642231822E+01  0.297954017413E+01  0.189599568386E+01  0.109945440014E+01  0.735450417037E+00  0.000000000000E+00
  0.500000000000E+01  0.398205049073E+01  0.304506426164E+01  0.214587157439E+01  0.104050588738E+01  0.000000000000E+00  0.000000000000E+00
  0.500000000000E+01  0.375000000000E+01  0.250000000000E+01  0.125000000000E+01  0.000000000000E+00
  0.250000000000E+01  0.250000000000E+01  0.250000000000E+01  0.145332269920E+01  0.132549389334E+01  0.250000000000E+01  0.173899611320E+01
  0.125000000000E+01  0.518568023061E+00  0.350800286361E+00  0.490615021923E-01  0.825621401394E+00  0.250000000000E+01  0.157899473280E+01
  0.000000000000E+00 -0.461282870254E+00 -0.857924212153E+00 -0.873141960959E+00 -0.322732261638E+00  0.659350882208E+00  0.125000000000E+01
 -0.125000000000E+01 -0.158398995423E+01 -0.183684615440E+01 -0.165007033378E+01 -0.147959633950E+01  0.000000000000E+00 -0.125000000000E+01
 -0.250000000000E+01 -0.250000000000E+01 -0.250000000000E+01 -0.250000000000E+01 -0.250000000000E+01
  0.000000000000E+00  0.000000000000E+00  0.000000000000E+00  0.000000000000E+00  0.000000000000E+00  0.000000000000E+00  0.000000000000E+00
  0.000000000000E+00  0.000000000000E+00  0.000000000000E+00  0.000000000000E+00  0.000000000000E+00  0.000000000000E+00  0.000000000000E+00
  0.000000000000E+00  0.000000000000E+00  0.000000000000E+00  0.000000000000E+00  0.000000000000E+00  0.000000000000E+00  0.000000000000E+00
  0.000000000000E+00  0.000000000000E+00  0.000000000000E+00  0.000000000000E+00  0.000000000000E+00  0.000000000000E+00  0.000000000000E+00
  0.000000000000E+00  0.000000000000E+00  0.000000000000E+00  0.000000000000E+00  0.000000000000E+00
  0.941861317580E+00  0.946296668687E+00  0.843730005209E+00  0.943650741846E+00  0.944515794573E+00  0.956977244637E+00  0.930066785146E+00
  0.773799934308E+00  0.937609680710E+00  0.956402680884E+00  0.942357918658E+00  0.925616756676E+00  0.134427281546E+01  0.100901626690E+01
  0.762981365615E+00  0.953748034523E+00  0.951876957616E+00  0.886350638884E+00  0.941585721411E+00  0.103637858164E+01  0.142583439720E+01
  0.766457212804E+00  0.950881219048E+00  0.934858280099E+00  0.932235391911E+00  0.958157069670E+00  0.164467010169E+01  0.149409287849E+01
  0.830786804236E+00  0.935297081350E+00  0.934222272334E+00  0.961720427282E+00  0.144945894920E+01
  0.000000000000E+00  0.000000000000E+00  0.000000000000E+00  0.000000000000E+00  0.000000000000E+00  0.000000000000E+00  0.000000000000E+00
  0.000000000000E+00  0.000000000000E+00  0.000000000000E+00  0.000000000000E+00  0.000000000000E+00  0.000000000000E+00  0.000000000000E+00
  0.000000000000E+00  0.000000000000E+00  0.000000000000E+00  0.000000000000E+00  0.000000000000E+00  0.000000000000E+00  0.000000000000E+00
  0.000000000000E+00  0.000000000000E+00  0.000000000000E+00  0.000000000000E+00  0.000000000000E+00  0.000000000000E+00  0.000000000000E+00
  0.000000000000E+00  0.000000000000E+00  0.000000000000E+00  0.000000000000E+00  0.000000000000E+00
  0.000000000000E+00  0.000000000000E+00  0.000000000000E+00  0.000000000000E+00  0.000000000000E+00  0.000000000000E+00  0.000000000000E+00
  0.000000000000E+00  0.000000000000E+00  0.000000000000E+00  0.000000000000E+00  0.000000000000E+00  0.000000000000E+00  0.000000000000E+00
  0.000000000000E+00  0.000000000000E+00  0.000000000000E+00  0.000000000000E+00  0.000000000000E+00  0.000000000000E+00  0.000000000000E+00
  0.000000000000E+00  0.000000000000E+00  0.000000000000E+00  0.000000000000E+00  0.000000000000E+00  0.000000000000E+00  0.000000000000E+00
  0.000000000000E+00  0.000000000000E+00  0.000000000000E+00  0.000000000000E+00  0.000000000000E+00
  0.000000000000E+00  0.000000000000E+00  0.000000000000E+00  0.000000000000E+00  0.000000000000E+00  0.000000000000E+00  0.000000000000E+00
  0.000000000000E+00  0.000000000000E+00  0.000000000000E+00  0.000000000000E+00  0.000000000000E+00  0.000000000000E+00  0.000000000000E+00
  0.000000000000E+00  0.000000000000E+00  0.000000000000E+00  0.000000000000E+00  0.000000000000E+00  0.000000000000E+00  0.000000000000E+00
  0.000000000000E+00  0.000000000000E+00  0.000000000000E+00  0.000000000000E+00  0.000000000000E+00  0.000000000000E+00  0.000000000000E+00
  0.000000000000E+00  0.000000000000E+00  0.000000000000E+00  0.000000000000E+00  0.000000000000E+00
  0.672750939423E+00  0.675919061601E+00  0.602658060924E+00  0.674029259103E+00  0.674647162523E+00  0.683548249589E+00  0.664326667368E+00
  0.552708885742E+00  0.669714983578E+00  0.683138300128E+00  0.673106920496E+00  0.661148624564E+00  0.960185588325E+00  0.720718993448E+00
  0.544982068438E+00  0.681243261902E+00  0.679907162282E+00  0.633102756278E+00  0.672555633983E+00  0.740263720574E+00  0.101844376826E+01
  0.547465521613E+00  0.679196402474E+00  0.667751577891E+00  0.665877883029E+00  0.684392808887E+00  0.117475431864E+01  0.106720087718E+01
  0.593415295756E+00  0.668065145179E+00  0.667297332561E+00  0.686938468559E+00  0.103532031847E+01
  0.000000000000E+00  0.000000000000E+00  0.000000000000E+00  0.000000000000E+00  0.000000000000E+00  0.000000000000E+00  0.000000000000E+00
  0.000000000000E+00  0.000000000000E+00  0.000000000000E+00  0.000000000000E+00  0.000000000000E+00  0.000000000000E+00  0.000000000000E+00
  0.000000000000E+00  0.000000000000E+00  0.000000000000E+00  0.000000000000E+00  0.000000000000E+00  0.000000000000E+00  0.000000000000E+00
  0.000000000000E+00  0.000000000000E+00  0.000000000000E+00  0.000000000000E+00  0.000000000000E+00  0.000000000000E+00  0.000000000000E+00
  0.000000000000E+00  0.000000000000E+00  0.000000000000E+00  0.000000000000E+00  0.000000000000E+00
  0.999989380190E+00  0.999989451040E+00  0.999989665041E+00  0.999989636947E+00  0.999989659209E+00  0.999989868921E+00  0.999989838547E+00
  0.999990314978E+00  0.999990717139E+00  0.999990526267E+00  0.999991266627E+00  0.999990619998E+00  0.999990335442E+00  0.999990410387E+00
  0.999991520367E+00  0.999992169986E+00  0.999992719204E+00  0.999992350550E+00  0.999991680168E+00  0.999990956169E+00  0.999990797222E+00
  0.999992846899E+00  0.999993421276E+00  0.999993505912E+00  0.999993182332E+00  0.999992551088E+00  0.999991453848E+00  0.999992202332E+00
  0.999993511960E+00  0.999993715260E+00  0.999993570321E+00  0.999993167142E+00  0.999992753610E+00
        19        18        11        11
        17        10        11        11
        12        11         5         5
        18        25        17        17
        31        24        25        25
        11        10         5         5
         2         7         5         5
        11        18        17        17
        11        12        19        19
        27        19        20        20
        17        16        10        10
        15         9        16        16
        23        17        24        24
         4        10         9         9
        23        22        16        16
        26        18        19        19
        14        21        20        20
        14        12         7         7
         5         7        12        12
         4         1         5         5
        26        32        25        25
         5        10         4         4
         9         8         4         4
        25        18        26        26
        19        28        26        26
        24        30        23        23
        29        22        23        23
        20        12        14        14
         7         6        14        14
         8         9        15        15
         5         1         2         2
         6         7         2         2
        30        24        31        31
        20        21        27        27
        28        19        27        27
        16         9        10        10
         1         4         3         3
        32        26        33        33
        21        14        13        13
        25        24        17        17
        22        15        16        16
        17        23        16        16
        32        31        25        25
        12        20        19        19
        28        33        26        26
         8         3         4         4
        30        29        23        23
         6        13        14        14
