title="tecplot geometry and solution file"
variables = x y z mach temperature lambda1 lambda2 lambda3 lambda4 lambda5
zone t="boundary 1 bc-1", solutiontime= 0.3000000E+02, strandid=1001, i=32, j=46, f=feblock
 -0.547468544169E-02  0.000000000000E+00 -0.567606031243E-02  0.000000000000E+00  0.000000000000E+00  0.000000000000E+00 -0.525159244851E-02
 -0.425776897977E-02  0.000000000000E+00  0.000000000000E+00  0.000000000000E+00  0.000000000000E+00  0.000000000000E+00  0.000000000000E+00
  0.000000000000E+00  0.000000000000E+00 -0.338395986572E-02  0.000000000000E+00  0.000000000000E+00  0.000000000000E+00  0.000000000000E+00
  0.000000000000E+00  0.000000000000E+00  0.000000000000E+00  0.000000000000E+00  0.000000000000E+00  0.000000000000E+00  0.000000000000E+00
  0.000000000000E+00  0.000000000000E+00  0.000000000000E+00  0.000000000000E+00
  0.250494197117E+01  0.250494197117E+01  0.127822156907E+01  0.146289271009E+01  0.157686156160E+01  0.308372018325E+00  0.261948602442E-01
 -0.122573481164E+01 -0.600232012419E+00  0.250494197117E+01  0.477386199275E+00  0.742988685424E+00 -0.739814786992E+00  0.177790177481E+01
  0.155830813274E+01  0.250494197117E+01 -0.249658903664E+01 -0.154800130438E+01 -0.487811078581E+00  0.250494197117E+01  0.627766083140E+00
 -0.345533899378E+00 -0.178862290564E+01 -0.158811787973E+01  0.125000000000E+01 -0.249658903664E+01 -0.144524380962E+01  0.000000000000E+00
 -0.125000000000E+01 -0.249658903664E+01 -0.249658903664E+01 -0.249658903664E+01
  0.803813859866E-04  0.125000000000E+01  0.822460170214E-04  0.103724302461E+01  0.219251206392E+01  0.922061490191E+00  0.103872438719E-03
  0.341545874231E-04  0.715990576545E+00  0.250000000000E+01  0.202479342020E+01  0.324151231464E+01  0.175434191980E+01  0.310152362409E+01
  0.404200324774E+01  0.375000000000E+01  0.810725962649E-04  0.930412228790E+00  0.299062775774E+01  0.500000000000E+01  0.429310310915E+01
  0.409252726285E+01  0.187029682677E+01  0.284428995242E+01  0.500000000000E+01  0.125000000000E+01  0.394624082883E+01  0.500000000000E+01
  0.500000000000E+01  0.250000000000E+01  0.375000000000E+01  0.500000000000E+01
  0.000000000000E+00  0.440672136512E+00  0.000000000000E+00  0.474618025820E+00  0.460125068601E+00  0.468639320143E+00  0.000000000000E+00
  0.000000000000E+00  0.402534623939E+00  0.469886789982E+00  0.464193107367E+00  0.478749739491E+00  0.489555756507E+00  0.483130037990E+00
  0.488002902366E+00  0.489035017215E+00  0.000000000000E+00  0.465237698331E+00  0.473759127176E+00  0.495364848064E+00  0.490293257191E+00
  0.486276632093E+00  0.445850265191E+00  0.464356446519E+00  0.496127940578E+00  0.443891909404E+00  0.486928147025E+00  0.497248366859E+00
  0.496055083747E+00  0.467740399690E+00  0.488187228171E+00  0.495089980244E+00
  0.999990300362E+00  0.102982970104E+01  0.999990762612E+00  0.104241436388E+01  0.101187663318E+01  0.102516400612E+01  0.999991420552E+00
  0.999992171067E+00  0.103882325429E+01  0.100825795511E+01  0.101253536096E+01  0.100301645575E+01  0.102705594255E+01  0.100604114309E+01
  0.100244532432E+01  0.100354817652E+01  0.999992724186E+00  0.103209991946E+01  0.100459425771E+01  0.100178625606E+01  0.100260326526E+01
  0.100234745937E+01  0.101657167924E+01  0.100620610961E+01  0.100168369530E+01  0.104025009063E+01  0.100303477791E+01  0.100118721261E+01
  0.100134451878E+01  0.100976460100E+01  0.100405634212E+01  0.100176433139E+01
  0.610143554497E-02  0.306686701027E-01  0.698623391414E-02  0.492848850834E-01  0.346810560943E-02  0.587184500717E-01  0.512321339252E-02
  0.170635272783E-02  0.582844581690E-01 -0.164958198092E-02  0.389776063531E-02 -0.701789340259E-02  0.329021296275E-02 -0.389572184145E-02
 -0.933598943938E-02 -0.930935576200E-02  0.308617832870E-02  0.385683754720E-01 -0.515774974968E-02 -0.339894727391E-01 -0.121393021283E-01
 -0.812400750454E-02  0.186580611973E-02 -0.443789513176E-02 -0.351924172398E-01  0.248771425025E-01 -0.633171068944E-02 -0.387906430659E-01
 -0.342371206835E-01 -0.360991657996E-02 -0.697149211787E-02 -0.321742228540E-01
  0.239169884240E-03  0.444628604843E-02  0.331477764055E-03  0.629790159140E-02  0.165002415429E-03  0.888325822030E-02  0.361579273693E-03
  0.321555508916E-03  0.868183759291E-02 -0.782578980078E-03  0.346858586524E-03 -0.148107983349E-02 -0.977643484033E-04 -0.114277654049E-02
 -0.183069035282E-02 -0.204895990267E-02  0.284327296862E-03  0.601323744474E-02 -0.103393300975E-02 -0.697926143621E-02 -0.240743412710E-02
 -0.155574128391E-02 -0.207719310512E-03 -0.851672154882E-03 -0.736761298697E-02  0.306426185236E-02 -0.124831706511E-02 -0.814845524969E-02
 -0.716261994833E-02 -0.904707851079E-03 -0.148508376427E-02 -0.669229051855E-02
  0.405735681570E-03  0.128351483928E-03  0.546794845144E-03  0.125016851662E-02  0.147401169011E-03  0.606746137970E-03  0.467503897237E-03
 -0.174799944373E-03 -0.334123447203E-04 -0.133169949880E-04  0.128343581607E-03  0.133378023900E-03 -0.140662745447E-03  0.251525371791E-04
 -0.495983133763E-04 -0.288680874596E-05 -0.245066750565E-03 -0.794211696080E-03  0.153434366869E-04  0.331104133513E-05 -0.319124168010E-04
 -0.379724608445E-04 -0.165323450493E-04 -0.137067716426E-03  0.896398667971E-04 -0.102524501293E-03 -0.785010708278E-04 -0.174740785594E-04
 -0.758346285515E-04 -0.219917185212E-04 -0.801565417735E-05  0.654989965693E-05
 -0.147376455241E-02 -0.134250549745E-02 -0.160734121789E-02 -0.732237527030E-05  0.142111058131E-02  0.153430056634E-02 -0.900240577642E-03
 -0.786719512119E-03  0.108758198290E-02  0.155239766091E-02  0.289710572334E-02  0.159523393429E-02  0.319799110271E-02  0.148290700269E-02
  0.109581206956E-02  0.128804588377E-02 -0.609687264134E-03  0.917060452848E-03  0.183406980935E-02  0.461581962721E-03  0.101761869251E-02
  0.121246046701E-02  0.217943091494E-02  0.148789671920E-02  0.443119156432E-03  0.112543888998E-02  0.111199537827E-02  0.419449413706E-03
  0.501282331181E-03  0.168654349278E-02  0.113916311002E-02  0.491825488054E-03
 -0.487346456490E-02 -0.126313223472E-01 -0.665763667128E-02 -0.197251487226E-01 -0.144221966993E-02 -0.243738745811E-01  0.325496898029E-03
  0.104288260504E-02 -0.242213609162E-01  0.663564171374E-03 -0.170424996971E-02  0.274366795063E-02 -0.141921846589E-02  0.153508646017E-02
  0.372864690396E-02  0.375455420873E-02 -0.101638700428E-02 -0.161241215880E-01  0.191127618652E-02  0.141101650003E-01  0.490276596571E-02
  0.321291668614E-02 -0.897713281084E-03  0.158974984596E-02  0.146359160255E-01 -0.101417274845E-01  0.246924354927E-02  0.161795976192E-01
  0.142473839973E-01  0.131277768556E-02  0.276990532698E-02  0.133540234424E-01
        12        19        11        11
        11         5        12        12
        10        14         5         5
        19        13        11        11
        19        24        13        13
        30        23        24        24
        19        12        22        22
        28        22        21        21
        11        13         6         6
         7         6         9         9
        15        12        14        14
        18        13        23        23
        15        25        21        21
        27        19        22        22
        18         8         9         9
        27        31        24        24
         4        11         6         6
         5        14        12        12
         4         2         5         5
        21        12        15        15
        14        16        15        15
        24        19        27        27
        22        29        27        27
        23        26        18        18
        17         8        18        18
         5        11         4         4
         6         3         4         4
        26        23        30        30
         5         2        10        10
        16        14        10        10
         3         6         7         7
        21        25        28        28
        29        22        28        28
         6        13         9         9
         2         4         1         1
        31        27        32        32
        25        15        20        20
        24        23        13        13
         8         7         9         9
        13        18         9         9
        31        30        24        24
        12        21        22        22
        29        32        27        27
         3         1         4         4
        26        17        18        18
        16        20        15        15
zone t="boundary 2 bc-2", solutiontime= 0.3000000E+02, strandid=1002, i=33, j=48, f=feblock
  0.500195253374E+01  0.375034811161E+01  0.249861146299E+01  0.288036674177E+01  0.124717526933E+01  0.190856698521E+01  0.326577190273E+01
  0.201394856120E+01 -0.338395986572E-02  0.962374249381E+00  0.500000000000E+01  0.403430190008E+01  0.423029563807E+01  0.500000000000E+01
  0.385439188940E+01  0.500000000000E+01  0.398133433176E+01  0.315200081417E+01  0.266958028869E+01  0.154798029824E+01  0.218327860466E+01
  0.893688440338E+00  0.000000000000E+00  0.699009761768E+00  0.964460899052E+00  0.310303671659E+01  0.000000000000E+00  0.000000000000E+00
  0.125000000000E+01  0.500000000000E+01  0.375000000000E+01  0.250000000000E+01  0.000000000000E+00
 -0.249658903664E+01 -0.249658903664E+01 -0.249658903664E+01 -0.249658903664E+01 -0.249658903664E+01 -0.249658903664E+01 -0.249658903664E+01
 -0.249658903664E+01 -0.249658903664E+01 -0.249658903664E+01 -0.249658903664E+01 -0.249658903664E+01 -0.249658903664E+01 -0.249658903664E+01
 -0.249658903664E+01 -0.249658903664E+01 -0.249658903664E+01 -0.249658903664E+01 -0.249658903664E+01 -0.249658903664E+01 -0.249658903664E+01
 -0.249658903664E+01 -0.249658903664E+01 -0.249658903664E+01 -0.249658903664E+01 -0.249658903664E+01 -0.249658903664E+01 -0.249658903664E+01
 -0.249658903664E+01 -0.249658903664E+01 -0.249658903664E+01 -0.249658903664E+01 -0.249658903664E+01
  0.108225889030E-03  0.145875369682E-03  0.100893326425E-03  0.901663374396E+00  0.110858761917E-03  0.714928318829E+00  0.188140648011E+01
  0.175892165504E+01  0.810725962649E-04  0.957504300331E+00  0.125000000000E+01  0.100596698996E+01  0.191313519089E+01  0.250000000000E+01
  0.292898096716E+01  0.375000000000E+01  0.406883369524E+01  0.363389289944E+01  0.284756860985E+01  0.292582308120E+01  0.395754054931E+01
  0.205027256979E+01  0.125000000000E+01  0.306703272692E+01  0.397155766662E+01  0.433068622168E+01  0.250000000000E+01  0.375000000000E+01
  0.500000000000E+01  0.500000000000E+01  0.500000000000E+01  0.500000000000E+01  0.500000000000E+01
  0.000000000000E+00  0.000000000000E+00  0.000000000000E+00  0.380534933893E+00  0.000000000000E+00  0.343213081171E+00  0.585244496925E+00
  0.579499344205E+00  0.000000000000E+00  0.500959578913E+00  0.508769460148E+00  0.434312419771E+00  0.572817919451E+00  0.537160208080E+00
  0.569105645782E+00  0.515014970171E+00  0.508256765061E+00  0.527354036988E+00  0.567656182489E+00  0.531857069084E+00  0.506013391179E+00
  0.521044573739E+00  0.443891909404E+00  0.490703078146E+00  0.492147926412E+00  0.501388000320E+00  0.467740399690E+00  0.488187228171E+00
  0.489959820989E+00  0.491323935798E+00  0.486019442841E+00  0.489980976742E+00  0.495089980244E+00
  0.999993488485E+00  0.999993690942E+00  0.999993544242E+00  0.989596674085E+00  0.999993139053E+00  0.985604091028E+00  0.989839488847E+00
  0.991730617690E+00  0.999992724186E+00  0.984220387528E+00  0.985139981863E+00  0.984817712566E+00  0.990066477090E+00  0.100292374828E+01
  0.999857731400E+00  0.100487268684E+01  0.100122724769E+01  0.100056983810E+01  0.997888256964E+00  0.100350942201E+01  0.100059365414E+01
  0.101090707434E+01  0.104025009063E+01  0.100327959733E+01  0.100254952730E+01  0.100046804572E+01  0.100976460100E+01  0.100405634212E+01
  0.100192626091E+01  0.100045827286E+01  0.100058947226E+01  0.100110091494E+01  0.100176433139E+01
 -0.252327741290E-02 -0.197863129884E-02 -0.121496707245E-02  0.238859153516E-01  0.241585479012E-02  0.783254416646E-01 -0.513287708232E-02
  0.944985471492E-03  0.308617832870E-02  0.364109250021E-01 -0.659596685730E-02 -0.762428280222E-02 -0.517751317456E-02 -0.442574819833E-02
 -0.325454900771E-02 -0.297026479674E-02 -0.218694938821E-02 -0.253118832488E-02 -0.418831626825E-02 -0.501166593976E-02 -0.329397234912E-02
  0.131136062378E-02  0.248771425025E-01 -0.338757254394E-02 -0.609026937666E-02 -0.396528513982E-02 -0.360991657996E-02 -0.697149211787E-02
 -0.289421348709E-01 -0.345720449480E-02 -0.132329243781E-01 -0.254279573601E-01 -0.321742228540E-01
  0.688018437598E-03 -0.192340814967E-03  0.185888683164E-04  0.410480881633E-02 -0.447495513793E-03  0.973192276809E-02 -0.192161729957E-04
 -0.387492207835E-03  0.284327296862E-03  0.429768384326E-02  0.149331708871E-02  0.516675822734E-04  0.758640029517E-03  0.113155160707E-02
  0.753318779517E-03  0.696467488236E-03  0.834267000813E-03  0.695225517050E-03  0.256202674483E-03 -0.423551212366E-03  0.298403433556E-03
 -0.360583247206E-03  0.306426185236E-02 -0.229995837493E-03 -0.701453487370E-03  0.411800261788E-03 -0.904707851079E-03 -0.148508376427E-02
 -0.520619821197E-02  0.174300757372E-03 -0.132946697324E-02 -0.395281488712E-02 -0.669229051855E-02
 -0.155440880680E-03  0.410996003149E-04  0.241684549288E-03  0.557949137997E-03  0.128342100673E-03  0.973150098167E-03 -0.760776194164E-04
  0.866726186833E-05 -0.245066750565E-03  0.373106814860E-03 -0.884433555635E-04 -0.284815956895E-03  0.529634341859E-05  0.835685514781E-05
  0.687464712762E-05 -0.133545077456E-04  0.162174286724E-05 -0.711942298591E-05  0.115808536354E-04  0.276332192226E-04 -0.169174929573E-04
  0.289320138340E-04 -0.102524501293E-03  0.544976568762E-05 -0.266861842402E-05 -0.592078568024E-05 -0.219917185212E-04 -0.801565417735E-05
 -0.261734574089E-05 -0.238001257448E-05  0.518581090101E-06  0.173377894946E-05  0.654989965693E-05
 -0.198503689578E-03 -0.204910290016E-03 -0.309700365575E-03  0.103430101736E-02 -0.716688357694E-03  0.224438154617E-03  0.156037056868E-02
  0.208731578306E-02 -0.609687264134E-03  0.980935230629E-03  0.298713411121E-03  0.109192525152E-02  0.626919379825E-03  0.283382797368E-03
  0.647063750625E-03  0.236879830767E-03  0.629189199789E-03  0.888701521910E-03  0.105437707656E-02  0.109590295928E-02  0.102604036188E-02
  0.165916620745E-02  0.112543888998E-02  0.116602286032E-02  0.102760699257E-02  0.887007247006E-03  0.168654349278E-02  0.113916311002E-02
  0.691416499603E-03  0.368590626925E-03  0.801812120000E-03  0.869656122999E-03  0.491825488054E-03
  0.718451790616E-03  0.197866156121E-02  0.342996058908E-02 -0.108860497257E-01  0.409126171146E-02 -0.335476723803E-01  0.152385531121E-02
 -0.485490231368E-03 -0.101638700428E-02 -0.150873093907E-01  0.142570492080E-02  0.231480046421E-02  0.127188391531E-02  0.848586566772E-03
  0.635926895788E-03  0.600610589320E-03  0.300592221632E-03  0.460798707127E-03  0.114864261973E-02  0.170347547817E-02  0.880545553829E-03
 -0.598155904608E-03 -0.101417274845E-01  0.109200717077E-02  0.222199429589E-02  0.108187504836E-02  0.131277768556E-02  0.276990532698E-02
  0.117592925731E-01  0.104485025094E-02  0.496569282805E-02  0.101103288642E-01  0.133540234424E-01
        15         7        19        19
         8        20        19        19
        18        19        21        21
         7         4         8         8
         3         6         4         4
        19         7         8         8
        19        18        15        15
        14        13        15        15
         8        22        20        20
        27        24        22        22
        19        20        21        21
        32        26        21        21
        17        18        26        26
        17        16        15        15
        25        29        21        21
        12         7        13        13
        10         8         6         6
        25        20        24        24
         4         6         8         8
        12         2         4         4
        10        23        22        22
        26        31        17        17
        30        16        17        17
         4         7        12        12
        13        11        12        12
        21        20        25        25
        24        28        25        25
        22         8        10        10
         6         5        10        10
        31        26        32        32
         4         2         3         3
         5         6         3         3
        11        13        14        14
        22        23        27        27
        28        24        27        27
        15        13         7         7
         2        12         1         1
        29        25        33        33
        23        10         9         9
        21        26        18        18
        16        14        15        15
        18        17        15        15
        29        32        21        21
        22        24        20        20
        28        33        25        25
        11         1        12        12
        31        30        17        17
         5         9        10        10
zone t="boundary 3 bc-3", solutiontime= 0.3000000E+02, strandid=1003, i=33, j=48, f=feblock
  0.375059096892E+01  0.249769609313E+01  0.500322133174E+01  0.403612218725E+01  0.287976772365E+01  0.124541910518E+01  0.190552237404E+01
  0.500000000000E+01  0.326671104552E+01  0.423253755448E+01  0.201271136506E+01 -0.547468544169E-02  0.958895643487E+00  0.500000000000E+01
  0.266968147299E+01  0.385584487271E+01  0.890374214836E+00  0.154654013699E+01  0.000000000000E+00  0.500000000000E+01  0.315261136744E+01
  0.218304199515E+01  0.398195307895E+01  0.000000000000E+00  0.697379952124E+00  0.963757277315E+00  0.125000000000E+01  0.000000000000E+00
  0.500000000000E+01  0.310330738524E+01  0.250000000000E+01  0.375000000000E+01  0.000000000000E+00
  0.250494197117E+01  0.250494197117E+01  0.250494197117E+01  0.250494197117E+01  0.250494197117E+01  0.250494197117E+01  0.250494197117E+01
  0.250494197117E+01  0.250494197117E+01  0.250494197117E+01  0.250494197117E+01  0.250494197117E+01  0.250494197117E+01  0.250494197117E+01
  0.250494197117E+01  0.250494197117E+01  0.250494197117E+01  0.250494197117E+01  0.250494197117E+01  0.250494197117E+01  0.250494197117E+01
  0.250494197117E+01  0.250494197117E+01  0.250494197117E+01  0.250494197117E+01  0.250494197117E+01  0.250494197117E+01  0.250494197117E+01
  0.250494197117E+01  0.250494197117E+01  0.250494197117E+01  0.250494197117E+01  0.250494197117E+01
  0.135649900494E-03  0.110129816467E-03  0.966887303890E-04  0.101756752009E+01  0.908094589218E+00  0.103942505801E-03  0.722629083213E+00
  0.125000000000E+01  0.188965661746E+01  0.191862696980E+01  0.176708239098E+01  0.803813859866E-04  0.969652551954E+00  0.250000000000E+01
  0.285339433501E+01  0.293325058812E+01  0.205656223819E+01  0.293157016932E+01  0.125000000000E+01  0.375000000000E+01  0.363766838842E+01
  0.396069444983E+01  0.407056385475E+01  0.250000000000E+01  0.307031995245E+01  0.397359820314E+01  0.500000000000E+01  0.375000000000E+01
  0.500000000000E+01  0.433260781310E+01  0.500000000000E+01  0.500000000000E+01  0.500000000000E+01
  0.000000000000E+00  0.000000000000E+00  0.000000000000E+00  0.444961626928E+00  0.402838316190E+00  0.000000000000E+00  0.379029001549E+00
  0.508827846411E+00  0.575719767468E+00  0.573484231916E+00  0.562571091033E+00  0.000000000000E+00  0.491643474339E+00  0.534340493553E+00
  0.556353506125E+00  0.564141623675E+00  0.522489639030E+00  0.521815314100E+00  0.440672136512E+00  0.517132480923E+00  0.524064820256E+00
  0.503612613683E+00  0.509416634110E+00  0.469886789982E+00  0.495646532245E+00  0.494503101969E+00  0.488630053423E+00  0.489035017215E+00
  0.492985464012E+00  0.498953669977E+00  0.486505314975E+00  0.484610387305E+00  0.495364848064E+00
  0.999989345567E+00  0.999989414891E+00  0.999989632591E+00  0.981375695393E+00  0.988672653297E+00  0.999989832933E+00  0.982271891095E+00
  0.984075644303E+00  0.990406052732E+00  0.990320090376E+00  0.994390331428E+00  0.999990300362E+00  0.988743428079E+00  0.100365390733E+01
  0.999774597300E+00  0.100117529834E+01  0.100830077599E+01  0.100251293722E+01  0.102982970104E+01  0.100442054131E+01  0.100199281310E+01
  0.100081994749E+01  0.100137956774E+01  0.100825795511E+01  0.100297377722E+01  0.100191712118E+01  0.100214790177E+01  0.100354817652E+01
  0.100047567419E+01  0.100056574043E+01  0.100126719373E+01  0.100066769089E+01  0.100178625606E+01
 -0.170701775180E-02  0.132163895949E-02 -0.282327900607E-02  0.156161854870E-01  0.610891014162E-01  0.384261437289E-02  0.607876580547E-01
 -0.967102974568E-02 -0.492379777136E-02 -0.609365368786E-02  0.101011938872E-01  0.610143554497E-02  0.411652832840E-01 -0.462859410346E-02
 -0.535324256813E-02 -0.380373655942E-02  0.117990266110E-02 -0.517366489362E-02  0.306686701027E-01 -0.315227883440E-02 -0.230370090364E-02
 -0.315354774443E-02 -0.240386642469E-02 -0.164958198092E-02 -0.451036773912E-02 -0.833662388121E-02 -0.256287412266E-01 -0.930935576200E-02
 -0.298778521329E-02 -0.367473894504E-02 -0.239602811730E-01 -0.130004150846E-01 -0.339894727391E-01
 -0.395639493098E-03 -0.383809293910E-03  0.702857266511E-03  0.442196154232E-02  0.843882563846E-02 -0.799507337571E-03  0.752077646948E-02
  0.158563603728E-02 -0.845936685428E-04  0.835446912816E-03  0.183683989636E-03  0.239169884240E-03  0.310025125339E-02  0.121110349853E-02
 -0.764759906058E-04  0.632452233603E-03 -0.114726847742E-02 -0.543388182374E-03  0.444628604843E-02  0.772808153122E-03  0.668193829476E-03
  0.362278866466E-03  0.780408609974E-03 -0.782578980078E-03 -0.105797766044E-02 -0.104803559716E-02 -0.454618771480E-02 -0.204895990267E-02
  0.271664904704E-03  0.430108757798E-03 -0.371588645068E-02 -0.129197803117E-02 -0.697926143621E-02
 -0.747179305723E-04  0.397329383800E-04  0.956339844111E-04 -0.296417702328E-03 -0.858300981751E-03  0.335322972030E-03 -0.127193448120E-04
  0.190740820631E-05 -0.958383045846E-04  0.160487891843E-04 -0.808042318606E-04  0.405735681570E-03  0.465450509466E-03  0.352456596619E-04
 -0.404703876678E-05  0.485363821820E-05 -0.158932551394E-03 -0.596902828391E-04  0.128351483928E-03  0.197171047166E-04  0.966306622764E-05
  0.428300132329E-04  0.768647144889E-06 -0.133169949880E-04 -0.361644761229E-04  0.121980317382E-04  0.171473513308E-04 -0.288680874596E-05
  0.691966528623E-05 -0.248378961223E-06  0.391598982143E-05 -0.100976252564E-05  0.331104133513E-05
 -0.462488233234E-03 -0.865964880468E-03 -0.242246144001E-03  0.654452041339E-03  0.104388578957E-02 -0.834661144725E-03  0.330965645306E-03
  0.374362592159E-03  0.191559539875E-02  0.929860286180E-03  0.277649926777E-02 -0.147376455241E-02  0.912658779765E-03  0.371735647048E-03
  0.986781504623E-03  0.826373641295E-03  0.233950436523E-02  0.105032347149E-02 -0.134250549745E-02  0.329623728720E-03  0.949439120358E-03
  0.981515893564E-03  0.710112097692E-03  0.155239766091E-02  0.151231238113E-02  0.101237589968E-02  0.727962927303E-03  0.128804588377E-02
  0.350570882177E-03  0.922660905327E-03  0.882463740202E-03  0.804724356569E-03  0.461581962721E-03
  0.706423940979E-02  0.301240475805E-02  0.132765006420E-02 -0.812560620324E-02 -0.264505429660E-01  0.190829031122E-03 -0.255293215446E-01
  0.246351280257E-02  0.152829577103E-02  0.157377986395E-02 -0.394574216145E-02 -0.487346456490E-02 -0.162193057212E-01  0.871143474131E-03
  0.169071932444E-02  0.862197791943E-03 -0.353406651519E-03  0.179129994018E-02 -0.126313223472E-01  0.618642731798E-03  0.381120299702E-03
  0.813018681589E-03  0.391944200269E-03  0.663564171374E-03  0.165181357107E-02  0.313642661129E-02  0.103614956973E-01  0.375455420873E-02
  0.846699244978E-03  0.970845123115E-03  0.950759859355E-02  0.486685527809E-02  0.141101650003E-01
        15         9        16        16
        15        18        11        11
        22        15        21        21
        11         5         9         9
         5         7         2         2
        11         9        15        15
        16        21        15        15
        16        10        14        14
        18        17        11        11
        17        25        24        24
        22        18        15        15
        22        30        31        31
        30        21        23        23
        16        20        23        23
        22        27        26        26
        10         9         4         4
         7        11        13        13
        25        18        26        26
        11         7         5         5
         5         1         4         4
        17        19        13        13
        23        32        30        30
        23        20        29        29
         4         9         5         5
         4         8        10        10
        26        18        22        22
        26        28        25        25
        13        11        17        17
        13         6         7         7
        31        30        32        32
         2         1         5         5
         2         7         6         6
        14        10         8         8
        24        19        17        17
        24        25        28        28
         9        10        16        16
         3         4         1         1
        33        26        27        27
        12        13        19        19
        21        30        22        22
        16        14        20        20
        16        23        21        21
        22        31        27        27
        18        25        17        17
        26        33        28        28
         4         3         8         8
        23        29        32        32
        13        12         6         6
zone t="boundary 4 bc-4", solutiontime= 0.3000000E+02, strandid=1004, i=32, j=46, f=feblock
  0.125000000000E+01  0.219251206392E+01  0.103724302461E+01  0.500000000000E+01  0.250000000000E+01  0.375000000000E+01  0.404200324774E+01
  0.500000000000E+01  0.000000000000E+00  0.310152362409E+01  0.202479342020E+01  0.324151231464E+01  0.922061490191E+00  0.000000000000E+00
  0.299062775774E+01  0.394624082883E+01  0.500000000000E+01  0.409252726285E+01  0.500000000000E+01  0.429310310915E+01  0.175434191980E+01
  0.284428995242E+01  0.000000000000E+00  0.000000000000E+00  0.715990576545E+00  0.930412228790E+00  0.125000000000E+01  0.187029682677E+01
  0.500000000000E+01  0.375000000000E+01  0.250000000000E+01  0.000000000000E+00
  0.250494197117E+01  0.157686156160E+01  0.146289271009E+01  0.250494197117E+01  0.250494197117E+01  0.250494197117E+01  0.155830813274E+01
  0.125000000000E+01  0.250494197117E+01  0.177790177481E+01  0.477386199275E+00  0.742988685424E+00  0.308372018325E+00  0.125000000000E+01
 -0.487811078581E+00 -0.144524380962E+01 -0.125000000000E+01 -0.345533899378E+00  0.000000000000E+00  0.627766083140E+00 -0.739814786992E+00
 -0.158811787973E+01  0.000000000000E+00 -0.125000000000E+01 -0.600232012419E+00 -0.154800130438E+01 -0.249658903664E+01 -0.178862290564E+01
 -0.249658903664E+01 -0.249658903664E+01 -0.249658903664E+01 -0.249658903664E+01
  0.500000000000E+01  0.500000000000E+01  0.500000000000E+01  0.500000000000E+01  0.500000000000E+01  0.500000000000E+01  0.500000000000E+01
  0.500000000000E+01  0.500000000000E+01  0.500000000000E+01  0.500000000000E+01  0.500000000000E+01  0.500000000000E+01  0.500000000000E+01
  0.500000000000E+01  0.500000000000E+01  0.500000000000E+01  0.500000000000E+01  0.500000000000E+01  0.500000000000E+01  0.500000000000E+01
  0.500000000000E+01  0.500000000000E+01  0.500000000000E+01  0.500000000000E+01  0.500000000000E+01  0.500000000000E+01  0.500000000000E+01
  0.500000000000E+01  0.500000000000E+01  0.500000000000E+01  0.500000000000E+01
  0.488630053423E+00  0.488907200673E+00  0.490613524454E+00  0.492985464012E+00  0.486505314975E+00  0.484610387305E+00  0.485346346417E+00
  0.494164094826E+00  0.495364848064E+00  0.486544301825E+00  0.487826539497E+00  0.487053944491E+00  0.494057895498E+00  0.496127940578E+00
  0.487590739712E+00  0.483169495133E+00  0.492384717662E+00  0.487198320547E+00  0.494738341209E+00  0.487947262281E+00  0.489650836219E+00
  0.487975047811E+00  0.497248366859E+00  0.496055083747E+00  0.494947818077E+00  0.492777844524E+00  0.489959820989E+00  0.489963118744E+00
  0.491323935798E+00  0.486019442841E+00  0.489980976742E+00  0.495089980244E+00
  0.100214790177E+01  0.100152376261E+01  0.100177920363E+01  0.100047567419E+01  0.100126719373E+01  0.100066769089E+01  0.100025509248E+01
  0.100050308878E+01  0.100178625606E+01  0.100112381228E+01  0.100132857256E+01  0.100072299640E+01  0.100164084009E+01  0.100168369530E+01
  0.100096380429E+01  0.100001109262E+01  0.100083219162E+01  0.100022379580E+01  0.100062130449E+01  0.100023379273E+01  0.100174737467E+01
  0.100099023681E+01  0.100118721261E+01  0.100134451878E+01  0.100132726122E+01  0.100179980273E+01  0.100192626091E+01  0.100163810987E+01
  0.100045827286E+01  0.100058947226E+01  0.100110091494E+01  0.100176433139E+01
 -0.256287412266E-01 -0.248611004702E-01 -0.255343040111E-01 -0.298778521329E-02 -0.239602811730E-01 -0.130004150846E-01 -0.903683554485E-02
 -0.297372756083E-02 -0.339894727391E-01 -0.199266730750E-01 -0.267247776062E-01 -0.187274020353E-01 -0.311313199857E-01 -0.351924172398E-01
 -0.211066679537E-01 -0.870272651719E-02 -0.336879527088E-02 -0.110819803493E-01 -0.276188623123E-02 -0.110701745512E-01 -0.328886216035E-01
 -0.198639124032E-01 -0.387906430659E-01 -0.342371206835E-01 -0.360685071155E-01 -0.289204698793E-01 -0.289421348709E-01 -0.306049101524E-01
 -0.345720449480E-02 -0.132329243781E-01 -0.254279573601E-01 -0.321742228540E-01
 -0.454618771480E-02 -0.403902333489E-02 -0.458756351815E-02  0.271664904704E-03 -0.371588645068E-02 -0.129197803117E-02 -0.576889697789E-03
  0.208662226617E-03 -0.697926143621E-02 -0.273163102355E-02 -0.438451263520E-02 -0.246442888429E-02 -0.567906739120E-02 -0.736761298697E-02
 -0.297087453527E-02 -0.529056629043E-03  0.214577718866E-03 -0.972659618680E-03  0.214795501233E-03 -0.982338203299E-03 -0.569152850593E-02
 -0.271696503218E-02 -0.814845524969E-02 -0.716261994833E-02 -0.685134354048E-02 -0.536648724255E-02 -0.520619821197E-02 -0.521020098013E-02
  0.174300757372E-03 -0.132946697324E-02 -0.395281488712E-02 -0.669229051855E-02
  0.171473513308E-04  0.443672304529E-04  0.495298343637E-04  0.691966528623E-05  0.391598982143E-05 -0.100976252564E-05  0.107297879817E-04
 -0.168619096944E-04  0.331104133513E-05  0.225826171205E-04  0.485085861074E-04  0.116349605370E-04  0.670515355022E-04  0.896398667971E-04
 -0.316533428492E-04 -0.358062277506E-04 -0.988164349000E-05 -0.538563013177E-04 -0.813419652666E-06 -0.147883066835E-04 -0.345925537782E-04
 -0.262944885901E-04 -0.174740785594E-04 -0.758346285515E-04 -0.375129790796E-04 -0.796844976566E-04 -0.261734574089E-05 -0.774186672194E-04
 -0.238001257448E-05  0.518581090101E-06  0.173377894946E-05  0.654989965693E-05
  0.727962927303E-03  0.871904206794E-03  0.696060718572E-03  0.350570882177E-03  0.882463740202E-03  0.804724356569E-03  0.727826496494E-03
  0.318418066211E-03  0.461581962721E-03  0.897651063237E-03  0.850018505735E-03  0.905528422131E-03  0.670705062070E-03  0.443119156432E-03
  0.892081524006E-03  0.734085782944E-03  0.352187947766E-03  0.737355651864E-03  0.298645767469E-03  0.675915248809E-03  0.800995500060E-03
  0.902641668853E-03  0.419449413706E-03  0.501282331181E-03  0.569936802305E-03  0.660117787377E-03  0.691416499603E-03  0.789729323263E-03
  0.368590626925E-03  0.801812120000E-03  0.869656122999E-03  0.491825488054E-03
  0.103614956973E-01  0.991770593763E-02  0.103614331160E-01  0.846699244978E-03  0.950759859355E-02  0.486685527809E-02  0.323266751371E-02
  0.870614871833E-03  0.141101650003E-01  0.777175590189E-02  0.106984600849E-01  0.726758432381E-02  0.127038218809E-01  0.146359160255E-01
  0.827178552138E-02  0.309843835751E-02  0.998130586485E-03  0.409524647391E-02  0.796897887340E-03  0.411192367871E-02  0.132994551451E-01
  0.774619705176E-02  0.161795976192E-01  0.142473839973E-01  0.148375230241E-01  0.118081541732E-01  0.117592925731E-01  0.123458870093E-01
  0.104485025094E-02  0.496569282805E-02  0.101103288642E-01  0.133540234424E-01
        12        15        11        11
        11         2        12        12
         5        10         2         2
        15        21        11        11
        15        22        21        21
        31        28        22        22
        15        12        18        18
        19        18        20        20
        11        21        13        13
        23        13        25        25
         7        12        10        10
        26        21        28        28
         7         8        20        20
        16        15        18        18
        26        24        25        25
        16        30        22        22
         3        11        13        13
         2        10        12        12
         3         1         2         2
        20        12         7         7
        10         6         7         7
        22        15        16        16
        18        17        16        16
        28        27        26        26
        32        24        26        26
         2        11         3         3
        13        14         3         3
        27        28        31        31
         2         1         5         5
         6        10         5         5
        14        13        23        23
        20         8        19        19
        17        18        19        19
        13        21        25        25
         1         3         9         9
        30        16        29        29
         8         7         4         4
        22        28        21        21
        24        23        25        25
        21        26        25        25
        30        31        22        22
        12        20        18        18
        17        29        16        16
        14         9         3         3
        27        32        26        26
         6         4         7         7
zone t="boundary 5 bc-5", solutiontime= 0.3000000E+02, strandid=1005, i=33, j=48, f=feblock
  0.500322133174E+01  0.500467668798E+01  0.500000000000E+01  0.500000000000E+01  0.500477267378E+01  0.500000000000E+01  0.500000000000E+01
  0.500000000000E+01  0.500000000000E+01  0.500000000000E+01  0.500358118334E+01  0.500000000000E+01  0.500000000000E+01  0.500000000000E+01
  0.500000000000E+01  0.500000000000E+01  0.500000000000E+01  0.500195253374E+01  0.500000000000E+01  0.500000000000E+01  0.500000000000E+01
  0.500000000000E+01  0.500000000000E+01  0.500000000000E+01  0.500000000000E+01  0.500000000000E+01  0.500000000000E+01  0.500000000000E+01
  0.500000000000E+01  0.500000000000E+01  0.500000000000E+01  0.500000000000E+01  0.500000000000E+01
  0.250494197117E+01  0.128129120217E+01  0.250494197117E+01  0.157899473280E+01  0.277507990648E-01  0.659350882208E+00  0.250494197117E+01
  0.173899611320E+01  0.825621401394E+00  0.132549389334E+01 -0.122585350888E+01 -0.322732261638E+00  0.250494197117E+01  0.490615021923E-01
 -0.873141960959E+00  0.350800286361E+00  0.145332269920E+01 -0.249658903664E+01 -0.147959633950E+01  0.250494197117E+01 -0.857924212153E+00
 -0.165007033378E+01  0.518568023061E+00 -0.461282870254E+00  0.125000000000E+01 -0.249658903664E+01 -0.183684615440E+01 -0.158398995423E+01
 -0.249658903664E+01 -0.249658903664E+01 -0.125000000000E+01  0.000000000000E+00 -0.249658903664E+01
  0.966887303890E-04  0.163805301938E-03  0.125000000000E+01  0.905837536509E+00  0.190347800845E-03  0.735450417037E+00  0.250000000000E+01
  0.182727219356E+01  0.162230260845E+01  0.280856328277E+01  0.160776520449E-03  0.109945440014E+01  0.375000000000E+01  0.227317933631E+01
  0.189599568386E+01  0.342819755379E+01  0.403384942830E+01  0.108225889030E-03  0.104050588738E+01  0.500000000000E+01  0.297954017413E+01
  0.214587157439E+01  0.430969386006E+01  0.408642231822E+01  0.500000000000E+01  0.125000000000E+01  0.304506426164E+01  0.398205049073E+01
  0.250000000000E+01  0.375000000000E+01  0.500000000000E+01  0.500000000000E+01  0.500000000000E+01
  0.000000000000E+00  0.000000000000E+00  0.508827846411E+00  0.471714051848E+00  0.000000000000E+00  0.480427539773E+00  0.534340493553E+00
  0.535537181269E+00  0.535219537947E+00  0.540681012100E+00  0.000000000000E+00  0.510276830579E+00  0.517132480923E+00  0.539181781579E+00
  0.543201209005E+00  0.529267603254E+00  0.511012645008E+00  0.000000000000E+00  0.495819868155E+00  0.492985464012E+00  0.531223076876E+00
  0.533991239533E+00  0.505620734572E+00  0.512015593412E+00  0.494164094826E+00  0.508769460148E+00  0.529626510306E+00  0.511932467681E+00
  0.537160208080E+00  0.515014970171E+00  0.492384717662E+00  0.494738341209E+00  0.491323935798E+00
  0.999989632591E+00  0.999990284980E+00  0.984075644303E+00  0.976468617666E+00  0.999991493230E+00  0.959092259746E+00  0.100365390733E+01
  0.994405317219E+00  0.991224891127E+00  0.100354128419E+01  0.999992822645E+00  0.971628025376E+00  0.100442054131E+01  0.100529967660E+01
  0.997230119249E+00  0.100663320990E+01  0.100304945388E+01  0.999993488485E+00  0.973552032069E+00  0.100047567419E+01  0.100765947929E+01
  0.100131824273E+01  0.100314083241E+01  0.100384129727E+01  0.100050308878E+01  0.985139981863E+00  0.100599207340E+01  0.100389514535E+01
  0.100292374828E+01  0.100487268684E+01  0.100083219162E+01  0.100062130449E+01  0.100045827286E+01
 -0.282327900607E-02 -0.250636384725E-02 -0.967102974568E-02 -0.121511319348E-01 -0.326689675858E-02 -0.342532431909E-02 -0.462859410346E-02
 -0.619765573390E-02 -0.699066565285E-02 -0.401684191558E-02 -0.212831903062E-02 -0.548928657029E-02 -0.315227883440E-02 -0.487362277824E-02
 -0.543506043229E-02 -0.324789673616E-02 -0.252798514770E-02 -0.252327741290E-02 -0.439348417714E-02 -0.298778521329E-02 -0.379615498052E-02
 -0.510628161940E-02 -0.201156510329E-02 -0.221593582696E-02 -0.297372756083E-02 -0.659596685730E-02 -0.370466996869E-02 -0.242655284340E-02
 -0.442574819833E-02 -0.297026479674E-02 -0.336879527088E-02 -0.276188623123E-02 -0.345720449480E-02
  0.702857266511E-03  0.692548760308E-03  0.158563603728E-02  0.153275102485E-02  0.101871913033E-02  0.429379811237E-02  0.121110349853E-02
  0.160179037556E-02  0.177090922984E-02  0.110770085094E-02  0.802609027825E-03  0.280099742045E-02  0.772808153122E-03  0.126938076897E-02
  0.147263962089E-02  0.904046445152E-03  0.761690132109E-03  0.688018437598E-03  0.270038584383E-02  0.271664904704E-03  0.992677585625E-03
  0.131779824594E-02  0.668805805391E-03  0.779855623263E-03  0.208662226617E-03  0.149331708871E-02  0.917968958777E-03  0.772307185187E-03
  0.113155160707E-02  0.696467488236E-03  0.214577718866E-03  0.214795501233E-03  0.174300757372E-03
  0.956339844111E-04  0.168682934155E-03  0.190740820631E-05  0.346713543713E-03 -0.205594282003E-03  0.163033121822E-03  0.352456596619E-04
  0.147537279543E-03  0.733267124383E-04  0.185990099309E-04 -0.127106435768E-03 -0.499650986252E-03  0.197171047166E-04 -0.881578081995E-04
 -0.132030064802E-03  0.200474477844E-04  0.404500245674E-05 -0.155440880680E-03 -0.218925955900E-03  0.691966528623E-05 -0.475620242882E-04
 -0.130531713586E-03 -0.879080314579E-06 -0.422206285415E-05 -0.168619096944E-04 -0.884433555635E-04 -0.119700019215E-04 -0.339296725301E-04
  0.835685514781E-05 -0.133545077456E-04 -0.988164349000E-05 -0.813419652666E-06 -0.238001257448E-05
 -0.242246144001E-03 -0.406525582723E-03  0.374362592159E-03  0.255461033714E-03 -0.506890829536E-03 -0.359926884932E-03  0.371735647048E-03
  0.472150242868E-03  0.896853932399E-03  0.412118048617E-03 -0.336421558678E-03  0.169182250457E-03  0.329623728720E-03  0.379170829628E-03
  0.525532859465E-03  0.233875822983E-03  0.344566801894E-03 -0.198503689578E-03 -0.905639025601E-04  0.350570882177E-03  0.234310953788E-03
  0.381851265019E-03  0.236949187861E-03  0.282781799398E-03  0.318418066211E-03  0.298713411121E-03  0.202317398587E-03  0.264519550759E-03
  0.283382797368E-03  0.236879830767E-03  0.352187947766E-03  0.298645767469E-03  0.368590626925E-03
  0.132765006420E-02  0.436563858393E-02  0.246351280257E-02  0.340420117630E-02  0.396093217245E-02 -0.120435520744E-02  0.871143474131E-03
  0.121131876099E-02  0.143696803191E-02  0.725413840913E-03  0.362406092683E-02  0.297258990605E-03  0.618642731798E-03  0.906707634261E-03
  0.101581204580E-02  0.586639346118E-03  0.439311414222E-03  0.718451790616E-03  0.359799988778E-04  0.846699244978E-03  0.709991026962E-03
  0.976512724083E-03  0.314631968100E-03  0.332536378687E-03  0.870614871833E-03  0.142570492080E-02  0.718572748256E-03  0.408869807544E-03
  0.848586566772E-03  0.600610589320E-03  0.998130586485E-03  0.796897887340E-03  0.104485025094E-02
        12        15        14        14
        21        16        14        14
         9        14        10        10
        15        22        21        21
        29        27        22        22
        14        16        10        10
         7         8        10        10
        14        15        21        21
        14         9        12        12
         5        12         6         6
        21        24        16        16
        32        23        24        24
        28        21        27        27
        17        16        23        23
        28        31        24        24
        19        15        12        12
         4         2         6         6
         4         9         8         8
        10         8         9         9
        17        13        10        10
        19        26        22        22
        10        16        17        17
        23        25        17        17
        22        15        19        19
        12        11        19        19
        27        30        28        28
        33        31        28        28
         6         9         4         4
         8         3         4         4
        25        23        32        32
        10        13         7         7
         3         8         7         7
        30        27        29        29
         6         2         5         5
        11        12         5         5
        24        23        16        16
        13        17        20        20
        26        19        18        18
         2         4         1         1
        22        27        21        21
        31        32        24        24
        21        28        24        24
        26        29        22        22
         9         6        12        12
        11        18        19        19
        25        20        17        17
        30        33        28        28
         3         1         4         4
zone t="boundary 6 bc-6", solutiontime= 0.3000000E+02, strandid=1006, i=33, j=48, f=feblock
  0.375059096892E+01  0.249769609313E+01  0.500322133174E+01  0.403560203922E+01  0.280631115217E+01  0.124541910518E+01  0.182303273760E+01
  0.500467668798E+01  0.431322535535E+01  0.342786661481E+01  0.226876920017E+01  0.161701865931E+01 -0.547468544169E-02  0.900320961795E+00
  0.500477267378E+01  0.408884044540E+01  0.297791651125E+01  0.189186087594E+01  0.109435348063E+01  0.729840026748E+00 -0.567606031243E-02
  0.500358118334E+01  0.398317221069E+01  0.304409324138E+01  0.214319966288E+01  0.103661372330E+01 -0.525159244851E-02 -0.425776897977E-02
  0.500195253374E+01  0.375034811161E+01  0.249861146299E+01  0.124717526933E+01 -0.338395986572E-02
  0.250494197117E+01  0.250494197117E+01  0.250494197117E+01  0.148676003042E+01  0.135862937360E+01  0.250494197117E+01  0.177126519354E+01
  0.128129120217E+01  0.548913337634E+00  0.381390483997E+00  0.772369181920E-01  0.855320802494E+00  0.250494197117E+01  0.160897911228E+01
  0.277507990648E-01 -0.435104782594E+00 -0.833499148309E+00 -0.848131036561E+00 -0.296462201067E+00  0.687468474672E+00  0.127822156907E+01
 -0.122585350888E+01 -0.156121190484E+01 -0.181436122511E+01 -0.162712850922E+01 -0.145562642992E+01  0.261948602442E-01 -0.122573481164E+01
 -0.249658903664E+01 -0.249658903664E+01 -0.249658903664E+01 -0.249658903664E+01 -0.249658903664E+01
  0.135649900494E-03  0.110129816467E-03  0.966887303890E-04  0.171331286211E-03  0.194349216398E-03  0.103942505801E-03  0.183620288715E-03
  0.163805301938E-03  0.231300957359E-03  0.293695548343E-03  0.207230778309E-03  0.152981090497E-03  0.803813859866E-04  0.870414072766E-04
  0.190347800845E-03  0.271993329411E-03  0.224559693186E-03  0.167064550182E-03  0.126059023692E-03  0.104459864054E-03  0.822460170214E-04
  0.160776520449E-03  0.175711672037E-03  0.161700011242E-03  0.160617042523E-03  0.104718930153E-03  0.103872438719E-03  0.341545874231E-04
  0.108225889030E-03  0.145875369682E-03  0.100893326425E-03  0.110858761917E-03  0.810725962649E-04
  0.000000000000E+00  0.000000000000E+00  0.000000000000E+00  0.000000000000E+00  0.000000000000E+00  0.000000000000E+00  0.000000000000E+00
  0.000000000000E+00  0.000000000000E+00  0.000000000000E+00  0.000000000000E+00  0.000000000000E+00  0.000000000000E+00  0.000000000000E+00
  0.000000000000E+00  0.000000000000E+00  0.000000000000E+00  0.000000000000E+00  0.000000000000E+00  0.000000000000E+00  0.000000000000E+00
  0.000000000000E+00  0.000000000000E+00  0.000000000000E+00  0.000000000000E+00  0.000000000000E+00  0.000000000000E+00  0.000000000000E+00
  0.000000000000E+00  0.000000000000E+00  0.000000000000E+00  0.000000000000E+00  0.000000000000E+00
  0.999989345567E+00  0.999989414891E+00  0.999989632591E+00  0.999989603432E+00  0.999989623160E+00  0.999989832933E+00  0.999989802182E+00
  0.999990284980E+00  0.999990687105E+00  0.999990492890E+00  0.999991232882E+00  0.999990584619E+00  0.999990300362E+00  0.999990374872E+00
  0.999991493230E+00  0.999992142608E+00  0.999992690497E+00  0.999992319604E+00  0.999991647213E+00  0.999990921527E+00  0.999990762612E+00
  0.999992822645E+00  0.999993396492E+00  0.999993479934E+00  0.999993154372E+00  0.999992520805E+00  0.999991420552E+00  0.999992171067E+00
  0.999993488485E+00  0.999993690942E+00  0.999993544242E+00  0.999993139053E+00  0.999992724186E+00
 -0.170701775180E-02  0.132163895949E-02 -0.282327900607E-02 -0.239668561448E-02  0.306203650488E-03  0.384261437289E-02  0.159892433444E-02
 -0.250636384725E-02 -0.264887540699E-02 -0.108730904642E-02  0.621362733318E-03  0.148005440670E-02  0.610143554497E-02  0.420926417112E-02
 -0.326689675858E-02 -0.262209970037E-02 -0.243428055799E-03  0.143863427489E-02  0.147346843842E-02  0.351820890183E-02  0.698623391414E-02
 -0.212831903062E-02 -0.226076911353E-02 -0.195521352366E-03  0.990919366714E-04  0.199271473225E-02  0.512321339252E-02  0.170635272783E-02
 -0.252327741290E-02 -0.197863129884E-02 -0.121496707245E-02  0.241585479012E-02  0.308617832870E-02
 -0.395639493098E-03 -0.383809293910E-03  0.702857266511E-03 -0.371073927789E-03 -0.122308830106E-02 -0.799507337571E-03 -0.259527048810E-03
  0.692548760308E-03 -0.263932444713E-03 -0.856054566990E-03 -0.643949141363E-03 -0.485747407311E-03  0.239169884240E-03 -0.125830448062E-02
  0.101871913033E-02 -0.242680476477E-03 -0.769264931743E-03 -0.642782722865E-03 -0.788498790980E-03 -0.110562429367E-02  0.331477764055E-03
  0.802609027825E-03 -0.165668705029E-03 -0.685757175784E-03 -0.577674694936E-03 -0.661466799589E-03  0.361579273693E-03  0.321555508916E-03
  0.688018437598E-03 -0.192340814967E-03  0.185888683164E-04 -0.447495513793E-03  0.284327296862E-03
 -0.747179305723E-04  0.397329383800E-04  0.956339844111E-04 -0.164745658852E-03  0.337040080202E-04  0.335322972030E-03  0.127136945535E-03
  0.168682934155E-03  0.341628898915E-04 -0.514801849778E-07 -0.692606380959E-04  0.511806084861E-04  0.405735681570E-03  0.319286269064E-03
 -0.205594282003E-03 -0.271739890712E-03 -0.410729186595E-03 -0.404674145732E-03 -0.692804830951E-03  0.275752437328E-03  0.546794845144E-03
 -0.127106435768E-03 -0.522290855485E-04  0.310962533132E-03  0.791563871083E-03  0.730542147555E-04  0.467503897237E-03 -0.174799944373E-03
 -0.155440880680E-03  0.410996003149E-04  0.241684549288E-03  0.128342100673E-03 -0.245066750565E-03
 -0.462488233234E-03 -0.865964880468E-03 -0.242246144001E-03 -0.102785917321E-02 -0.174401219289E-02 -0.834661144725E-03 -0.105990124127E-02
 -0.406525582723E-03 -0.694539094843E-03 -0.973042101762E-03 -0.136685742158E-02 -0.205904210343E-02 -0.147376455241E-02 -0.882466854657E-03
 -0.506890829536E-03 -0.559031847787E-03 -0.939660787575E-03 -0.121144936927E-02 -0.285524414861E-02 -0.137002710000E-02 -0.160734121789E-02
 -0.336421558678E-03 -0.407257677255E-03 -0.557097203946E-03 -0.974848358174E-03 -0.181358460145E-02 -0.900240577642E-03 -0.786719512119E-03
 -0.198503689578E-03 -0.204910290016E-03 -0.309700365575E-03 -0.716688357694E-03 -0.609687264134E-03
  0.706423940979E-02  0.301240475805E-02  0.132765006420E-02  0.444644571168E-02  0.641177502351E-02  0.190829031122E-03  0.372222959121E-02
  0.436563858393E-02  0.186210703342E-02  0.540096096220E-02  0.560468478258E-02  0.153447624968E-02 -0.487346456490E-02  0.922328976252E-02
  0.396093217245E-02  0.434331569779E-02  0.634951718678E-02  0.859708973562E-03  0.225778654196E-02  0.477656283555E-02 -0.665763667128E-02
  0.362406092683E-02  0.528022894122E-02 -0.610487190283E-03  0.111545310094E-02 -0.808905609889E-03  0.325496898029E-03  0.104288260504E-02
  0.718451790616E-03  0.197866156121E-02  0.342996058908E-02  0.409126171146E-02 -0.101638700428E-02
        19        18        11        11
        17        10        11        11
        12        11         5         5
        18        25        17        17
        31        24        25        25
        11        10         5         5
         2         7         5         5
        11        18        17        17
        11        12        19        19
        27        19        20        20
        17        16        10        10
        15         9        16        16
        23        17        24        24
         4        10         9         9
        23        22        16        16
        26        18        19        19
        14        21        20        20
        14        12         7         7
         5         7        12        12
         4         1         5         5
        26        32        25        25
         5        10         4         4
         9         8         4         4
        25        18        26        26
        19        28        26        26
        24        30        23        23
        29        22        23        23
        20        12        14        14
         7         6        14        14
         8         9        15        15
         5         1         2         2
         6         7         2         2
        30        24        31        31
        20        21        27        27
        28        19        27        27
        16         9        10        10
         1         4         3         3
        32        26        33        33
        21        14        13        13
        25        24        17        17
        22        15        16        16
        17        23        16        16
        32        31        25        25
        12        20        19        19
        28        33        26        26
         8         3         4         4
        30        29        23        23
         6        13        14        14
