title="tecplot geometry and solution file"
variables = x y z mach temperature lambda1 lambda2 lambda3 lambda4 lambda5
zone t="boundary 1 bc-1", solutiontime= 0.6000000E+02, strandid=1001, i=32, j=46, f=feblock
 -0.547468544169E-02  0.000000000000E+00 -0.567606031243E-02  0.000000000000E+00  0.000000000000E+00  0.000000000000E+00 -0.525159244851E-02
 -0.425776897977E-02  0.000000000000E+00  0.000000000000E+00  0.000000000000E+00  0.000000000000E+00  0.000000000000E+00  0.000000000000E+00
  0.000000000000E+00  0.000000000000E+00 -0.338395986572E-02  0.000000000000E+00  0.000000000000E+00  0.000000000000E+00  0.000000000000E+00
  0.000000000000E+00  0.000000000000E+00  0.000000000000E+00  0.000000000000E+00  0.000000000000E+00  0.000000000000E+00  0.000000000000E+00
  0.000000000000E+00  0.000000000000E+00  0.000000000000E+00  0.000000000000E+00
  0.250494197117E+01  0.250494197117E+01  0.127822156907E+01  0.146289271009E+01  0.157686156160E+01  0.308372018325E+00  0.261948602442E-01
 -0.122573481164E+01 -0.600232012419E+00  0.250494197117E+01  0.477386199275E+00  0.742988685424E+00 -0.739814786992E+00  0.177790177481E+01
  0.155830813274E+01  0.250494197117E+01 -0.249658903664E+01 -0.154800130438E+01 -0.487811078581E+00  0.250494197117E+01  0.627766083140E+00
 -0.345533899378E+00 -0.178862290564E+01 -0.158811787973E+01  0.125000000000E+01 -0.249658903664E+01 -0.144524380962E+01  0.000000000000E+00
 -0.125000000000E+01 -0.249658903664E+01 -0.249658903664E+01 -0.249658903664E+01
  0.803813859866E-04  0.125000000000E+01  0.822460170214E-04  0.103724302461E+01  0.219251206392E+01  0.922061490191E+00  0.103872438719E-03
  0.341545874231E-04  0.715990576545E+00  0.250000000000E+01  0.202479342020E+01  0.324151231464E+01  0.175434191980E+01  0.310152362409E+01
  0.404200324774E+01  0.375000000000E+01  0.810725962649E-04  0.930412228790E+00  0.299062775774E+01  0.500000000000E+01  0.429310310915E+01
  0.409252726285E+01  0.187029682677E+01  0.284428995242E+01  0.500000000000E+01  0.125000000000E+01  0.394624082883E+01  0.500000000000E+01
  0.500000000000E+01  0.250000000000E+01  0.375000000000E+01  0.500000000000E+01
  0.000000000000E+00  0.440672136512E+00  0.000000000000E+00  0.474618025820E+00  0.460125068601E+00  0.468639320143E+00  0.000000000000E+00
  0.000000000000E+00  0.402534623939E+00  0.469886789982E+00  0.464193107367E+00  0.478749739491E+00  0.489555756507E+00  0.483130037990E+00
  0.488002902366E+00  0.489035017215E+00  0.000000000000E+00  0.465237698331E+00  0.473759127176E+00  0.495364848064E+00  0.490293257191E+00
  0.486276632093E+00  0.445850265191E+00  0.464356446519E+00  0.496127940578E+00  0.443891909404E+00  0.486928147025E+00  0.497248366859E+00
  0.496055083747E+00  0.467740399690E+00  0.488187228171E+00  0.495089980244E+00
  0.999990300362E+00  0.102982970104E+01  0.999990762612E+00  0.104241436388E+01  0.101187663318E+01  0.102516400612E+01  0.999991420552E+00
  0.999992171067E+00  0.103882325429E+01  0.100825795511E+01  0.101253536096E+01  0.100301645575E+01  0.102705594255E+01  0.100604114309E+01
  0.100244532432E+01  0.100354817652E+01  0.999992724186E+00  0.103209991946E+01  0.100459425771E+01  0.100178625606E+01  0.100260326526E+01
  0.100234745937E+01  0.101657167924E+01  0.100620610961E+01  0.100168369530E+01  0.104025009063E+01  0.100303477791E+01  0.100118721261E+01
  0.100134451878E+01  0.100976460100E+01  0.100405634212E+01  0.100176433139E+01
  0.610153391166E-02  0.306711858537E-01  0.698584993018E-02  0.492857758607E-01  0.346805539429E-02  0.587151778607E-01  0.512289201676E-02
  0.170640718815E-02  0.582842780210E-01 -0.165054466302E-02  0.389905998675E-02 -0.702002169277E-02  0.329305340089E-02 -0.389683909404E-02
 -0.933434765609E-02 -0.931170591603E-02  0.308617719065E-02  0.385701455576E-01 -0.515909102213E-02 -0.339889516935E-01 -0.121371202386E-01
 -0.812749103182E-02  0.186500247719E-02 -0.443773611274E-02 -0.351928731982E-01  0.248749975811E-01 -0.633196289138E-02 -0.387897398430E-01
 -0.342339422241E-01 -0.361050611888E-02 -0.697182727263E-02 -0.321740895141E-01
  0.239164127630E-03  0.444680433767E-02  0.331486043548E-03  0.629816441288E-02  0.164997359233E-03  0.888267047257E-02  0.361563016058E-03
  0.321565326230E-03  0.868187159984E-02 -0.782731195148E-03  0.347017304622E-03 -0.148150282669E-02 -0.972022774112E-04 -0.114291692709E-02
 -0.182990687836E-02 -0.204929423724E-02  0.284324329535E-03  0.601356742319E-02 -0.103425457568E-02 -0.697980052618E-02 -0.240658090786E-02
 -0.155620783610E-02 -0.207858737171E-03 -0.851582831246E-03 -0.736818463935E-02  0.306389471558E-02 -0.124812988503E-02 -0.814890134593E-02
 -0.716222998899E-02 -0.904834796778E-03 -0.148505704650E-02 -0.669252895911E-02
  0.405779425982E-03  0.128360291815E-03  0.546846002376E-03  0.125043765220E-02  0.147417935765E-03  0.606823249505E-03  0.467455816761E-03
 -0.174822356795E-03 -0.333560087715E-04 -0.133095080024E-04  0.128401771381E-03  0.133218589381E-03 -0.140700428543E-03  0.251321786123E-04
 -0.495568511680E-04 -0.287388533241E-05 -0.245065370725E-03 -0.794295455152E-03  0.152877565124E-04  0.332337321249E-05 -0.320394793927E-04
 -0.381186245094E-04 -0.165838387926E-04 -0.137116122298E-03  0.897652915346E-04 -0.102528487264E-03 -0.785924077869E-04 -0.171178598167E-04
 -0.755985457171E-04 -0.219885834812E-04 -0.801488709898E-05  0.655033512750E-05
 -0.147377686192E-02 -0.134235191372E-02 -0.160724904205E-02 -0.707139684198E-05  0.142132333735E-02  0.153436090835E-02 -0.900190071812E-03
 -0.786742750080E-03  0.108761914855E-02  0.155250128272E-02  0.289698899223E-02  0.159524349514E-02  0.319791089198E-02  0.148292123876E-02
  0.109570566589E-02  0.128776178532E-02 -0.609691717137E-03  0.917046098808E-03  0.183403615504E-02  0.461713581287E-03  0.101750352333E-02
  0.121229287406E-02  0.217945527909E-02  0.148789803137E-02  0.443252610435E-03  0.112544143275E-02  0.111203973230E-02  0.419579604224E-03
  0.501322145791E-03  0.168657857193E-02  0.113913636987E-02  0.491880273014E-03
 -0.487357669184E-02 -0.126323826633E-01 -0.665721490678E-02 -0.197255432776E-01 -0.144221179444E-02 -0.243725442892E-01  0.325653422936E-03
  0.104281895703E-02 -0.242213095922E-01  0.663953017790E-03 -0.170479103147E-02  0.274455749182E-02 -0.142040894325E-02  0.153552562884E-02
  0.372785054667E-02  0.375553464213E-02 -0.101638817375E-02 -0.161248608413E-01  0.191184887072E-02  0.141100284016E-01  0.490174913743E-02
  0.321433458730E-02 -0.897380639777E-03  0.158968336561E-02  0.146361600572E-01 -0.101408539861E-01  0.246930588785E-02  0.161792888562E-01
  0.142460699994E-01  0.131302144814E-02  0.277003411444E-02  0.133539890016E-01
        12        19        11        11
        11         5        12        12
        10        14         5         5
        19        13        11        11
        19        24        13        13
        30        23        24        24
        19        12        22        22
        28        22        21        21
        11        13         6         6
         7         6         9         9
        15        12        14        14
        18        13        23        23
        15        25        21        21
        27        19        22        22
        18         8         9         9
        27        31        24        24
         4        11         6         6
         5        14        12        12
         4         2         5         5
        21        12        15        15
        14        16        15        15
        24        19        27        27
        22        29        27        27
        23        26        18        18
        17         8        18        18
         5        11         4         4
         6         3         4         4
        26        23        30        30
         5         2        10        10
        16        14        10        10
         3         6         7         7
        21        25        28        28
        29        22        28        28
         6        13         9         9
         2         4         1         1
        31        27        32        32
        25        15        20        20
        24        23        13        13
         8         7         9         9
        13        18         9         9
        31        30        24        24
        12        21        22        22
        29        32        27        27
         3         1         4         4
        26        17        18        18
        16        20        15        15
zone t="boundary 2 bc-2", solutiontime= 0.6000000E+02, strandid=1002, i=33, j=48, f=feblock
  0.500195253374E+01  0.375034811161E+01  0.249861146299E+01  0.288036674177E+01  0.124717526933E+01  0.190856698521E+01  0.326577190273E+01
  0.201394856120E+01 -0.338395986572E-02  0.962374249381E+00  0.500000000000E+01  0.403430190008E+01  0.423029563807E+01  0.500000000000E+01
  0.385439188940E+01  0.500000000000E+01  0.398133433176E+01  0.315200081417E+01  0.266958028869E+01  0.154798029824E+01  0.218327860466E+01
  0.893688440338E+00  0.000000000000E+00  0.699009761768E+00  0.964460899052E+00  0.310303671659E+01  0.000000000000E+00  0.000000000000E+00
  0.125000000000E+01  0.500000000000E+01  0.375000000000E+01  0.250000000000E+01  0.000000000000E+00
 -0.249658903664E+01 -0.249658903664E+01 -0.249658903664E+01 -0.249658903664E+01 -0.249658903664E+01 -0.249658903664E+01 -0.249658903664E+01
 -0.249658903664E+01 -0.249658903664E+01 -0.249658903664E+01 -0.249658903664E+01 -0.249658903664E+01 -0.249658903664E+01 -0.249658903664E+01
 -0.249658903664E+01 -0.249658903664E+01 -0.249658903664E+01 -0.249658903664E+01 -0.249658903664E+01 -0.249658903664E+01 -0.249658903664E+01
 -0.249658903664E+01 -0.249658903664E+01 -0.249658903664E+01 -0.249658903664E+01 -0.249658903664E+01 -0.249658903664E+01 -0.249658903664E+01
 -0.249658903664E+01 -0.249658903664E+01 -0.249658903664E+01 -0.249658903664E+01 -0.249658903664E+01
  0.108225889030E-03  0.145875369682E-03  0.100893326425E-03  0.901663374396E+00  0.110858761917E-03  0.714928318829E+00  0.188140648011E+01
  0.175892165504E+01  0.810725962649E-04  0.957504300331E+00  0.125000000000E+01  0.100596698996E+01  0.191313519089E+01  0.250000000000E+01
  0.292898096716E+01  0.375000000000E+01  0.406883369524E+01  0.363389289944E+01  0.284756860985E+01  0.292582308120E+01  0.395754054931E+01
  0.205027256979E+01  0.125000000000E+01  0.306703272692E+01  0.397155766662E+01  0.433068622168E+01  0.250000000000E+01  0.375000000000E+01
  0.500000000000E+01  0.500000000000E+01  0.500000000000E+01  0.500000000000E+01  0.500000000000E+01
  0.000000000000E+00  0.000000000000E+00  0.000000000000E+00  0.380534933893E+00  0.000000000000E+00  0.343213081171E+00  0.585244496925E+00
  0.579499344205E+00  0.000000000000E+00  0.500959578913E+00  0.508769460148E+00  0.434312419771E+00  0.572817919451E+00  0.537160208080E+00
  0.569105645782E+00  0.515014970171E+00  0.508256765061E+00  0.527354036988E+00  0.567656182489E+00  0.531857069084E+00  0.506013391179E+00
  0.521044573739E+00  0.443891909404E+00  0.490703078146E+00  0.492147926412E+00  0.501388000320E+00  0.467740399690E+00  0.488187228171E+00
  0.489959820989E+00  0.491323935798E+00  0.486019442841E+00  0.489980976742E+00  0.495089980244E+00
  0.999993488485E+00  0.999993690942E+00  0.999993544242E+00  0.989596674085E+00  0.999993139053E+00  0.985604091028E+00  0.989839488847E+00
  0.991730617690E+00  0.999992724186E+00  0.984220387528E+00  0.985139981863E+00  0.984817712566E+00  0.990066477090E+00  0.100292374828E+01
  0.999857731400E+00  0.100487268684E+01  0.100122724769E+01  0.100056983810E+01  0.997888256964E+00  0.100350942201E+01  0.100059365414E+01
  0.101090707434E+01  0.104025009063E+01  0.100327959733E+01  0.100254952730E+01  0.100046804572E+01  0.100976460100E+01  0.100405634212E+01
  0.100192626091E+01  0.100045827286E+01  0.100058947226E+01  0.100110091494E+01  0.100176433139E+01
 -0.252333582071E-02 -0.197864120856E-02 -0.121497315148E-02  0.238853220375E-01  0.241590939250E-02  0.783268162104E-01 -0.513312464193E-02
  0.944453607765E-03  0.308617719065E-02  0.364108359162E-01 -0.659581548782E-02 -0.762597860788E-02 -0.517722062929E-02 -0.442581890988E-02
 -0.325449916065E-02 -0.297029834939E-02 -0.218698746227E-02 -0.253112061929E-02 -0.418854214358E-02 -0.501218267659E-02 -0.329382191231E-02
  0.131127842877E-02  0.248749975811E-01 -0.338766038345E-02 -0.609030470702E-02 -0.396544913205E-02 -0.361050611888E-02 -0.697182727263E-02
 -0.289404528909E-01 -0.345715285945E-02 -0.132328523833E-01 -0.254274543744E-01 -0.321740895141E-01
  0.688028144563E-03 -0.192355324740E-03  0.185875035285E-04  0.410471406839E-02 -0.447498148782E-03  0.973216296220E-02 -0.192655348201E-04
 -0.387640987002E-03  0.284324329535E-03  0.429768775723E-02  0.149337657050E-02  0.513131850603E-04  0.758734347074E-03  0.113154818268E-02
  0.753319968025E-03  0.696469730791E-03  0.834278445375E-03  0.695249673201E-03  0.256066180651E-03 -0.423706052673E-03  0.298550461683E-03
 -0.360595935990E-03  0.306389471558E-02 -0.229990120217E-03 -0.701350902771E-03  0.411857541287E-03 -0.904834796778E-03 -0.148505704650E-02
 -0.520611397542E-02  0.174304451147E-03 -0.132948316681E-02 -0.395289880997E-02 -0.669252895911E-02
 -0.155434499557E-03  0.411055591247E-04  0.241689304611E-03  0.557939771748E-03  0.128343735050E-03  0.973155202861E-03 -0.760837367859E-04
  0.866365852454E-05 -0.245065370725E-03  0.373114313144E-03 -0.884431448704E-04 -0.284831624762E-03  0.530018046894E-05  0.835705582510E-05
  0.687474786490E-05 -0.133553807573E-04  0.162100275174E-05 -0.712191538822E-05  0.115761492111E-04  0.276301459335E-04 -0.169170548924E-04
  0.289621881000E-04 -0.102528487264E-03  0.546297996074E-05 -0.265872482062E-05 -0.591930969585E-05 -0.219885834812E-04 -0.801488709898E-05
 -0.261259400051E-05 -0.238085021128E-05  0.519196363785E-06  0.173591055157E-05  0.655033512750E-05
 -0.198503887350E-03 -0.204912241312E-03 -0.309699070070E-03  0.103434608856E-02 -0.716700905588E-03  0.224471581720E-03  0.156040937853E-02
  0.208733854646E-02 -0.609691717137E-03  0.980936032161E-03  0.298714259684E-03  0.109204343416E-02  0.626926073547E-03  0.283385432721E-03
  0.647064217697E-03  0.236880308672E-03  0.629197927628E-03  0.888685170982E-03  0.105436240166E-02  0.109586384952E-02  0.102609203461E-02
  0.165912948695E-02  0.112544143275E-02  0.116603969973E-02  0.102767837998E-02  0.887067741520E-03  0.168657857193E-02  0.113913636987E-02
  0.691404703683E-03  0.368585262948E-03  0.801811153087E-03  0.869631360542E-03  0.491880273014E-03
  0.718487975960E-03  0.197867305513E-02  0.342998194047E-02 -0.108857990294E-01  0.409124705051E-02 -0.335482573603E-01  0.152395829894E-02
 -0.485250680822E-03 -0.101638817375E-02 -0.150872666173E-01  0.142562765903E-02  0.231553749503E-02  0.127174644060E-02  0.848611154671E-03
  0.635908746446E-03  0.600620157631E-03  0.300602607301E-03  0.460771416146E-03  0.114876266797E-02  0.170371526834E-02  0.880454693466E-03
 -0.598125306295E-03 -0.101408539861E-01  0.109204545569E-02  0.222198792583E-02  0.108191940111E-02  0.131302144814E-02  0.277003411444E-02
  0.117586375237E-01  0.104483185801E-02  0.496567217287E-02  0.101101669075E-01  0.133539890016E-01
        15         7        19        19
         8        20        19        19
        18        19        21        21
         7         4         8         8
         3         6         4         4
        19         7         8         8
        19        18        15        15
        14        13        15        15
         8        22        20        20
        27        24        22        22
        19        20        21        21
        32        26        21        21
        17        18        26        26
        17        16        15        15
        25        29        21        21
        12         7        13        13
        10         8         6         6
        25        20        24        24
         4         6         8         8
        12         2         4         4
        10        23        22        22
        26        31        17        17
        30        16        17        17
         4         7        12        12
        13        11        12        12
        21        20        25        25
        24        28        25        25
        22         8        10        10
         6         5        10        10
        31        26        32        32
         4         2         3         3
         5         6         3         3
        11        13        14        14
        22        23        27        27
        28        24        27        27
        15        13         7         7
         2        12         1         1
        29        25        33        33
        23        10         9         9
        21        26        18        18
        16        14        15        15
        18        17        15        15
        29        32        21        21
        22        24        20        20
        28        33        25        25
        11         1        12        12
        31        30        17        17
         5         9        10        10
zone t="boundary 3 bc-3", solutiontime= 0.6000000E+02, strandid=1003, i=33, j=48, f=feblock
  0.375059096892E+01  0.249769609313E+01  0.500322133174E+01  0.403612218725E+01  0.287976772365E+01  0.124541910518E+01  0.190552237404E+01
  0.500000000000E+01  0.326671104552E+01  0.423253755448E+01  0.201271136506E+01 -0.547468544169E-02  0.958895643487E+00  0.500000000000E+01
  0.266968147299E+01  0.385584487271E+01  0.890374214836E+00  0.154654013699E+01  0.000000000000E+00  0.500000000000E+01  0.315261136744E+01
  0.218304199515E+01  0.398195307895E+01  0.000000000000E+00  0.697379952124E+00  0.963757277315E+00  0.125000000000E+01  0.000000000000E+00
  0.500000000000E+01  0.310330738524E+01  0.250000000000E+01  0.375000000000E+01  0.000000000000E+00
  0.250494197117E+01  0.250494197117E+01  0.250494197117E+01  0.250494197117E+01  0.250494197117E+01  0.250494197117E+01  0.250494197117E+01
  0.250494197117E+01  0.250494197117E+01  0.250494197117E+01  0.250494197117E+01  0.250494197117E+01  0.250494197117E+01  0.250494197117E+01
  0.250494197117E+01  0.250494197117E+01  0.250494197117E+01  0.250494197117E+01  0.250494197117E+01  0.250494197117E+01  0.250494197117E+01
  0.250494197117E+01  0.250494197117E+01  0.250494197117E+01  0.250494197117E+01  0.250494197117E+01  0.250494197117E+01  0.250494197117E+01
  0.250494197117E+01  0.250494197117E+01  0.250494197117E+01  0.250494197117E+01  0.250494197117E+01
  0.135649900494E-03  0.110129816467E-03  0.966887303890E-04  0.101756752009E+01  0.908094589218E+00  0.103942505801E-03  0.722629083213E+00
  0.125000000000E+01  0.188965661746E+01  0.191862696980E+01  0.176708239098E+01  0.803813859866E-04  0.969652551954E+00  0.250000000000E+01
  0.285339433501E+01  0.293325058812E+01  0.205656223819E+01  0.293157016932E+01  0.125000000000E+01  0.375000000000E+01  0.363766838842E+01
  0.396069444983E+01  0.407056385475E+01  0.250000000000E+01  0.307031995245E+01  0.397359820314E+01  0.500000000000E+01  0.375000000000E+01
  0.500000000000E+01  0.433260781310E+01  0.500000000000E+01  0.500000000000E+01  0.500000000000E+01
  0.000000000000E+00  0.000000000000E+00  0.000000000000E+00  0.444961626928E+00  0.402838316190E+00  0.000000000000E+00  0.379029001549E+00
  0.508827846411E+00  0.575719767468E+00  0.573484231916E+00  0.562571091033E+00  0.000000000000E+00  0.491643474339E+00  0.534340493553E+00
  0.556353506125E+00  0.564141623675E+00  0.522489639030E+00  0.521815314100E+00  0.440672136512E+00  0.517132480923E+00  0.524064820256E+00
  0.503612613683E+00  0.509416634110E+00  0.469886789982E+00  0.495646532245E+00  0.494503101969E+00  0.488630053423E+00  0.489035017215E+00
  0.492985464012E+00  0.498953669977E+00  0.486505314975E+00  0.484610387305E+00  0.495364848064E+00
  0.999989345567E+00  0.999989414891E+00  0.999989632591E+00  0.981375695393E+00  0.988672653297E+00  0.999989832933E+00  0.982271891095E+00
  0.984075644303E+00  0.990406052732E+00  0.990320090376E+00  0.994390331428E+00  0.999990300362E+00  0.988743428079E+00  0.100365390733E+01
  0.999774597300E+00  0.100117529834E+01  0.100830077599E+01  0.100251293722E+01  0.102982970104E+01  0.100442054131E+01  0.100199281310E+01
  0.100081994749E+01  0.100137956774E+01  0.100825795511E+01  0.100297377722E+01  0.100191712118E+01  0.100214790177E+01  0.100354817652E+01
  0.100047567419E+01  0.100056574043E+01  0.100126719373E+01  0.100066769089E+01  0.100178625606E+01
 -0.170723225416E-02  0.132172719027E-02 -0.282328329631E-02  0.156134923945E-01  0.610942240424E-01  0.384271072077E-02  0.607930070748E-01
 -0.967055856924E-02 -0.492482234703E-02 -0.609311710062E-02  0.101011556215E-01  0.610153391166E-02  0.411685355991E-01 -0.462869996956E-02
 -0.535323148918E-02 -0.380366901747E-02  0.118000034802E-02 -0.517345909386E-02  0.306711858537E-01 -0.315228444855E-02 -0.230376906728E-02
 -0.315324425128E-02 -0.240376398292E-02 -0.165054466302E-02 -0.450985773287E-02 -0.833746591290E-02 -0.256271864655E-01 -0.931170591603E-02
 -0.298777275717E-02 -0.367491674008E-02 -0.239604560344E-01 -0.130002379138E-01 -0.339889516935E-01
 -0.395669708072E-03 -0.383871386606E-03  0.702898251645E-03  0.442172866828E-02  0.844000084090E-02 -0.799533681598E-03  0.752211230078E-02
  0.158579114709E-02 -0.848300943170E-04  0.835621435892E-03  0.183762976594E-03  0.239164127630E-03  0.310119288230E-02  0.121108714636E-02
 -0.765078309972E-04  0.632467910285E-03 -0.114702225800E-02 -0.543322733126E-03  0.444680433767E-02  0.772815532088E-03  0.668153230305E-03
  0.362375868773E-03  0.780437624686E-03 -0.782731195148E-03 -0.105761231852E-02 -0.104820505291E-02 -0.454572851598E-02 -0.204929423724E-02
  0.271660825142E-03  0.430125616581E-03 -0.371615664255E-02 -0.129195914106E-02 -0.697980052618E-02
 -0.747208603494E-04  0.397366285670E-04  0.956474594347E-04 -0.296423314483E-03 -0.858364612404E-03  0.335333096645E-03 -0.127418064169E-04
  0.190592529476E-05 -0.958258536671E-04  0.160414568822E-04 -0.808026330111E-04  0.405779425982E-03  0.465400147655E-03  0.352454159949E-04
 -0.404173783972E-05  0.485501095316E-05 -0.158969401036E-03 -0.597034399060E-04  0.128360291815E-03  0.197178088206E-04  0.966503046124E-05
  0.428271666891E-04  0.767059579560E-06 -0.133095080024E-04 -0.361642538916E-04  0.121931192517E-04  0.171305140843E-04 -0.287388533241E-05
  0.691969723769E-05 -0.250003556007E-06  0.391657791520E-05 -0.101187719620E-05  0.332337321249E-05
 -0.462461037873E-03 -0.866028512473E-03 -0.242265426282E-03  0.654616673184E-03  0.104388187664E-02 -0.834700820006E-03  0.330816750491E-03
  0.374310527884E-03  0.191563186422E-02  0.929862799179E-03  0.277658798855E-02 -0.147377686192E-02  0.912533615550E-03  0.371746193024E-03
  0.986788456558E-03  0.826393703852E-03  0.233938286502E-02  0.105032387588E-02 -0.134235191372E-02  0.329622539621E-03  0.949439620629E-03
  0.981561187520E-03  0.710110814560E-03  0.155250128272E-02  0.151224822075E-02  0.101246037108E-02  0.727932794240E-03  0.128776178532E-02
  0.350570161830E-03  0.922700426883E-03  0.882455269641E-03  0.804721755665E-03  0.461713581287E-03
  0.706435092206E-02  0.301233073890E-02  0.132758293489E-02 -0.812451725603E-02 -0.264527789964E-01  0.190748041843E-03 -0.255316862440E-01
  0.246327861029E-02  0.152875042938E-02  0.157352670977E-02 -0.394572846568E-02 -0.487357669184E-02 -0.162207494115E-01  0.871185325939E-03
  0.169072066849E-02  0.862167233644E-03 -0.353484558076E-03  0.179120939097E-02 -0.126323826633E-01  0.618641422085E-03  0.381158679049E-03
  0.812882254180E-03  0.391898081450E-03  0.663953017790E-03  0.165153278699E-02  0.313677989023E-02  0.103608075632E-01  0.375553464213E-02
  0.846696586467E-03  0.970907574990E-03  0.950772486148E-02  0.486678832023E-02  0.141100284016E-01
        15         9        16        16
        15        18        11        11
        22        15        21        21
        11         5         9         9
         5         7         2         2
        11         9        15        15
        16        21        15        15
        16        10        14        14
        18        17        11        11
        17        25        24        24
        22        18        15        15
        22        30        31        31
        30        21        23        23
        16        20        23        23
        22        27        26        26
        10         9         4         4
         7        11        13        13
        25        18        26        26
        11         7         5         5
         5         1         4         4
        17        19        13        13
        23        32        30        30
        23        20        29        29
         4         9         5         5
         4         8        10        10
        26        18        22        22
        26        28        25        25
        13        11        17        17
        13         6         7         7
        31        30        32        32
         2         1         5         5
         2         7         6         6
        14        10         8         8
        24        19        17        17
        24        25        28        28
         9        10        16        16
         3         4         1         1
        33        26        27        27
        12        13        19        19
        21        30        22        22
        16        14        20        20
        16        23        21        21
        22        31        27        27
        18        25        17        17
        26        33        28        28
         4         3         8         8
        23        29        32        32
        13        12         6         6
zone t="boundary 4 bc-4", solutiontime= 0.6000000E+02, strandid=1004, i=32, j=46, f=feblock
  0.125000000000E+01  0.219251206392E+01  0.103724302461E+01  0.500000000000E+01  0.250000000000E+01  0.375000000000E+01  0.404200324774E+01
  0.500000000000E+01  0.000000000000E+00  0.310152362409E+01  0.202479342020E+01  0.324151231464E+01  0.922061490191E+00  0.000000000000E+00
  0.299062775774E+01  0.394624082883E+01  0.500000000000E+01  0.409252726285E+01  0.500000000000E+01  0.429310310915E+01  0.175434191980E+01
  0.284428995242E+01  0.000000000000E+00  0.000000000000E+00  0.715990576545E+00  0.930412228790E+00  0.125000000000E+01  0.187029682677E+01
  0.500000000000E+01  0.375000000000E+01  0.250000000000E+01  0.000000000000E+00
  0.250494197117E+01  0.157686156160E+01  0.146289271009E+01  0.250494197117E+01  0.250494197117E+01  0.250494197117E+01  0.155830813274E+01
  0.125000000000E+01  0.250494197117E+01  0.177790177481E+01  0.477386199275E+00  0.742988685424E+00  0.308372018325E+00  0.125000000000E+01
 -0.487811078581E+00 -0.144524380962E+01 -0.125000000000E+01 -0.345533899378E+00  0.000000000000E+00  0.627766083140E+00 -0.739814786992E+00
 -0.158811787973E+01  0.000000000000E+00 -0.125000000000E+01 -0.600232012419E+00 -0.154800130438E+01 -0.249658903664E+01 -0.178862290564E+01
 -0.249658903664E+01 -0.249658903664E+01 -0.249658903664E+01 -0.249658903664E+01
  0.500000000000E+01  0.500000000000E+01  0.500000000000E+01  0.500000000000E+01  0.500000000000E+01  0.500000000000E+01  0.500000000000E+01
  0.500000000000E+01  0.500000000000E+01  0.500000000000E+01  0.500000000000E+01  0.500000000000E+01  0.500000000000E+01  0.500000000000E+01
  0.500000000000E+01  0.500000000000E+01  0.500000000000E+01  0.500000000000E+01  0.500000000000E+01  0.500000000000E+01  0.500000000000E+01
  0.500000000000E+01  0.500000000000E+01  0.500000000000E+01  0.500000000000E+01  0.500000000000E+01  0.500000000000E+01  0.500000000000E+01
  0.500000000000E+01  0.500000000000E+01  0.500000000000E+01  0.500000000000E+01
  0.488630053423E+00  0.488907200673E+00  0.490613524454E+00  0.492985464012E+00  0.486505314975E+00  0.484610387305E+00  0.485346346417E+00
  0.494164094826E+00  0.495364848064E+00  0.486544301825E+00  0.487826539497E+00  0.487053944491E+00  0.494057895498E+00  0.496127940578E+00
  0.487590739712E+00  0.483169495133E+00  0.492384717662E+00  0.487198320547E+00  0.494738341209E+00  0.487947262281E+00  0.489650836219E+00
  0.487975047811E+00  0.497248366859E+00  0.496055083747E+00  0.494947818077E+00  0.492777844524E+00  0.489959820989E+00  0.489963118744E+00
  0.491323935798E+00  0.486019442841E+00  0.489980976742E+00  0.495089980244E+00
  0.100214790177E+01  0.100152376261E+01  0.100177920363E+01  0.100047567419E+01  0.100126719373E+01  0.100066769089E+01  0.100025509248E+01
  0.100050308878E+01  0.100178625606E+01  0.100112381228E+01  0.100132857256E+01  0.100072299640E+01  0.100164084009E+01  0.100168369530E+01
  0.100096380429E+01  0.100001109262E+01  0.100083219162E+01  0.100022379580E+01  0.100062130449E+01  0.100023379273E+01  0.100174737467E+01
  0.100099023681E+01  0.100118721261E+01  0.100134451878E+01  0.100132726122E+01  0.100179980273E+01  0.100192626091E+01  0.100163810987E+01
  0.100045827286E+01  0.100058947226E+01  0.100110091494E+01  0.100176433139E+01
 -0.256271864655E-01 -0.248616925279E-01 -0.255332045848E-01 -0.298777275717E-02 -0.239604560344E-01 -0.130002379138E-01 -0.903692844315E-02
 -0.297370239671E-02 -0.339889516935E-01 -0.199259287441E-01 -0.267230631793E-01 -0.187274046924E-01 -0.311279694319E-01 -0.351928731982E-01
 -0.211067175455E-01 -0.870267548653E-02 -0.336880998353E-02 -0.110817876228E-01 -0.276193312423E-02 -0.110701830473E-01 -0.328886911665E-01
 -0.198636619857E-01 -0.387897398430E-01 -0.342339422241E-01 -0.360620980773E-01 -0.289202100842E-01 -0.289404528909E-01 -0.306042943171E-01
 -0.345715285945E-02 -0.132328523833E-01 -0.254274543744E-01 -0.321740895141E-01
 -0.454572851598E-02 -0.403939658951E-02 -0.458763860229E-02  0.271660825142E-03 -0.371615664255E-02 -0.129195914106E-02 -0.576919373773E-03
  0.208665928680E-03 -0.697980052618E-02 -0.273160859247E-02 -0.438428767908E-02 -0.246445615851E-02 -0.567900960212E-02 -0.736818463935E-02
 -0.297098734453E-02 -0.529081829473E-03  0.214572442882E-03 -0.972632821651E-03  0.214784260010E-03 -0.982363594315E-03 -0.569174864865E-02
 -0.271709411949E-02 -0.814890134593E-02 -0.716222998899E-02 -0.685046393434E-02 -0.536675547207E-02 -0.520611397542E-02 -0.521038369670E-02
  0.174304451147E-03 -0.132948316681E-02 -0.395289880997E-02 -0.669252895911E-02
  0.171305140843E-04  0.443104942948E-04  0.495685736966E-04  0.691969723769E-05  0.391657791520E-05 -0.101187719620E-05  0.107333120102E-04
 -0.168614425298E-04  0.332337321249E-05  0.226200041462E-04  0.485283218871E-04  0.116422351004E-04  0.672100049810E-04  0.897652915346E-04
 -0.316624419470E-04 -0.358052148251E-04 -0.988559989083E-05 -0.538621803087E-04 -0.816759312634E-06 -0.147897708763E-04 -0.346088030988E-04
 -0.262879322526E-04 -0.171178598167E-04 -0.755985457171E-04 -0.372097352971E-04 -0.796063329010E-04 -0.261259400051E-05 -0.774417016919E-04
 -0.238085021128E-05  0.519196363785E-06  0.173591055157E-05  0.655033512750E-05
  0.727932794240E-03  0.871873203856E-03  0.696060392240E-03  0.350570161830E-03  0.882455269641E-03  0.804721755665E-03  0.727827844262E-03
  0.318418986503E-03  0.461713581287E-03  0.897641660690E-03  0.850024365735E-03  0.905520002824E-03  0.670659432839E-03  0.443252610435E-03
  0.892070937957E-03  0.734091327700E-03  0.352189685624E-03  0.737349985221E-03  0.298646866274E-03  0.675910251778E-03  0.800980668187E-03
  0.902643322523E-03  0.419579604224E-03  0.501322145791E-03  0.569970883764E-03  0.660098251934E-03  0.691404703683E-03  0.789715269052E-03
  0.368585262948E-03  0.801811153087E-03  0.869631360542E-03  0.491880273014E-03
  0.103608075632E-01  0.991801661519E-02  0.103610201063E-01  0.846696586467E-03  0.950772486148E-02  0.486678832023E-02  0.323271150075E-02
  0.870604767575E-03  0.141100284016E-01  0.777147332462E-02  0.106977645803E-01  0.726759635661E-02  0.127025226292E-01  0.146361600572E-01
  0.827183447258E-02  0.309842612813E-02  0.998138293976E-03  0.409517059458E-02  0.796918144454E-03  0.411193468373E-02  0.132995370072E-01
  0.774613312288E-02  0.161792888562E-01  0.142460699994E-01  0.148348706341E-01  0.118081103199E-01  0.117586375237E-01  0.123456973146E-01
  0.104483185801E-02  0.496567217287E-02  0.101101669075E-01  0.133539890016E-01
        12        15        11        11
        11         2        12        12
         5        10         2         2
        15        21        11        11
        15        22        21        21
        31        28        22        22
        15        12        18        18
        19        18        20        20
        11        21        13        13
        23        13        25        25
         7        12        10        10
        26        21        28        28
         7         8        20        20
        16        15        18        18
        26        24        25        25
        16        30        22        22
         3        11        13        13
         2        10        12        12
         3         1         2         2
        20        12         7         7
        10         6         7         7
        22        15        16        16
        18        17        16        16
        28        27        26        26
        32        24        26        26
         2        11         3         3
        13        14         3         3
        27        28        31        31
         2         1         5         5
         6        10         5         5
        14        13        23        23
        20         8        19        19
        17        18        19        19
        13        21        25        25
         1         3         9         9
        30        16        29        29
         8         7         4         4
        22        28        21        21
        24        23        25        25
        21        26        25        25
        30        31        22        22
        12        20        18        18
        17        29        16        16
        14         9         3         3
        27        32        26        26
         6         4         7         7
zone t="boundary 5 bc-5", solutiontime= 0.6000000E+02, strandid=1005, i=33, j=48, f=feblock
  0.500322133174E+01  0.500467668798E+01  0.500000000000E+01  0.500000000000E+01  0.500477267378E+01  0.500000000000E+01  0.500000000000E+01
  0.500000000000E+01  0.500000000000E+01  0.500000000000E+01  0.500358118334E+01  0.500000000000E+01  0.500000000000E+01  0.500000000000E+01
  0.500000000000E+01  0.500000000000E+01  0.500000000000E+01  0.500195253374E+01  0.500000000000E+01  0.500000000000E+01  0.500000000000E+01
  0.500000000000E+01  0.500000000000E+01  0.500000000000E+01  0.500000000000E+01  0.500000000000E+01  0.500000000000E+01  0.500000000000E+01
  0.500000000000E+01  0.500000000000E+01  0.500000000000E+01  0.500000000000E+01  0.500000000000E+01
  0.250494197117E+01  0.128129120217E+01  0.250494197117E+01  0.157899473280E+01  0.277507990648E-01  0.659350882208E+00  0.250494197117E+01
  0.173899611320E+01  0.825621401394E+00  0.132549389334E+01 -0.122585350888E+01 -0.322732261638E+00  0.250494197117E+01  0.490615021923E-01
 -0.873141960959E+00  0.350800286361E+00  0.145332269920E+01 -0.249658903664E+01 -0.147959633950E+01  0.250494197117E+01 -0.857924212153E+00
 -0.165007033378E+01  0.518568023061E+00 -0.461282870254E+00  0.125000000000E+01 -0.249658903664E+01 -0.183684615440E+01 -0.158398995423E+01
 -0.249658903664E+01 -0.249658903664E+01 -0.125000000000E+01  0.000000000000E+00 -0.249658903664E+01
  0.966887303890E-04  0.163805301938E-03  0.125000000000E+01  0.905837536509E+00  0.190347800845E-03  0.735450417037E+00  0.250000000000E+01
  0.182727219356E+01  0.162230260845E+01  0.280856328277E+01  0.160776520449E-03  0.109945440014E+01  0.375000000000E+01  0.227317933631E+01
  0.189599568386E+01  0.342819755379E+01  0.403384942830E+01  0.108225889030E-03  0.104050588738E+01  0.500000000000E+01  0.297954017413E+01
  0.214587157439E+01  0.430969386006E+01  0.408642231822E+01  0.500000000000E+01  0.125000000000E+01  0.304506426164E+01  0.398205049073E+01
  0.250000000000E+01  0.375000000000E+01  0.500000000000E+01  0.500000000000E+01  0.500000000000E+01
  0.000000000000E+00  0.000000000000E+00  0.508827846411E+00  0.471714051848E+00  0.000000000000E+00  0.480427539773E+00  0.534340493553E+00
  0.535537181269E+00  0.535219537947E+00  0.540681012100E+00  0.000000000000E+00  0.510276830579E+00  0.517132480923E+00  0.539181781579E+00
  0.543201209005E+00  0.529267603254E+00  0.511012645008E+00  0.000000000000E+00  0.495819868155E+00  0.492985464012E+00  0.531223076876E+00
  0.533991239533E+00  0.505620734572E+00  0.512015593412E+00  0.494164094826E+00  0.508769460148E+00  0.529626510306E+00  0.511932467681E+00
  0.537160208080E+00  0.515014970171E+00  0.492384717662E+00  0.494738341209E+00  0.491323935798E+00
  0.999989632591E+00  0.999990284980E+00  0.984075644303E+00  0.976468617666E+00  0.999991493230E+00  0.959092259746E+00  0.100365390733E+01
  0.994405317219E+00  0.991224891127E+00  0.100354128419E+01  0.999992822645E+00  0.971628025376E+00  0.100442054131E+01  0.100529967660E+01
  0.997230119249E+00  0.100663320990E+01  0.100304945388E+01  0.999993488485E+00  0.973552032069E+00  0.100047567419E+01  0.100765947929E+01
  0.100131824273E+01  0.100314083241E+01  0.100384129727E+01  0.100050308878E+01  0.985139981863E+00  0.100599207340E+01  0.100389514535E+01
  0.100292374828E+01  0.100487268684E+01  0.100083219162E+01  0.100062130449E+01  0.100045827286E+01
 -0.282328329631E-02 -0.250634771570E-02 -0.967055856924E-02 -0.121505543468E-01 -0.326692854682E-02 -0.342539690008E-02 -0.462869996956E-02
 -0.619763646265E-02 -0.699056054038E-02 -0.401701917532E-02 -0.212832573119E-02 -0.548937115699E-02 -0.315228444855E-02 -0.487367538517E-02
 -0.543509206643E-02 -0.324792152583E-02 -0.252791908973E-02 -0.252333582071E-02 -0.439351456453E-02 -0.298777275717E-02 -0.379617181900E-02
 -0.510632239020E-02 -0.201157256255E-02 -0.221597503406E-02 -0.297370239671E-02 -0.659581548782E-02 -0.370469203644E-02 -0.242658971750E-02
 -0.442581890988E-02 -0.297029834939E-02 -0.336880998353E-02 -0.276193312423E-02 -0.345715285945E-02
  0.702898251645E-03  0.692553775952E-03  0.158579114709E-02  0.153287798763E-02  0.101872450726E-02  0.429379182419E-02  0.121108714636E-02
  0.160182507486E-02  0.177095337597E-02  0.110767610099E-02  0.802614526715E-03  0.280099383307E-02  0.772815532088E-03  0.126937912604E-02
  0.147265162167E-02  0.904045558613E-03  0.761710298465E-03  0.688028144563E-03  0.270039923161E-02  0.271660825142E-03  0.992682575571E-03
  0.131780291087E-02  0.668812749356E-03  0.779852818364E-03  0.208665928680E-03  0.149337657050E-02  0.917974960032E-03  0.772313036406E-03
  0.113154818268E-02  0.696469730791E-03  0.214572442882E-03  0.214784260010E-03  0.174304451147E-03
  0.956474594347E-04  0.168683876417E-03  0.190592529476E-05  0.346708406889E-03 -0.205591958079E-03  0.163047104905E-03  0.352454159949E-04
  0.147527284391E-03  0.733337592542E-04  0.185923350190E-04 -0.127106361909E-03 -0.499659703579E-03  0.197178088206E-04 -0.881561482975E-04
 -0.132028889957E-03  0.200478670567E-04  0.404593938638E-05 -0.155434499557E-03 -0.218915331962E-03  0.691969723769E-05 -0.475615054987E-04
 -0.130529413989E-03 -0.879509318506E-06 -0.422190924949E-05 -0.168614425298E-04 -0.884431448704E-04 -0.119698639644E-04 -0.339278002226E-04
  0.835705582510E-05 -0.133553807573E-04 -0.988559989083E-05 -0.816759312634E-06 -0.238085021128E-05
 -0.242265426282E-03 -0.406519756596E-03  0.374310527884E-03  0.255369803698E-03 -0.506892254685E-03 -0.359948316083E-03  0.371746193024E-03
  0.472152882948E-03  0.896836012237E-03  0.412123525741E-03 -0.336420212615E-03  0.169194064091E-03  0.329622539621E-03  0.379169972679E-03
  0.525533738213E-03  0.233870492951E-03  0.344566289893E-03 -0.198503887350E-03 -0.905507547322E-04  0.350570161830E-03  0.234310373877E-03
  0.381855712057E-03  0.236955381844E-03  0.282789130296E-03  0.318418986503E-03  0.298714259684E-03  0.202314346212E-03  0.264523342364E-03
  0.283385432721E-03  0.236880308672E-03  0.352189685624E-03  0.298646866274E-03  0.368585262948E-03
  0.132758293489E-02  0.436562663148E-02  0.246327861029E-02  0.340393491488E-02  0.396094663172E-02 -0.120433037802E-02  0.871185325939E-03
  0.121129812481E-02  0.143691290888E-02  0.725483765441E-03  0.362405383616E-02  0.297290480932E-03  0.618641422085E-03  0.906725183523E-03
  0.101581654067E-02  0.586647802506E-03  0.439280595113E-03  0.718487975960E-03  0.359856215951E-04  0.846696586467E-03  0.709994160733E-03
  0.976523573991E-03  0.314631551386E-03  0.332550389431E-03  0.870604767575E-03  0.142562765903E-02  0.718577019687E-03  0.408880165258E-03
  0.848611154671E-03  0.600620157631E-03  0.998138293976E-03  0.796918144454E-03  0.104483185801E-02
        12        15        14        14
        21        16        14        14
         9        14        10        10
        15        22        21        21
        29        27        22        22
        14        16        10        10
         7         8        10        10
        14        15        21        21
        14         9        12        12
         5        12         6         6
        21        24        16        16
        32        23        24        24
        28        21        27        27
        17        16        23        23
        28        31        24        24
        19        15        12        12
         4         2         6         6
         4         9         8         8
        10         8         9         9
        17        13        10        10
        19        26        22        22
        10        16        17        17
        23        25        17        17
        22        15        19        19
        12        11        19        19
        27        30        28        28
        33        31        28        28
         6         9         4         4
         8         3         4         4
        25        23        32        32
        10        13         7         7
         3         8         7         7
        30        27        29        29
         6         2         5         5
        11        12         5         5
        24        23        16        16
        13        17        20        20
        26        19        18        18
         2         4         1         1
        22        27        21        21
        31        32        24        24
        21        28        24        24
        26        29        22        22
         9         6        12        12
        11        18        19        19
        25        20        17        17
        30        33        28        28
         3         1         4         4
zone t="boundary 6 bc-6", solutiontime= 0.6000000E+02, strandid=1006, i=33, j=48, f=feblock
  0.375059096892E+01  0.249769609313E+01  0.500322133174E+01  0.403560203922E+01  0.280631115217E+01  0.124541910518E+01  0.182303273760E+01
  0.500467668798E+01  0.431322535535E+01  0.342786661481E+01  0.226876920017E+01  0.161701865931E+01 -0.547468544169E-02  0.900320961795E+00
  0.500477267378E+01  0.408884044540E+01  0.297791651125E+01  0.189186087594E+01  0.109435348063E+01  0.729840026748E+00 -0.567606031243E-02
  0.500358118334E+01  0.398317221069E+01  0.304409324138E+01  0.214319966288E+01  0.103661372330E+01 -0.525159244851E-02 -0.425776897977E-02
  0.500195253374E+01  0.375034811161E+01  0.249861146299E+01  0.124717526933E+01 -0.338395986572E-02
  0.250494197117E+01  0.250494197117E+01  0.250494197117E+01  0.148676003042E+01  0.135862937360E+01  0.250494197117E+01  0.177126519354E+01
  0.128129120217E+01  0.548913337634E+00  0.381390483997E+00  0.772369181920E-01  0.855320802494E+00  0.250494197117E+01  0.160897911228E+01
  0.277507990648E-01 -0.435104782594E+00 -0.833499148309E+00 -0.848131036561E+00 -0.296462201067E+00  0.687468474672E+00  0.127822156907E+01
 -0.122585350888E+01 -0.156121190484E+01 -0.181436122511E+01 -0.162712850922E+01 -0.145562642992E+01  0.261948602442E-01 -0.122573481164E+01
 -0.249658903664E+01 -0.249658903664E+01 -0.249658903664E+01 -0.249658903664E+01 -0.249658903664E+01
  0.135649900494E-03  0.110129816467E-03  0.966887303890E-04  0.171331286211E-03  0.194349216398E-03  0.103942505801E-03  0.183620288715E-03
  0.163805301938E-03  0.231300957359E-03  0.293695548343E-03  0.207230778309E-03  0.152981090497E-03  0.803813859866E-04  0.870414072766E-04
  0.190347800845E-03  0.271993329411E-03  0.224559693186E-03  0.167064550182E-03  0.126059023692E-03  0.104459864054E-03  0.822460170214E-04
  0.160776520449E-03  0.175711672037E-03  0.161700011242E-03  0.160617042523E-03  0.104718930153E-03  0.103872438719E-03  0.341545874231E-04
  0.108225889030E-03  0.145875369682E-03  0.100893326425E-03  0.110858761917E-03  0.810725962649E-04
  0.000000000000E+00  0.000000000000E+00  0.000000000000E+00  0.000000000000E+00  0.000000000000E+00  0.000000000000E+00  0.000000000000E+00
  0.000000000000E+00  0.000000000000E+00  0.000000000000E+00  0.000000000000E+00  0.000000000000E+00  0.000000000000E+00  0.000000000000E+00
  0.000000000000E+00  0.000000000000E+00  0.000000000000E+00  0.000000000000E+00  0.000000000000E+00  0.000000000000E+00  0.000000000000E+00
  0.000000000000E+00  0.000000000000E+00  0.000000000000E+00  0.000000000000E+00  0.000000000000E+00  0.000000000000E+00  0.000000000000E+00
  0.000000000000E+00  0.000000000000E+00  0.000000000000E+00  0.000000000000E+00  0.000000000000E+00
  0.999989345567E+00  0.999989414891E+00  0.999989632591E+00  0.999989603432E+00  0.999989623160E+00  0.999989832933E+00  0.999989802182E+00
  0.999990284980E+00  0.999990687105E+00  0.999990492890E+00  0.999991232882E+00  0.999990584619E+00  0.999990300362E+00  0.999990374872E+00
  0.999991493230E+00  0.999992142608E+00  0.999992690497E+00  0.999992319604E+00  0.999991647213E+00  0.999990921527E+00  0.999990762612E+00
  0.999992822645E+00  0.999993396492E+00  0.999993479934E+00  0.999993154372E+00  0.999992520805E+00  0.999991420552E+00  0.999992171067E+00
  0.999993488485E+00  0.999993690942E+00  0.999993544242E+00  0.999993139053E+00  0.999992724186E+00
 -0.170723225416E-02  0.132172719027E-02 -0.282328329631E-02 -0.239680510168E-02  0.306196571008E-03  0.384271072077E-02  0.159893064068E-02
 -0.250634771570E-02 -0.264886316676E-02 -0.108724320388E-02  0.621386576600E-03  0.147997960478E-02  0.610153391166E-02  0.420913000437E-02
 -0.326692854682E-02 -0.262212400703E-02 -0.243492496049E-03  0.143870654853E-02  0.147351970862E-02  0.351792220486E-02  0.698584993018E-02
 -0.212832573119E-02 -0.226077551444E-02 -0.195470436824E-03  0.990844022025E-04  0.199272574133E-02  0.512289201676E-02  0.170640718815E-02
 -0.252333582071E-02 -0.197864120856E-02 -0.121497315148E-02  0.241590939250E-02  0.308617719065E-02
 -0.395669708072E-03 -0.383871386606E-03  0.702898251645E-03 -0.371089726958E-03 -0.122311110883E-02 -0.799533681598E-03 -0.259534734160E-03
  0.692553775952E-03 -0.263933088496E-03 -0.856041499412E-03 -0.643926600088E-03 -0.485589543347E-03  0.239164127630E-03 -0.125821279513E-02
  0.101872450726E-02 -0.242678993395E-03 -0.769276960768E-03 -0.642820269822E-03 -0.788312650037E-03 -0.110545229945E-02  0.331486043548E-03
  0.802614526715E-03 -0.165690918268E-03 -0.685759960572E-03 -0.577711008417E-03 -0.661487415249E-03  0.361563016058E-03  0.321565326230E-03
  0.688028144563E-03 -0.192355324740E-03  0.185875035285E-04 -0.447498148782E-03  0.284324329535E-03
 -0.747208603494E-04  0.397366285670E-04  0.956474594347E-04 -0.164819428883E-03  0.336446988312E-04  0.335333096645E-03  0.127166164894E-03
  0.168683876417E-03  0.341564108697E-04 -0.379631828364E-07 -0.692486357697E-04  0.511733176271E-04  0.405779425982E-03  0.319383296220E-03
 -0.205591958079E-03 -0.271736581613E-03 -0.410737385557E-03 -0.404661398946E-03 -0.692798383379E-03  0.275739744803E-03  0.546846002376E-03
 -0.127106361909E-03 -0.522255565149E-04  0.310952272804E-03  0.791555202844E-03  0.730784389623E-04  0.467455816761E-03 -0.174822356795E-03
 -0.155434499557E-03  0.411055591247E-04  0.241689304611E-03  0.128343735050E-03 -0.245065370725E-03
 -0.462461037873E-03 -0.866028512473E-03 -0.242265426282E-03 -0.102779011974E-02 -0.174404285764E-02 -0.834700820006E-03 -0.105994909618E-02
 -0.406519756596E-03 -0.694533129760E-03 -0.973064474687E-03 -0.136687308115E-02 -0.205900850037E-02 -0.147377686192E-02 -0.882441822943E-03
 -0.506892254685E-03 -0.559035440625E-03 -0.939657442417E-03 -0.121148990216E-02 -0.285518251988E-02 -0.136989297329E-02 -0.160724904205E-02
 -0.336420212615E-03 -0.407253758478E-03 -0.557107773834E-03 -0.974855545969E-03 -0.181361663094E-02 -0.900190071812E-03 -0.786742750080E-03
 -0.198503887350E-03 -0.204912241312E-03 -0.309699070070E-03 -0.716700905588E-03 -0.609691717137E-03
  0.706435092206E-02  0.301233073890E-02  0.132758293489E-02  0.444660807516E-02  0.641174059751E-02  0.190748041843E-03  0.372220214824E-02
  0.436562663148E-02  0.186207772138E-02  0.540083813296E-02  0.560463892012E-02  0.153438953801E-02 -0.487357669184E-02  0.922327260488E-02
  0.396094663172E-02  0.434332049560E-02  0.634959909786E-02  0.859631551786E-03  0.225768503986E-02  0.477670727922E-02 -0.665721490678E-02
  0.362405383616E-02  0.528024251363E-02 -0.610546728405E-03  0.111550966491E-02 -0.808863395439E-03  0.325653422936E-03  0.104281895703E-02
  0.718487975960E-03  0.197867305513E-02  0.342998194047E-02  0.409124705051E-02 -0.101638817375E-02
        19        18        11        11
        17        10        11        11
        12        11         5         5
        18        25        17        17
        31        24        25        25
        11        10         5         5
         2         7         5         5
        11        18        17        17
        11        12        19        19
        27        19        20        20
        17        16        10        10
        15         9        16        16
        23        17        24        24
         4        10         9         9
        23        22        16        16
        26        18        19        19
        14        21        20        20
        14        12         7         7
         5         7        12        12
         4         1         5         5
        26        32        25        25
         5        10         4         4
         9         8         4         4
        25        18        26        26
        19        28        26        26
        24        30        23        23
        29        22        23        23
        20        12        14        14
         7         6        14        14
         8         9        15        15
         5         1         2         2
         6         7         2         2
        30        24        31        31
        20        21        27        27
        28        19        27        27
        16         9        10        10
         1         4         3         3
        32        26        33        33
        21        14        13        13
        25        24        17        17
        22        15        16        16
        17        23        16        16
        32        31        25        25
        12        20        19        19
        28        33        26        26
         8         3         4         4
        30        29        23        23
         6        13        14        14
