title="tecplot geometry and solution file"
variables = x y z mach temperature lambda1 lambda2 lambda3 lambda4 lambda5
zone t="boundary 1 bc-1", solutiontime= 0.1000000E+03, strandid=1001, i=32, j=46, f=feblock
 -0.547468544169E-02  0.000000000000E+00 -0.567606031243E-02  0.000000000000E+00  0.000000000000E+00  0.000000000000E+00 -0.525159244851E-02
 -0.425776897977E-02  0.000000000000E+00  0.000000000000E+00  0.000000000000E+00  0.000000000000E+00  0.000000000000E+00  0.000000000000E+00
  0.000000000000E+00  0.000000000000E+00 -0.338395986572E-02  0.000000000000E+00  0.000000000000E+00  0.000000000000E+00  0.000000000000E+00
  0.000000000000E+00  0.000000000000E+00  0.000000000000E+00  0.000000000000E+00  0.000000000000E+00  0.000000000000E+00  0.000000000000E+00
  0.000000000000E+00  0.000000000000E+00  0.000000000000E+00  0.000000000000E+00
  0.250494197117E+01  0.250494197117E+01  0.127822156907E+01  0.146289271009E+01  0.157686156160E+01  0.308372018325E+00  0.261948602442E-01
 -0.122573481164E+01 -0.600232012419E+00  0.250494197117E+01  0.477386199275E+00  0.742988685424E+00 -0.739814786992E+00  0.177790177481E+01
  0.155830813274E+01  0.250494197117E+01 -0.249658903664E+01 -0.154800130438E+01 -0.487811078581E+00  0.250494197117E+01  0.627766083140E+00
 -0.345533899378E+00 -0.178862290564E+01 -0.158811787973E+01  0.125000000000E+01 -0.249658903664E+01 -0.144524380962E+01  0.000000000000E+00
 -0.125000000000E+01 -0.249658903664E+01 -0.249658903664E+01 -0.249658903664E+01
  0.803813859866E-04  0.125000000000E+01  0.822460170214E-04  0.103724302461E+01  0.219251206392E+01  0.922061490191E+00  0.103872438719E-03
  0.341545874231E-04  0.715990576545E+00  0.250000000000E+01  0.202479342020E+01  0.324151231464E+01  0.175434191980E+01  0.310152362409E+01
  0.404200324774E+01  0.375000000000E+01  0.810725962649E-04  0.930412228790E+00  0.299062775774E+01  0.500000000000E+01  0.429310310915E+01
  0.409252726285E+01  0.187029682677E+01  0.284428995242E+01  0.500000000000E+01  0.125000000000E+01  0.394624082883E+01  0.500000000000E+01
  0.500000000000E+01  0.250000000000E+01  0.375000000000E+01  0.500000000000E+01
  0.000000000000E+00  0.440672136512E+00  0.000000000000E+00  0.474618025820E+00  0.460125068601E+00  0.468639320143E+00  0.000000000000E+00
  0.000000000000E+00  0.402534623939E+00  0.469886789982E+00  0.464193107367E+00  0.478749739491E+00  0.489555756507E+00  0.483130037990E+00
  0.488002902366E+00  0.489035017215E+00  0.000000000000E+00  0.465237698331E+00  0.473759127176E+00  0.495364848064E+00  0.490293257191E+00
  0.486276632093E+00  0.445850265191E+00  0.464356446519E+00  0.496127940578E+00  0.443891909404E+00  0.486928147025E+00  0.497248366859E+00
  0.496055083747E+00  0.467740399690E+00  0.488187228171E+00  0.495089980244E+00
  0.999990300362E+00  0.102982970104E+01  0.999990762612E+00  0.104241436388E+01  0.101187663318E+01  0.102516400612E+01  0.999991420552E+00
  0.999992171067E+00  0.103882325429E+01  0.100825795511E+01  0.101253536096E+01  0.100301645575E+01  0.102705594255E+01  0.100604114309E+01
  0.100244532432E+01  0.100354817652E+01  0.999992724186E+00  0.103209991946E+01  0.100459425771E+01  0.100178625606E+01  0.100260326526E+01
  0.100234745937E+01  0.101657167924E+01  0.100620610961E+01  0.100168369530E+01  0.104025009063E+01  0.100303477791E+01  0.100118721261E+01
  0.100134451878E+01  0.100976460100E+01  0.100405634212E+01  0.100176433139E+01
  0.610153391820E-02  0.306711858868E-01  0.698584992876E-02  0.492857758811E-01  0.346805536188E-02  0.587151777832E-01  0.512289201149E-02
  0.170640720101E-02  0.582842780152E-01 -0.165054467647E-02  0.389906000109E-02 -0.702002164674E-02  0.329305335702E-02 -0.389683909944E-02
 -0.933434772788E-02 -0.931170590094E-02  0.308617719868E-02  0.385701458515E-01 -0.515909099152E-02 -0.339889515625E-01 -0.121371204139E-01
 -0.812749111206E-02  0.186500245427E-02 -0.443773612056E-02 -0.351928729952E-01  0.248749972728E-01 -0.633196295222E-02 -0.387897395309E-01
 -0.342339421250E-01 -0.361050606824E-02 -0.697182730551E-02 -0.321740894254E-01
  0.239164128189E-03  0.444680434935E-02  0.331486044864E-03  0.629816442052E-02  0.164997351937E-03  0.888267045341E-02  0.361563016787E-03
  0.321565326104E-03  0.868187160352E-02 -0.782731197959E-03  0.347017306389E-03 -0.148150281750E-02 -0.972022848193E-04 -0.114291693074E-02
 -0.182990689531E-02 -0.204929423797E-02  0.284324328341E-03  0.601356747191E-02 -0.103425456814E-02 -0.697980049276E-02 -0.240658095055E-02
 -0.155620785897E-02 -0.207858742336E-03 -0.851582834510E-03 -0.736818459439E-02  0.306389465727E-02 -0.124812989540E-02 -0.814890128105E-02
 -0.716222997257E-02 -0.904834789302E-03 -0.148505705323E-02 -0.669252894303E-02
  0.405779426177E-03  0.128360292053E-03  0.546846003510E-03  0.125043766359E-02  0.147417936459E-03  0.606823260713E-03  0.467455816051E-03
 -0.174822357879E-03 -0.333560001950E-04 -0.133095080955E-04  0.128401767506E-03  0.133218589526E-03 -0.140700428804E-03  0.251321789702E-04
 -0.495568497960E-04 -0.287388572000E-05 -0.245065371106E-03 -0.794295462973E-03  0.152877520751E-04  0.332337281293E-05 -0.320394798640E-04
 -0.381186211236E-04 -0.165838341142E-04 -0.137116118540E-03  0.897652898866E-04 -0.102528488354E-03 -0.785924041073E-04 -0.171178665187E-04
 -0.755985509509E-04 -0.219885831222E-04 -0.801488680066E-05  0.655033530272E-05
 -0.147377686390E-02 -0.134235192396E-02 -0.160724904230E-02 -0.707139920744E-05  0.142132333488E-02  0.153436090866E-02 -0.900190070898E-03
 -0.786742752353E-03  0.108761913857E-02  0.155250127536E-02  0.289698899364E-02  0.159524349937E-02  0.319791088082E-02  0.148292123610E-02
  0.109570566591E-02  0.128776178184E-02 -0.609691717252E-03  0.917046108645E-03  0.183403615556E-02  0.461713580095E-03  0.101750351766E-02
  0.121229286998E-02  0.217945527908E-02  0.148789803102E-02  0.443252605911E-03  0.112544143474E-02  0.111203972837E-02  0.419579597187E-03
  0.501322143082E-03  0.168657857214E-02  0.113913636528E-02  0.491880271401E-03
 -0.487357669701E-02 -0.126323826782E-01 -0.665721490388E-02 -0.197255432865E-01 -0.144221178018E-02 -0.243725442572E-01  0.325653428172E-03
  0.104281894734E-02 -0.242213095892E-01  0.663953023831E-03 -0.170479103676E-02  0.274455747221E-02 -0.142040892460E-02  0.153552563149E-02
  0.372785057833E-02  0.375553463649E-02 -0.101638817668E-02 -0.161248609612E-01  0.191184885763E-02  0.141100283451E-01  0.490174921495E-02
  0.321433462413E-02 -0.897380629731E-03  0.158968336951E-02  0.146361599713E-01 -0.101408538580E-01  0.246930591391E-02  0.161792887239E-01
  0.142460699578E-01  0.131302142762E-02  0.277003412922E-02  0.133539889641E-01
        12        19        11        11
        11         5        12        12
        10        14         5         5
        19        13        11        11
        19        24        13        13
        30        23        24        24
        19        12        22        22
        28        22        21        21
        11        13         6         6
         7         6         9         9
        15        12        14        14
        18        13        23        23
        15        25        21        21
        27        19        22        22
        18         8         9         9
        27        31        24        24
         4        11         6         6
         5        14        12        12
         4         2         5         5
        21        12        15        15
        14        16        15        15
        24        19        27        27
        22        29        27        27
        23        26        18        18
        17         8        18        18
         5        11         4         4
         6         3         4         4
        26        23        30        30
         5         2        10        10
        16        14        10        10
         3         6         7         7
        21        25        28        28
        29        22        28        28
         6        13         9         9
         2         4         1         1
        31        27        32        32
        25        15        20        20
        24        23        13        13
         8         7         9         9
        13        18         9         9
        31        30        24        24
        12        21        22        22
        29        32        27        27
         3         1         4         4
        26        17        18        18
        16        20        15        15
zone t="boundary 2 bc-2", solutiontime= 0.1000000E+03, strandid=1002, i=33, j=48, f=feblock
  0.500195253374E+01  0.375034811161E+01  0.249861146299E+01  0.288036674177E+01  0.124717526933E+01  0.190856698521E+01  0.326577190273E+01
  0.201394856120E+01 -0.338395986572E-02  0.962374249381E+00  0.500000000000E+01  0.403430190008E+01  0.423029563807E+01  0.500000000000E+01
  0.385439188940E+01  0.500000000000E+01  0.398133433176E+01  0.315200081417E+01  0.266958028869E+01  0.154798029824E+01  0.218327860466E+01
  0.893688440338E+00  0.000000000000E+00  0.699009761768E+00  0.964460899052E+00  0.310303671659E+01  0.000000000000E+00  0.000000000000E+00
  0.125000000000E+01  0.500000000000E+01  0.375000000000E+01  0.250000000000E+01  0.000000000000E+00
 -0.249658903664E+01 -0.249658903664E+01 -0.249658903664E+01 -0.249658903664E+01 -0.249658903664E+01 -0.249658903664E+01 -0.249658903664E+01
 -0.249658903664E+01 -0.249658903664E+01 -0.249658903664E+01 -0.249658903664E+01 -0.249658903664E+01 -0.249658903664E+01 -0.249658903664E+01
 -0.249658903664E+01 -0.249658903664E+01 -0.249658903664E+01 -0.249658903664E+01 -0.249658903664E+01 -0.249658903664E+01 -0.249658903664E+01
 -0.249658903664E+01 -0.249658903664E+01 -0.249658903664E+01 -0.249658903664E+01 -0.249658903664E+01 -0.249658903664E+01 -0.249658903664E+01
 -0.249658903664E+01 -0.249658903664E+01 -0.249658903664E+01 -0.249658903664E+01 -0.249658903664E+01
  0.108225889030E-03  0.145875369682E-03  0.100893326425E-03  0.901663374396E+00  0.110858761917E-03  0.714928318829E+00  0.188140648011E+01
  0.175892165504E+01  0.810725962649E-04  0.957504300331E+00  0.125000000000E+01  0.100596698996E+01  0.191313519089E+01  0.250000000000E+01
  0.292898096716E+01  0.375000000000E+01  0.406883369524E+01  0.363389289944E+01  0.284756860985E+01  0.292582308120E+01  0.395754054931E+01
  0.205027256979E+01  0.125000000000E+01  0.306703272692E+01  0.397155766662E+01  0.433068622168E+01  0.250000000000E+01  0.375000000000E+01
  0.500000000000E+01  0.500000000000E+01  0.500000000000E+01  0.500000000000E+01  0.500000000000E+01
  0.000000000000E+00  0.000000000000E+00  0.000000000000E+00  0.380534933893E+00  0.000000000000E+00  0.343213081171E+00  0.585244496925E+00
  0.579499344205E+00  0.000000000000E+00  0.500959578913E+00  0.508769460148E+00  0.434312419771E+00  0.572817919451E+00  0.537160208080E+00
  0.569105645782E+00  0.515014970171E+00  0.508256765061E+00  0.527354036988E+00  0.567656182489E+00  0.531857069084E+00  0.506013391179E+00
  0.521044573739E+00  0.443891909404E+00  0.490703078146E+00  0.492147926412E+00  0.501388000320E+00  0.467740399690E+00  0.488187228171E+00
  0.489959820989E+00  0.491323935798E+00  0.486019442841E+00  0.489980976742E+00  0.495089980244E+00
  0.999993488485E+00  0.999993690942E+00  0.999993544242E+00  0.989596674085E+00  0.999993139053E+00  0.985604091028E+00  0.989839488847E+00
  0.991730617690E+00  0.999992724186E+00  0.984220387528E+00  0.985139981863E+00  0.984817712566E+00  0.990066477090E+00  0.100292374828E+01
  0.999857731400E+00  0.100487268684E+01  0.100122724769E+01  0.100056983810E+01  0.997888256964E+00  0.100350942201E+01  0.100059365414E+01
  0.101090707434E+01  0.104025009063E+01  0.100327959733E+01  0.100254952730E+01  0.100046804572E+01  0.100976460100E+01  0.100405634212E+01
  0.100192626091E+01  0.100045827286E+01  0.100058947226E+01  0.100110091494E+01  0.100176433139E+01
 -0.252333582506E-02 -0.197864120871E-02 -0.121497314584E-02  0.238853220428E-01  0.241590939291E-02  0.783268162004E-01 -0.513312467367E-02
  0.944453587546E-03  0.308617719868E-02  0.364108358808E-01 -0.659581546823E-02 -0.762597877979E-02 -0.517722059127E-02 -0.442581891474E-02
 -0.325449915596E-02 -0.297029835005E-02 -0.218698745898E-02 -0.253112061555E-02 -0.418854213450E-02 -0.501218270025E-02 -0.329382191688E-02
  0.131127852165E-02  0.248749972728E-01 -0.338766038049E-02 -0.609030471757E-02 -0.396544913447E-02 -0.361050606824E-02 -0.697182730551E-02
 -0.289404528997E-01 -0.345715285704E-02 -0.132328523778E-01 -0.254274543652E-01 -0.321740894254E-01
  0.688028145449E-03 -0.192355326560E-03  0.185875039188E-04  0.410471406613E-02 -0.447498148838E-03  0.973216296303E-02 -0.192655435546E-04
 -0.387640994195E-03  0.284324328341E-03  0.429768774848E-02  0.149337657542E-02  0.513131470937E-04  0.758734357287E-03  0.113154818132E-02
  0.753319968080E-03  0.696469730275E-03  0.834278445946E-03  0.695249673269E-03  0.256066181005E-03 -0.423706063776E-03  0.298550460153E-03
 -0.360595914947E-03  0.306389465727E-02 -0.229990124991E-03 -0.701350906307E-03  0.411857540523E-03 -0.904834789302E-03 -0.148505705323E-02
 -0.520611397482E-02  0.174304451183E-03 -0.132948316671E-02 -0.395289881006E-02 -0.669252894303E-02
 -0.155434499040E-03  0.411055598707E-04  0.241689305170E-03  0.557939771291E-03  0.128343733947E-03  0.973155201838E-03 -0.760837374281E-04
  0.866365811148E-05 -0.245065371106E-03  0.373114311576E-03 -0.884431448110E-04 -0.284831626316E-03  0.530018083309E-05  0.835705582131E-05
  0.687474797346E-05 -0.133553808114E-04  0.162100283219E-05 -0.712191533522E-05  0.115761494477E-04  0.276301457451E-04 -0.169170550370E-04
  0.289621880579E-04 -0.102528488354E-03  0.546297942306E-05 -0.265872491599E-05 -0.591930964258E-05 -0.219885831222E-04 -0.801488680066E-05
 -0.261259403141E-05 -0.238085019901E-05  0.519196423239E-06  0.173591047909E-05  0.655033530272E-05
 -0.198503887228E-03 -0.204912241265E-03 -0.309699070727E-03  0.103434608892E-02 -0.716700905485E-03  0.224471582994E-03  0.156040938180E-02
  0.208733854839E-02 -0.609691717252E-03  0.980936033276E-03  0.298714259867E-03  0.109204344720E-02  0.626926073891E-03  0.283385432908E-03
  0.647064218081E-03  0.236880308475E-03  0.629197927594E-03  0.888685171048E-03  0.105436240248E-02  0.109586384930E-02  0.102609203375E-02
  0.165912948402E-02  0.112544143474E-02  0.116603969970E-02  0.102767837796E-02  0.887067741148E-03  0.168657857214E-02  0.113913636528E-02
  0.691404703385E-03  0.368585262828E-03  0.801811152661E-03  0.869631360169E-03  0.491880271401E-03
  0.718487979444E-03  0.197867305728E-02  0.342998193998E-02 -0.108857990307E-01  0.409124705032E-02 -0.335482573556E-01  0.152395831331E-02
 -0.485250671048E-03 -0.101638817668E-02 -0.150872666011E-01  0.142562765033E-02  0.231553757073E-02  0.127174642362E-02  0.848611156905E-03
  0.635908744911E-03  0.600620158107E-03  0.300602606056E-03  0.460771414958E-03  0.114876266466E-02  0.170371528017E-02  0.880454695849E-03
 -0.598125345805E-03 -0.101408538580E-01  0.109204545577E-02  0.222198793088E-02  0.108191940239E-02  0.131302142762E-02  0.277003412922E-02
  0.117586375269E-01  0.104483185721E-02  0.496567217090E-02  0.101101669041E-01  0.133539889641E-01
        15         7        19        19
         8        20        19        19
        18        19        21        21
         7         4         8         8
         3         6         4         4
        19         7         8         8
        19        18        15        15
        14        13        15        15
         8        22        20        20
        27        24        22        22
        19        20        21        21
        32        26        21        21
        17        18        26        26
        17        16        15        15
        25        29        21        21
        12         7        13        13
        10         8         6         6
        25        20        24        24
         4         6         8         8
        12         2         4         4
        10        23        22        22
        26        31        17        17
        30        16        17        17
         4         7        12        12
        13        11        12        12
        21        20        25        25
        24        28        25        25
        22         8        10        10
         6         5        10        10
        31        26        32        32
         4         2         3         3
         5         6         3         3
        11        13        14        14
        22        23        27        27
        28        24        27        27
        15        13         7         7
         2        12         1         1
        29        25        33        33
        23        10         9         9
        21        26        18        18
        16        14        15        15
        18        17        15        15
        29        32        21        21
        22        24        20        20
        28        33        25        25
        11         1        12        12
        31        30        17        17
         5         9        10        10
zone t="boundary 3 bc-3", solutiontime= 0.1000000E+03, strandid=1003, i=33, j=48, f=feblock
  0.375059096892E+01  0.249769609313E+01  0.500322133174E+01  0.403612218725E+01  0.287976772365E+01  0.124541910518E+01  0.190552237404E+01
  0.500000000000E+01  0.326671104552E+01  0.423253755448E+01  0.201271136506E+01 -0.547468544169E-02  0.958895643487E+00  0.500000000000E+01
  0.266968147299E+01  0.385584487271E+01  0.890374214836E+00  0.154654013699E+01  0.000000000000E+00  0.500000000000E+01  0.315261136744E+01
  0.218304199515E+01  0.398195307895E+01  0.000000000000E+00  0.697379952124E+00  0.963757277315E+00  0.125000000000E+01  0.000000000000E+00
  0.500000000000E+01  0.310330738524E+01  0.250000000000E+01  0.375000000000E+01  0.000000000000E+00
  0.250494197117E+01  0.250494197117E+01  0.250494197117E+01  0.250494197117E+01  0.250494197117E+01  0.250494197117E+01  0.250494197117E+01
  0.250494197117E+01  0.250494197117E+01  0.250494197117E+01  0.250494197117E+01  0.250494197117E+01  0.250494197117E+01  0.250494197117E+01
  0.250494197117E+01  0.250494197117E+01  0.250494197117E+01  0.250494197117E+01  0.250494197117E+01  0.250494197117E+01  0.250494197117E+01
  0.250494197117E+01  0.250494197117E+01  0.250494197117E+01  0.250494197117E+01  0.250494197117E+01  0.250494197117E+01  0.250494197117E+01
  0.250494197117E+01  0.250494197117E+01  0.250494197117E+01  0.250494197117E+01  0.250494197117E+01
  0.135649900494E-03  0.110129816467E-03  0.966887303890E-04  0.101756752009E+01  0.908094589218E+00  0.103942505801E-03  0.722629083213E+00
  0.125000000000E+01  0.188965661746E+01  0.191862696980E+01  0.176708239098E+01  0.803813859866E-04  0.969652551954E+00  0.250000000000E+01
  0.285339433501E+01  0.293325058812E+01  0.205656223819E+01  0.293157016932E+01  0.125000000000E+01  0.375000000000E+01  0.363766838842E+01
  0.396069444983E+01  0.407056385475E+01  0.250000000000E+01  0.307031995245E+01  0.397359820314E+01  0.500000000000E+01  0.375000000000E+01
  0.500000000000E+01  0.433260781310E+01  0.500000000000E+01  0.500000000000E+01  0.500000000000E+01
  0.000000000000E+00  0.000000000000E+00  0.000000000000E+00  0.444961626928E+00  0.402838316190E+00  0.000000000000E+00  0.379029001549E+00
  0.508827846411E+00  0.575719767468E+00  0.573484231916E+00  0.562571091033E+00  0.000000000000E+00  0.491643474339E+00  0.534340493553E+00
  0.556353506125E+00  0.564141623675E+00  0.522489639030E+00  0.521815314100E+00  0.440672136512E+00  0.517132480923E+00  0.524064820256E+00
  0.503612613683E+00  0.509416634110E+00  0.469886789982E+00  0.495646532245E+00  0.494503101969E+00  0.488630053423E+00  0.489035017215E+00
  0.492985464012E+00  0.498953669977E+00  0.486505314975E+00  0.484610387305E+00  0.495364848064E+00
  0.999989345567E+00  0.999989414891E+00  0.999989632591E+00  0.981375695393E+00  0.988672653297E+00  0.999989832933E+00  0.982271891095E+00
  0.984075644303E+00  0.990406052732E+00  0.990320090376E+00  0.994390331428E+00  0.999990300362E+00  0.988743428079E+00  0.100365390733E+01
  0.999774597300E+00  0.100117529834E+01  0.100830077599E+01  0.100251293722E+01  0.102982970104E+01  0.100442054131E+01  0.100199281310E+01
  0.100081994749E+01  0.100137956774E+01  0.100825795511E+01  0.100297377722E+01  0.100191712118E+01  0.100214790177E+01  0.100354817652E+01
  0.100047567419E+01  0.100056574043E+01  0.100126719373E+01  0.100066769089E+01  0.100178625606E+01
 -0.170723225969E-02  0.132172718833E-02 -0.282328329361E-02  0.156134922907E-01  0.610942240625E-01  0.384271072327E-02  0.607930071027E-01
 -0.967055855184E-02 -0.492482236441E-02 -0.609311708029E-02  0.101011555966E-01  0.610153391820E-02  0.411685356496E-01 -0.462869996938E-02
 -0.535323147831E-02 -0.380366901426E-02  0.118000034686E-02 -0.517345910057E-02  0.306711858868E-01 -0.315228444728E-02 -0.230376906535E-02
 -0.315324424889E-02 -0.240376397500E-02 -0.165054467647E-02 -0.450985770164E-02 -0.833746591328E-02 -0.256271864615E-01 -0.931170590094E-02
 -0.298777275439E-02 -0.367491673822E-02 -0.239604560231E-01 -0.130002379152E-01 -0.339889515625E-01
 -0.395669708033E-03 -0.383871386418E-03  0.702898252019E-03  0.442172866681E-02  0.844000087131E-02 -0.799533683675E-03  0.752211232674E-02
  0.158579115099E-02 -0.848301014711E-04  0.835621440679E-03  0.183762978737E-03  0.239164128189E-03  0.310119291227E-02  0.121108714489E-02
 -0.765078316780E-04  0.632467909680E-03 -0.114702225127E-02 -0.543322739202E-03  0.444680434935E-02  0.772815531689E-03  0.668153230056E-03
  0.362375864422E-03  0.780437625744E-03 -0.782731197959E-03 -0.105761231451E-02 -0.104820505807E-02 -0.454572850857E-02 -0.204929423797E-02
  0.271660825249E-03  0.430125614875E-03 -0.371615664137E-02 -0.129195914288E-02 -0.697980049276E-02
 -0.747208605518E-04  0.397366283451E-04  0.956474598182E-04 -0.296423315323E-03 -0.858364614280E-03  0.335333096378E-03 -0.127418066277E-04
  0.190592527460E-05 -0.958258530412E-04  0.160414566512E-04 -0.808026324261E-04  0.405779426177E-03  0.465400146144E-03  0.352454159688E-04
 -0.404173774180E-05  0.485501094599E-05 -0.158969402842E-03 -0.597034402137E-04  0.128360292053E-03  0.197178088518E-04  0.966503038979E-05
  0.428271668561E-04  0.767059513186E-06 -0.133095080955E-04 -0.361642541272E-04  0.121931192011E-04  0.171305141835E-04 -0.287388572000E-05
  0.691969722839E-05 -0.250003536306E-06  0.391657815149E-05 -0.101187719321E-05  0.332337281293E-05
 -0.462461037334E-03 -0.866028513817E-03 -0.242265427020E-03  0.654616673350E-03  0.104388186592E-02 -0.834700821144E-03  0.330816740897E-03
  0.374310525880E-03  0.191563186302E-02  0.929862799200E-03  0.277658798226E-02 -0.147377686390E-02  0.912533606645E-03  0.371746192995E-03
  0.986788456215E-03  0.826393703917E-03  0.233938286014E-02  0.105032387237E-02 -0.134235192396E-02  0.329622539310E-03  0.949439620639E-03
  0.981561185668E-03  0.710110814398E-03  0.155250127536E-02  0.151224821377E-02  0.101246036747E-02  0.727932792269E-03  0.128776178184E-02
  0.350570161786E-03  0.922700425636E-03  0.882455269100E-03  0.804721754966E-03  0.461713580095E-03
  0.706435092360E-02  0.301233073871E-02  0.132758293210E-02 -0.812451721548E-02 -0.264527790093E-01  0.190748042533E-03 -0.255316862600E-01
  0.246327860251E-02  0.152875043861E-02  0.157352670111E-02 -0.394572845546E-02 -0.487357669701E-02 -0.162207494365E-01  0.871185326555E-03
  0.169072066478E-02  0.862167232889E-03 -0.353484558379E-03  0.179120939503E-02 -0.126323826782E-01  0.618641421877E-03  0.381158678609E-03
  0.812882254554E-03  0.391898078415E-03  0.663953023831E-03  0.165153277404E-02  0.313677989186E-02  0.103608075605E-01  0.375553463649E-02
  0.846696585520E-03  0.970907575030E-03  0.950772485688E-02  0.486678832140E-02  0.141100283451E-01
        15         9        16        16
        15        18        11        11
        22        15        21        21
        11         5         9         9
         5         7         2         2
        11         9        15        15
        16        21        15        15
        16        10        14        14
        18        17        11        11
        17        25        24        24
        22        18        15        15
        22        30        31        31
        30        21        23        23
        16        20        23        23
        22        27        26        26
        10         9         4         4
         7        11        13        13
        25        18        26        26
        11         7         5         5
         5         1         4         4
        17        19        13        13
        23        32        30        30
        23        20        29        29
         4         9         5         5
         4         8        10        10
        26        18        22        22
        26        28        25        25
        13        11        17        17
        13         6         7         7
        31        30        32        32
         2         1         5         5
         2         7         6         6
        14        10         8         8
        24        19        17        17
        24        25        28        28
         9        10        16        16
         3         4         1         1
        33        26        27        27
        12        13        19        19
        21        30        22        22
        16        14        20        20
        16        23        21        21
        22        31        27        27
        18        25        17        17
        26        33        28        28
         4         3         8         8
        23        29        32        32
        13        12         6         6
zone t="boundary 4 bc-4", solutiontime= 0.1000000E+03, strandid=1004, i=32, j=46, f=feblock
  0.125000000000E+01  0.219251206392E+01  0.103724302461E+01  0.500000000000E+01  0.250000000000E+01  0.375000000000E+01  0.404200324774E+01
  0.500000000000E+01  0.000000000000E+00  0.310152362409E+01  0.202479342020E+01  0.324151231464E+01  0.922061490191E+00  0.000000000000E+00
  0.299062775774E+01  0.394624082883E+01  0.500000000000E+01  0.409252726285E+01  0.500000000000E+01  0.429310310915E+01  0.175434191980E+01
  0.284428995242E+01  0.000000000000E+00  0.000000000000E+00  0.715990576545E+00  0.930412228790E+00  0.125000000000E+01  0.187029682677E+01
  0.500000000000E+01  0.375000000000E+01  0.250000000000E+01  0.000000000000E+00
  0.250494197117E+01  0.157686156160E+01  0.146289271009E+01  0.250494197117E+01  0.250494197117E+01  0.250494197117E+01  0.155830813274E+01
  0.125000000000E+01  0.250494197117E+01  0.177790177481E+01  0.477386199275E+00  0.742988685424E+00  0.308372018325E+00  0.125000000000E+01
 -0.487811078581E+00 -0.144524380962E+01 -0.125000000000E+01 -0.345533899378E+00  0.000000000000E+00  0.627766083140E+00 -0.739814786992E+00
 -0.158811787973E+01  0.000000000000E+00 -0.125000000000E+01 -0.600232012419E+00 -0.154800130438E+01 -0.249658903664E+01 -0.178862290564E+01
 -0.249658903664E+01 -0.249658903664E+01 -0.249658903664E+01 -0.249658903664E+01
  0.500000000000E+01  0.500000000000E+01  0.500000000000E+01  0.500000000000E+01  0.500000000000E+01  0.500000000000E+01  0.500000000000E+01
  0.500000000000E+01  0.500000000000E+01  0.500000000000E+01  0.500000000000E+01  0.500000000000E+01  0.500000000000E+01  0.500000000000E+01
  0.500000000000E+01  0.500000000000E+01  0.500000000000E+01  0.500000000000E+01  0.500000000000E+01  0.500000000000E+01  0.500000000000E+01
  0.500000000000E+01  0.500000000000E+01  0.500000000000E+01  0.500000000000E+01  0.500000000000E+01  0.500000000000E+01  0.500000000000E+01
  0.500000000000E+01  0.500000000000E+01  0.500000000000E+01  0.500000000000E+01
  0.488630053423E+00  0.488907200673E+00  0.490613524454E+00  0.492985464012E+00  0.486505314975E+00  0.484610387305E+00  0.485346346417E+00
  0.494164094826E+00  0.495364848064E+00  0.486544301825E+00  0.487826539497E+00  0.487053944491E+00  0.494057895498E+00  0.496127940578E+00
  0.487590739712E+00  0.483169495133E+00  0.492384717662E+00  0.487198320547E+00  0.494738341209E+00  0.487947262281E+00  0.489650836219E+00
  0.487975047811E+00  0.497248366859E+00  0.496055083747E+00  0.494947818077E+00  0.492777844524E+00  0.489959820989E+00  0.489963118744E+00
  0.491323935798E+00  0.486019442841E+00  0.489980976742E+00  0.495089980244E+00
  0.100214790177E+01  0.100152376261E+01  0.100177920363E+01  0.100047567419E+01  0.100126719373E+01  0.100066769089E+01  0.100025509248E+01
  0.100050308878E+01  0.100178625606E+01  0.100112381228E+01  0.100132857256E+01  0.100072299640E+01  0.100164084009E+01  0.100168369530E+01
  0.100096380429E+01  0.100001109262E+01  0.100083219162E+01  0.100022379580E+01  0.100062130449E+01  0.100023379273E+01  0.100174737467E+01
  0.100099023681E+01  0.100118721261E+01  0.100134451878E+01  0.100132726122E+01  0.100179980273E+01  0.100192626091E+01  0.100163810987E+01
  0.100045827286E+01  0.100058947226E+01  0.100110091494E+01  0.100176433139E+01
 -0.256271864615E-01 -0.248616924966E-01 -0.255332045623E-01 -0.298777275439E-02 -0.239604560231E-01 -0.130002379152E-01 -0.903692844466E-02
 -0.297370239388E-02 -0.339889515625E-01 -0.199259287236E-01 -0.267230631783E-01 -0.187274046674E-01 -0.311279693432E-01 -0.351928729952E-01
 -0.211067175102E-01 -0.870267548460E-02 -0.336880998137E-02 -0.110817876242E-01 -0.276193312170E-02 -0.110701830389E-01 -0.328886910615E-01
 -0.198636619676E-01 -0.387897395309E-01 -0.342339421250E-01 -0.360620980426E-01 -0.289202100559E-01 -0.289404528997E-01 -0.306042942856E-01
 -0.345715285704E-02 -0.132328523778E-01 -0.254274543652E-01 -0.321740894254E-01
 -0.454572850857E-02 -0.403939658001E-02 -0.458763859442E-02  0.271660825249E-03 -0.371615664137E-02 -0.129195914288E-02 -0.576919375518E-03
  0.208665928960E-03 -0.697980049276E-02 -0.273160858767E-02 -0.438428768185E-02 -0.246445615362E-02 -0.567900959022E-02 -0.736818459439E-02
 -0.297098733826E-02 -0.529081830807E-03  0.214572442956E-03 -0.972632822792E-03  0.214784260151E-03 -0.982363593690E-03 -0.569174862871E-02
 -0.271709411831E-02 -0.814890128105E-02 -0.716222997257E-02 -0.685046393737E-02 -0.536675546966E-02 -0.520611397482E-02 -0.521038369235E-02
  0.174304451183E-03 -0.132948316671E-02 -0.395289881006E-02 -0.669252894303E-02
  0.171305141835E-04  0.443104924360E-04  0.495685736208E-04  0.691969722839E-05  0.391657815149E-05 -0.101187719321E-05  0.107333122635E-04
 -0.168614425338E-04  0.332337281293E-05  0.226200046920E-04  0.485283194261E-04  0.116422348126E-04  0.672099999611E-04  0.897652898866E-04
 -0.316624421874E-04 -0.358052152233E-04 -0.988559991337E-05 -0.538621809016E-04 -0.816759263638E-06 -0.147897706291E-04 -0.346088032751E-04
 -0.262879328606E-04 -0.171178665187E-04 -0.755985509509E-04 -0.372097482299E-04 -0.796063368414E-04 -0.261259403141E-05 -0.774417007140E-04
 -0.238085019901E-05  0.519196423239E-06  0.173591047909E-05  0.655033530272E-05
  0.727932792269E-03  0.871873203596E-03  0.696060392787E-03  0.350570161786E-03  0.882455269100E-03  0.804721754966E-03  0.727827843783E-03
  0.318418986445E-03  0.461713580095E-03  0.897641659819E-03  0.850024363696E-03  0.905520002339E-03  0.670659435176E-03  0.443252605911E-03
  0.892070937427E-03  0.734091327156E-03  0.352189685677E-03  0.737349984684E-03  0.298646866188E-03  0.675910251325E-03  0.800980667450E-03
  0.902643321548E-03  0.419579597187E-03  0.501322143082E-03  0.569970885154E-03  0.660098251064E-03  0.691404703385E-03  0.789715269098E-03
  0.368585262828E-03  0.801811152661E-03  0.869631360169E-03  0.491880271401E-03
  0.103608075605E-01  0.991801660121E-02  0.103610200962E-01  0.846696585520E-03  0.950772485688E-02  0.486678832140E-02  0.323271150193E-02
  0.870604766537E-03  0.141100283451E-01  0.777147331588E-02  0.106977645810E-01  0.726759634616E-02  0.127025225928E-01  0.146361599713E-01
  0.827183445791E-02  0.309842612792E-02  0.998138293242E-03  0.409517059561E-02  0.796918143558E-03  0.411193468062E-02  0.132995369632E-01
  0.774613311589E-02  0.161792887239E-01  0.142460699578E-01  0.148348706216E-01  0.118081103086E-01  0.117586375269E-01  0.123456973016E-01
  0.104483185721E-02  0.496567217090E-02  0.101101669041E-01  0.133539889641E-01
        12        15        11        11
        11         2        12        12
         5        10         2         2
        15        21        11        11
        15        22        21        21
        31        28        22        22
        15        12        18        18
        19        18        20        20
        11        21        13        13
        23        13        25        25
         7        12        10        10
        26        21        28        28
         7         8        20        20
        16        15        18        18
        26        24        25        25
        16        30        22        22
         3        11        13        13
         2        10        12        12
         3         1         2         2
        20        12         7         7
        10         6         7         7
        22        15        16        16
        18        17        16        16
        28        27        26        26
        32        24        26        26
         2        11         3         3
        13        14         3         3
        27        28        31        31
         2         1         5         5
         6        10         5         5
        14        13        23        23
        20         8        19        19
        17        18        19        19
        13        21        25        25
         1         3         9         9
        30        16        29        29
         8         7         4         4
        22        28        21        21
        24        23        25        25
        21        26        25        25
        30        31        22        22
        12        20        18        18
        17        29        16        16
        14         9         3         3
        27        32        26        26
         6         4         7         7
zone t="boundary 5 bc-5", solutiontime= 0.1000000E+03, strandid=1005, i=33, j=48, f=feblock
  0.500322133174E+01  0.500467668798E+01  0.500000000000E+01  0.500000000000E+01  0.500477267378E+01  0.500000000000E+01  0.500000000000E+01
  0.500000000000E+01  0.500000000000E+01  0.500000000000E+01  0.500358118334E+01  0.500000000000E+01  0.500000000000E+01  0.500000000000E+01
  0.500000000000E+01  0.500000000000E+01  0.500000000000E+01  0.500195253374E+01  0.500000000000E+01  0.500000000000E+01  0.500000000000E+01
  0.500000000000E+01  0.500000000000E+01  0.500000000000E+01  0.500000000000E+01  0.500000000000E+01  0.500000000000E+01  0.500000000000E+01
  0.500000000000E+01  0.500000000000E+01  0.500000000000E+01  0.500000000000E+01  0.500000000000E+01
  0.250494197117E+01  0.128129120217E+01  0.250494197117E+01  0.157899473280E+01  0.277507990648E-01  0.659350882208E+00  0.250494197117E+01
  0.173899611320E+01  0.825621401394E+00  0.132549389334E+01 -0.122585350888E+01 -0.322732261638E+00  0.250494197117E+01  0.490615021923E-01
 -0.873141960959E+00  0.350800286361E+00  0.145332269920E+01 -0.249658903664E+01 -0.147959633950E+01  0.250494197117E+01 -0.857924212153E+00
 -0.165007033378E+01  0.518568023061E+00 -0.461282870254E+00  0.125000000000E+01 -0.249658903664E+01 -0.183684615440E+01 -0.158398995423E+01
 -0.249658903664E+01 -0.249658903664E+01 -0.125000000000E+01  0.000000000000E+00 -0.249658903664E+01
  0.966887303890E-04  0.163805301938E-03  0.125000000000E+01  0.905837536509E+00  0.190347800845E-03  0.735450417037E+00  0.250000000000E+01
  0.182727219356E+01  0.162230260845E+01  0.280856328277E+01  0.160776520449E-03  0.109945440014E+01  0.375000000000E+01  0.227317933631E+01
  0.189599568386E+01  0.342819755379E+01  0.403384942830E+01  0.108225889030E-03  0.104050588738E+01  0.500000000000E+01  0.297954017413E+01
  0.214587157439E+01  0.430969386006E+01  0.408642231822E+01  0.500000000000E+01  0.125000000000E+01  0.304506426164E+01  0.398205049073E+01
  0.250000000000E+01  0.375000000000E+01  0.500000000000E+01  0.500000000000E+01  0.500000000000E+01
  0.000000000000E+00  0.000000000000E+00  0.508827846411E+00  0.471714051848E+00  0.000000000000E+00  0.480427539773E+00  0.534340493553E+00
  0.535537181269E+00  0.535219537947E+00  0.540681012100E+00  0.000000000000E+00  0.510276830579E+00  0.517132480923E+00  0.539181781579E+00
  0.543201209005E+00  0.529267603254E+00  0.511012645008E+00  0.000000000000E+00  0.495819868155E+00  0.492985464012E+00  0.531223076876E+00
  0.533991239533E+00  0.505620734572E+00  0.512015593412E+00  0.494164094826E+00  0.508769460148E+00  0.529626510306E+00  0.511932467681E+00
  0.537160208080E+00  0.515014970171E+00  0.492384717662E+00  0.494738341209E+00  0.491323935798E+00
  0.999989632591E+00  0.999990284980E+00  0.984075644303E+00  0.976468617666E+00  0.999991493230E+00  0.959092259746E+00  0.100365390733E+01
  0.994405317219E+00  0.991224891127E+00  0.100354128419E+01  0.999992822645E+00  0.971628025376E+00  0.100442054131E+01  0.100529967660E+01
  0.997230119249E+00  0.100663320990E+01  0.100304945388E+01  0.999993488485E+00  0.973552032069E+00  0.100047567419E+01  0.100765947929E+01
  0.100131824273E+01  0.100314083241E+01  0.100384129727E+01  0.100050308878E+01  0.985139981863E+00  0.100599207340E+01  0.100389514535E+01
  0.100292374828E+01  0.100487268684E+01  0.100083219162E+01  0.100062130449E+01  0.100045827286E+01
 -0.282328329361E-02 -0.250634771204E-02 -0.967055855184E-02 -0.121505543219E-01 -0.326692854567E-02 -0.342539689289E-02 -0.462869996938E-02
 -0.619763646262E-02 -0.699056053496E-02 -0.401701917739E-02 -0.212832573032E-02 -0.548937115348E-02 -0.315228444728E-02 -0.487367538364E-02
 -0.543509206490E-02 -0.324792152385E-02 -0.252791908810E-02 -0.252333582506E-02 -0.439351456126E-02 -0.298777275439E-02 -0.379617181796E-02
 -0.510632239252E-02 -0.201157256169E-02 -0.221597503255E-02 -0.297370239388E-02 -0.659581546823E-02 -0.370469203549E-02 -0.242658971783E-02
 -0.442581891474E-02 -0.297029835005E-02 -0.336880998137E-02 -0.276193312170E-02 -0.345715285704E-02
  0.702898252019E-03  0.692553774978E-03  0.158579115099E-02  0.153287799058E-02  0.101872450707E-02  0.429379182308E-02  0.121108714489E-02
  0.160182507393E-02  0.177095337631E-02  0.110767609979E-02  0.802614526704E-03  0.280099383267E-02  0.772815531689E-03  0.126937912560E-02
  0.147265162217E-02  0.904045558299E-03  0.761710298470E-03  0.688028145449E-03  0.270039923185E-02  0.271660825249E-03  0.992682575342E-03
  0.131780291025E-02  0.668812749208E-03  0.779852818219E-03  0.208665928960E-03  0.149337657542E-02  0.917974959968E-03  0.772313036236E-03
  0.113154818132E-02  0.696469730275E-03  0.214572442956E-03  0.214784260151E-03  0.174304451183E-03
  0.956474598182E-04  0.168683876531E-03  0.190592527460E-05  0.346708406022E-03 -0.205591957917E-03  0.163047105324E-03  0.352454159688E-04
  0.147527283950E-03  0.733337595813E-04  0.185923349229E-04 -0.127106361465E-03 -0.499659703679E-03  0.197178088518E-04 -0.881561481402E-04
 -0.132028889856E-03  0.200478671449E-04  0.404593935498E-05 -0.155434499040E-03 -0.218915330885E-03  0.691969722839E-05 -0.475615055121E-04
 -0.130529413752E-03 -0.879509375993E-06 -0.422190905642E-05 -0.168614425338E-04 -0.884431448110E-04 -0.119698639447E-04 -0.339278001228E-04
  0.835705582131E-05 -0.133553808114E-04 -0.988559991337E-05 -0.816759263638E-06 -0.238085019901E-05
 -0.242265427020E-03 -0.406519756617E-03  0.374310525880E-03  0.255369800040E-03 -0.506892254885E-03 -0.359948317860E-03  0.371746192995E-03
  0.472152882817E-03  0.896836011301E-03  0.412123525558E-03 -0.336420212549E-03  0.169194064088E-03  0.329622539310E-03  0.379169972595E-03
  0.525533738266E-03  0.233870492804E-03  0.344566289839E-03 -0.198503887228E-03 -0.905507530986E-04  0.350570161786E-03  0.234310373852E-03
  0.381855712358E-03  0.236955381897E-03  0.282789130399E-03  0.318418986445E-03  0.298714259867E-03  0.202314345930E-03  0.264523342429E-03
  0.283385432908E-03  0.236880308475E-03  0.352189685677E-03  0.298646866188E-03  0.368585262828E-03
  0.132758293210E-02  0.436562663115E-02  0.246327860251E-02  0.340393490449E-02  0.396094663165E-02 -0.120433038023E-02  0.871185326555E-03
  0.121129812539E-02  0.143691290701E-02  0.725483766720E-03  0.362405383557E-02  0.297290479981E-03  0.618641421877E-03  0.906725183248E-03
  0.101581653997E-02  0.586647802023E-03  0.439280594636E-03  0.718487979444E-03  0.359856205810E-04  0.846696585520E-03  0.709994160530E-03
  0.976523575055E-03  0.314631551195E-03  0.332550389013E-03  0.870604766537E-03  0.142562765033E-02  0.718577019432E-03  0.408880165503E-03
  0.848611156905E-03  0.600620158107E-03  0.998138293242E-03  0.796918143558E-03  0.104483185721E-02
        12        15        14        14
        21        16        14        14
         9        14        10        10
        15        22        21        21
        29        27        22        22
        14        16        10        10
         7         8        10        10
        14        15        21        21
        14         9        12        12
         5        12         6         6
        21        24        16        16
        32        23        24        24
        28        21        27        27
        17        16        23        23
        28        31        24        24
        19        15        12        12
         4         2         6         6
         4         9         8         8
        10         8         9         9
        17        13        10        10
        19        26        22        22
        10        16        17        17
        23        25        17        17
        22        15        19        19
        12        11        19        19
        27        30        28        28
        33        31        28        28
         6         9         4         4
         8         3         4         4
        25        23        32        32
        10        13         7         7
         3         8         7         7
        30        27        29        29
         6         2         5         5
        11        12         5         5
        24        23        16        16
        13        17        20        20
        26        19        18        18
         2         4         1         1
        22        27        21        21
        31        32        24        24
        21        28        24        24
        26        29        22        22
         9         6        12        12
        11        18        19        19
        25        20        17        17
        30        33        28        28
         3         1         4         4
zone t="boundary 6 bc-6", solutiontime= 0.1000000E+03, strandid=1006, i=33, j=48, f=feblock
  0.375059096892E+01  0.249769609313E+01  0.500322133174E+01  0.403560203922E+01  0.280631115217E+01  0.124541910518E+01  0.182303273760E+01
  0.500467668798E+01  0.431322535535E+01  0.342786661481E+01  0.226876920017E+01  0.161701865931E+01 -0.547468544169E-02  0.900320961795E+00
  0.500477267378E+01  0.408884044540E+01  0.297791651125E+01  0.189186087594E+01  0.109435348063E+01  0.729840026748E+00 -0.567606031243E-02
  0.500358118334E+01  0.398317221069E+01  0.304409324138E+01  0.214319966288E+01  0.103661372330E+01 -0.525159244851E-02 -0.425776897977E-02
  0.500195253374E+01  0.375034811161E+01  0.249861146299E+01  0.124717526933E+01 -0.338395986572E-02
  0.250494197117E+01  0.250494197117E+01  0.250494197117E+01  0.148676003042E+01  0.135862937360E+01  0.250494197117E+01  0.177126519354E+01
  0.128129120217E+01  0.548913337634E+00  0.381390483997E+00  0.772369181920E-01  0.855320802494E+00  0.250494197117E+01  0.160897911228E+01
  0.277507990648E-01 -0.435104782594E+00 -0.833499148309E+00 -0.848131036561E+00 -0.296462201067E+00  0.687468474672E+00  0.127822156907E+01
 -0.122585350888E+01 -0.156121190484E+01 -0.181436122511E+01 -0.162712850922E+01 -0.145562642992E+01  0.261948602442E-01 -0.122573481164E+01
 -0.249658903664E+01 -0.249658903664E+01 -0.249658903664E+01 -0.249658903664E+01 -0.249658903664E+01
  0.135649900494E-03  0.110129816467E-03  0.966887303890E-04  0.171331286211E-03  0.194349216398E-03  0.103942505801E-03  0.183620288715E-03
  0.163805301938E-03  0.231300957359E-03  0.293695548343E-03  0.207230778309E-03  0.152981090497E-03  0.803813859866E-04  0.870414072766E-04
  0.190347800845E-03  0.271993329411E-03  0.224559693186E-03  0.167064550182E-03  0.126059023692E-03  0.104459864054E-03  0.822460170214E-04
  0.160776520449E-03  0.175711672037E-03  0.161700011242E-03  0.160617042523E-03  0.104718930153E-03  0.103872438719E-03  0.341545874231E-04
  0.108225889030E-03  0.145875369682E-03  0.100893326425E-03  0.110858761917E-03  0.810725962649E-04
  0.000000000000E+00  0.000000000000E+00  0.000000000000E+00  0.000000000000E+00  0.000000000000E+00  0.000000000000E+00  0.000000000000E+00
  0.000000000000E+00  0.000000000000E+00  0.000000000000E+00  0.000000000000E+00  0.000000000000E+00  0.000000000000E+00  0.000000000000E+00
  0.000000000000E+00  0.000000000000E+00  0.000000000000E+00  0.000000000000E+00  0.000000000000E+00  0.000000000000E+00  0.000000000000E+00
  0.000000000000E+00  0.000000000000E+00  0.000000000000E+00  0.000000000000E+00  0.000000000000E+00  0.000000000000E+00  0.000000000000E+00
  0.000000000000E+00  0.000000000000E+00  0.000000000000E+00  0.000000000000E+00  0.000000000000E+00
  0.999989345567E+00  0.999989414891E+00  0.999989632591E+00  0.999989603432E+00  0.999989623160E+00  0.999989832933E+00  0.999989802182E+00
  0.999990284980E+00  0.999990687105E+00  0.999990492890E+00  0.999991232882E+00  0.999990584619E+00  0.999990300362E+00  0.999990374872E+00
  0.999991493230E+00  0.999992142608E+00  0.999992690497E+00  0.999992319604E+00  0.999991647213E+00  0.999990921527E+00  0.999990762612E+00
  0.999992822645E+00  0.999993396492E+00  0.999993479934E+00  0.999993154372E+00  0.999992520805E+00  0.999991420552E+00  0.999992171067E+00
  0.999993488485E+00  0.999993690942E+00  0.999993544242E+00  0.999993139053E+00  0.999992724186E+00
 -0.170723225969E-02  0.132172718833E-02 -0.282328329361E-02 -0.239680510262E-02  0.306196572861E-03  0.384271072327E-02  0.159893064113E-02
 -0.250634771204E-02 -0.264886316378E-02 -0.108724319940E-02  0.621386579135E-03  0.147997960766E-02  0.610153391820E-02  0.420913000926E-02
 -0.326692854567E-02 -0.262212400620E-02 -0.243492496559E-03  0.143870654949E-02  0.147351971528E-02  0.351792220970E-02  0.698584992876E-02
 -0.212832573032E-02 -0.226077551346E-02 -0.195470429269E-03  0.990844043959E-04  0.199272573600E-02  0.512289201149E-02  0.170640720101E-02
 -0.252333582506E-02 -0.197864120871E-02 -0.121497314584E-02  0.241590939291E-02  0.308617719868E-02
 -0.395669708033E-03 -0.383871386418E-03  0.702898252019E-03 -0.371089727473E-03 -0.122311110934E-02 -0.799533683675E-03 -0.259534735291E-03
  0.692553774978E-03 -0.263933088568E-03 -0.856041499179E-03 -0.643926600636E-03 -0.485589543396E-03  0.239164128189E-03 -0.125821279479E-02
  0.101872450707E-02 -0.242678992978E-03 -0.769276960788E-03 -0.642820270565E-03 -0.788312648210E-03 -0.110545229470E-02  0.331486044864E-03
  0.802614526704E-03 -0.165690920800E-03 -0.685759962230E-03 -0.577711006624E-03 -0.661487422458E-03  0.361563016787E-03  0.321565326104E-03
  0.688028145449E-03 -0.192355326560E-03  0.185875039188E-04 -0.447498148838E-03  0.284324328341E-03
 -0.747208605518E-04  0.397366283451E-04  0.956474598182E-04 -0.164819432104E-03  0.336446957037E-04  0.335333096378E-03  0.127166163852E-03
  0.168683876531E-03  0.341564108332E-04 -0.379627547900E-07 -0.692486343128E-04  0.511733175568E-04  0.405779426177E-03  0.319383296694E-03
 -0.205591957917E-03 -0.271736581510E-03 -0.410737387063E-03 -0.404661396952E-03 -0.692798383120E-03  0.275739743487E-03  0.546846003510E-03
 -0.127106361465E-03 -0.522255556678E-04  0.310952272381E-03  0.791555200699E-03  0.730784413918E-04  0.467455816051E-03 -0.174822357879E-03
 -0.155434499040E-03  0.411055598707E-04  0.241689305170E-03  0.128343733947E-03 -0.245065371106E-03
 -0.462461037334E-03 -0.866028513817E-03 -0.242265427020E-03 -0.102779011802E-02 -0.174404285867E-02 -0.834700821144E-03 -0.105994909729E-02
 -0.406519756617E-03 -0.694533130203E-03 -0.973064476449E-03 -0.136687308245E-02 -0.205900850022E-02 -0.147377686390E-02 -0.882441824543E-03
 -0.506892254885E-03 -0.559035440983E-03 -0.939657443083E-03 -0.121148990320E-02 -0.285518252255E-02 -0.136989297246E-02 -0.160724904230E-02
 -0.336420212549E-03 -0.407253758273E-03 -0.557107775522E-03 -0.974855547435E-03 -0.181361663026E-02 -0.900190070898E-03 -0.786742752353E-03
 -0.198503887228E-03 -0.204912241265E-03 -0.309699070727E-03 -0.716700905485E-03 -0.609691717252E-03
  0.706435092360E-02  0.301233073871E-02  0.132758293210E-02  0.444660807674E-02  0.641174059600E-02  0.190748042533E-03  0.372220214939E-02
  0.436562663115E-02  0.186207772149E-02  0.540083813096E-02  0.560463892030E-02  0.153438953689E-02 -0.487357669701E-02  0.922327260455E-02
  0.396094663165E-02  0.434332049578E-02  0.634959909993E-02  0.859631551296E-03  0.225768503026E-02  0.477670727845E-02 -0.665721490388E-02
  0.362405383557E-02  0.528024251591E-02 -0.610546733715E-03  0.111550966416E-02 -0.808863379062E-03  0.325653428172E-03  0.104281894734E-02
  0.718487979444E-03  0.197867305728E-02  0.342998193998E-02  0.409124705032E-02 -0.101638817668E-02
        19        18        11        11
        17        10        11        11
        12        11         5         5
        18        25        17        17
        31        24        25        25
        11        10         5         5
         2         7         5         5
        11        18        17        17
        11        12        19        19
        27        19        20        20
        17        16        10        10
        15         9        16        16
        23        17        24        24
         4        10         9         9
        23        22        16        16
        26        18        19        19
        14        21        20        20
        14        12         7         7
         5         7        12        12
         4         1         5         5
        26        32        25        25
         5        10         4         4
         9         8         4         4
        25        18        26        26
        19        28        26        26
        24        30        23        23
        29        22        23        23
        20        12        14        14
         7         6        14        14
         8         9        15        15
         5         1         2         2
         6         7         2         2
        30        24        31        31
        20        21        27        27
        28        19        27        27
        16         9        10        10
         1         4         3         3
        32        26        33        33
        21        14        13        13
        25        24        17        17
        22        15        16        16
        17        23        16        16
        32        31        25        25
        12        20        19        19
        28        33        26        26
         8         3         4         4
        30        29        23        23
         6        13        14        14
