title="tecplot geometry and solution file"
variables = x y z mach temperature lambda1 lambda2 lambda3 lambda4 lambda5
zone t="boundary 1 bc-1", solutiontime= 0.5000000E+02, strandid=1001, i=32, j=46, f=feblock
 -0.547468544169E-02  0.000000000000E+00 -0.567606031243E-02  0.000000000000E+00  0.000000000000E+00  0.000000000000E+00 -0.525159244851E-02
 -0.425776897977E-02  0.000000000000E+00  0.000000000000E+00  0.000000000000E+00  0.000000000000E+00  0.000000000000E+00  0.000000000000E+00
  0.000000000000E+00  0.000000000000E+00 -0.338395986572E-02  0.000000000000E+00  0.000000000000E+00  0.000000000000E+00  0.000000000000E+00
  0.000000000000E+00  0.000000000000E+00  0.000000000000E+00  0.000000000000E+00  0.000000000000E+00  0.000000000000E+00  0.000000000000E+00
  0.000000000000E+00  0.000000000000E+00  0.000000000000E+00  0.000000000000E+00
  0.250494197117E+01  0.250494197117E+01  0.127822156907E+01  0.146289271009E+01  0.157686156160E+01  0.308372018325E+00  0.261948602442E-01
 -0.122573481164E+01 -0.600232012419E+00  0.250494197117E+01  0.477386199275E+00  0.742988685424E+00 -0.739814786992E+00  0.177790177481E+01
  0.155830813274E+01  0.250494197117E+01 -0.249658903664E+01 -0.154800130438E+01 -0.487811078581E+00  0.250494197117E+01  0.627766083140E+00
 -0.345533899378E+00 -0.178862290564E+01 -0.158811787973E+01  0.125000000000E+01 -0.249658903664E+01 -0.144524380962E+01  0.000000000000E+00
 -0.125000000000E+01 -0.249658903664E+01 -0.249658903664E+01 -0.249658903664E+01
  0.803813859866E-04  0.125000000000E+01  0.822460170216E-04  0.103724302461E+01  0.219251206392E+01  0.922061490191E+00  0.103872438719E-03
  0.341545874231E-04  0.715990576545E+00  0.250000000000E+01  0.202479342020E+01  0.324151231464E+01  0.175434191980E+01  0.310152362409E+01
  0.404200324774E+01  0.375000000000E+01  0.810725962649E-04  0.930412228790E+00  0.299062775774E+01  0.500000000000E+01  0.429310310915E+01
  0.409252726285E+01  0.187029682677E+01  0.284428995242E+01  0.500000000000E+01  0.125000000000E+01  0.394624082883E+01  0.500000000000E+01
  0.500000000000E+01  0.250000000000E+01  0.375000000000E+01  0.500000000000E+01
  0.000000000000E+00  0.440672136512E+00  0.000000000000E+00  0.474618025820E+00  0.460125068601E+00  0.468639320143E+00  0.000000000000E+00
  0.000000000000E+00  0.402534623939E+00  0.469886789982E+00  0.464193107367E+00  0.478749739491E+00  0.489555756507E+00  0.483130037990E+00
  0.488002902366E+00  0.489035017215E+00  0.000000000000E+00  0.465237698331E+00  0.473759127176E+00  0.495364848064E+00  0.490293257191E+00
  0.486276632093E+00  0.445850265191E+00  0.464356446519E+00  0.496127940578E+00  0.443891909404E+00  0.486928147025E+00  0.497248366859E+00
  0.496055083747E+00  0.467740399690E+00  0.488187228171E+00  0.495089980244E+00
  0.999990300362E+00  0.102982970104E+01  0.999990762612E+00  0.104241436388E+01  0.101187663318E+01  0.102516400612E+01  0.999991420552E+00
  0.999992171067E+00  0.103882325429E+01  0.100825795511E+01  0.101253536096E+01  0.100301645575E+01  0.102705594255E+01  0.100604114309E+01
  0.100244532432E+01  0.100354817652E+01  0.999992724186E+00  0.103209991946E+01  0.100459425771E+01  0.100178625606E+01  0.100260326526E+01
  0.100234745937E+01  0.101657167924E+01  0.100620610961E+01  0.100168369530E+01  0.104025009063E+01  0.100303477791E+01  0.100118721261E+01
  0.100134451878E+01  0.100976460100E+01  0.100405634212E+01  0.100176433139E+01
  0.610128759219E-02  0.306715537803E-01  0.698495314770E-02  0.492836877084E-01  0.346864934779E-02  0.587061070694E-01  0.512167448146E-02
  0.170597618121E-02  0.582732888873E-01 -0.164992920978E-02  0.389949204812E-02 -0.701962891134E-02  0.329289419688E-02 -0.389669282951E-02
 -0.933374142208E-02 -0.931133604888E-02  0.308604262336E-02  0.385673167611E-01 -0.515854448216E-02 -0.339853475542E-01 -0.121359705033E-01
 -0.812665052524E-02  0.186578718177E-02 -0.443743950508E-02 -0.351893393365E-01  0.248761402215E-01 -0.633147941642E-02 -0.387860378355E-01
 -0.342304085874E-01 -0.361020449382E-02 -0.697140867563E-02 -0.321707325863E-01
  0.239192972269E-03  0.444688963128E-02  0.331466629033E-03  0.629797180680E-02  0.165108751838E-03  0.888128310961E-02  0.361485651618E-03
  0.321554974770E-03  0.868020791464E-02 -0.782598870452E-03  0.347076310370E-03 -0.148142816514E-02 -0.971940992245E-04 -0.114286903951E-02
 -0.182978155890E-02 -0.204919361423E-02  0.284325070119E-03  0.601315361577E-02 -0.103417545247E-02 -0.697904374376E-02 -0.240634229338E-02
 -0.155603809596E-02 -0.207710701485E-03 -0.851543680861E-03 -0.736743024777E-02  0.306412678850E-02 -0.124804360707E-02 -0.814810854553E-02
 -0.716147268285E-02 -0.904772909304E-03 -0.148496685876E-02 -0.669180317763E-02
  0.405816202667E-03  0.128356744836E-03  0.546882129075E-03  0.125029541610E-02  0.147352315480E-03  0.606708577034E-03  0.467397150506E-03
 -0.174852433078E-03 -0.333282006048E-04 -0.133078986692E-04  0.128347508280E-03  0.133161155231E-03 -0.140615991192E-03  0.250998663781E-04
 -0.495597881689E-04 -0.287087961278E-05 -0.245073231937E-03 -0.794125589079E-03  0.152631718852E-04  0.332414446191E-05 -0.320337448650E-04
 -0.381271591856E-04 -0.165322877895E-04 -0.137084677934E-03  0.897543344119E-04 -0.102521173619E-03 -0.785966873702E-04 -0.171240872808E-04
 -0.755998558858E-04 -0.219851908395E-04 -0.801683561467E-05  0.654897627878E-05
 -0.147369182218E-02 -0.134231783579E-02 -0.160704649097E-02 -0.713336319563E-05  0.142118641093E-02  0.153398213634E-02 -0.899995827403E-03
 -0.786599824257E-03  0.108730493540E-02  0.155237358589E-02  0.289653269987E-02  0.159506557809E-02  0.319733134800E-02  0.148279032907E-02
  0.109559217179E-02  0.128764261341E-02 -0.609660768554E-03  0.916846607267E-03  0.183379876536E-02  0.461657395944E-03  0.101741068868E-02
  0.121217201306E-02  0.217918166741E-02  0.148769973113E-02  0.443207225261E-03  0.112530158725E-02  0.111191370958E-02  0.419544853348E-03
  0.501271919639E-03  0.168637729501E-02  0.113901052379E-02  0.491825469750E-03
 -0.487346735894E-02 -0.126325240145E-01 -0.665636675927E-02 -0.197247357011E-01 -0.144245588900E-02 -0.243687893106E-01  0.325543107234E-03
  0.104266869343E-02 -0.242167612735E-01  0.663701736585E-03 -0.170495713441E-02  0.274441393426E-02 -0.142034460454E-02  0.153547357733E-02
  0.372761336112E-02  0.375539196655E-02 -0.101639822325E-02 -0.161236889257E-01  0.191165270017E-02  0.141085312906E-01  0.490128193560E-02
  0.321399705187E-02 -0.897685389695E-03  0.158958764127E-02  0.146346896873E-01 -0.101413058747E-01  0.246912268350E-02  0.161777458306E-01
  0.142445989902E-01  0.131291597357E-02  0.276987327718E-02  0.133525931961E-01
        12        19        11        11
        11         5        12        12
        10        14         5         5
        19        13        11        11
        19        24        13        13
        30        23        24        24
        19        12        22        22
        28        22        21        21
        11        13         6         6
         7         6         9         9
        15        12        14        14
        18        13        23        23
        15        25        21        21
        27        19        22        22
        18         8         9         9
        27        31        24        24
         4        11         6         6
         5        14        12        12
         4         2         5         5
        21        12        15        15
        14        16        15        15
        24        19        27        27
        22        29        27        27
        23        26        18        18
        17         8        18        18
         5        11         4         4
         6         3         4         4
        26        23        30        30
         5         2        10        10
        16        14        10        10
         3         6         7         7
        21        25        28        28
        29        22        28        28
         6        13         9         9
         2         4         1         1
        31        27        32        32
        25        15        20        20
        24        23        13        13
         8         7         9         9
        13        18         9         9
        31        30        24        24
        12        21        22        22
        29        32        27        27
         3         1         4         4
        26        17        18        18
        16        20        15        15
zone t="boundary 2 bc-2", solutiontime= 0.5000000E+02, strandid=1002, i=33, j=48, f=feblock
  0.500195253374E+01  0.375034811161E+01  0.249861146299E+01  0.288036674177E+01  0.124717526933E+01  0.190856698521E+01  0.326577190273E+01
  0.201394856120E+01 -0.338395986572E-02  0.962374249381E+00  0.500000000000E+01  0.403430190008E+01  0.423029563807E+01  0.500000000000E+01
  0.385439188940E+01  0.500000000000E+01  0.398133433176E+01  0.315200081417E+01  0.266958028869E+01  0.154798029824E+01  0.218327860466E+01
  0.893688440338E+00  0.000000000000E+00  0.699009761768E+00  0.964460899052E+00  0.310303671659E+01  0.000000000000E+00  0.000000000000E+00
  0.125000000000E+01  0.500000000000E+01  0.375000000000E+01  0.250000000000E+01  0.000000000000E+00
 -0.249658903664E+01 -0.249658903664E+01 -0.249658903664E+01 -0.249658903664E+01 -0.249658903664E+01 -0.249658903664E+01 -0.249658903664E+01
 -0.249658903664E+01 -0.249658903664E+01 -0.249658903664E+01 -0.249658903664E+01 -0.249658903664E+01 -0.249658903664E+01 -0.249658903664E+01
 -0.249658903664E+01 -0.249658903664E+01 -0.249658903664E+01 -0.249658903664E+01 -0.249658903664E+01 -0.249658903664E+01 -0.249658903664E+01
 -0.249658903664E+01 -0.249658903664E+01 -0.249658903664E+01 -0.249658903664E+01 -0.249658903664E+01 -0.249658903664E+01 -0.249658903664E+01
 -0.249658903664E+01 -0.249658903664E+01 -0.249658903664E+01 -0.249658903664E+01 -0.249658903664E+01
  0.108225889030E-03  0.145875369682E-03  0.100893326425E-03  0.901663374396E+00  0.110858761917E-03  0.714928318829E+00  0.188140648011E+01
  0.175892165504E+01  0.810725962649E-04  0.957504300331E+00  0.125000000000E+01  0.100596698996E+01  0.191313519089E+01  0.250000000000E+01
  0.292898096716E+01  0.375000000000E+01  0.406883369524E+01  0.363389289944E+01  0.284756860985E+01  0.292582308120E+01  0.395754054931E+01
  0.205027256979E+01  0.125000000000E+01  0.306703272692E+01  0.397155766662E+01  0.433068622168E+01  0.250000000000E+01  0.375000000000E+01
  0.500000000000E+01  0.500000000000E+01  0.500000000000E+01  0.500000000000E+01  0.500000000000E+01
  0.000000000000E+00  0.000000000000E+00  0.000000000000E+00  0.380534933893E+00  0.000000000000E+00  0.343213081171E+00  0.585244496925E+00
  0.579499344205E+00  0.000000000000E+00  0.500959578913E+00  0.508769460148E+00  0.434312419771E+00  0.572817919451E+00  0.537160208080E+00
  0.569105645782E+00  0.515014970171E+00  0.508256765061E+00  0.527354036988E+00  0.567656182489E+00  0.531857069084E+00  0.506013391179E+00
  0.521044573739E+00  0.443891909404E+00  0.490703078146E+00  0.492147926412E+00  0.501388000320E+00  0.467740399690E+00  0.488187228171E+00
  0.489959820989E+00  0.491323935798E+00  0.486019442841E+00  0.489980976742E+00  0.495089980244E+00
  0.999993488485E+00  0.999993690942E+00  0.999993544242E+00  0.989596674085E+00  0.999993139053E+00  0.985604091028E+00  0.989839488847E+00
  0.991730617690E+00  0.999992724186E+00  0.984220387528E+00  0.985139981863E+00  0.984817712566E+00  0.990066477090E+00  0.100292374828E+01
  0.999857731400E+00  0.100487268684E+01  0.100122724769E+01  0.100056983810E+01  0.997888256964E+00  0.100350942201E+01  0.100059365414E+01
  0.101090707434E+01  0.104025009063E+01  0.100327959733E+01  0.100254952730E+01  0.100046804572E+01  0.100976460100E+01  0.100405634212E+01
  0.100192626091E+01  0.100045827286E+01  0.100058947226E+01  0.100110091494E+01  0.100176433139E+01
 -0.252330059888E-02 -0.197836642906E-02 -0.121460290199E-02  0.238871156744E-01  0.241586153397E-02  0.783249925400E-01 -0.513266178629E-02
  0.945471171855E-03  0.308604262336E-02  0.364110334300E-01 -0.659541266931E-02 -0.762559589336E-02 -0.517681853222E-02 -0.442550786688E-02
 -0.325421705397E-02 -0.297003693837E-02 -0.218678847328E-02 -0.253089939266E-02 -0.418839863544E-02 -0.501212390945E-02 -0.329350392879E-02
  0.131161948491E-02  0.248761402215E-01 -0.338757603541E-02 -0.608983801559E-02 -0.396504902487E-02 -0.361020449382E-02 -0.697140867563E-02
 -0.289374477498E-01 -0.345684238766E-02 -0.132315453650E-01 -0.254248105105E-01 -0.321707325863E-01
  0.688016729388E-03 -0.192411388751E-03  0.186012053736E-04  0.410457865637E-02 -0.447445766162E-03  0.973191522632E-02 -0.195119050660E-04
 -0.387690485226E-03  0.284325070119E-03  0.429782262715E-02  0.149329369224E-02  0.510664322398E-04  0.758593070382E-03  0.113146635077E-02
  0.753198967178E-03  0.696408510151E-03  0.834179336251E-03  0.695142179065E-03  0.255887053841E-03 -0.423821913294E-03  0.298494112264E-03
 -0.360629806426E-03  0.306412678850E-02 -0.230045052938E-03 -0.701319364717E-03  0.411793844971E-03 -0.904772909304E-03 -0.148496685876E-02
 -0.520557321573E-02  0.174285052314E-03 -0.132936026969E-02 -0.395249707833E-02 -0.669180317763E-02
 -0.155437174371E-03  0.411012102382E-04  0.241697891363E-03  0.557909208649E-03  0.128340661963E-03  0.973143116426E-03 -0.761027024061E-04
  0.867748357160E-05 -0.245073231937E-03  0.373150078185E-03 -0.884472977796E-04 -0.284862990917E-03  0.530051785134E-05  0.835655457616E-05
  0.687419542075E-05 -0.133547503862E-04  0.161894207587E-05 -0.712025232053E-05  0.115807279625E-04  0.276327253175E-04 -0.169167381294E-04
  0.289640739146E-04 -0.102521173619E-03  0.546575990483E-05 -0.265985771610E-05 -0.591906157098E-05 -0.219851908395E-04 -0.801683561467E-05
 -0.261314268638E-05 -0.238091332054E-05  0.519494868744E-06  0.173543309254E-05  0.654897627878E-05
 -0.198495340198E-03 -0.204935621555E-03 -0.309700470517E-03  0.103425672488E-02 -0.716684763409E-03  0.224344177051E-03  0.156042633618E-02
  0.208716530823E-02 -0.609660768554E-03  0.980858364910E-03  0.298755652446E-03  0.109216469324E-02  0.626931399996E-03  0.283381671581E-03
  0.647019598756E-03  0.236866237275E-03  0.629141731620E-03  0.888585018892E-03  0.105425307123E-02  0.109569249965E-02  0.102596542559E-02
  0.165897701040E-02  0.112530158725E-02  0.116587991774E-02  0.102754695102E-02  0.886969987979E-03  0.168637729501E-02  0.113901052379E-02
  0.691322593247E-03  0.368551928270E-03  0.801730271271E-03  0.869537636718E-03  0.491825469750E-03
  0.718492679486E-03  0.197892211380E-02  0.342981675741E-02 -0.108863641151E-01  0.409105149600E-02 -0.335473821823E-01  0.152390408004E-02
 -0.485568040164E-03 -0.101639822325E-02 -0.150873506526E-01  0.142553716622E-02  0.231551254875E-02  0.127167844285E-02  0.848552525212E-03
  0.635873990619E-03  0.600567339152E-03  0.300583869942E-03  0.460749591400E-03  0.114879163386E-02  0.170375071614E-02  0.880380398896E-03
 -0.598224366636E-03 -0.101413058747E-01  0.109204603572E-02  0.222183004555E-02  0.108181727586E-02  0.131291597357E-02  0.276987327718E-02
  0.117574189849E-01  0.104473969347E-02  0.496518424134E-02  0.101091185730E-01  0.133525931961E-01
        15         7        19        19
         8        20        19        19
        18        19        21        21
         7         4         8         8
         3         6         4         4
        19         7         8         8
        19        18        15        15
        14        13        15        15
         8        22        20        20
        27        24        22        22
        19        20        21        21
        32        26        21        21
        17        18        26        26
        17        16        15        15
        25        29        21        21
        12         7        13        13
        10         8         6         6
        25        20        24        24
         4         6         8         8
        12         2         4         4
        10        23        22        22
        26        31        17        17
        30        16        17        17
         4         7        12        12
        13        11        12        12
        21        20        25        25
        24        28        25        25
        22         8        10        10
         6         5        10        10
        31        26        32        32
         4         2         3         3
         5         6         3         3
        11        13        14        14
        22        23        27        27
        28        24        27        27
        15        13         7         7
         2        12         1         1
        29        25        33        33
        23        10         9         9
        21        26        18        18
        16        14        15        15
        18        17        15        15
        29        32        21        21
        22        24        20        20
        28        33        25        25
        11         1        12        12
        31        30        17        17
         5         9        10        10
zone t="boundary 3 bc-3", solutiontime= 0.5000000E+02, strandid=1003, i=33, j=48, f=feblock
  0.375059096892E+01  0.249769609313E+01  0.500322133174E+01  0.403612218725E+01  0.287976772365E+01  0.124541910518E+01  0.190552237404E+01
  0.500000000000E+01  0.326671104552E+01  0.423253755448E+01  0.201271136506E+01 -0.547468544169E-02  0.958895643487E+00  0.500000000000E+01
  0.266968147299E+01  0.385584487271E+01  0.890374214836E+00  0.154654013699E+01  0.000000000000E+00  0.500000000000E+01  0.315261136744E+01
  0.218304199515E+01  0.398195307895E+01  0.000000000000E+00  0.697379952124E+00  0.963757277315E+00  0.125000000000E+01  0.000000000000E+00
  0.500000000000E+01  0.310330738524E+01  0.250000000000E+01  0.375000000000E+01  0.000000000000E+00
  0.250494197117E+01  0.250494197117E+01  0.250494197117E+01  0.250494197117E+01  0.250494197117E+01  0.250494197117E+01  0.250494197117E+01
  0.250494197117E+01  0.250494197117E+01  0.250494197117E+01  0.250494197117E+01  0.250494197117E+01  0.250494197117E+01  0.250494197117E+01
  0.250494197117E+01  0.250494197117E+01  0.250494197117E+01  0.250494197117E+01  0.250494197117E+01  0.250494197117E+01  0.250494197117E+01
  0.250494197117E+01  0.250494197117E+01  0.250494197117E+01  0.250494197117E+01  0.250494197117E+01  0.250494197117E+01  0.250494197117E+01
  0.250494197117E+01  0.250494197117E+01  0.250494197117E+01  0.250494197117E+01  0.250494197117E+01
  0.135649900494E-03  0.110129816467E-03  0.966887303890E-04  0.101756752009E+01  0.908094589218E+00  0.103942505801E-03  0.722629083213E+00
  0.125000000000E+01  0.188965661746E+01  0.191862696980E+01  0.176708239098E+01  0.803813859866E-04  0.969652551954E+00  0.250000000000E+01
  0.285339433501E+01  0.293325058812E+01  0.205656223819E+01  0.293157016932E+01  0.125000000000E+01  0.375000000000E+01  0.363766838842E+01
  0.396069444983E+01  0.407056385475E+01  0.250000000000E+01  0.307031995245E+01  0.397359820314E+01  0.500000000000E+01  0.375000000000E+01
  0.500000000000E+01  0.433260781310E+01  0.500000000000E+01  0.500000000000E+01  0.500000000000E+01
  0.000000000000E+00  0.000000000000E+00  0.000000000000E+00  0.444961626928E+00  0.402838316190E+00  0.000000000000E+00  0.379029001549E+00
  0.508827846411E+00  0.575719767468E+00  0.573484231916E+00  0.562571091033E+00  0.000000000000E+00  0.491643474339E+00  0.534340493553E+00
  0.556353506125E+00  0.564141623675E+00  0.522489639030E+00  0.521815314100E+00  0.440672136512E+00  0.517132480923E+00  0.524064820256E+00
  0.503612613683E+00  0.509416634110E+00  0.469886789982E+00  0.495646532245E+00  0.494503101969E+00  0.488630053423E+00  0.489035017215E+00
  0.492985464012E+00  0.498953669977E+00  0.486505314975E+00  0.484610387305E+00  0.495364848064E+00
  0.999989345567E+00  0.999989414891E+00  0.999989632591E+00  0.981375695393E+00  0.988672653297E+00  0.999989832933E+00  0.982271891095E+00
  0.984075644303E+00  0.990406052732E+00  0.990320090376E+00  0.994390331428E+00  0.999990300362E+00  0.988743428079E+00  0.100365390733E+01
  0.999774597300E+00  0.100117529834E+01  0.100830077599E+01  0.100251293722E+01  0.102982970104E+01  0.100442054131E+01  0.100199281310E+01
  0.100081994749E+01  0.100137956774E+01  0.100825795511E+01  0.100297377722E+01  0.100191712118E+01  0.100214790177E+01  0.100354817652E+01
  0.100047567419E+01  0.100056574043E+01  0.100126719373E+01  0.100066769089E+01  0.100178625606E+01
 -0.170696052445E-02  0.132207049190E-02 -0.282319869678E-02  0.156158683442E-01  0.610977638080E-01  0.384271558068E-02  0.607949037247E-01
 -0.967040143019E-02 -0.492430621720E-02 -0.609283793486E-02  0.101025763621E-01  0.610128759219E-02  0.411698171977E-01 -0.462840259122E-02
 -0.535309392730E-02 -0.380336445395E-02  0.118122152572E-02 -0.517336096836E-02  0.306715537803E-01 -0.315202942855E-02 -0.230353923628E-02
 -0.315300432642E-02 -0.240356291274E-02 -0.164992920978E-02 -0.450962826195E-02 -0.833683827719E-02 -0.256245545144E-01 -0.931133604888E-02
 -0.298751633729E-02 -0.367455470633E-02 -0.239580669746E-01 -0.129989945916E-01 -0.339853475542E-01
 -0.395705834577E-03 -0.383847367861E-03  0.702863323701E-03  0.442189517117E-02  0.844021131325E-02 -0.799460449884E-03  0.752237560454E-02
  0.158570349373E-02 -0.850266520979E-04  0.835473077431E-03  0.183791124176E-03  0.239192972269E-03  0.310154114070E-02  0.121100973211E-02
 -0.766600363288E-04  0.632354176295E-03 -0.114683957455E-02 -0.543415712215E-03  0.444688963128E-02  0.772751661776E-03  0.668047871713E-03
  0.362299338501E-03  0.780342378055E-03 -0.782598870452E-03 -0.105760223880E-02 -0.104813507620E-02 -0.454528087013E-02 -0.204919361423E-02
  0.271633043237E-03  0.430053665435E-03 -0.371580978668E-02 -0.129184961749E-02 -0.697904374376E-02
 -0.747354704517E-04  0.397315127237E-04  0.956349176339E-04 -0.296471794105E-03 -0.858452702259E-03  0.335336089299E-03 -0.127836979373E-04
  0.190253356990E-05 -0.958308390423E-04  0.160421974392E-04 -0.808278505187E-04  0.405816202667E-03  0.465370848414E-03  0.352475488850E-04
 -0.404520121315E-05  0.485515114843E-05 -0.158964888133E-03 -0.597022758681E-04  0.128356744836E-03  0.197178649745E-04  0.966538491227E-05
  0.428263401576E-04  0.767430651723E-06 -0.133078986692E-04 -0.361589769891E-04  0.121956516480E-04  0.171305796256E-04 -0.287087961278E-05
  0.691911313916E-05 -0.250001649516E-06  0.391616718534E-05 -0.101220072363E-05  0.332414446191E-05
 -0.462499300553E-03 -0.866063207363E-03 -0.242260061591E-03  0.654614048908E-03  0.104383334359E-02 -0.834677958934E-03  0.330685756942E-03
  0.374353262684E-03  0.191563525805E-02  0.929875163906E-03  0.277649760437E-02 -0.147369182218E-02  0.912462278705E-03  0.371744379298E-03
  0.986686801671E-03  0.826358068065E-03  0.233921867332E-02  0.105018540828E-02 -0.134231783579E-02  0.329609398291E-03  0.949353954279E-03
  0.981440351304E-03  0.710057498370E-03  0.155237358589E-02  0.151209960587E-02  0.101233833086E-02  0.727850756789E-03  0.128764261341E-02
  0.350540815615E-03  0.922613735107E-03  0.882361603806E-03  0.804643879721E-03  0.461657395944E-03
  0.706469856671E-02  0.301234513507E-02  0.132765470982E-02 -0.812545025620E-02 -0.264541431556E-01  0.190754610200E-03 -0.255324265241E-01
  0.246327566259E-02  0.152866293418E-02  0.157350586764E-02 -0.394622623142E-02 -0.487346735894E-02 -0.162213031933E-01  0.871127926971E-03
  0.169074553099E-02  0.862120706380E-03 -0.353964239154E-03  0.179122436699E-02 -0.126325240145E-01  0.618591513253E-03  0.381132741159E-03
  0.812841852423E-03  0.391876186880E-03  0.663701736585E-03  0.165146471306E-02  0.313655291568E-02  0.103597491824E-01  0.375539196655E-02
  0.846625893633E-03  0.970819797917E-03  0.950678376611E-02  0.486632677583E-02  0.141085312906E-01
        15         9        16        16
        15        18        11        11
        22        15        21        21
        11         5         9         9
         5         7         2         2
        11         9        15        15
        16        21        15        15
        16        10        14        14
        18        17        11        11
        17        25        24        24
        22        18        15        15
        22        30        31        31
        30        21        23        23
        16        20        23        23
        22        27        26        26
        10         9         4         4
         7        11        13        13
        25        18        26        26
        11         7         5         5
         5         1         4         4
        17        19        13        13
        23        32        30        30
        23        20        29        29
         4         9         5         5
         4         8        10        10
        26        18        22        22
        26        28        25        25
        13        11        17        17
        13         6         7         7
        31        30        32        32
         2         1         5         5
         2         7         6         6
        14        10         8         8
        24        19        17        17
        24        25        28        28
         9        10        16        16
         3         4         1         1
        33        26        27        27
        12        13        19        19
        21        30        22        22
        16        14        20        20
        16        23        21        21
        22        31        27        27
        18        25        17        17
        26        33        28        28
         4         3         8         8
        23        29        32        32
        13        12         6         6
zone t="boundary 4 bc-4", solutiontime= 0.5000000E+02, strandid=1004, i=32, j=46, f=feblock
  0.125000000000E+01  0.219251206392E+01  0.103724302461E+01  0.500000000000E+01  0.250000000000E+01  0.375000000000E+01  0.404200324774E+01
  0.500000000000E+01  0.000000000000E+00  0.310152362409E+01  0.202479342020E+01  0.324151231464E+01  0.922061490191E+00  0.000000000000E+00
  0.299062775774E+01  0.394624082883E+01  0.500000000000E+01  0.409252726285E+01  0.500000000000E+01  0.429310310915E+01  0.175434191980E+01
  0.284428995242E+01  0.000000000000E+00  0.000000000000E+00  0.715990576545E+00  0.930412228790E+00  0.125000000000E+01  0.187029682677E+01
  0.500000000000E+01  0.375000000000E+01  0.250000000000E+01  0.000000000000E+00
  0.250494197117E+01  0.157686156160E+01  0.146289271009E+01  0.250494197117E+01  0.250494197117E+01  0.250494197117E+01  0.155830813274E+01
  0.125000000000E+01  0.250494197117E+01  0.177790177481E+01  0.477386199275E+00  0.742988685424E+00  0.308372018325E+00  0.125000000000E+01
 -0.487811078581E+00 -0.144524380962E+01 -0.125000000000E+01 -0.345533899378E+00  0.000000000000E+00  0.627766083140E+00 -0.739814786992E+00
 -0.158811787973E+01  0.000000000000E+00 -0.125000000000E+01 -0.600232012419E+00 -0.154800130438E+01 -0.249658903664E+01 -0.178862290564E+01
 -0.249658903664E+01 -0.249658903664E+01 -0.249658903664E+01 -0.249658903664E+01
  0.500000000000E+01  0.500000000000E+01  0.500000000000E+01  0.500000000000E+01  0.500000000000E+01  0.500000000000E+01  0.500000000000E+01
  0.500000000000E+01  0.500000000000E+01  0.500000000000E+01  0.500000000000E+01  0.500000000000E+01  0.500000000000E+01  0.500000000000E+01
  0.500000000000E+01  0.500000000000E+01  0.500000000000E+01  0.500000000000E+01  0.500000000000E+01  0.500000000000E+01  0.500000000000E+01
  0.500000000000E+01  0.500000000000E+01  0.500000000000E+01  0.500000000000E+01  0.500000000000E+01  0.500000000000E+01  0.500000000000E+01
  0.500000000000E+01  0.500000000000E+01  0.500000000000E+01  0.500000000000E+01
  0.488630053423E+00  0.488907200673E+00  0.490613524454E+00  0.492985464012E+00  0.486505314975E+00  0.484610387305E+00  0.485346346417E+00
  0.494164094826E+00  0.495364848064E+00  0.486544301825E+00  0.487826539497E+00  0.487053944491E+00  0.494057895498E+00  0.496127940578E+00
  0.487590739712E+00  0.483169495133E+00  0.492384717662E+00  0.487198320547E+00  0.494738341209E+00  0.487947262281E+00  0.489650836219E+00
  0.487975047811E+00  0.497248366859E+00  0.496055083747E+00  0.494947818077E+00  0.492777844524E+00  0.489959820989E+00  0.489963118744E+00
  0.491323935798E+00  0.486019442841E+00  0.489980976742E+00  0.495089980244E+00
  0.100214790177E+01  0.100152376261E+01  0.100177920363E+01  0.100047567419E+01  0.100126719373E+01  0.100066769089E+01  0.100025509248E+01
  0.100050308878E+01  0.100178625606E+01  0.100112381228E+01  0.100132857256E+01  0.100072299640E+01  0.100164084009E+01  0.100168369530E+01
  0.100096380429E+01  0.100001109262E+01  0.100083219162E+01  0.100022379580E+01  0.100062130449E+01  0.100023379273E+01  0.100174737467E+01
  0.100099023681E+01  0.100118721261E+01  0.100134451878E+01  0.100132726122E+01  0.100179980273E+01  0.100192626091E+01  0.100163810987E+01
  0.100045827286E+01  0.100058947226E+01  0.100110091494E+01  0.100176433139E+01
 -0.256245545144E-01 -0.248591593417E-01 -0.255304960282E-01 -0.298751633729E-02 -0.239580669746E-01 -0.129989945916E-01 -0.903607109496E-02
 -0.297345053348E-02 -0.339853475542E-01 -0.199240100110E-01 -0.267202948065E-01 -0.187255666328E-01 -0.311247740443E-01 -0.351893393365E-01
 -0.211046215022E-01 -0.870182690033E-02 -0.336852072594E-02 -0.110807195144E-01 -0.276169198097E-02 -0.110691279819E-01 -0.328852702257E-01
 -0.198616611070E-01 -0.387860378355E-01 -0.342304085874E-01 -0.360582298997E-01 -0.289171212893E-01 -0.289374477498E-01 -0.306011272685E-01
 -0.345684238766E-02 -0.132315453650E-01 -0.254248105105E-01 -0.321707325863E-01
 -0.454528087013E-02 -0.403900393153E-02 -0.458715081963E-02  0.271633043237E-03 -0.371580978668E-02 -0.129184961749E-02 -0.576876777613E-03
  0.208643989569E-03 -0.697904374376E-02 -0.273136830346E-02 -0.438384525354E-02 -0.246423279731E-02 -0.567842059561E-02 -0.736743024777E-02
 -0.297070754528E-02 -0.529037631699E-03  0.214552235756E-03 -0.972553069958E-03  0.214762183289E-03 -0.982284125434E-03 -0.569115789751E-02
 -0.271682971154E-02 -0.814810854553E-02 -0.716147268285E-02 -0.684971444547E-02 -0.536616356418E-02 -0.520557321573E-02 -0.520984587630E-02
  0.174285052314E-03 -0.132936026969E-02 -0.395249707833E-02 -0.669180317763E-02
  0.171305796256E-04  0.443116090063E-04  0.495600275631E-04  0.691911313916E-05  0.391616718534E-05 -0.101220072363E-05  0.107305738758E-04
 -0.168617034141E-04  0.332414446191E-05  0.226186345224E-04  0.485258059186E-04  0.116413098593E-04  0.672013463373E-04  0.897543344119E-04
 -0.316625897253E-04 -0.358054492831E-04 -0.988441559796E-05 -0.538555425739E-04 -0.816025714376E-06 -0.147903816141E-04 -0.346051888746E-04
 -0.262888776911E-04 -0.171240872808E-04 -0.755998558858E-04 -0.371950272457E-04 -0.795977178920E-04 -0.261314268638E-05 -0.774369522581E-04
 -0.238091332054E-05  0.519494868744E-06  0.173543309254E-05  0.654897627878E-05
  0.727850756789E-03  0.871777740633E-03  0.695977795467E-03  0.350540815615E-03  0.882361603806E-03  0.804643879721E-03  0.727758404281E-03
  0.318392445148E-03  0.461657395944E-03  0.897552752554E-03  0.849932717603E-03  0.905428396973E-03  0.670578230839E-03  0.443207225261E-03
  0.891978955416E-03  0.734019759227E-03  0.352159740618E-03  0.737278184206E-03  0.298621480246E-03  0.675845317431E-03  0.800891460333E-03
  0.902547770847E-03  0.419544853348E-03  0.501271919639E-03  0.569901999957E-03  0.660023123161E-03  0.691322593247E-03  0.789626480341E-03
  0.368551928270E-03  0.801730271271E-03  0.869537636718E-03  0.491825469750E-03
  0.103597491824E-01  0.991701215378E-02  0.103599218496E-01  0.846625893633E-03  0.950678376611E-02  0.486632677583E-02  0.323240858101E-02
  0.870532812741E-03  0.141085312906E-01  0.777073154769E-02  0.106966600988E-01  0.726688819495E-02  0.127012206446E-01  0.146346896873E-01
  0.827101805224E-02  0.309812684652E-02  0.998053684055E-03  0.409478011844E-02  0.796849964276E-03  0.411154691806E-02  0.132981557943E-01
  0.774535696873E-02  0.161777458306E-01  0.142445989902E-01  0.148332780675E-01  0.118068465494E-01  0.117574189849E-01  0.123444223402E-01
  0.104473969347E-02  0.496518424134E-02  0.101091185730E-01  0.133525931961E-01
        12        15        11        11
        11         2        12        12
         5        10         2         2
        15        21        11        11
        15        22        21        21
        31        28        22        22
        15        12        18        18
        19        18        20        20
        11        21        13        13
        23        13        25        25
         7        12        10        10
        26        21        28        28
         7         8        20        20
        16        15        18        18
        26        24        25        25
        16        30        22        22
         3        11        13        13
         2        10        12        12
         3         1         2         2
        20        12         7         7
        10         6         7         7
        22        15        16        16
        18        17        16        16
        28        27        26        26
        32        24        26        26
         2        11         3         3
        13        14         3         3
        27        28        31        31
         2         1         5         5
         6        10         5         5
        14        13        23        23
        20         8        19        19
        17        18        19        19
        13        21        25        25
         1         3         9         9
        30        16        29        29
         8         7         4         4
        22        28        21        21
        24        23        25        25
        21        26        25        25
        30        31        22        22
        12        20        18        18
        17        29        16        16
        14         9         3         3
        27        32        26        26
         6         4         7         7
zone t="boundary 5 bc-5", solutiontime= 0.5000000E+02, strandid=1005, i=33, j=48, f=feblock
  0.500322133174E+01  0.500467668798E+01  0.500000000000E+01  0.500000000000E+01  0.500477267378E+01  0.500000000000E+01  0.500000000000E+01
  0.500000000000E+01  0.500000000000E+01  0.500000000000E+01  0.500358118334E+01  0.500000000000E+01  0.500000000000E+01  0.500000000000E+01
  0.500000000000E+01  0.500000000000E+01  0.500000000000E+01  0.500195253374E+01  0.500000000000E+01  0.500000000000E+01  0.500000000000E+01
  0.500000000000E+01  0.500000000000E+01  0.500000000000E+01  0.500000000000E+01  0.500000000000E+01  0.500000000000E+01  0.500000000000E+01
  0.500000000000E+01  0.500000000000E+01  0.500000000000E+01  0.500000000000E+01  0.500000000000E+01
  0.250494197117E+01  0.128129120217E+01  0.250494197117E+01  0.157899473280E+01  0.277507990648E-01  0.659350882208E+00  0.250494197117E+01
  0.173899611320E+01  0.825621401394E+00  0.132549389334E+01 -0.122585350888E+01 -0.322732261638E+00  0.250494197117E+01  0.490615021923E-01
 -0.873141960959E+00  0.350800286361E+00  0.145332269920E+01 -0.249658903664E+01 -0.147959633950E+01  0.250494197117E+01 -0.857924212153E+00
 -0.165007033378E+01  0.518568023061E+00 -0.461282870254E+00  0.125000000000E+01 -0.249658903664E+01 -0.183684615440E+01 -0.158398995423E+01
 -0.249658903664E+01 -0.249658903664E+01 -0.125000000000E+01  0.000000000000E+00 -0.249658903664E+01
  0.966887303890E-04  0.163805301938E-03  0.125000000000E+01  0.905837536509E+00  0.190347800845E-03  0.735450417037E+00  0.250000000000E+01
  0.182727219356E+01  0.162230260845E+01  0.280856328277E+01  0.160776520449E-03  0.109945440014E+01  0.375000000000E+01  0.227317933631E+01
  0.189599568386E+01  0.342819755379E+01  0.403384942830E+01  0.108225889030E-03  0.104050588738E+01  0.500000000000E+01  0.297954017413E+01
  0.214587157439E+01  0.430969386006E+01  0.408642231822E+01  0.500000000000E+01  0.125000000000E+01  0.304506426164E+01  0.398205049073E+01
  0.250000000000E+01  0.375000000000E+01  0.500000000000E+01  0.500000000000E+01  0.500000000000E+01
  0.000000000000E+00  0.000000000000E+00  0.508827846411E+00  0.471714051848E+00  0.000000000000E+00  0.480427539773E+00  0.534340493553E+00
  0.535537181269E+00  0.535219537947E+00  0.540681012100E+00  0.000000000000E+00  0.510276830579E+00  0.517132480923E+00  0.539181781579E+00
  0.543201209005E+00  0.529267603254E+00  0.511012645008E+00  0.000000000000E+00  0.495819868155E+00  0.492985464012E+00  0.531223076876E+00
  0.533991239533E+00  0.505620734572E+00  0.512015593412E+00  0.494164094826E+00  0.508769460148E+00  0.529626510306E+00  0.511932467681E+00
  0.537160208080E+00  0.515014970171E+00  0.492384717662E+00  0.494738341209E+00  0.491323935798E+00
  0.999989632591E+00  0.999990284980E+00  0.984075644303E+00  0.976468617666E+00  0.999991493230E+00  0.959092259746E+00  0.100365390733E+01
  0.994405317219E+00  0.991224891127E+00  0.100354128419E+01  0.999992822645E+00  0.971628025376E+00  0.100442054131E+01  0.100529967660E+01
  0.997230119249E+00  0.100663320990E+01  0.100304945388E+01  0.999993488485E+00  0.973552032069E+00  0.100047567419E+01  0.100765947929E+01
  0.100131824273E+01  0.100314083241E+01  0.100384129727E+01  0.100050308878E+01  0.985139981863E+00  0.100599207340E+01  0.100389514535E+01
  0.100292374828E+01  0.100487268684E+01  0.100083219162E+01  0.100062130449E+01  0.100045827286E+01
 -0.282319869678E-02 -0.250628500454E-02 -0.967040143019E-02 -0.121503289801E-01 -0.326703790298E-02 -0.342338549685E-02 -0.462840259122E-02
 -0.619734216719E-02 -0.699017697338E-02 -0.401672150812E-02 -0.212823655621E-02 -0.548882427745E-02 -0.315202942855E-02 -0.487334295140E-02
 -0.543468261476E-02 -0.324766096009E-02 -0.252771090612E-02 -0.252330059888E-02 -0.439293422754E-02 -0.298751633729E-02 -0.379587873166E-02
 -0.510599075196E-02 -0.201140820059E-02 -0.221578607129E-02 -0.297345053348E-02 -0.659541266931E-02 -0.370439457647E-02 -0.242637703253E-02
 -0.442550786688E-02 -0.297003693837E-02 -0.336852072594E-02 -0.276169198097E-02 -0.345684238766E-02
  0.702863323701E-03  0.692491564911E-03  0.158570349373E-02  0.153277195702E-02  0.101872059611E-02  0.429432217717E-02  0.121100973211E-02
  0.160175293768E-02  0.177087892517E-02  0.110760223217E-02  0.802549932826E-03  0.280100225359E-02  0.772751661776E-03  0.126928622013E-02
  0.147256056538E-02  0.903972662715E-03  0.761642901387E-03  0.688016729388E-03  0.270038483988E-02  0.271633043237E-03  0.992603840158E-03
  0.131772328277E-02  0.668755029563E-03  0.779784072979E-03  0.208643989569E-03  0.149329369224E-02  0.917897577340E-03  0.772243186383E-03
  0.113146635077E-02  0.696408510151E-03  0.214552235756E-03  0.214762183289E-03  0.174285052314E-03
  0.956349176339E-04  0.168715780532E-03  0.190253356990E-05  0.346754803595E-03 -0.205629839214E-03  0.163083469201E-03  0.352475488850E-04
  0.147540525914E-03  0.733445435108E-04  0.185908765056E-04 -0.127112973520E-03 -0.499751396770E-03  0.197178649745E-04 -0.881657773244E-04
 -0.132037284697E-03  0.200468629690E-04  0.404426686127E-05 -0.155437174371E-03 -0.218900922294E-03  0.691911313916E-05 -0.475622614296E-04
 -0.130534352622E-03 -0.880382769710E-06 -0.422163327737E-05 -0.168617034141E-04 -0.884472977796E-04 -0.119678995651E-04 -0.339277515495E-04
  0.835655457616E-05 -0.133547503862E-04 -0.988441559796E-05 -0.816025714376E-06 -0.238091332054E-05
 -0.242260061591E-03 -0.406541476572E-03  0.374353262684E-03  0.255427952252E-03 -0.506938513934E-03 -0.359997292109E-03  0.371744379298E-03
  0.472166581440E-03  0.896915493159E-03  0.412120581823E-03 -0.336406292798E-03  0.169259448413E-03  0.329609398291E-03  0.379181926246E-03
  0.525568346166E-03  0.233862422988E-03  0.344547726616E-03 -0.198495340198E-03 -0.905085878021E-04  0.350540815615E-03  0.234303827663E-03
  0.381861862209E-03  0.236939604647E-03  0.282771029256E-03  0.318392445148E-03  0.298755652446E-03  0.202308515514E-03  0.264503088637E-03
  0.283381671581E-03  0.236866237275E-03  0.352159740618E-03  0.298621480246E-03  0.368551928270E-03
  0.132765470982E-02  0.436608499906E-02  0.246327566259E-02  0.340391301621E-02  0.396151860565E-02 -0.120534592974E-02  0.871127926971E-03
  0.121123831075E-02  0.143682322258E-02  0.725425330375E-03  0.362422990900E-02  0.297087223798E-03  0.618591513253E-03  0.906663868213E-03
  0.101572544221E-02  0.586600941865E-03  0.439245930605E-03  0.718492679486E-03  0.357915878435E-04  0.846625893633E-03  0.709939922955E-03
  0.976456224601E-03  0.314607154928E-03  0.332522976846E-03  0.870532812741E-03  0.142553716622E-02  0.718520806528E-03  0.408845169214E-03
  0.848552525212E-03  0.600567339152E-03  0.998053684055E-03  0.796849964276E-03  0.104473969347E-02
        12        15        14        14
        21        16        14        14
         9        14        10        10
        15        22        21        21
        29        27        22        22
        14        16        10        10
         7         8        10        10
        14        15        21        21
        14         9        12        12
         5        12         6         6
        21        24        16        16
        32        23        24        24
        28        21        27        27
        17        16        23        23
        28        31        24        24
        19        15        12        12
         4         2         6         6
         4         9         8         8
        10         8         9         9
        17        13        10        10
        19        26        22        22
        10        16        17        17
        23        25        17        17
        22        15        19        19
        12        11        19        19
        27        30        28        28
        33        31        28        28
         6         9         4         4
         8         3         4         4
        25        23        32        32
        10        13         7         7
         3         8         7         7
        30        27        29        29
         6         2         5         5
        11        12         5         5
        24        23        16        16
        13        17        20        20
        26        19        18        18
         2         4         1         1
        22        27        21        21
        31        32        24        24
        21        28        24        24
        26        29        22        22
         9         6        12        12
        11        18        19        19
        25        20        17        17
        30        33        28        28
         3         1         4         4
zone t="boundary 6 bc-6", solutiontime= 0.5000000E+02, strandid=1006, i=33, j=48, f=feblock
  0.375059096892E+01  0.249769609313E+01  0.500322133174E+01  0.403560203922E+01  0.280631115217E+01  0.124541910518E+01  0.182303273760E+01
  0.500467668798E+01  0.431322535535E+01  0.342786661481E+01  0.226876920017E+01  0.161701865931E+01 -0.547468544169E-02  0.900320961795E+00
  0.500477267378E+01  0.408884044540E+01  0.297791651125E+01  0.189186087594E+01  0.109435348063E+01  0.729840026748E+00 -0.567606031243E-02
  0.500358118334E+01  0.398317221069E+01  0.304409324138E+01  0.214319966288E+01  0.103661372330E+01 -0.525159244851E-02 -0.425776897977E-02
  0.500195253374E+01  0.375034811161E+01  0.249861146299E+01  0.124717526933E+01 -0.338395986572E-02
  0.250494197117E+01  0.250494197117E+01  0.250494197117E+01  0.148676003042E+01  0.135862937360E+01  0.250494197117E+01  0.177126519354E+01
  0.128129120217E+01  0.548913337634E+00  0.381390483997E+00  0.772369181920E-01  0.855320802494E+00  0.250494197117E+01  0.160897911228E+01
  0.277507990648E-01 -0.435104782594E+00 -0.833499148309E+00 -0.848131036561E+00 -0.296462201067E+00  0.687468474672E+00  0.127822156907E+01
 -0.122585350888E+01 -0.156121190484E+01 -0.181436122511E+01 -0.162712850922E+01 -0.145562642992E+01  0.261948602442E-01 -0.122573481164E+01
 -0.249658903664E+01 -0.249658903664E+01 -0.249658903664E+01 -0.249658903664E+01 -0.249658903664E+01
  0.135649900494E-03  0.110129816467E-03  0.966887303890E-04  0.171331286211E-03  0.194349216398E-03  0.103942505801E-03  0.183620288715E-03
  0.163805301938E-03  0.231300957359E-03  0.293695548343E-03  0.207230778308E-03  0.152981090497E-03  0.803813859866E-04  0.870414072768E-04
  0.190347800845E-03  0.271993329411E-03  0.224559693186E-03  0.167064550182E-03  0.126059023692E-03  0.104459864054E-03  0.822460170216E-04
  0.160776520449E-03  0.175711672037E-03  0.161700011242E-03  0.160617042523E-03  0.104718930153E-03  0.103872438719E-03  0.341545874231E-04
  0.108225889030E-03  0.145875369682E-03  0.100893326425E-03  0.110858761917E-03  0.810725962649E-04
  0.000000000000E+00  0.000000000000E+00  0.000000000000E+00  0.000000000000E+00  0.000000000000E+00  0.000000000000E+00  0.000000000000E+00
  0.000000000000E+00  0.000000000000E+00  0.000000000000E+00  0.000000000000E+00  0.000000000000E+00  0.000000000000E+00  0.000000000000E+00
  0.000000000000E+00  0.000000000000E+00  0.000000000000E+00  0.000000000000E+00  0.000000000000E+00  0.000000000000E+00  0.000000000000E+00
  0.000000000000E+00  0.000000000000E+00  0.000000000000E+00  0.000000000000E+00  0.000000000000E+00  0.000000000000E+00  0.000000000000E+00
  0.000000000000E+00  0.000000000000E+00  0.000000000000E+00  0.000000000000E+00  0.000000000000E+00
  0.999989345567E+00  0.999989414891E+00  0.999989632591E+00  0.999989603432E+00  0.999989623160E+00  0.999989832933E+00  0.999989802182E+00
  0.999990284980E+00  0.999990687105E+00  0.999990492890E+00  0.999991232882E+00  0.999990584619E+00  0.999990300362E+00  0.999990374872E+00
  0.999991493230E+00  0.999992142608E+00  0.999992690497E+00  0.999992319604E+00  0.999991647213E+00  0.999990921527E+00  0.999990762612E+00
  0.999992822645E+00  0.999993396492E+00  0.999993479934E+00  0.999993154372E+00  0.999992520805E+00  0.999991420552E+00  0.999992171067E+00
  0.999993488485E+00  0.999993690942E+00  0.999993544242E+00  0.999993139053E+00  0.999992724186E+00
 -0.170696052445E-02  0.132207049190E-02 -0.282319869678E-02 -0.239650436676E-02  0.306618692571E-03  0.384271558068E-02  0.159906879928E-02
 -0.250628500454E-02 -0.264856339238E-02 -0.108667957276E-02  0.621823260469E-03  0.148002383172E-02  0.610128759219E-02  0.420884308403E-02
 -0.326703790298E-02 -0.262184075789E-02 -0.242924414685E-03  0.143886000782E-02  0.147327526492E-02  0.351732815302E-02  0.698495314770E-02
 -0.212823655621E-02 -0.226054654516E-02 -0.194994347314E-03  0.994200871295E-04  0.199264772412E-02  0.512167448146E-02  0.170597618121E-02
 -0.252330059888E-02 -0.197836642906E-02 -0.121460290199E-02  0.241586153397E-02  0.308604262336E-02
 -0.395705834577E-03 -0.383847367861E-03  0.702863323701E-03 -0.371194617043E-03 -0.122311265799E-02 -0.799460449884E-03 -0.259448827893E-03
  0.692491564911E-03 -0.264091510569E-03 -0.856167467505E-03 -0.643887556224E-03 -0.485419717940E-03  0.239192972269E-03 -0.125803395715E-02
  0.101872059611E-02 -0.242852718862E-03 -0.769366013302E-03 -0.642701149352E-03 -0.787947917933E-03 -0.110522899449E-02  0.331466629033E-03
  0.802549932826E-03 -0.165783499448E-03 -0.685842388135E-03 -0.577584433392E-03 -0.661282073196E-03  0.361485651618E-03  0.321554974770E-03
  0.688016729388E-03 -0.192411388751E-03  0.186012053736E-04 -0.447445766162E-03  0.284325070119E-03
 -0.747354704517E-04  0.397315127237E-04  0.956349176339E-04 -0.164895104685E-03  0.335113227071E-04  0.335336089299E-03  0.127153607813E-03
  0.168715780532E-03  0.341823514694E-04 -0.412813840060E-07 -0.692585626106E-04  0.510849480197E-04  0.405816202667E-03  0.319424357902E-03
 -0.205629839214E-03 -0.271752727032E-03 -0.410667839952E-03 -0.404564813779E-03 -0.692704313690E-03  0.275777027296E-03  0.546882129075E-03
 -0.127112973520E-03 -0.521747281511E-04  0.310984690145E-03  0.791603466945E-03  0.730442168001E-04  0.467397150506E-03 -0.174852433078E-03
 -0.155437174371E-03  0.411012102382E-04  0.241697891363E-03  0.128340661963E-03 -0.245073231937E-03
 -0.462499300553E-03 -0.866063207363E-03 -0.242260061591E-03 -0.102783473906E-02 -0.174407280124E-02 -0.834677958934E-03 -0.105993559575E-02
 -0.406541476572E-03 -0.694607931693E-03 -0.973132225988E-03 -0.136679219839E-02 -0.205875380175E-02 -0.147369182218E-02 -0.882346617020E-03
 -0.506938513934E-03 -0.559080422421E-03 -0.939720311487E-03 -0.121134537987E-02 -0.285462143287E-02 -0.136960175260E-02 -0.160704649097E-02
 -0.336406292798E-03 -0.407287386613E-03 -0.557171709210E-03 -0.974880799636E-03 -0.181350009104E-02 -0.899995827403E-03 -0.786599824257E-03
 -0.198495340198E-03 -0.204935621555E-03 -0.309700470517E-03 -0.716684763409E-03 -0.609660768554E-03
  0.706469856671E-02  0.301234513507E-02  0.132765470982E-02  0.444676847087E-02  0.641094534314E-02  0.190754610200E-03  0.372183932827E-02
  0.436608499906E-02  0.186238542539E-02  0.540073703786E-02  0.560264548808E-02  0.153371411837E-02 -0.487346735894E-02  0.922265879305E-02
  0.396151860565E-02  0.434371484184E-02  0.634921015953E-02  0.859389684908E-03  0.225643355979E-02  0.477538863754E-02 -0.665636675927E-02
  0.362422990900E-02  0.528086489562E-02 -0.610842248981E-03  0.111514502914E-02 -0.809413204214E-03  0.325543107234E-03  0.104266869343E-02
  0.718492679486E-03  0.197892211380E-02  0.342981675741E-02  0.409105149600E-02 -0.101639822325E-02
        19        18        11        11
        17        10        11        11
        12        11         5         5
        18        25        17        17
        31        24        25        25
        11        10         5         5
         2         7         5         5
        11        18        17        17
        11        12        19        19
        27        19        20        20
        17        16        10        10
        15         9        16        16
        23        17        24        24
         4        10         9         9
        23        22        16        16
        26        18        19        19
        14        21        20        20
        14        12         7         7
         5         7        12        12
         4         1         5         5
        26        32        25        25
         5        10         4         4
         9         8         4         4
        25        18        26        26
        19        28        26        26
        24        30        23        23
        29        22        23        23
        20        12        14        14
         7         6        14        14
         8         9        15        15
         5         1         2         2
         6         7         2         2
        30        24        31        31
        20        21        27        27
        28        19        27        27
        16         9        10        10
         1         4         3         3
        32        26        33        33
        21        14        13        13
        25        24        17        17
        22        15        16        16
        17        23        16        16
        32        31        25        25
        12        20        19        19
        28        33        26        26
         8         3         4         4
        30        29        23        23
         6        13        14        14
