title="tecplot geometry and solution file"
variables = x y z mach temperature lambda1 lambda2 lambda3 lambda4 lambda5
zone t="boundary 1 bc-1", solutiontime= 0.5000000E+02, strandid=1001, i=32, j=46, f=feblock
  0.000000000000E+00  0.000000000000E+00  0.000000000000E+00  0.000000000000E+00  0.000000000000E+00  0.000000000000E+00  0.000000000000E+00
  0.000000000000E+00  0.000000000000E+00  0.000000000000E+00  0.000000000000E+00  0.000000000000E+00  0.000000000000E+00  0.000000000000E+00
  0.000000000000E+00  0.000000000000E+00  0.000000000000E+00  0.000000000000E+00  0.000000000000E+00  0.000000000000E+00  0.000000000000E+00
  0.000000000000E+00  0.000000000000E+00  0.000000000000E+00  0.000000000000E+00  0.000000000000E+00  0.000000000000E+00  0.000000000000E+00
  0.000000000000E+00  0.000000000000E+00  0.000000000000E+00  0.000000000000E+00
  0.250000000000E+01  0.250000000000E+01  0.125000000000E+01  0.146289271009E+01  0.157686156160E+01  0.308372018325E+00  0.000000000000E+00
 -0.125000000000E+01 -0.600232012419E+00  0.250000000000E+01  0.477386199275E+00  0.742988685424E+00 -0.739814786992E+00  0.177790177481E+01
  0.155830813274E+01  0.250000000000E+01 -0.250000000000E+01 -0.154800130438E+01 -0.487811078581E+00  0.250000000000E+01  0.627766083140E+00
 -0.345533899378E+00 -0.178862290564E+01 -0.158811787973E+01  0.125000000000E+01 -0.250000000000E+01 -0.144524380962E+01  0.000000000000E+00
 -0.125000000000E+01 -0.250000000000E+01 -0.250000000000E+01 -0.250000000000E+01
  0.000000000000E+00  0.125000000000E+01  0.000000000000E+00  0.103724302461E+01  0.219251206392E+01  0.922061490191E+00  0.000000000000E+00
  0.000000000000E+00  0.715990576545E+00  0.250000000000E+01  0.202479342020E+01  0.324151231464E+01  0.175434191980E+01  0.310152362409E+01
  0.404200324774E+01  0.375000000000E+01  0.000000000000E+00  0.930412228790E+00  0.299062775774E+01  0.500000000000E+01  0.429310310915E+01
  0.409252726285E+01  0.187029682677E+01  0.284428995242E+01  0.500000000000E+01  0.125000000000E+01  0.394624082883E+01  0.500000000000E+01
  0.500000000000E+01  0.250000000000E+01  0.375000000000E+01  0.500000000000E+01
  0.000000000000E+00  0.441238348384E+00  0.000000000000E+00  0.475214987021E+00  0.460123708856E+00  0.468827815405E+00  0.000000000000E+00
  0.000000000000E+00  0.402302516798E+00  0.469814974359E+00  0.464411128942E+00  0.478714034184E+00  0.489298241651E+00  0.483068557888E+00
  0.487930073118E+00  0.488961654628E+00  0.000000000000E+00  0.464775721414E+00  0.473795651891E+00  0.495346592024E+00  0.490266103446E+00
  0.486286083902E+00  0.445717618051E+00  0.464382274634E+00  0.496127394917E+00  0.443624103833E+00  0.486964461957E+00  0.497246279768E+00
  0.496059270892E+00  0.467732355362E+00  0.488212087362E+00  0.495098264817E+00
  0.999990295028E+00  0.102982719499E+01  0.999990757903E+00  0.104247294232E+01  0.101190080524E+01  0.102520618293E+01  0.999991416700E+00
  0.999992168096E+00  0.103891223624E+01  0.100826277309E+01  0.101252833877E+01  0.100300548289E+01  0.102702865700E+01  0.100605563290E+01
  0.100244400478E+01  0.100355660048E+01  0.999992721792E+00  0.103239739214E+01  0.100459524090E+01  0.100179336279E+01  0.100260305842E+01
  0.100234966417E+01  0.101657153079E+01  0.100617544692E+01  0.100168844809E+01  0.104043292670E+01  0.100303376377E+01  0.100118726928E+01
  0.100134171022E+01  0.100976788415E+01  0.100405369352E+01  0.100176112495E+01
  0.875983555040E-03  0.457167134668E-02  0.963535942470E-03  0.709978711129E-02  0.395527855860E-03  0.871968725278E-02  0.654246962292E-03
  0.307687451134E-03  0.880965135647E-02 -0.286952868872E-03  0.500531496594E-03 -0.115547254959E-02  0.844172377519E-03 -0.634282156303E-03
 -0.152826717830E-02 -0.147537130686E-02  0.827654065412E-03  0.871059476470E-02 -0.840939917807E-03 -0.561367618188E-02 -0.203556474829E-02
 -0.142947211032E-02  0.996183321599E-03 -0.942061265239E-03 -0.582735355050E-02  0.725566087329E-02 -0.117764984691E-02 -0.650162624680E-02
 -0.579435150520E-02 -0.761710787916E-03 -0.137214256329E-02 -0.544055444594E-02
  0.389289622918E-04  0.657426094182E-03  0.478105743803E-04  0.902759845277E-03  0.458985117516E-06  0.134013382665E-02  0.506669444575E-04
  0.952104972045E-04  0.132764586793E-02 -0.125641817292E-03  0.267856217900E-04 -0.244446516274E-03  0.236695984760E-04 -0.181671194389E-03
 -0.299008078711E-03 -0.322326394961E-03  0.924023015689E-04  0.140799414684E-02 -0.172071035262E-03 -0.115650373649E-02 -0.404388583418E-03
 -0.274766694097E-03  0.580258648775E-04 -0.176175521238E-03 -0.122180345879E-02  0.966423697699E-03 -0.230877866137E-03 -0.136616888233E-02
 -0.121345208649E-02 -0.180282111228E-03 -0.285968379507E-03 -0.113378889331E-02
  0.616107308363E-04  0.190422929730E-04  0.900175831145E-04  0.195688621476E-03  0.290983904209E-04  0.783021114061E-04  0.596396781995E-04
 -0.777794883159E-04 -0.255067964715E-05 -0.171997759243E-05  0.400407534806E-04  0.351824599799E-04  0.523443091483E-05  0.985446597316E-05
 -0.125724989177E-05 -0.665532368930E-06 -0.662399047961E-04 -0.147993558287E-03  0.244051543460E-04  0.202418323450E-06  0.698882487469E-05
  0.896187540592E-05  0.265227848991E-04 -0.676348885956E-05  0.204817115036E-04 -0.243980086393E-04 -0.290671020184E-05  0.555874813582E-05
 -0.714837051748E-05 -0.470875957914E-05 -0.251857052796E-05  0.442188621718E-06
 -0.215369322552E-03 -0.182871288088E-03 -0.229574165643E-03  0.321571064221E-05  0.220278496235E-03  0.241061776343E-03 -0.125714751136E-03
 -0.145716414464E-03  0.972537438975E-04  0.245089110601E-03  0.434437160090E-03  0.252526377945E-03  0.497008657578E-03  0.231351449507E-03
  0.171528533089E-03  0.199143460237E-03 -0.151222720025E-03  0.545671412541E-04  0.300780611398E-03  0.748635636132E-04  0.164699877886E-03
  0.201555251086E-03  0.394578482535E-03  0.254461324944E-03  0.726359889557E-04  0.179743423141E-03  0.190677037206E-03  0.693229067048E-04
  0.832725862945E-04  0.304215356484E-03  0.197098428266E-03  0.800761786042E-04
 -0.713563292134E-03 -0.188677360222E-02 -0.933645156277E-03 -0.284602568898E-02 -0.168574754890E-03 -0.364079841785E-02  0.882827412409E-04
  0.135589893330E-03 -0.366240746464E-02  0.112601477581E-03 -0.224406573553E-03  0.452708116656E-03 -0.357963110643E-03  0.248983708664E-03
  0.610274752621E-03  0.594141596463E-03 -0.326118126323E-03 -0.363078282684E-02  0.312432853604E-03  0.233118043697E-02  0.822703613483E-03
  0.567592349615E-03 -0.424692160988E-03  0.345041282707E-03  0.242386259594E-02 -0.294062084827E-02  0.462809524520E-03  0.271213299263E-02
  0.241174578006E-02  0.284643313900E-03  0.550058807402E-03  0.225895721671E-02
        12        19        11        11
        11         5        12        12
        10        14         5         5
        19        13        11        11
        19        24        13        13
        30        23        24        24
        19        12        22        22
        28        22        21        21
        11        13         6         6
         7         6         9         9
        15        12        14        14
        18        13        23        23
        15        25        21        21
        27        19        22        22
        18         8         9         9
        27        31        24        24
         4        11         6         6
         5        14        12        12
         4         2         5         5
        21        12        15        15
        14        16        15        15
        24        19        27        27
        22        29        27        27
        23        26        18        18
        17         8        18        18
         5        11         4         4
         6         3         4         4
        26        23        30        30
         5         2        10        10
        16        14        10        10
         3         6         7         7
        21        25        28        28
        29        22        28        28
         6        13         9         9
         2         4         1         1
        31        27        32        32
        25        15        20        20
        24        23        13        13
         8         7         9         9
        13        18         9         9
        31        30        24        24
        12        21        22        22
        29        32        27        27
         3         1         4         4
        26        17        18        18
        16        20        15        15
zone t="boundary 2 bc-2", solutiontime= 0.5000000E+02, strandid=1002, i=33, j=48, f=feblock
  0.500000000000E+01  0.375000000000E+01  0.250000000000E+01  0.288078410721E+01  0.125000000000E+01  0.190974100652E+01  0.326683758169E+01
  0.201431602454E+01  0.000000000000E+00  0.963108083381E+00  0.500000000000E+01  0.403552511878E+01  0.423153924130E+01  0.500000000000E+01
  0.385533350601E+01  0.500000000000E+01  0.398173246726E+01  0.315249557942E+01  0.267000324704E+01  0.154774304040E+01  0.218329375016E+01
  0.893127759452E+00  0.000000000000E+00  0.698517061619E+00  0.964171764089E+00  0.310324758057E+01  0.000000000000E+00  0.000000000000E+00
  0.125000000000E+01  0.500000000000E+01  0.375000000000E+01  0.250000000000E+01  0.000000000000E+00
 -0.250000000000E+01 -0.250000000000E+01 -0.250000000000E+01 -0.250000000000E+01 -0.250000000000E+01 -0.250000000000E+01 -0.250000000000E+01
 -0.250000000000E+01 -0.250000000000E+01 -0.250000000000E+01 -0.250000000000E+01 -0.250000000000E+01 -0.250000000000E+01 -0.250000000000E+01
 -0.250000000000E+01 -0.250000000000E+01 -0.250000000000E+01 -0.250000000000E+01 -0.250000000000E+01 -0.250000000000E+01 -0.250000000000E+01
 -0.250000000000E+01 -0.250000000000E+01 -0.250000000000E+01 -0.250000000000E+01 -0.250000000000E+01 -0.250000000000E+01 -0.250000000000E+01
 -0.250000000000E+01 -0.250000000000E+01 -0.250000000000E+01 -0.250000000000E+01 -0.250000000000E+01
  0.000000000000E+00  0.000000000000E+00  0.000000000000E+00  0.904659890645E+00  0.000000000000E+00  0.717002441913E+00  0.188609243358E+01
  0.176246431481E+01  0.000000000000E+00  0.961328577125E+00  0.125000000000E+01  0.101201586758E+01  0.191586535653E+01  0.250000000000E+01
  0.293121848150E+01  0.375000000000E+01  0.406975391361E+01  0.363585050272E+01  0.285047954584E+01  0.292817774674E+01  0.395907379566E+01
  0.205246550326E+01  0.125000000000E+01  0.306828197606E+01  0.397245519226E+01  0.433168271247E+01  0.250000000000E+01  0.375000000000E+01
  0.500000000000E+01  0.500000000000E+01  0.500000000000E+01  0.500000000000E+01  0.500000000000E+01
  0.000000000000E+00  0.000000000000E+00  0.000000000000E+00  0.380991906500E+00  0.000000000000E+00  0.343629824950E+00  0.585286157424E+00
  0.579373264282E+00  0.000000000000E+00  0.501056069140E+00  0.508460362676E+00  0.435373026572E+00  0.572640041190E+00  0.537002098944E+00
  0.568922553870E+00  0.514994090651E+00  0.508247257160E+00  0.527252853130E+00  0.567446661127E+00  0.531657143909E+00  0.505981016593E+00
  0.520795579399E+00  0.443624103833E+00  0.490663730453E+00  0.492155873749E+00  0.501390784676E+00  0.467732355362E+00  0.488212087362E+00
  0.490002767114E+00  0.491352304715E+00  0.486075475228E+00  0.490036479234E+00  0.495098264817E+00
  0.999993487379E+00  0.999993690057E+00  0.999993543115E+00  0.989539055875E+00  0.999993137282E+00  0.985524707174E+00  0.989838908967E+00
  0.991798516580E+00  0.999992721792E+00  0.984411112416E+00  0.985091906406E+00  0.984689080896E+00  0.990058464829E+00  0.100289621837E+01
  0.999855369243E+00  0.100485306649E+01  0.100121554699E+01  0.100055642931E+01  0.997896793475E+00  0.100350029570E+01  0.100058068723E+01
  0.101093276247E+01  0.104043292670E+01  0.100326475367E+01  0.100254498742E+01  0.100045587387E+01  0.100976788415E+01  0.100405369352E+01
  0.100192656835E+01  0.100045434508E+01  0.100058774183E+01  0.100109993754E+01  0.100176112495E+01
 -0.508087556119E-03 -0.417820351918E-03 -0.255587352864E-03  0.711569744679E-02  0.768327574089E-03  0.226939028674E-01 -0.106471944808E-02
  0.640618864643E-03  0.827654065412E-03  0.101266616887E-01 -0.125229194892E-02 -0.175652915318E-02 -0.949728028591E-03 -0.814011979490E-03
 -0.577077322235E-03 -0.526184199737E-03 -0.388825797209E-03 -0.433387431684E-03 -0.825632436927E-03 -0.114496567444E-02 -0.568397371423E-03
  0.552024013856E-03  0.725566087329E-02 -0.759766353182E-03 -0.110932338952E-02 -0.689823672313E-03 -0.761710787916E-03 -0.137214256329E-02
 -0.493107411033E-02 -0.611386026752E-03 -0.230216312692E-02 -0.436925057916E-02 -0.544055444594E-02
  0.147296553633E-03 -0.307359792259E-04  0.283509538803E-05  0.127823360450E-02 -0.109511314006E-03  0.283976194060E-02 -0.412800671562E-04
 -0.922412612490E-04  0.924023015689E-04  0.120036480940E-02  0.289918486822E-03  0.295559943788E-04  0.151127239440E-03  0.207334687430E-03
  0.128199304192E-03  0.123196341638E-03  0.141002243428E-03  0.108818252221E-03  0.104726298030E-04 -0.144419417458E-03  0.400771507847E-04
 -0.895405871792E-04  0.966423697699E-03 -0.715766863003E-04 -0.136375290113E-03  0.609832089068E-04 -0.180282111228E-03 -0.285968379507E-03
 -0.897381232489E-03  0.294639483887E-04 -0.234775912572E-03 -0.690337392626E-03 -0.113378889331E-02
 -0.378572995203E-04  0.114362228790E-04  0.631301326621E-04  0.191084919791E-03  0.324721900946E-04  0.277338322857E-03 -0.173154133387E-04
  0.935564199104E-05 -0.662399047961E-04  0.101502374613E-03 -0.128366718916E-04 -0.519550223478E-04  0.134918590584E-05  0.141082258966E-05
  0.177288101086E-05 -0.288030803050E-05  0.885570653124E-07 -0.186214856798E-05  0.478965144931E-05  0.938615368209E-05 -0.353119530535E-05
  0.677110468610E-05 -0.243980086393E-04  0.248290344994E-05 -0.100449306100E-05 -0.148258752152E-05 -0.470875957914E-05 -0.251857052796E-05
 -0.108996584260E-05 -0.644398783807E-06 -0.541327102847E-07  0.304150395502E-06  0.442188621718E-06
 -0.316938453011E-04 -0.495881611024E-04 -0.871013631830E-04  0.286768959643E-03 -0.199935324300E-03  0.730623131491E-04  0.370471258956E-03
  0.496349815670E-03 -0.151222720025E-03  0.229584480465E-03  0.590106143944E-04  0.255102630206E-03  0.136486021002E-03  0.541508838054E-04
  0.128939769502E-03  0.424825604853E-04  0.114493376735E-03  0.163310973413E-03  0.205439793646E-03  0.189764693504E-03  0.179585959600E-03
  0.349896670167E-03  0.179743423141E-03  0.201113360294E-03  0.172236509587E-03  0.158144029671E-03  0.304215356484E-03  0.197098428266E-03
  0.115399475632E-03  0.649418433676E-04  0.138905078444E-03  0.148024042908E-03  0.800761786042E-04
  0.117130852532E-03  0.483462277348E-03  0.109814358796E-02 -0.320502103193E-02  0.960141896635E-03 -0.967041054419E-02  0.341407861020E-03
 -0.237308624950E-03 -0.326118126323E-03 -0.414809501151E-02  0.269179902085E-03  0.551715844728E-03  0.229278484020E-03  0.156885358203E-03
  0.114032000889E-03  0.106563193423E-03  0.562911936766E-04  0.817688751010E-04  0.245598032844E-03  0.417632087997E-03  0.156011067906E-03
 -0.211197003345E-03 -0.294062084827E-02  0.260423735504E-03  0.410412649128E-03  0.191238067734E-03  0.284643313900E-03  0.550058807402E-03
  0.200631348559E-02  0.185308619917E-03  0.864972504140E-03  0.174028113468E-02  0.225895721671E-02
        15         7        19        19
         8        20        19        19
        18        19        21        21
         7         4         8         8
         3         6         4         4
        19         7         8         8
        19        18        15        15
        14        13        15        15
         8        22        20        20
        27        24        22        22
        19        20        21        21
        32        26        21        21
        17        18        26        26
        17        16        15        15
        25        29        21        21
        12         7        13        13
        10         8         6         6
        25        20        24        24
         4         6         8         8
        12         2         4         4
        10        23        22        22
        26        31        17        17
        30        16        17        17
         4         7        12        12
        13        11        12        12
        21        20        25        25
        24        28        25        25
        22         8        10        10
         6         5        10        10
        31        26        32        32
         4         2         3         3
         5         6         3         3
        11        13        14        14
        22        23        27        27
        28        24        27        27
        15        13         7         7
         2        12         1         1
        29        25        33        33
        23        10         9         9
        21        26        18        18
        16        14        15        15
        18        17        15        15
        29        32        21        21
        22        24        20        20
        28        33        25        25
        11         1        12        12
        31        30        17        17
         5         9        10        10
zone t="boundary 3 bc-3", solutiontime= 0.5000000E+02, strandid=1003, i=33, j=48, f=feblock
  0.375000000000E+01  0.250000000000E+01  0.500000000000E+01  0.403552511878E+01  0.288078410721E+01  0.125000000000E+01  0.190974100652E+01
  0.500000000000E+01  0.326683758169E+01  0.423153924130E+01  0.201431602454E+01  0.000000000000E+00  0.963108083381E+00  0.500000000000E+01
  0.267000324704E+01  0.385533350601E+01  0.893127759452E+00  0.154774304040E+01  0.000000000000E+00  0.500000000000E+01  0.315249557942E+01
  0.218329375016E+01  0.398173246726E+01  0.000000000000E+00  0.698517061619E+00  0.964171764089E+00  0.125000000000E+01  0.000000000000E+00
  0.500000000000E+01  0.310324758057E+01  0.250000000000E+01  0.375000000000E+01  0.000000000000E+00
  0.250000000000E+01  0.250000000000E+01  0.250000000000E+01  0.250000000000E+01  0.250000000000E+01  0.250000000000E+01  0.250000000000E+01
  0.250000000000E+01  0.250000000000E+01  0.250000000000E+01  0.250000000000E+01  0.250000000000E+01  0.250000000000E+01  0.250000000000E+01
  0.250000000000E+01  0.250000000000E+01  0.250000000000E+01  0.250000000000E+01  0.250000000000E+01  0.250000000000E+01  0.250000000000E+01
  0.250000000000E+01  0.250000000000E+01  0.250000000000E+01  0.250000000000E+01  0.250000000000E+01  0.250000000000E+01  0.250000000000E+01
  0.250000000000E+01  0.250000000000E+01  0.250000000000E+01  0.250000000000E+01  0.250000000000E+01
  0.000000000000E+00  0.000000000000E+00  0.000000000000E+00  0.101201586758E+01  0.904659890645E+00  0.000000000000E+00  0.717002441913E+00
  0.125000000000E+01  0.188609243358E+01  0.191586535653E+01  0.176246431481E+01  0.000000000000E+00  0.961328577125E+00  0.250000000000E+01
  0.285047954584E+01  0.293121848150E+01  0.205246550326E+01  0.292817774674E+01  0.125000000000E+01  0.375000000000E+01  0.363585050272E+01
  0.395907379566E+01  0.406975391361E+01  0.250000000000E+01  0.306828197606E+01  0.397245519226E+01  0.500000000000E+01  0.375000000000E+01
  0.500000000000E+01  0.433168271247E+01  0.500000000000E+01  0.500000000000E+01  0.500000000000E+01
  0.000000000000E+00  0.000000000000E+00  0.000000000000E+00  0.443767745459E+00  0.402286944574E+00  0.000000000000E+00  0.377550369545E+00
  0.509232128688E+00  0.575832179754E+00  0.573707405285E+00  0.562554064412E+00  0.000000000000E+00  0.490563299840E+00  0.534527096543E+00
  0.556586982170E+00  0.564391577749E+00  0.522730517385E+00  0.522052000170E+00  0.441238348384E+00  0.517182331791E+00  0.524228630763E+00
  0.503687457534E+00  0.509488571178E+00  0.469814974359E+00  0.495614442414E+00  0.494483780212E+00  0.488562428343E+00  0.488961654628E+00
  0.492980744788E+00  0.499005552222E+00  0.486460936507E+00  0.484596927548E+00  0.495346592024E+00
  0.999989339439E+00  0.999989408764E+00  0.999989626853E+00  0.981541895460E+00  0.988773990194E+00  0.999989827144E+00  0.982469462434E+00
  0.984104309047E+00  0.990427545862E+00  0.990355285694E+00  0.994362997073E+00  0.999990295028E+00  0.988652071037E+00  0.100368369414E+01
  0.999769197113E+00  0.100118501219E+01  0.100834885320E+01  0.100252111043E+01  0.102982719499E+01  0.100443319461E+01  0.100199536635E+01
  0.100082056599E+01  0.100138192342E+01  0.100826277309E+01  0.100298787130E+01  0.100192389555E+01  0.100215267510E+01  0.100355660048E+01
  0.100047670023E+01  0.100056591053E+01  0.100126820231E+01  0.100066573360E+01  0.100179336279E+01
 -0.338034079446E-03  0.225664552404E-03 -0.407457851725E-03  0.187864260026E-02  0.101282012032E-01  0.593365729745E-03  0.975222200783E-02
 -0.142026161894E-02 -0.897421365657E-03 -0.933504857697E-03  0.158753713734E-02  0.875983555040E-03  0.648058355197E-02 -0.740941373682E-03
 -0.845851498898E-03 -0.615629238422E-03  0.215055634119E-03 -0.841912954821E-03  0.457167134668E-02 -0.516890026789E-03 -0.369023342362E-03
 -0.505505222972E-03 -0.397592427817E-03 -0.286952868872E-03 -0.675407073019E-03 -0.136306324245E-02 -0.424555163738E-02 -0.147537130686E-02
 -0.495006788023E-03 -0.610330510269E-03 -0.398486161577E-02 -0.216062010570E-02 -0.561367618188E-02
 -0.555163165956E-04 -0.751178140390E-04  0.111681476854E-03  0.662703148378E-03  0.146203484569E-02 -0.112059677042E-03  0.117169864032E-02
  0.249959435982E-03  0.168876026845E-04  0.155631788637E-03  0.222818462525E-04  0.389289622918E-04  0.509051031334E-03  0.193548251048E-03
  0.546764067526E-05  0.116180913763E-03 -0.164580058415E-03 -0.828813667639E-04  0.657426094182E-03  0.126823504325E-03  0.114497537034E-03
  0.605826179540E-04  0.130975362541E-03 -0.125641817292E-03 -0.149402349274E-03 -0.173610906270E-03 -0.756887981872E-03 -0.322326394961E-03
  0.455796018899E-04  0.706157525075E-04 -0.619314863665E-03 -0.213521767175E-03 -0.115650373649E-02
 -0.116969961141E-04  0.788184574127E-05  0.776435842521E-05 -0.558962132121E-04 -0.181947237146E-03  0.495060718550E-04 -0.617661371404E-05
 -0.205689826323E-05 -0.160002366237E-04  0.845495290292E-06 -0.144158525182E-04  0.616107308363E-04  0.614806033970E-04  0.489301660433E-05
  0.420288602176E-06  0.145641055660E-05 -0.254543920832E-04 -0.973089198140E-05  0.190422929730E-04  0.271762372765E-05  0.128847685910E-05
  0.682898684853E-05  0.434431189334E-06 -0.171997759243E-05 -0.564188936099E-05  0.261657527040E-05  0.263474130981E-05 -0.665532368930E-06
  0.101238731861E-05  0.316245472440E-07  0.605978601028E-06 -0.200473004614E-06  0.202418323450E-06
 -0.773097046386E-04 -0.153102694977E-03 -0.292687396929E-04  0.892465560789E-04  0.172488229683E-03 -0.128505298057E-03  0.348498704727E-04
  0.383660468054E-04  0.298161434274E-03  0.125269547785E-03  0.451599711992E-03 -0.215369322552E-03  0.132381371984E-03  0.538389990953E-04
  0.154913533927E-03  0.126178125200E-03  0.358503029191E-03  0.164147321103E-03 -0.182871288088E-03  0.516568809207E-04  0.153894273457E-03
  0.158056831087E-03  0.115675455677E-03  0.245089110601E-03  0.233687051633E-03  0.159999348272E-03  0.119500747909E-03  0.199143460237E-03
  0.579906771983E-04  0.151637480035E-03  0.146215181006E-03  0.133698142483E-03  0.748635636132E-04
  0.115685274660E-02  0.589248871586E-03  0.189703793231E-03 -0.104263784290E-02 -0.441948084997E-02  0.483025089589E-04 -0.408447687615E-02
  0.351909598468E-03  0.274267939924E-03  0.227893790761E-03 -0.618449790459E-03 -0.713563292134E-03 -0.256163365267E-02  0.139934933443E-03
  0.261194168933E-03  0.134128707087E-03 -0.717201916983E-04  0.291240942479E-03 -0.188677360222E-02  0.101463439926E-03  0.576311671520E-04
  0.128594850910E-03  0.642037890272E-04  0.112601477581E-03  0.242843798634E-03  0.513282482469E-03  0.171731266058E-02  0.594141596463E-03
  0.140071102546E-03  0.161597676622E-03  0.158163008383E-02  0.808465695272E-03  0.233118043697E-02
        15         9        16        16
        15        18        11        11
        22        15        21        21
        11         5         9         9
         5         7         2         2
        11         9        15        15
        16        21        15        15
        16        10        14        14
        18        17        11        11
        17        25        24        24
        22        18        15        15
        22        30        31        31
        30        21        23        23
        16        20        23        23
        22        27        26        26
        10         9         4         4
         7        11        13        13
        25        18        26        26
        11         7         5         5
         5         1         4         4
        17        19        13        13
        23        32        30        30
        23        20        29        29
         4         9         5         5
         4         8        10        10
        26        18        22        22
        26        28        25        25
        13        11        17        17
        13         6         7         7
        31        30        32        32
         2         1         5         5
         2         7         6         6
        14        10         8         8
        24        19        17        17
        24        25        28        28
         9        10        16        16
         3         4         1         1
        33        26        27        27
        12        13        19        19
        21        30        22        22
        16        14        20        20
        16        23        21        21
        22        31        27        27
        18        25        17        17
        26        33        28        28
         4         3         8         8
        23        29        32        32
        13        12         6         6
zone t="boundary 4 bc-4", solutiontime= 0.5000000E+02, strandid=1004, i=32, j=46, f=feblock
  0.125000000000E+01  0.219251206392E+01  0.103724302461E+01  0.500000000000E+01  0.250000000000E+01  0.375000000000E+01  0.404200324774E+01
  0.500000000000E+01  0.000000000000E+00  0.310152362409E+01  0.202479342020E+01  0.324151231464E+01  0.922061490191E+00  0.000000000000E+00
  0.299062775774E+01  0.394624082883E+01  0.500000000000E+01  0.409252726285E+01  0.500000000000E+01  0.429310310915E+01  0.175434191980E+01
  0.284428995242E+01  0.000000000000E+00  0.000000000000E+00  0.715990576545E+00  0.930412228790E+00  0.125000000000E+01  0.187029682677E+01
  0.500000000000E+01  0.375000000000E+01  0.250000000000E+01  0.000000000000E+00
  0.250000000000E+01  0.157686156160E+01  0.146289271009E+01  0.250000000000E+01  0.250000000000E+01  0.250000000000E+01  0.155830813274E+01
  0.125000000000E+01  0.250000000000E+01  0.177790177481E+01  0.477386199275E+00  0.742988685424E+00  0.308372018325E+00  0.125000000000E+01
 -0.487811078581E+00 -0.144524380962E+01 -0.125000000000E+01 -0.345533899378E+00  0.000000000000E+00  0.627766083140E+00 -0.739814786992E+00
 -0.158811787973E+01  0.000000000000E+00 -0.125000000000E+01 -0.600232012419E+00 -0.154800130438E+01 -0.250000000000E+01 -0.178862290564E+01
 -0.250000000000E+01 -0.250000000000E+01 -0.250000000000E+01 -0.250000000000E+01
  0.500000000000E+01  0.500000000000E+01  0.500000000000E+01  0.500000000000E+01  0.500000000000E+01  0.500000000000E+01  0.500000000000E+01
  0.500000000000E+01  0.500000000000E+01  0.500000000000E+01  0.500000000000E+01  0.500000000000E+01  0.500000000000E+01  0.500000000000E+01
  0.500000000000E+01  0.500000000000E+01  0.500000000000E+01  0.500000000000E+01  0.500000000000E+01  0.500000000000E+01  0.500000000000E+01
  0.500000000000E+01  0.500000000000E+01  0.500000000000E+01  0.500000000000E+01  0.500000000000E+01  0.500000000000E+01  0.500000000000E+01
  0.500000000000E+01  0.500000000000E+01  0.500000000000E+01  0.500000000000E+01
  0.488562428343E+00  0.488873127044E+00  0.490562939264E+00  0.492980744788E+00  0.486460936507E+00  0.484596927548E+00  0.485347896276E+00
  0.494163542317E+00  0.495346592024E+00  0.486528232758E+00  0.487819998460E+00  0.487068916091E+00  0.494045904395E+00  0.496127394917E+00
  0.487612357629E+00  0.483219722850E+00  0.492395510969E+00  0.487214141159E+00  0.494738985333E+00  0.487958525499E+00  0.489677249447E+00
  0.488029107105E+00  0.497246279768E+00  0.496059270892E+00  0.494951052257E+00  0.492800373677E+00  0.490002767114E+00  0.490005124553E+00
  0.491352304715E+00  0.486075475228E+00  0.490036479234E+00  0.495098264817E+00
  0.100215267510E+01  0.100152652958E+01  0.100178347660E+01  0.100047670023E+01  0.100126820231E+01  0.100066573360E+01  0.100025357725E+01
  0.100050391679E+01  0.100179336279E+01  0.100112367258E+01  0.100133045248E+01  0.100072432973E+01  0.100164366725E+01  0.100168844809E+01
  0.100096274503E+01  0.100000874853E+01  0.100082864314E+01  0.100022269190E+01  0.100062146074E+01  0.100023497311E+01  0.100174635719E+01
  0.100098855496E+01  0.100118726928E+01  0.100134171022E+01  0.100132635956E+01  0.100179873777E+01  0.100192656835E+01  0.100163748619E+01
  0.100045434508E+01  0.100058774183E+01  0.100109993754E+01  0.100176112495E+01
 -0.424555163738E-02 -0.413406820843E-02 -0.423499386970E-02 -0.495006788023E-03 -0.398486161577E-02 -0.216062010570E-02 -0.150586034870E-02
 -0.494266884740E-03 -0.561367618188E-02 -0.331857667800E-02 -0.448034649052E-02 -0.314964829816E-02 -0.521332419996E-02 -0.582735355050E-02
 -0.359175227322E-02 -0.150688287042E-02 -0.591393542058E-03 -0.189279590495E-02 -0.470809237431E-03 -0.186344669116E-02 -0.557720820032E-02
 -0.341650864501E-02 -0.650162624680E-02 -0.579435150520E-02 -0.607638797164E-02 -0.490244898600E-02 -0.493107411033E-02 -0.522848969138E-02
 -0.611386026752E-03 -0.230216312692E-02 -0.436925057916E-02 -0.544055444594E-02
 -0.756887981872E-03 -0.674579848620E-03 -0.764806383303E-03  0.455796018899E-04 -0.619314863665E-03 -0.213521767175E-03 -0.949691693673E-04
  0.351732609071E-04 -0.115650373649E-02 -0.455203812807E-03 -0.738608443214E-03 -0.416735687718E-03 -0.954835854978E-03 -0.122180345879E-02
 -0.509117934317E-03 -0.948210111826E-04  0.368945355009E-04 -0.167779111965E-03  0.365543417210E-04 -0.165488944792E-03 -0.970921430043E-03
 -0.475311787163E-03 -0.136616888233E-02 -0.121345208649E-02 -0.115858964475E-02 -0.917214774767E-03 -0.897381232489E-03 -0.900645008226E-03
  0.294639483887E-04 -0.234775912572E-03 -0.690337392626E-03 -0.113378889331E-02
  0.263474130981E-05  0.113795584074E-04  0.127730479306E-04  0.101238731861E-05  0.605978601028E-06 -0.200473004614E-06  0.339304757340E-05
 -0.264589783484E-05  0.202418323450E-06  0.644017758255E-05  0.153442396925E-04  0.695322583089E-05  0.182932068558E-04  0.204817115036E-04
 -0.886509747962E-06 -0.584714299156E-05 -0.276633973652E-05 -0.675430991576E-05  0.406877917357E-06 -0.816850813264E-06 -0.377159179464E-07
 -0.215607743092E-05  0.555874813582E-05 -0.714837051748E-05 -0.453817992490E-06 -0.108863246576E-04 -0.108996584260E-05 -0.106816795606E-04
 -0.644398783807E-06 -0.541327102847E-07  0.304150395502E-06  0.442188621718E-06
  0.119500747909E-03  0.144275973852E-03  0.114103939693E-03  0.579906771983E-04  0.146215181006E-03  0.133698142483E-03  0.121315247049E-03
  0.527000078142E-04  0.748635636132E-04  0.149618308072E-03  0.141164526024E-03  0.152106987167E-03  0.110620482429E-03  0.726359889557E-04
  0.152039316533E-03  0.127131208723E-03  0.622409174951E-04  0.126055153815E-03  0.511608171450E-04  0.113865427498E-03  0.134011538486E-03
  0.154684111745E-03  0.693229067048E-04  0.832725862945E-04  0.949324179243E-04  0.109697707233E-03  0.115399475632E-03  0.132784905333E-03
  0.649418433676E-04  0.138905078444E-03  0.148024042908E-03  0.800761786042E-04
  0.171731266058E-02  0.164995427265E-02  0.171936460678E-02  0.140071102546E-03  0.158163008383E-02  0.808465695272E-03  0.538249272045E-03
  0.144484924311E-03  0.233118043697E-02  0.129433911719E-02  0.179479983792E-02  0.122294764743E-02  0.212850946661E-02  0.242386259594E-02
  0.140860081179E-02  0.537795907519E-03  0.175706178305E-03  0.700076674436E-03  0.135896714065E-03  0.692142917640E-03  0.225720238500E-02
  0.133454413694E-02  0.271213299263E-02  0.241174578006E-02  0.250075620543E-02  0.200363373474E-02  0.200631348559E-02  0.211213231484E-02
  0.185308619917E-03  0.864972504140E-03  0.174028113468E-02  0.225895721671E-02
        12        15        11        11
        11         2        12        12
         5        10         2         2
        15        21        11        11
        15        22        21        21
        31        28        22        22
        15        12        18        18
        19        18        20        20
        11        21        13        13
        23        13        25        25
         7        12        10        10
        26        21        28        28
         7         8        20        20
        16        15        18        18
        26        24        25        25
        16        30        22        22
         3        11        13        13
         2        10        12        12
         3         1         2         2
        20        12         7         7
        10         6         7         7
        22        15        16        16
        18        17        16        16
        28        27        26        26
        32        24        26        26
         2        11         3         3
        13        14         3         3
        27        28        31        31
         2         1         5         5
         6        10         5         5
        14        13        23        23
        20         8        19        19
        17        18        19        19
        13        21        25        25
         1         3         9         9
        30        16        29        29
         8         7         4         4
        22        28        21        21
        24        23        25        25
        21        26        25        25
        30        31        22        22
        12        20        18        18
        17        29        16        16
        14         9         3         3
        27        32        26        26
         6         4         7         7
zone t="boundary 5 bc-5", solutiontime= 0.5000000E+02, strandid=1005, i=33, j=48, f=feblock
  0.500000000000E+01  0.500000000000E+01  0.500000000000E+01  0.500000000000E+01  0.500000000000E+01  0.500000000000E+01  0.500000000000E+01
  0.500000000000E+01  0.500000000000E+01  0.500000000000E+01  0.500000000000E+01  0.500000000000E+01  0.500000000000E+01  0.500000000000E+01
  0.500000000000E+01  0.500000000000E+01  0.500000000000E+01  0.500000000000E+01  0.500000000000E+01  0.500000000000E+01  0.500000000000E+01
  0.500000000000E+01  0.500000000000E+01  0.500000000000E+01  0.500000000000E+01  0.500000000000E+01  0.500000000000E+01  0.500000000000E+01
  0.500000000000E+01  0.500000000000E+01  0.500000000000E+01  0.500000000000E+01  0.500000000000E+01
  0.250000000000E+01  0.125000000000E+01  0.250000000000E+01  0.157899473280E+01  0.000000000000E+00  0.659350882208E+00  0.250000000000E+01
  0.173899611320E+01  0.825621401394E+00  0.132549389334E+01 -0.125000000000E+01 -0.322732261638E+00  0.250000000000E+01  0.490615021923E-01
 -0.873141960959E+00  0.350800286361E+00  0.145332269920E+01 -0.250000000000E+01 -0.147959633950E+01  0.250000000000E+01 -0.857924212153E+00
 -0.165007033378E+01  0.518568023061E+00 -0.461282870254E+00  0.125000000000E+01 -0.250000000000E+01 -0.183684615440E+01 -0.158398995423E+01
 -0.250000000000E+01 -0.250000000000E+01 -0.125000000000E+01  0.000000000000E+00 -0.250000000000E+01
  0.000000000000E+00  0.000000000000E+00  0.125000000000E+01  0.905837536509E+00  0.000000000000E+00  0.735450417037E+00  0.250000000000E+01
  0.182727219356E+01  0.162230260845E+01  0.280856328277E+01  0.000000000000E+00  0.109945440014E+01  0.375000000000E+01  0.227317933631E+01
  0.189599568386E+01  0.342819755379E+01  0.403384942830E+01  0.000000000000E+00  0.104050588738E+01  0.500000000000E+01  0.297954017413E+01
  0.214587157439E+01  0.430969386006E+01  0.408642231822E+01  0.500000000000E+01  0.125000000000E+01  0.304506426164E+01  0.398205049073E+01
  0.250000000000E+01  0.375000000000E+01  0.500000000000E+01  0.500000000000E+01  0.500000000000E+01
  0.000000000000E+00  0.000000000000E+00  0.509232128688E+00  0.472098749751E+00  0.000000000000E+00  0.480805629297E+00  0.534527096543E+00
  0.535829284544E+00  0.535479021387E+00  0.540786045491E+00  0.000000000000E+00  0.510356197485E+00  0.517182331791E+00  0.539187577880E+00
  0.542979820827E+00  0.529277379004E+00  0.511036765470E+00  0.000000000000E+00  0.495604789636E+00  0.492980744788E+00  0.531173388087E+00
  0.533778472989E+00  0.505621127769E+00  0.512004182097E+00  0.494163542317E+00  0.508460362676E+00  0.529554208813E+00  0.511911000444E+00
  0.537002098944E+00  0.514994090651E+00  0.492395510969E+00  0.494738985333E+00  0.491352304715E+00
  0.999989626853E+00  0.999990280142E+00  0.984104309047E+00  0.976444106158E+00  0.999991490088E+00  0.959042327528E+00  0.100368369414E+01
  0.994429506663E+00  0.991216393836E+00  0.100355187734E+01  0.999992820913E+00  0.971537544369E+00  0.100443319461E+01  0.100528531017E+01
  0.997216648600E+00  0.100662940615E+01  0.100305331035E+01  0.999993487379E+00  0.973515985336E+00  0.100047670023E+01  0.100763862604E+01
  0.100128631826E+01  0.100314049598E+01  0.100383220486E+01  0.100050391679E+01  0.985091906406E+00  0.100596550881E+01  0.100387951332E+01
  0.100289621837E+01  0.100485306649E+01  0.100082864314E+01  0.100062146074E+01  0.100045434508E+01
 -0.407457851725E-03 -0.366406171756E-03 -0.142026161894E-02 -0.169095094009E-02 -0.579958281152E-03 -0.786589889502E-03 -0.740941373682E-03
 -0.951649858632E-03 -0.103826864311E-02 -0.658785181705E-03 -0.399480537369E-03 -0.897147115611E-03 -0.516890026789E-03 -0.836249688311E-03
 -0.100199576748E-02 -0.553319865169E-03 -0.418757911011E-03 -0.508087556119E-03 -0.105792858516E-02 -0.495006788023E-03 -0.670158642278E-03
 -0.943160520541E-03 -0.339935925511E-03 -0.381959855511E-03 -0.494266884740E-03 -0.125229194892E-02 -0.664980734784E-03 -0.430117654228E-03
 -0.814011979490E-03 -0.526184199737E-03 -0.591393542058E-03 -0.470809237431E-03 -0.611386026752E-03
  0.111681476854E-03  0.110225169681E-03  0.249959435982E-03  0.231624903721E-03  0.192462380990E-03  0.623431993235E-03  0.193548251048E-03
  0.251437448707E-03  0.286838716090E-03  0.180433783779E-03  0.158759680165E-03  0.537813053265E-03  0.126823504325E-03  0.219372096301E-03
  0.270164727598E-03  0.153241063885E-03  0.126829928992E-03  0.147296553633E-03  0.453619114262E-03  0.455796018899E-04  0.173817939963E-03
  0.242379019454E-03  0.112929539769E-03  0.134556265757E-03  0.351732609071E-04  0.289918486822E-03  0.164144051381E-03  0.135876087017E-03
  0.207334687430E-03  0.123196341638E-03  0.368945355009E-04  0.365543417210E-04  0.294639483887E-04
  0.776435842521E-05  0.367182209979E-04 -0.205689826323E-05  0.490334924831E-04 -0.244750166782E-04  0.103465366127E-03  0.489301660433E-05
  0.247772659720E-04  0.366483286631E-04  0.592822209692E-05 -0.226590399735E-04 -0.578612208721E-04  0.271762372765E-05 -0.320746349603E-06
 -0.224970588444E-04  0.698220770999E-05  0.207614897131E-05 -0.378572995203E-04 -0.281803376070E-04  0.101238731861E-05 -0.610618867457E-05
 -0.203516151628E-04  0.124614360331E-05  0.112842326901E-05 -0.264589783484E-05 -0.128366718916E-04 -0.802241059999E-07 -0.585359587886E-05
  0.141082258966E-05 -0.288030803050E-05 -0.276633973652E-05  0.406877917357E-06 -0.644398783807E-06
 -0.292687396929E-04 -0.425347326618E-04  0.383660468054E-04  0.689702183544E-05 -0.856124546559E-04 -0.437160056697E-04  0.538389990953E-04
  0.581567042659E-04  0.104572512107E-03  0.607837668237E-04 -0.578405112584E-04  0.284138960770E-04  0.516568809207E-04  0.641626292056E-04
  0.981203730242E-04  0.402033923596E-04  0.553367855580E-04 -0.316938453011E-04  0.105287893587E-04  0.579906771983E-04  0.431072780260E-04
  0.670937453505E-04  0.406359737135E-04  0.493921473608E-04  0.527000078142E-04  0.590106143944E-04  0.369023204683E-04  0.474488090262E-04
  0.541508838054E-04  0.424825604853E-04  0.622409174951E-04  0.511608171450E-04  0.649418433676E-04
  0.189703793231E-03  0.423180467281E-03  0.351909598468E-03  0.460274686830E-03  0.689567209903E-03 -0.729770848841E-04  0.139934933443E-03
  0.182684030076E-03  0.198589475417E-03  0.120033774311E-03  0.598090552478E-03  0.589142236387E-05  0.101463439926E-03  0.155448363582E-03
  0.188847159400E-03  0.100527778459E-03  0.725954256401E-04  0.117130852532E-03  0.119562930520E-03  0.140071102546E-03  0.126147227467E-03
  0.180778795569E-03  0.531997517665E-04  0.573285411091E-04  0.144484924311E-03  0.269179902085E-03  0.129427300231E-03  0.730093305688E-04
  0.156885358203E-03  0.106563193423E-03  0.175706178305E-03  0.135896714065E-03  0.185308619917E-03
        12        15        14        14
        21        16        14        14
         9        14        10        10
        15        22        21        21
        29        27        22        22
        14        16        10        10
         7         8        10        10
        14        15        21        21
        14         9        12        12
         5        12         6         6
        21        24        16        16
        32        23        24        24
        28        21        27        27
        17        16        23        23
        28        31        24        24
        19        15        12        12
         4         2         6         6
         4         9         8         8
        10         8         9         9
        17        13        10        10
        19        26        22        22
        10        16        17        17
        23        25        17        17
        22        15        19        19
        12        11        19        19
        27        30        28        28
        33        31        28        28
         6         9         4         4
         8         3         4         4
        25        23        32        32
        10        13         7         7
         3         8         7         7
        30        27        29        29
         6         2         5         5
        11        12         5         5
        24        23        16        16
        13        17        20        20
        26        19        18        18
         2         4         1         1
        22        27        21        21
        31        32        24        24
        21        28        24        24
        26        29        22        22
         9         6        12        12
        11        18        19        19
        25        20        17        17
        30        33        28        28
         3         1         4         4
zone t="boundary 6 bc-6", solutiontime= 0.5000000E+02, strandid=1006, i=33, j=48, f=feblock
  0.375000000000E+01  0.250000000000E+01  0.500000000000E+01  0.403384942830E+01  0.280856328277E+01  0.125000000000E+01  0.182727219356E+01
  0.500000000000E+01  0.430969386006E+01  0.342819755379E+01  0.227317933631E+01  0.162230260845E+01  0.000000000000E+00  0.905837536509E+00
  0.500000000000E+01  0.408642231822E+01  0.297954017413E+01  0.189599568386E+01  0.109945440014E+01  0.735450417037E+00  0.000000000000E+00
  0.500000000000E+01  0.398205049073E+01  0.304506426164E+01  0.214587157439E+01  0.104050588738E+01  0.000000000000E+00  0.000000000000E+00
  0.500000000000E+01  0.375000000000E+01  0.250000000000E+01  0.125000000000E+01  0.000000000000E+00
  0.250000000000E+01  0.250000000000E+01  0.250000000000E+01  0.145332269920E+01  0.132549389334E+01  0.250000000000E+01  0.173899611320E+01
  0.125000000000E+01  0.518568023061E+00  0.350800286361E+00  0.490615021923E-01  0.825621401394E+00  0.250000000000E+01  0.157899473280E+01
  0.000000000000E+00 -0.461282870254E+00 -0.857924212153E+00 -0.873141960959E+00 -0.322732261638E+00  0.659350882208E+00  0.125000000000E+01
 -0.125000000000E+01 -0.158398995423E+01 -0.183684615440E+01 -0.165007033378E+01 -0.147959633950E+01  0.000000000000E+00 -0.125000000000E+01
 -0.250000000000E+01 -0.250000000000E+01 -0.250000000000E+01 -0.250000000000E+01 -0.250000000000E+01
  0.000000000000E+00  0.000000000000E+00  0.000000000000E+00  0.000000000000E+00  0.000000000000E+00  0.000000000000E+00  0.000000000000E+00
  0.000000000000E+00  0.000000000000E+00  0.000000000000E+00  0.000000000000E+00  0.000000000000E+00  0.000000000000E+00  0.000000000000E+00
  0.000000000000E+00  0.000000000000E+00  0.000000000000E+00  0.000000000000E+00  0.000000000000E+00  0.000000000000E+00  0.000000000000E+00
  0.000000000000E+00  0.000000000000E+00  0.000000000000E+00  0.000000000000E+00  0.000000000000E+00  0.000000000000E+00  0.000000000000E+00
  0.000000000000E+00  0.000000000000E+00  0.000000000000E+00  0.000000000000E+00  0.000000000000E+00
  0.000000000000E+00  0.000000000000E+00  0.000000000000E+00  0.000000000000E+00  0.000000000000E+00  0.000000000000E+00  0.000000000000E+00
  0.000000000000E+00  0.000000000000E+00  0.000000000000E+00  0.000000000000E+00  0.000000000000E+00  0.000000000000E+00  0.000000000000E+00
  0.000000000000E+00  0.000000000000E+00  0.000000000000E+00  0.000000000000E+00  0.000000000000E+00  0.000000000000E+00  0.000000000000E+00
  0.000000000000E+00  0.000000000000E+00  0.000000000000E+00  0.000000000000E+00  0.000000000000E+00  0.000000000000E+00  0.000000000000E+00
  0.000000000000E+00  0.000000000000E+00  0.000000000000E+00  0.000000000000E+00  0.000000000000E+00
  0.999989339439E+00  0.999989408764E+00  0.999989626853E+00  0.999989597857E+00  0.999989617537E+00  0.999989827144E+00  0.999989796486E+00
  0.999990280142E+00  0.999990683073E+00  0.999990488857E+00  0.999991229255E+00  0.999990579939E+00  0.999990295028E+00  0.999990369758E+00
  0.999991490088E+00  0.999992140430E+00  0.999992688838E+00  0.999992317107E+00  0.999991643787E+00  0.999990917154E+00  0.999990757903E+00
  0.999992820913E+00  0.999993395481E+00  0.999993478885E+00  0.999993152857E+00  0.999992518335E+00  0.999991416700E+00  0.999992168096E+00
  0.999993487379E+00  0.999993690057E+00  0.999993543115E+00  0.999993137282E+00  0.999992721792E+00
 -0.338034079446E-03  0.225664552404E-03 -0.407457851725E-03 -0.427122742167E-03  0.381601511570E-04  0.593365729745E-03  0.265768000798E-03
 -0.366406171756E-03 -0.471498173859E-03 -0.148920071228E-03  0.214876722082E-03  0.224565132506E-03  0.875983555040E-03  0.604482200421E-03
 -0.579958281152E-03 -0.490943435164E-03  0.428580949394E-04  0.445117177970E-03  0.260581883133E-03  0.469969265400E-03  0.963535942470E-03
 -0.399480537369E-03 -0.470975312675E-03  0.171125428943E-04  0.133270847358E-03  0.593105929350E-03  0.654246962292E-03  0.307687451134E-03
 -0.508087556119E-03 -0.417820351918E-03 -0.255587352864E-03  0.768327574089E-03  0.827654065412E-03
 -0.555163165956E-04 -0.751178140390E-04  0.111681476854E-03 -0.217406636327E-04 -0.226021471289E-03 -0.112059677042E-03 -0.445851303065E-04
  0.110225169681E-03 -0.269801263720E-04 -0.181550950476E-03 -0.145050327256E-03 -0.562815593904E-04  0.389289622918E-04 -0.170782118261E-03
  0.192462380990E-03 -0.376851278984E-04 -0.189984808580E-03 -0.151461571235E-03 -0.327283644027E-04 -0.140374166100E-03  0.478105743803E-04
  0.158759680165E-03 -0.198124069229E-04 -0.160507187226E-03 -0.152508105970E-03 -0.112685979125E-03  0.506669444575E-04  0.952104972045E-04
  0.147296553633E-03 -0.307359792259E-04  0.283509538803E-05 -0.109511314006E-03  0.924023015689E-04
 -0.116969961141E-04  0.788184574127E-05  0.776435842521E-05 -0.400557348984E-04 -0.380020904712E-04  0.495060718550E-04  0.231671508258E-04
  0.367182209979E-04  0.433424184572E-04  0.198070200602E-04 -0.252045741225E-04 -0.266692814972E-04  0.616107308363E-04  0.578765015846E-04
 -0.244750166782E-04 -0.207579743473E-04 -0.681258538671E-04 -0.714247359734E-04 -0.193402047527E-03  0.350661735574E-04  0.900175831145E-04
 -0.226590399735E-04  0.550026077377E-05  0.114364434705E-03  0.256494915679E-03 -0.239424181386E-04  0.596396781995E-04 -0.777794883159E-04
 -0.378572995203E-04  0.114362228790E-04  0.631301326621E-04  0.324721900946E-04 -0.662399047961E-04
 -0.773097046386E-04 -0.153102694977E-03 -0.292687396929E-04 -0.116898444689E-03 -0.268656173708E-03 -0.128505298057E-03 -0.165107912131E-03
 -0.425347326618E-04 -0.896115749645E-04 -0.169410886793E-03 -0.241985525121E-03 -0.286688769303E-03 -0.215369322552E-03 -0.127396760205E-03
 -0.856124546559E-04 -0.118614708630E-03 -0.220224702863E-03 -0.243121522989E-03 -0.418863095476E-03 -0.192608094947E-03 -0.229574165643E-03
 -0.578405112584E-04 -0.834760204121E-04 -0.135611377455E-03 -0.258626128730E-03 -0.440223385720E-03 -0.125714751136E-03 -0.145716414464E-03
 -0.316938453011E-04 -0.495881611024E-04 -0.871013631830E-04 -0.199935324300E-03 -0.151222720025E-03
  0.115685274660E-02  0.589248871586E-03  0.189703793231E-03  0.406902163063E-03  0.961509150531E-03  0.483025089589E-04  0.570381899063E-03
  0.423180467281E-03  0.432673877622E-03  0.997669091749E-03  0.444524472057E-03  0.198882704075E-03 -0.713563292134E-03  0.129541953049E-02
  0.689567209903E-03  0.861547790990E-03  0.153533328011E-02  0.305988160889E-03  0.287902687687E-04  0.701705060964E-03 -0.933645156277E-03
  0.598090552478E-03  0.123711517646E-02 -0.288589101250E-04  0.186828845702E-03 -0.514319427117E-03  0.882827412409E-04  0.135589893330E-03
  0.117130852532E-03  0.483462277348E-03  0.109814358796E-02  0.960141896635E-03 -0.326118126323E-03
        19        18        11        11
        17        10        11        11
        12        11         5         5
        18        25        17        17
        31        24        25        25
        11        10         5         5
         2         7         5         5
        11        18        17        17
        11        12        19        19
        27        19        20        20
        17        16        10        10
        15         9        16        16
        23        17        24        24
         4        10         9         9
        23        22        16        16
        26        18        19        19
        14        21        20        20
        14        12         7         7
         5         7        12        12
         4         1         5         5
        26        32        25        25
         5        10         4         4
         9         8         4         4
        25        18        26        26
        19        28        26        26
        24        30        23        23
        29        22        23        23
        20        12        14        14
         7         6        14        14
         8         9        15        15
         5         1         2         2
         6         7         2         2
        30        24        31        31
        20        21        27        27
        28        19        27        27
        16         9        10        10
         1         4         3         3
        32        26        33        33
        21        14        13        13
        25        24        17        17
        22        15        16        16
        17        23        16        16
        32        31        25        25
        12        20        19        19
        28        33        26        26
         8         3         4         4
        30        29        23        23
         6        13        14        14
