title="tecplot geometry and solution file"
variables = x y z rho u v w p mach temperature
zone t="boundary 1 bc-1", solutiontime= 0.6000000E+02, strandid=1001, i=32, j=46, f=feblock
 -0.547423805950E-02  0.000000000000E+00 -0.567511393137E-02  0.000000000000E+00  0.000000000000E+00  0.000000000000E+00 -0.525113715706E-02
 -0.425679957523E-02  0.000000000000E+00  0.000000000000E+00  0.000000000000E+00  0.000000000000E+00  0.000000000000E+00  0.000000000000E+00
  0.000000000000E+00  0.000000000000E+00 -0.338347811579E-02  0.000000000000E+00  0.000000000000E+00  0.000000000000E+00  0.000000000000E+00
  0.000000000000E+00  0.000000000000E+00  0.000000000000E+00  0.000000000000E+00  0.000000000000E+00  0.000000000000E+00  0.000000000000E+00
  0.000000000000E+00  0.000000000000E+00  0.000000000000E+00  0.000000000000E+00
  0.250494212117E+01  0.250494212117E+01  0.127822221177E+01  0.146289271009E+01  0.157686156160E+01  0.308372018325E+00  0.261959834557E-01
 -0.122573420438E+01 -0.600232012419E+00  0.250494212117E+01  0.477386199275E+00  0.742988685424E+00 -0.739814786992E+00  0.177790177481E+01
  0.155830813274E+01  0.250494212117E+01 -0.249658889995E+01 -0.154800130438E+01 -0.487811078581E+00  0.250494212117E+01  0.627766083140E+00
 -0.345533899378E+00 -0.178862290564E+01 -0.158811787973E+01  0.125000000000E+01 -0.249658889995E+01 -0.144524380962E+01  0.000000000000E+00
 -0.125000000000E+01 -0.249658889995E+01 -0.249658889995E+01 -0.249658889995E+01
  0.810555099614E-04  0.125000000000E+01  0.833774297186E-04  0.103724302461E+01  0.219251206392E+01  0.922061490191E+00  0.104461354043E-03
  0.352005475212E-04  0.715990576545E+00  0.250000000000E+01  0.202479342020E+01  0.324151231464E+01  0.175434191980E+01  0.310152362409E+01
  0.404200324774E+01  0.375000000000E+01  0.815770748851E-04  0.930412228790E+00  0.299062775774E+01  0.500000000000E+01  0.429310310915E+01
  0.409252726285E+01  0.187029682677E+01  0.284428995242E+01  0.500000000000E+01  0.125000000000E+01  0.394624082883E+01  0.500000000000E+01
  0.500000000000E+01  0.250000000000E+01  0.375000000000E+01  0.500000000000E+01
  0.121959984733E+01  0.105831357719E+01  0.128671927203E+01  0.108337054639E+01  0.102354615404E+01  0.116941719327E+01  0.145633781172E+01
  0.134804033787E+01  0.119311481143E+01  0.101662522974E+01  0.101712197042E+01  0.100667543393E+01  0.102800079672E+01  0.100987438839E+01
  0.100346383430E+01  0.100488609833E+01  0.130024662549E+01  0.114206740660E+01  0.100787502297E+01  0.100194476553E+01  0.100378960217E+01
  0.100390910393E+01  0.103478539164E+01  0.101224064320E+01  0.100190260676E+01  0.106018061779E+01  0.100437851837E+01  0.100077796301E+01
  0.100130067850E+01  0.102043486058E+01  0.100593736811E+01  0.100184292360E+01
  0.000000000000E+00  0.451834033670E+00  0.000000000000E+00  0.472912020141E+00  0.470158322617E+00  0.459504938546E+00  0.000000000000E+00
  0.000000000000E+00  0.401768547187E+00  0.478881786309E+00  0.474223473080E+00  0.485492993244E+00  0.492581069426E+00  0.489510442578E+00
  0.492201646917E+00  0.493575542287E+00  0.000000000000E+00  0.464516480984E+00  0.481634318031E+00  0.498235961763E+00  0.494015372214E+00
  0.490674197259E+00  0.458608922093E+00  0.473144542350E+00  0.498753315077E+00  0.451330936234E+00  0.491521104145E+00  0.499569336947E+00
  0.498567813935E+00  0.477380953606E+00  0.492957758457E+00  0.497856401238E+00
  0.000000000000E+00  0.000000000000E+00  0.000000000000E+00  0.156898576778E-01 -0.426046525467E-02  0.288060332845E-01  0.000000000000E+00
  0.000000000000E+00 -0.370127961858E-02  0.000000000000E+00  0.249851695342E-02 -0.528108264772E-02 -0.303265623411E-02 -0.172449961929E-03
 -0.109130952766E-02  0.000000000000E+00  0.000000000000E+00 -0.850281568488E-02  0.955099236889E-03  0.000000000000E+00 -0.167361406906E-02
 -0.105339236499E-02  0.212715399684E-02 -0.123596957019E-02  0.695900059203E-04  0.000000000000E+00  0.214869121077E-03 -0.176723418083E-03
  0.608284090050E-03  0.000000000000E+00  0.000000000000E+00  0.000000000000E+00
  0.000000000000E+00  0.388446396439E-01  0.000000000000E+00  0.103917054043E+00  0.224193210840E-01  0.135341947246E+00  0.000000000000E+00
  0.000000000000E+00  0.126992468361E+00  0.342255455736E-02  0.213553777837E-01 -0.708603626678E-02  0.636035166142E-01  0.292766488506E-02
 -0.792040752955E-03  0.244077994611E-03  0.000000000000E+00  0.115618461558E+00 -0.829814720478E-02  0.114480765742E-02 -0.749343380593E-03
 -0.442111293377E-02  0.223713935861E-01 -0.264557060820E-02  0.180779037426E-02  0.687953446078E-01 -0.177101319494E-02  0.155938593009E-02
  0.142678805957E-02  0.233070134173E-02 -0.110520514169E-02  0.211864603901E-02
  0.908102204763E+00  0.774899709238E+00  0.958078676709E+00  0.800622238949E+00  0.737949081560E+00  0.857914940996E+00  0.108437499447E+01
  0.100373774695E+01  0.887196036573E+00  0.730580353697E+00  0.733315362899E+00  0.720299338874E+00  0.748106706710E+00  0.724222069074E+00
  0.717576386873E+00  0.719224738566E+00  0.968151012752E+00  0.840784370071E+00  0.722225759223E+00  0.716319887904E+00  0.717948118139E+00
  0.717912573532E+00  0.749168007201E+00  0.726422701933E+00  0.716249845329E+00  0.782033737853E+00  0.718602111787E+00  0.715132538186E+00
  0.715579065028E+00  0.734165591962E+00  0.720297843871E+00  0.716213118345E+00
  0.000000000000E+00  0.447917875676E+00  0.000000000000E+00  0.476275908331E+00  0.468523750829E+00  0.473519695093E+00  0.000000000000E+00
  0.000000000000E+00  0.412988868588E+00  0.477443340610E+00  0.472504641808E+00  0.485153442032E+00  0.492070506120E+00  0.488543836837E+00
  0.491923383680E+00  0.493078171941E+00  0.000000000000E+00  0.471586664201E+00  0.480934091481E+00  0.498012891882E+00  0.493689911544E+00
  0.490409922197E+00  0.456073440335E+00  0.472047029583E+00  0.498545863540E+00  0.449257975976E+00  0.491117574512E+00  0.499470101839E+00
  0.498443301676E+00  0.475665743892E+00  0.492352551809E+00  0.497648491363E+00
  0.104242640687E+01  0.102508331776E+01  0.104242640687E+01  0.103461473848E+01  0.100936211826E+01  0.102707649956E+01  0.104242640687E+01
  0.104242640687E+01  0.104103514540E+01  0.100608608291E+01  0.100935928818E+01  0.100173207812E+01  0.101882157362E+01  0.100399703999E+01
  0.100113916145E+01  0.100201867223E+01  0.104242640687E+01  0.103067306824E+01  0.100321571610E+01  0.100090132467E+01  0.100133271277E+01
  0.100116394902E+01  0.101357751912E+01  0.100469368578E+01  0.100084556792E+01  0.103269878229E+01  0.100165718212E+01  0.100040727361E+01
  0.100050935004E+01  0.100724883915E+01  0.100246497783E+01  0.100085386847E+01
        12        19        11        11
        11         5        12        12
        10        14         5         5
        19        13        11        11
        19        24        13        13
        30        23        24        24
        19        12        22        22
        28        22        21        21
        11        13         6         6
         7         6         9         9
        15        12        14        14
        18        13        23        23
        15        25        21        21
        27        19        22        22
        18         8         9         9
        27        31        24        24
         4        11         6         6
         5        14        12        12
         4         2         5         5
        21        12        15        15
        14        16        15        15
        24        19        27        27
        22        29        27        27
        23        26        18        18
        17         8        18        18
         5        11         4         4
         6         3         4         4
        26        23        30        30
         5         2        10        10
        16        14        10        10
         3         6         7         7
        21        25        28        28
        29        22        28        28
         6        13         9         9
         2         4         1         1
        31        27        32        32
        25        15        20        20
        24        23        13        13
         8         7         9         9
        13        18         9         9
        31        30        24        24
        12        21        22        22
        29        32        27        27
         3         1         4         4
        26        17        18        18
        16        20        15        15
zone t="boundary 2 bc-2", solutiontime= 0.6000000E+02, strandid=1002, i=33, j=48, f=feblock
  0.500195304569E+01  0.375034911445E+01  0.249861195586E+01  0.288036734524E+01  0.124717625353E+01  0.190856776659E+01  0.326577224702E+01
  0.201394897336E+01 -0.338347811579E-02  0.962374688805E+00  0.500000000000E+01  0.403430242384E+01  0.423029585637E+01  0.500000000000E+01
  0.385439203450E+01  0.500000000000E+01  0.398133439182E+01  0.315200091129E+01  0.266958047393E+01  0.154798040446E+01  0.218327864912E+01
  0.893688570015E+00  0.000000000000E+00  0.699009792613E+00  0.964460908420E+00  0.310303675834E+01  0.000000000000E+00  0.000000000000E+00
  0.125000000000E+01  0.500000000000E+01  0.375000000000E+01  0.250000000000E+01  0.000000000000E+00
 -0.249658889995E+01 -0.249658889995E+01 -0.249658889995E+01 -0.249658889995E+01 -0.249658889995E+01 -0.249658889995E+01 -0.249658889995E+01
 -0.249658889995E+01 -0.249658889995E+01 -0.249658889995E+01 -0.249658889995E+01 -0.249658889995E+01 -0.249658889995E+01 -0.249658889995E+01
 -0.249658889995E+01 -0.249658889995E+01 -0.249658889995E+01 -0.249658889995E+01 -0.249658889995E+01 -0.249658889995E+01 -0.249658889995E+01
 -0.249658889995E+01 -0.249658889995E+01 -0.249658889995E+01 -0.249658889995E+01 -0.249658889995E+01 -0.249658889995E+01 -0.249658889995E+01
 -0.249658889995E+01 -0.249658889995E+01 -0.249658889995E+01 -0.249658889995E+01 -0.249658889995E+01
  0.108718466124E-03  0.146871002877E-03  0.101391403625E-03  0.901663855009E+00  0.111859770246E-03  0.714929122628E+00  0.188140689383E+01
  0.175892220178E+01  0.815770748851E-04  0.957504919455E+00  0.125000000000E+01  0.100596747764E+01  0.191313549558E+01  0.250000000000E+01
  0.292898123450E+01  0.375000000000E+01  0.406883381106E+01  0.363389311423E+01  0.284756896692E+01  0.292582334388E+01  0.395754070573E+01
  0.205027286651E+01  0.125000000000E+01  0.306703285099E+01  0.397155774739E+01  0.433068632756E+01  0.250000000000E+01  0.375000000000E+01
  0.500000000000E+01  0.500000000000E+01  0.500000000000E+01  0.500000000000E+01  0.500000000000E+01
  0.768735499812E+00  0.889523315174E+00  0.898746324258E+00  0.950542376121E+00  0.924960161280E+00  0.947969344511E+00  0.981017521834E+00
  0.987798995908E+00  0.130024662549E+01  0.101390437366E+01  0.944836325193E+00  0.944236741779E+00  0.978087749196E+00  0.100717422643E+01
  0.997784678147E+00  0.100978229964E+01  0.100012041866E+01  0.996167618719E+00  0.989919904784E+00  0.998867621852E+00  0.997941838894E+00
  0.100913681706E+01  0.106018061779E+01  0.100643337943E+01  0.100351221371E+01  0.998477813904E+00  0.102043486058E+01  0.100593736811E+01
  0.100234892529E+01  0.999828413612E+00  0.100019291301E+01  0.100028686873E+01  0.100184292360E+01
  0.000000000000E+00  0.000000000000E+00  0.000000000000E+00  0.385195819407E+00  0.000000000000E+00  0.340886085072E+00  0.583453554784E+00
  0.571759552763E+00  0.000000000000E+00  0.480963210325E+00  0.505185162487E+00  0.443662075359E+00  0.572024070841E+00  0.532003778812E+00
  0.566400180091E+00  0.512620363199E+00  0.508195585956E+00  0.526914231697E+00  0.564509591910E+00  0.531478331289E+00  0.508129387527E+00
  0.521930181199E+00  0.451330936234E+00  0.494980681488E+00  0.496091697167E+00  0.503538725467E+00  0.477380953606E+00  0.492957758457E+00
  0.494536385783E+00  0.491695274753E+00  0.489493222342E+00  0.494635430579E+00  0.497856401238E+00
  0.000000000000E+00  0.000000000000E+00  0.000000000000E+00  0.000000000000E+00  0.000000000000E+00  0.000000000000E+00  0.000000000000E+00
  0.000000000000E+00  0.000000000000E+00  0.000000000000E+00  0.000000000000E+00  0.000000000000E+00  0.000000000000E+00  0.000000000000E+00
  0.000000000000E+00  0.000000000000E+00  0.000000000000E+00  0.000000000000E+00  0.000000000000E+00  0.000000000000E+00  0.000000000000E+00
  0.000000000000E+00  0.000000000000E+00  0.000000000000E+00  0.000000000000E+00  0.000000000000E+00  0.000000000000E+00  0.000000000000E+00
  0.000000000000E+00  0.000000000000E+00  0.000000000000E+00  0.000000000000E+00  0.000000000000E+00
  0.000000000000E+00  0.000000000000E+00  0.000000000000E+00 -0.142936689151E-02  0.000000000000E+00  0.168978288761E-01  0.875994800252E-02
  0.403964193784E-01  0.000000000000E+00  0.730723023381E-01 -0.112216893637E+00 -0.262899301652E-01 -0.368284371394E-01 -0.483402506734E-01
 -0.588594082773E-02 -0.170496912595E-03 -0.195987016467E-02 -0.317075083270E-02  0.106422536567E-01  0.235146930311E-01  0.228804243976E-02
  0.486675004606E-01  0.687953446078E-01  0.868228890423E-02  0.441102076753E-02 -0.351502929047E-02  0.233070134173E-02 -0.110520514169E-02
  0.135829506466E-02  0.546603126977E-02 -0.147516116109E-02 -0.124162276438E-02  0.211864603901E-02
  0.572392989217E+00  0.662330423761E+00  0.669197786775E+00  0.681370823458E+00  0.688716355302E+00  0.681181021486E+00  0.693024434722E+00
  0.700085119790E+00  0.968151012752E+00  0.722087350942E+00  0.666760566404E+00  0.671480385755E+00  0.691232264350E+00  0.720038379329E+00
  0.710709995168E+00  0.723770720352E+00  0.714752637471E+00  0.710894212208E+00  0.704007877992E+00  0.714159222463E+00  0.712429493356E+00
  0.725804161824E+00  0.782033737853E+00  0.720438339036E+00  0.717728355227E+00  0.712837426728E+00  0.734165591962E+00  0.720297843871E+00
  0.716518298632E+00  0.714353113542E+00  0.714323976488E+00  0.714486131143E+00  0.716213118345E+00
  0.000000000000E+00  0.000000000000E+00  0.000000000000E+00  0.384516085289E+00  0.000000000000E+00  0.340285979743E+00  0.586753007702E+00
  0.575426080200E+00  0.000000000000E+00  0.487199446741E+00  0.520641042002E+00  0.445423591500E+00  0.576269239680E+00  0.533962382585E+00
  0.567224547319E+00  0.511735130271E+00  0.508063930858E+00  0.527166124735E+00  0.565842727475E+00  0.531744056298E+00  0.508272213662E+00
  0.522388437190E+00  0.449257975976E+00  0.494521456660E+00  0.495788429069E+00  0.503678487804E+00  0.475665743892E+00  0.492352551809E+00
  0.494346760318E+00  0.491660271690E+00  0.489529546731E+00  0.494638542914E+00  0.497648491363E+00
  0.104242640687E+01  0.104242640687E+01  0.104242640687E+01  0.100355247363E+01  0.104242640687E+01  0.100599606475E+01  0.989008031984E+00
  0.992225312808E+00  0.104242640687E+01  0.997058813023E+00  0.987964548013E+00  0.995589875359E+00  0.989405266435E+00  0.100087323981E+01
  0.997203119098E+00  0.100346283437E+01  0.100053320959E+01  0.999080755477E+00  0.995647248253E+00  0.100095637257E+01  0.999458336975E+00
  0.100692573036E+01  0.103269878229E+01  0.100216635822E+01  0.100130290752E+01  0.999493813004E+00  0.100724883915E+01  0.100246497783E+01
  0.100077487267E+01  0.100026599099E+01  0.999860680947E+00  0.999993716672E+00  0.100085386847E+01
        15         7        19        19
         8        20        19        19
        18        19        21        21
         7         4         8         8
         3         6         4         4
        19         7         8         8
        19        18        15        15
        14        13        15        15
         8        22        20        20
        27        24        22        22
        19        20        21        21
        32        26        21        21
        17        18        26        26
        17        16        15        15
        25        29        21        21
        12         7        13        13
        10         8         6         6
        25        20        24        24
         4         6         8         8
        12         2         4         4
        10        23        22        22
        26        31        17        17
        30        16        17        17
         4         7        12        12
        13        11        12        12
        21        20        25        25
        24        28        25        25
        22         8        10        10
         6         5        10        10
        31        26        32        32
         4         2         3         3
         5         6         3         3
        11        13        14        14
        22        23        27        27
        28        24        27        27
        15        13         7         7
         2        12         1         1
        29        25        33        33
        23        10         9         9
        21        26        18        18
        16        14        15        15
        18        17        15        15
        29        32        21        21
        22        24        20        20
        28        33        25        25
        11         1        12        12
        31        30        17        17
         5         9        10        10
zone t="boundary 3 bc-3", solutiontime= 0.6000000E+02, strandid=1003, i=33, j=48, f=feblock
  0.375059198657E+01  0.249769657633E+01  0.500322188025E+01  0.403612273199E+01  0.287976833115E+01  0.124542006321E+01  0.190552300212E+01
  0.500000000000E+01  0.326671141102E+01  0.423253782985E+01  0.201271171312E+01 -0.547423805950E-02  0.958896023268E+00  0.500000000000E+01
  0.266968165775E+01  0.385584506237E+01  0.890374264101E+00  0.154654020338E+01  0.000000000000E+00  0.500000000000E+01  0.315261148354E+01
  0.218304203027E+01  0.398195315868E+01  0.000000000000E+00  0.697379940195E+00  0.963757261038E+00  0.125000000000E+01  0.000000000000E+00
  0.500000000000E+01  0.310330743988E+01  0.250000000000E+01  0.375000000000E+01  0.000000000000E+00
  0.250494212117E+01  0.250494212117E+01  0.250494212117E+01  0.250494212117E+01  0.250494212117E+01  0.250494212117E+01  0.250494212117E+01
  0.250494212117E+01  0.250494212117E+01  0.250494212117E+01  0.250494212117E+01  0.250494212117E+01  0.250494212117E+01  0.250494212117E+01
  0.250494212117E+01  0.250494212117E+01  0.250494212117E+01  0.250494212117E+01  0.250494212117E+01  0.250494212117E+01  0.250494212117E+01
  0.250494212117E+01  0.250494212117E+01  0.250494212117E+01  0.250494212117E+01  0.250494212117E+01  0.250494212117E+01  0.250494212117E+01
  0.250494212117E+01  0.250494212117E+01  0.250494212117E+01  0.250494212117E+01  0.250494212117E+01
  0.136804630540E-03  0.110791624817E-03  0.973352334446E-04  0.101756848578E+01  0.908095573032E+00  0.105111079957E-03  0.722630164348E+00
  0.125000000000E+01  0.188965736879E+01  0.191862744900E+01  0.176708323463E+01  0.810555099614E-04  0.969653553256E+00  0.250000000000E+01
  0.285339490015E+01  0.293325099966E+01  0.205656276150E+01  0.293157064761E+01  0.125000000000E+01  0.375000000000E+01  0.363766873132E+01
  0.396069471523E+01  0.407056402813E+01  0.250000000000E+01  0.307032020891E+01  0.397359835964E+01  0.500000000000E+01  0.375000000000E+01
  0.500000000000E+01  0.433260798889E+01  0.500000000000E+01  0.500000000000E+01  0.500000000000E+01
  0.896676825158E+00  0.910447602222E+00  0.781948879876E+00  0.945770012104E+00  0.960130110862E+00  0.922179405881E+00  0.963950455264E+00
  0.950682166138E+00  0.978092887925E+00  0.979670611982E+00  0.986799167873E+00  0.121959984733E+01  0.100543681005E+01  0.100849098146E+01
  0.992240049978E+00  0.997800265523E+00  0.100537162031E+01  0.998282947778E+00  0.105831357719E+01  0.100697675959E+01  0.998804014684E+00
  0.999311195743E+00  0.100000736795E+01  0.101662522974E+01  0.100449252198E+01  0.100204227104E+01  0.100246725625E+01  0.100488609833E+01
  0.100014590815E+01  0.998721194856E+00  0.100101036780E+01  0.100049286777E+01  0.100194476553E+01
  0.000000000000E+00  0.000000000000E+00  0.000000000000E+00  0.451193625006E+00  0.403035940104E+00  0.000000000000E+00  0.369780914749E+00
  0.504465690092E+00  0.572441533559E+00  0.570700486087E+00  0.555903950253E+00  0.000000000000E+00  0.475076252593E+00  0.529012493070E+00
  0.555007181933E+00  0.562172007114E+00  0.523997650603E+00  0.523269521170E+00  0.451834033670E+00  0.514483257269E+00  0.524697314957E+00
  0.506246213836E+00  0.509778400684E+00  0.478881786309E+00  0.499519883055E+00  0.498081336057E+00  0.493201216632E+00  0.493575542287E+00
  0.493226501750E+00  0.501441537294E+00  0.491213274760E+00  0.488103501398E+00  0.498235961763E+00
  0.000000000000E+00  0.000000000000E+00  0.000000000000E+00  0.000000000000E+00  0.000000000000E+00  0.000000000000E+00  0.000000000000E+00
  0.000000000000E+00  0.000000000000E+00  0.000000000000E+00  0.000000000000E+00  0.000000000000E+00  0.000000000000E+00  0.000000000000E+00
  0.000000000000E+00  0.000000000000E+00  0.000000000000E+00  0.000000000000E+00  0.000000000000E+00  0.000000000000E+00  0.000000000000E+00
  0.000000000000E+00  0.000000000000E+00  0.000000000000E+00  0.000000000000E+00  0.000000000000E+00  0.000000000000E+00  0.000000000000E+00
  0.000000000000E+00  0.000000000000E+00  0.000000000000E+00  0.000000000000E+00  0.000000000000E+00
  0.000000000000E+00  0.000000000000E+00  0.000000000000E+00 -0.279072842374E-01  0.124067502763E-01  0.000000000000E+00  0.162361819781E-01
 -0.114474066139E+00  0.481975785525E-03 -0.460951448239E-01  0.299462925103E-01  0.000000000000E+00  0.536074573388E-01 -0.502845380557E-01
  0.507334083471E-02 -0.105803124791E-01  0.439389203496E-01  0.105965573330E-01  0.388446396439E-01 -0.221863899311E-02 -0.367150395969E-02
 -0.404342197836E-03 -0.149357082927E-02  0.342255455736E-02  0.804275279370E-02  0.207982771466E-02  0.580599525021E-03  0.244077994611E-03
  0.506601388696E-02 -0.210226304062E-02 -0.607640967236E-03 -0.695781281349E-03  0.114480765742E-02
  0.667656857839E+00  0.677910444735E+00  0.582231543718E+00  0.670520815374E+00  0.688130583146E+00  0.686645831831E+00  0.690430213759E+00
  0.670645801947E+00  0.691903437781E+00  0.692624431800E+00  0.700947317569E+00  0.908102204763E+00  0.717683234938E+00  0.721491980741E+00
  0.706702647107E+00  0.711393847187E+00  0.721305342850E+00  0.713317609668E+00  0.774899709238E+00  0.721207796557E+00  0.713532243900E+00
  0.713575102021E+00  0.714554238515E+00  0.730580353697E+00  0.718615629334E+00  0.716241099768E+00  0.716741918573E+00  0.719224738566E+00
  0.714565181841E+00  0.713128384080E+00  0.715136918102E+00  0.714653005180E+00  0.716319887904E+00
  0.000000000000E+00  0.000000000000E+00  0.000000000000E+00  0.453748002810E+00  0.402545564313E+00  0.000000000000E+00  0.369629110008E+00
  0.520525422182E+00  0.575220796207E+00  0.575502697669E+00  0.558260208725E+00  0.000000000000E+00  0.478253031183E+00  0.530976525173E+00
  0.555830976275E+00  0.562793218405E+00  0.524675226249E+00  0.523282012605E+00  0.447917875676E+00  0.513796076667E+00  0.524673094511E+00
  0.506323915610E+00  0.509686671408E+00  0.477443340610E+00  0.499194823017E+00  0.497912969482E+00  0.492962766166E+00  0.493078171941E+00
  0.493192029097E+00  0.501531686837E+00  0.491169168758E+00  0.488098792015E+00  0.498012891882E+00
  0.104242640687E+01  0.104242640687E+01  0.104242640687E+01  0.992555409360E+00  0.100338777579E+01  0.104242640687E+01  0.100275101691E+01
  0.987610955763E+00  0.990360756991E+00  0.989796154606E+00  0.994453863102E+00  0.104242640687E+01  0.999323397420E+00  0.100158433898E+01
  0.997121317540E+00  0.998147044529E+00  0.100443205238E+01  0.100036232789E+01  0.102508331776E+01  0.100269535078E+01  0.100014129576E+01
  0.999693736131E+00  0.100036856325E+01  0.100608608291E+01  0.100156234024E+01  0.100069385160E+01  0.100096903888E+01  0.100201867223E+01
  0.100024531063E+01  0.999658105639E+00  0.100018113453E+01  0.100002132897E+01  0.100090132467E+01
        15         9        16        16
        15        18        11        11
        22        15        21        21
        11         5         9         9
         5         7         2         2
        11         9        15        15
        16        21        15        15
        16        10        14        14
        18        17        11        11
        17        25        24        24
        22        18        15        15
        22        30        31        31
        30        21        23        23
        16        20        23        23
        22        27        26        26
        10         9         4         4
         7        11        13        13
        25        18        26        26
        11         7         5         5
         5         1         4         4
        17        19        13        13
        23        32        30        30
        23        20        29        29
         4         9         5         5
         4         8        10        10
        26        18        22        22
        26        28        25        25
        13        11        17        17
        13         6         7         7
        31        30        32        32
         2         1         5         5
         2         7         6         6
        14        10         8         8
        24        19        17        17
        24        25        28        28
         9        10        16        16
         3         4         1         1
        33        26        27        27
        12        13        19        19
        21        30        22        22
        16        14        20        20
        16        23        21        21
        22        31        27        27
        18        25        17        17
        26        33        28        28
         4         3         8         8
        23        29        32        32
        13        12         6         6
zone t="boundary 4 bc-4", solutiontime= 0.6000000E+02, strandid=1004, i=32, j=46, f=feblock
  0.125000000000E+01  0.219251206392E+01  0.103724302461E+01  0.500000000000E+01  0.250000000000E+01  0.375000000000E+01  0.404200324774E+01
  0.500000000000E+01  0.000000000000E+00  0.310152362409E+01  0.202479342020E+01  0.324151231464E+01  0.922061490191E+00  0.000000000000E+00
  0.299062775774E+01  0.394624082883E+01  0.500000000000E+01  0.409252726285E+01  0.500000000000E+01  0.429310310915E+01  0.175434191980E+01
  0.284428995242E+01  0.000000000000E+00  0.000000000000E+00  0.715990576545E+00  0.930412228790E+00  0.125000000000E+01  0.187029682677E+01
  0.500000000000E+01  0.375000000000E+01  0.250000000000E+01  0.000000000000E+00
  0.250494212117E+01  0.157686156160E+01  0.146289271009E+01  0.250494212117E+01  0.250494212117E+01  0.250494212117E+01  0.155830813274E+01
  0.125000000000E+01  0.250494212117E+01  0.177790177481E+01  0.477386199275E+00  0.742988685424E+00  0.308372018325E+00  0.125000000000E+01
 -0.487811078581E+00 -0.144524380962E+01 -0.125000000000E+01 -0.345533899378E+00  0.000000000000E+00  0.627766083140E+00 -0.739814786992E+00
 -0.158811787973E+01  0.000000000000E+00 -0.125000000000E+01 -0.600232012419E+00 -0.154800130438E+01 -0.249658889995E+01 -0.178862290564E+01
 -0.249658889995E+01 -0.249658889995E+01 -0.249658889995E+01 -0.249658889995E+01
  0.500000000000E+01  0.500000000000E+01  0.500000000000E+01  0.500000000000E+01  0.500000000000E+01  0.500000000000E+01  0.500000000000E+01
  0.500000000000E+01  0.500000000000E+01  0.500000000000E+01  0.500000000000E+01  0.500000000000E+01  0.500000000000E+01  0.500000000000E+01
  0.500000000000E+01  0.500000000000E+01  0.500000000000E+01  0.500000000000E+01  0.500000000000E+01  0.500000000000E+01  0.500000000000E+01
  0.500000000000E+01  0.500000000000E+01  0.500000000000E+01  0.500000000000E+01  0.500000000000E+01  0.500000000000E+01  0.500000000000E+01
  0.500000000000E+01  0.500000000000E+01  0.500000000000E+01  0.500000000000E+01
  0.100246725625E+01  0.100134430372E+01  0.100190794343E+01  0.100014590815E+01  0.100101036780E+01  0.100049286777E+01  0.999775591279E+00
  0.100034297690E+01  0.100194476553E+01  0.100086117531E+01  0.100110853395E+01  0.100019876550E+01  0.100152581724E+01  0.100190260676E+01
  0.100054385213E+01  0.998652396001E+00  0.100067113264E+01  0.999536489369E+00  0.100054145042E+01  0.999923233802E+00  0.100145779099E+01
  0.100044293959E+01  0.100077796301E+01  0.100130067850E+01  0.100105884091E+01  0.100174639376E+01  0.100234892529E+01  0.100133132679E+01
  0.999828413612E+00  0.100019291301E+01  0.100028686873E+01  0.100184292360E+01
  0.493201216632E+00  0.493601218561E+00  0.494657951769E+00  0.493226501750E+00  0.491213274760E+00  0.488103501398E+00  0.488185419162E+00
  0.494186665109E+00  0.498235961763E+00  0.490793321210E+00  0.492762898971E+00  0.491176780338E+00  0.497637812474E+00  0.498753315077E+00
  0.492051502189E+00  0.486062294507E+00  0.492255086287E+00  0.489681614680E+00  0.494622556617E+00  0.490040126636E+00  0.494628971204E+00
  0.492616669270E+00  0.499569336947E+00  0.498567813935E+00  0.498183510946E+00  0.496570939775E+00  0.494536385783E+00  0.494839504952E+00
  0.491695274753E+00  0.489493222342E+00  0.494635430579E+00  0.497856401238E+00
  0.000000000000E+00 -0.121470070862E-03 -0.110879908636E-02  0.000000000000E+00  0.000000000000E+00  0.000000000000E+00  0.121293873566E-03
  0.633471774075E-03  0.000000000000E+00  0.102565183489E-03 -0.874325900422E-03 -0.898644936303E-03 -0.157079884740E-02  0.695900059203E-04
 -0.888525827680E-03 -0.918893143573E-03 -0.139168224971E-02 -0.210154466305E-02 -0.141209928887E-02 -0.122049653333E-02 -0.534198594827E-03
 -0.644841349985E-03 -0.176723418083E-03  0.608284090050E-03 -0.247268865914E-04  0.142363516423E-02  0.000000000000E+00  0.724012214516E-03
  0.000000000000E+00  0.000000000000E+00  0.000000000000E+00  0.000000000000E+00
  0.580599525021E-03 -0.202444595154E-03  0.120256757287E-02  0.506601388696E-02 -0.607640967236E-03 -0.695781281349E-03  0.111470540593E-02
  0.432107808452E-02  0.114480765742E-02 -0.107176074704E-02 -0.492331128813E-03 -0.157610534932E-02  0.222874690287E-02  0.180779037426E-02
 -0.180401766452E-02 -0.705614878119E-04  0.401827314788E-02  0.191956011427E-03  0.438319759829E-02  0.821368664898E-03 -0.439092603697E-04
 -0.194301892235E-02  0.155938593009E-02  0.142678805957E-02  0.196535720703E-02  0.221815966693E-02  0.135829506466E-02 -0.439043845706E-03
  0.546603126977E-02 -0.147516116109E-02 -0.124162276438E-02  0.211864603901E-02
  0.716741918573E+00  0.715534249209E+00  0.716165288546E+00  0.714565181841E+00  0.715136918102E+00  0.714653005180E+00  0.714045813546E+00
  0.714753342647E+00  0.716319887904E+00  0.715050704496E+00  0.715298440571E+00  0.714421216396E+00  0.715810245607E+00  0.716249845329E+00
  0.714732552339E+00  0.713092313383E+00  0.715173361753E+00  0.713867973486E+00  0.714974827058E+00  0.714217506797E+00  0.715725989430E+00
  0.714592098706E+00  0.715132538186E+00  0.715579065028E+00  0.715334578663E+00  0.716063365277E+00  0.716518298632E+00  0.715558555099E+00
  0.714353113542E+00  0.714323976488E+00  0.714486131143E+00  0.716213118345E+00
  0.492962766166E+00  0.493501818942E+00  0.494482159935E+00  0.493192029097E+00  0.491169168758E+00  0.488098792015E+00  0.488213920019E+00
  0.494128983804E+00  0.498012891882E+00  0.490743067493E+00  0.492687820889E+00  0.491182356372E+00  0.497494166772E+00  0.498545863540E+00
  0.492035517940E+00  0.486141830698E+00  0.492132923003E+00  0.489715884267E+00  0.494539389750E+00  0.490046923140E+00  0.494491371878E+00
  0.492624370412E+00  0.499470101839E+00  0.498443301676E+00  0.498085506320E+00  0.496394048896E+00  0.494346760318E+00  0.494728915237E+00
  0.491660271690E+00  0.489529546731E+00  0.494638542914E+00  0.497648491363E+00
  0.100096903888E+01  0.100040310328E+01  0.100072208285E+01  0.100024531063E+01  0.100018113453E+01  0.100002132897E+01  0.999888522669E+00
  0.100031159593E+01  0.100090132467E+01  0.100020963046E+01  0.100030894038E+01  0.999990939251E+00  0.100060759953E+01  0.100084556792E+01
  0.100008167673E+01  0.999676406659E+00  0.100057119047E+01  0.999878617250E+00  0.100042307838E+01  0.999981274276E+00  0.100055778108E+01
  0.999986004799E+00  0.100040727361E+01  0.100050935004E+01  0.100040913601E+01  0.100074102351E+01  0.100077487267E+01  0.100045005118E+01
  0.100026599099E+01  0.999860680947E+00  0.999993716672E+00  0.100085386847E+01
        12        15        11        11
        11         2        12        12
         5        10         2         2
        15        21        11        11
        15        22        21        21
        31        28        22        22
        15        12        18        18
        19        18        20        20
        11        21        13        13
        23        13        25        25
         7        12        10        10
        26        21        28        28
         7         8        20        20
        16        15        18        18
        26        24        25        25
        16        30        22        22
         3        11        13        13
         2        10        12        12
         3         1         2         2
        20        12         7         7
        10         6         7         7
        22        15        16        16
        18        17        16        16
        28        27        26        26
        32        24        26        26
         2        11         3         3
        13        14         3         3
        27        28        31        31
         2         1         5         5
         6        10         5         5
        14        13        23        23
        20         8        19        19
        17        18        19        19
        13        21        25        25
         1         3         9         9
        30        16        29        29
         8         7         4         4
        22        28        21        21
        24        23        25        25
        21        26        25        25
        30        31        22        22
        12        20        18        18
        17        29        16        16
        14         9         3         3
        27        32        26        26
         6         4         7         7
zone t="boundary 5 bc-5", solutiontime= 0.6000000E+02, strandid=1005, i=33, j=48, f=feblock
  0.500322188025E+01  0.500467774541E+01  0.500000000000E+01  0.500000000000E+01  0.500477322316E+01  0.500000000000E+01  0.500000000000E+01
  0.500000000000E+01  0.500000000000E+01  0.500000000000E+01  0.500358221373E+01  0.500000000000E+01  0.500000000000E+01  0.500000000000E+01
  0.500000000000E+01  0.500000000000E+01  0.500000000000E+01  0.500195304569E+01  0.500000000000E+01  0.500000000000E+01  0.500000000000E+01
  0.500000000000E+01  0.500000000000E+01  0.500000000000E+01  0.500000000000E+01  0.500000000000E+01  0.500000000000E+01  0.500000000000E+01
  0.500000000000E+01  0.500000000000E+01  0.500000000000E+01  0.500000000000E+01  0.500000000000E+01
  0.250494212117E+01  0.128129187727E+01  0.250494212117E+01  0.157899473280E+01  0.277519423590E-01  0.659350882208E+00  0.250494212117E+01
  0.173899611320E+01  0.825621401394E+00  0.132549389334E+01 -0.122585289496E+01 -0.322732261638E+00  0.250494212117E+01  0.490615021923E-01
 -0.873141960959E+00  0.350800286361E+00  0.145332269920E+01 -0.249658889995E+01 -0.147959633950E+01  0.250494212117E+01 -0.857924212153E+00
 -0.165007033378E+01  0.518568023061E+00 -0.461282870254E+00  0.125000000000E+01 -0.249658889995E+01 -0.183684615440E+01 -0.158398995423E+01
 -0.249658889995E+01 -0.249658889995E+01 -0.125000000000E+01  0.000000000000E+00 -0.249658889995E+01
  0.973352334446E-04  0.164912833339E-03  0.125000000000E+01  0.905837536509E+00  0.190916740168E-03  0.735450417037E+00  0.250000000000E+01
  0.182727219356E+01  0.162230260845E+01  0.280856328277E+01  0.161807132151E-03  0.109945440014E+01  0.375000000000E+01  0.227317933631E+01
  0.189599568386E+01  0.342819755379E+01  0.403384942830E+01  0.108718466124E-03  0.104050588738E+01  0.500000000000E+01  0.297954017413E+01
  0.214587157439E+01  0.430969386006E+01  0.408642231822E+01  0.500000000000E+01  0.125000000000E+01  0.304506426164E+01  0.398205049073E+01
  0.250000000000E+01  0.375000000000E+01  0.500000000000E+01  0.500000000000E+01  0.500000000000E+01
  0.781948879876E+00  0.711657373162E+00  0.950682166138E+00  0.903457647400E+00  0.699071058135E+00  0.847044957791E+00  0.100849098146E+01
  0.986362263001E+00  0.970842897620E+00  0.100659349064E+01  0.702954733243E+00  0.892668033342E+00  0.100697675959E+01  0.100814057703E+01
  0.984976475288E+00  0.101286169842E+01  0.100419312500E+01  0.768735499812E+00  0.896516539812E+00  0.100014590815E+01  0.101563976612E+01
  0.100020243671E+01  0.100511861308E+01  0.100609157807E+01  0.100034297690E+01  0.944836325193E+00  0.101298727601E+01  0.100703989989E+01
  0.100717422643E+01  0.100978229964E+01  0.100067113264E+01  0.100054145042E+01  0.999828413612E+00
  0.000000000000E+00  0.000000000000E+00  0.504465690092E+00  0.470027406634E+00  0.000000000000E+00  0.485997091097E+00  0.529012493070E+00
  0.528446006454E+00  0.529019706099E+00  0.535383096297E+00  0.000000000000E+00  0.509118883016E+00  0.514483257269E+00  0.532403928940E+00
  0.537154678481E+00  0.524926425112E+00  0.508963350149E+00  0.000000000000E+00  0.495509656501E+00  0.493226501750E+00  0.526502359863E+00
  0.527693923288E+00  0.503910566413E+00  0.509538427360E+00  0.494186665109E+00  0.505185162487E+00  0.525583675843E+00  0.509695829997E+00
  0.532003778812E+00  0.512620363199E+00  0.492255086287E+00  0.494622556617E+00  0.491695274753E+00
  0.000000000000E+00  0.000000000000E+00  0.000000000000E+00 -0.186797613131E-01  0.000000000000E+00 -0.664207258278E-02  0.000000000000E+00
 -0.635607506371E-02 -0.114220958802E-01  0.768177752914E-03  0.000000000000E+00 -0.536858131135E-02  0.000000000000E+00  0.612185114705E-03
  0.486915063575E-02  0.347381642553E-02  0.220662092033E-02  0.000000000000E+00  0.149027932539E-01  0.000000000000E+00  0.319563868091E-02
  0.478883976394E-02  0.170491722269E-02  0.537199929373E-03  0.633471774075E-03  0.000000000000E+00  0.153030407644E-02  0.277757224917E-03
  0.000000000000E+00  0.000000000000E+00 -0.139168224971E-02 -0.141209928887E-02  0.000000000000E+00
  0.000000000000E+00  0.000000000000E+00 -0.114474066139E+00 -0.127982290166E+00  0.000000000000E+00 -0.113266642036E+00 -0.502845380557E-01
 -0.912964654786E-01 -0.107290221812E+00 -0.340607330404E-01  0.000000000000E+00 -0.113308024945E+00 -0.221863899311E-02 -0.677688005178E-01
 -0.918058573053E-01 -0.992780992043E-02  0.193092023279E-02  0.000000000000E+00 -0.115088169130E+00  0.506601388696E-02 -0.245187599268E-01
 -0.774870973320E-01  0.524130410679E-02  0.302772822661E-02  0.432107808452E-02 -0.112216893637E+00 -0.204136244524E-01  0.278441542169E-02
 -0.483402506734E-01 -0.170496912595E-03  0.401827314788E-02  0.438319759829E-02  0.546603126977E-02
  0.582231543718E+00  0.529893170306E+00  0.670645801947E+00  0.635138805865E+00  0.520521522342E+00  0.585510950553E+00  0.721491980741E+00
  0.700334265347E+00  0.687772951744E+00  0.719529455328E+00  0.523413269119E+00  0.622164262251E+00  0.721207796557E+00  0.722143515640E+00
  0.700716673237E+00  0.726449403742E+00  0.718565102791E+00  0.572392989217E+00  0.626681348078E+00  0.714565181841E+00  0.729102402132E+00
  0.714317332964E+00  0.719527773235E+00  0.720422277654E+00  0.714753342647E+00  0.666760566404E+00  0.726233805865E+00  0.721220420817E+00
  0.720038379329E+00  0.723770720352E+00  0.715173361753E+00  0.714974827058E+00  0.714353113542E+00
  0.000000000000E+00  0.000000000000E+00  0.520525422182E+00  0.491392213484E+00  0.000000000000E+00  0.507317060273E+00  0.530976525173E+00
  0.537921721678E+00  0.542137945696E+00  0.536266867669E+00  0.000000000000E+00  0.528041949654E+00  0.513796076667E+00  0.535940276779E+00
  0.546067753747E+00  0.523954977961E+00  0.508516747463E+00  0.000000000000E+00  0.514445396093E+00  0.493192029097E+00  0.525763320039E+00
  0.533416399785E+00  0.503385035109E+00  0.508915903428E+00  0.494128983804E+00  0.520641042002E+00  0.525013874906E+00  0.509029484820E+00
  0.533962382585E+00  0.511735130271E+00  0.492132923003E+00  0.494539389750E+00  0.491660271690E+00
  0.104242640687E+01  0.104242640687E+01  0.987610955763E+00  0.984212520387E+00  0.104242640687E+01  0.967735328845E+00  0.100158433898E+01
  0.994024212263E+00  0.991800150984E+00  0.100074284886E+01  0.104242640687E+01  0.975760231820E+00  0.100269535078E+01  0.100283724803E+01
  0.995966266346E+00  0.100411454676E+01  0.100179051107E+01  0.104242640687E+01  0.978625433384E+00  0.100024531063E+01  0.100502500693E+01
  0.999841861449E+00  0.100220896262E+01  0.100248447627E+01  0.100031159593E+01  0.987964548013E+00  0.100369210185E+01  0.100265003329E+01
  0.100087323981E+01  0.100346283437E+01  0.100057119047E+01  0.100042307838E+01  0.100026599099E+01
        12        15        14        14
        21        16        14        14
         9        14        10        10
        15        22        21        21
        29        27        22        22
        14        16        10        10
         7         8        10        10
        14        15        21        21
        14         9        12        12
         5        12         6         6
        21        24        16        16
        32        23        24        24
        28        21        27        27
        17        16        23        23
        28        31        24        24
        19        15        12        12
         4         2         6         6
         4         9         8         8
        10         8         9         9
        17        13        10        10
        19        26        22        22
        10        16        17        17
        23        25        17        17
        22        15        19        19
        12        11        19        19
        27        30        28        28
        33        31        28        28
         6         9         4         4
         8         3         4         4
        25        23        32        32
        10        13         7         7
         3         8         7         7
        30        27        29        29
         6         2         5         5
        11        12         5         5
        24        23        16        16
        13        17        20        20
        26        19        18        18
         2         4         1         1
        22        27        21        21
        31        32        24        24
        21        28        24        24
        26        29        22        22
         9         6        12        12
        11        18        19        19
        25        20        17        17
        30        33        28        28
         3         1         4         4
zone t="boundary 6 bc-6", solutiontime= 0.6000000E+02, strandid=1006, i=33, j=48, f=feblock
  0.375059198657E+01  0.249769657633E+01  0.500322188025E+01  0.403560256613E+01  0.280631163598E+01  0.124542006321E+01  0.182303369963E+01
  0.500467774541E+01  0.431322589632E+01  0.342786761709E+01  0.226876966342E+01  0.161701911090E+01 -0.547423805950E-02  0.900321408638E+00
  0.500477322316E+01  0.408884097038E+01  0.297791750043E+01  0.189186184456E+01  0.109435393894E+01  0.729840975495E+00 -0.567511393137E-02
  0.500358221373E+01  0.398317322088E+01  0.304409373620E+01  0.214320064512E+01  0.103661469695E+01 -0.525113715706E-02 -0.425679957523E-02
  0.500195304569E+01  0.375034911445E+01  0.249861195586E+01  0.124717625353E+01 -0.338347811579E-02
  0.250494212117E+01  0.250494212117E+01  0.250494212117E+01  0.148676122951E+01  0.135863057150E+01  0.250494212117E+01  0.177126588176E+01
  0.128129187727E+01  0.548914508326E+00  0.381391157446E+00  0.772380707574E-01  0.855321965795E+00  0.250494212117E+01  0.160898027573E+01
  0.277519423590E-01 -0.435103647140E+00 -0.833498527128E+00 -0.848130412893E+00 -0.296461071374E+00  0.687469118845E+00  0.127822221177E+01
 -0.122585289496E+01 -0.156121129686E+01 -0.181436011827E+01 -0.162712790129E+01 -0.145562581902E+01  0.261959834557E-01 -0.122573420438E+01
 -0.249658889995E+01 -0.249658889995E+01 -0.249658889995E+01 -0.249658889995E+01 -0.249658889995E+01
  0.136804630540E-03  0.110791624817E-03  0.973352334446E-04  0.171950667810E-03  0.194971331255E-03  0.105111079957E-03  0.184761080768E-03
  0.164912833339E-03  0.231889347564E-03  0.294783071245E-03  0.207812822106E-03  0.153591783509E-03  0.810555099614E-04  0.876801208022E-04
  0.190916740168E-03  0.272552279966E-03  0.225609297011E-03  0.168117021925E-03  0.126632691944E-03  0.105568204760E-03  0.833774297186E-04
  0.161807132151E-03  0.176735195432E-03  0.162217947803E-03  0.161643327347E-03  0.105753899485E-03  0.104461354043E-03  0.352005475212E-04
  0.108718466124E-03  0.146871002877E-03  0.101391403625E-03  0.111859770246E-03  0.815770748851E-04
  0.896676825158E+00  0.910447602222E+00  0.781948879876E+00  0.897230134517E+00  0.906359696654E+00  0.922179405881E+00  0.901865237314E+00
  0.711657373162E+00  0.890252973200E+00  0.912585084476E+00  0.907806553199E+00  0.897430822624E+00  0.121959984733E+01  0.961964171744E+00
  0.699071058135E+00  0.906747546114E+00  0.911247801875E+00  0.862395120802E+00  0.912633184783E+00  0.986600645954E+00  0.128671927203E+01
  0.702954733243E+00  0.904765382184E+00  0.894386625476E+00  0.899971706480E+00  0.924919264322E+00  0.145633781172E+01  0.134804033787E+01
  0.768735499812E+00  0.889523315174E+00  0.898746324258E+00  0.924960161280E+00  0.130024662549E+01
  0.000000000000E+00  0.000000000000E+00  0.000000000000E+00  0.000000000000E+00  0.000000000000E+00  0.000000000000E+00  0.000000000000E+00
  0.000000000000E+00  0.000000000000E+00  0.000000000000E+00  0.000000000000E+00  0.000000000000E+00  0.000000000000E+00  0.000000000000E+00
  0.000000000000E+00  0.000000000000E+00  0.000000000000E+00  0.000000000000E+00  0.000000000000E+00  0.000000000000E+00  0.000000000000E+00
  0.000000000000E+00  0.000000000000E+00  0.000000000000E+00  0.000000000000E+00  0.000000000000E+00  0.000000000000E+00  0.000000000000E+00
  0.000000000000E+00  0.000000000000E+00  0.000000000000E+00  0.000000000000E+00  0.000000000000E+00
  0.000000000000E+00  0.000000000000E+00  0.000000000000E+00  0.000000000000E+00  0.000000000000E+00  0.000000000000E+00  0.000000000000E+00
  0.000000000000E+00  0.000000000000E+00  0.000000000000E+00  0.000000000000E+00  0.000000000000E+00  0.000000000000E+00  0.000000000000E+00
  0.000000000000E+00  0.000000000000E+00  0.000000000000E+00  0.000000000000E+00  0.000000000000E+00  0.000000000000E+00  0.000000000000E+00
  0.000000000000E+00  0.000000000000E+00  0.000000000000E+00  0.000000000000E+00  0.000000000000E+00  0.000000000000E+00  0.000000000000E+00
  0.000000000000E+00  0.000000000000E+00  0.000000000000E+00  0.000000000000E+00  0.000000000000E+00
  0.000000000000E+00  0.000000000000E+00  0.000000000000E+00  0.000000000000E+00  0.000000000000E+00  0.000000000000E+00  0.000000000000E+00
  0.000000000000E+00  0.000000000000E+00  0.000000000000E+00  0.000000000000E+00  0.000000000000E+00  0.000000000000E+00  0.000000000000E+00
  0.000000000000E+00  0.000000000000E+00  0.000000000000E+00  0.000000000000E+00  0.000000000000E+00  0.000000000000E+00  0.000000000000E+00
  0.000000000000E+00  0.000000000000E+00  0.000000000000E+00  0.000000000000E+00  0.000000000000E+00  0.000000000000E+00  0.000000000000E+00
  0.000000000000E+00  0.000000000000E+00  0.000000000000E+00  0.000000000000E+00  0.000000000000E+00
  0.667656857839E+00  0.677910444735E+00  0.582231543718E+00  0.668068846615E+00  0.674866629940E+00  0.686645831831E+00  0.671520099154E+00
  0.529893170306E+00  0.662873720042E+00  0.679501993268E+00  0.675943945275E+00  0.668218277031E+00  0.908102204763E+00  0.716269182207E+00
  0.520521522342E+00  0.675155418882E+00  0.678506265627E+00  0.642131033629E+00  0.679537808289E+00  0.734613261699E+00  0.958078676709E+00
  0.523413269119E+00  0.673679518865E+00  0.665951597392E+00  0.670110194479E+00  0.688685903824E+00  0.108437499447E+01  0.100373774695E+01
  0.572392989217E+00  0.662330423761E+00  0.669197786775E+00  0.688716355302E+00  0.968151012752E+00
  0.000000000000E+00  0.000000000000E+00  0.000000000000E+00  0.000000000000E+00  0.000000000000E+00  0.000000000000E+00  0.000000000000E+00
  0.000000000000E+00  0.000000000000E+00  0.000000000000E+00  0.000000000000E+00  0.000000000000E+00  0.000000000000E+00  0.000000000000E+00
  0.000000000000E+00  0.000000000000E+00  0.000000000000E+00  0.000000000000E+00  0.000000000000E+00  0.000000000000E+00  0.000000000000E+00
  0.000000000000E+00  0.000000000000E+00  0.000000000000E+00  0.000000000000E+00  0.000000000000E+00  0.000000000000E+00  0.000000000000E+00
  0.000000000000E+00  0.000000000000E+00  0.000000000000E+00  0.000000000000E+00  0.000000000000E+00
  0.104242640687E+01  0.104242640687E+01  0.104242640687E+01  0.104242640687E+01  0.104242640687E+01  0.104242640687E+01  0.104242640687E+01
  0.104242640687E+01  0.104242640687E+01  0.104242640687E+01  0.104242640687E+01  0.104242640687E+01  0.104242640687E+01  0.104242640687E+01
  0.104242640687E+01  0.104242640687E+01  0.104242640687E+01  0.104242640687E+01  0.104242640687E+01  0.104242640687E+01  0.104242640687E+01
  0.104242640687E+01  0.104242640687E+01  0.104242640687E+01  0.104242640687E+01  0.104242640687E+01  0.104242640687E+01  0.104242640687E+01
  0.104242640687E+01  0.104242640687E+01  0.104242640687E+01  0.104242640687E+01  0.104242640687E+01
        19        18        11        11
        17        10        11        11
        12        11         5         5
        18        25        17        17
        31        24        25        25
        11        10         5         5
         2         7         5         5
        11        18        17        17
        11        12        19        19
        27        19        20        20
        17        16        10        10
        15         9        16        16
        23        17        24        24
         4        10         9         9
        23        22        16        16
        26        18        19        19
        14        21        20        20
        14        12         7         7
         5         7        12        12
         4         1         5         5
        26        32        25        25
         5        10         4         4
         9         8         4         4
        25        18        26        26
        19        28        26        26
        24        30        23        23
        29        22        23        23
        20        12        14        14
         7         6        14        14
         8         9        15        15
         5         1         2         2
         6         7         2         2
        30        24        31        31
        20        21        27        27
        28        19        27        27
        16         9        10        10
         1         4         3         3
        32        26        33        33
        21        14        13        13
        25        24        17        17
        22        15        16        16
        17        23        16        16
        32        31        25        25
        12        20        19        19
        28        33        26        26
         8         3         4         4
        30        29        23        23
         6        13        14        14
