TITLE="fun3d_case_title"
VARIABLES="Iteration" "R_1" "R_2" "R_3" "R_4" "R_5" "C_L" "C_D" "C_M_x" "C_M_y" "C_M_z" "Wall Time" "C_x" "C_y" "C_z" "C_Lp" "C_Dp" "C_Lv" "C_Dv" "C_M_xp" "C_M_yp" "C_M_zp" "C_M_xv" "C_M_yv" "C_M_zv" "C_xp" "C_yp" "C_zp" "C_xv" "C_yv" "C_zv"
ZONE  I=100 F=POINT
1  0.2160030127E-01  0.2803577932E-01  0.2142267486E-02  0.5329976411E-02  0.5295593801E-01 -0.4835223099E+01  0.4398129120E-02 -0.2416918413E+00 -0.3759617528E+00  0.3191261553E-04  0.3287000000E+00  0.4398129120E-02  0.3913259625E-05 -0.4835223099E+01 -0.4835421199E+01  0.2692705422E-03  0.1980996466E-03  0.4128858577E-02 -0.2416883460E+00 -0.3757835743E+00  0.8445952974E-04 -0.3495339551E-05 -0.1781785024E-03 -0.5254691421E-04  0.2692705422E-03 -0.3069863990E-05 -0.4835421199E+01  0.4128858577E-02  0.6983123615E-05  0.1980996466E-03
2  0.1281157856E-01  0.1581262571E-01  0.2323813612E-02  0.5000278162E-02  0.1761655895E-01 -0.3122682639E+01  0.4262032723E-02  0.2517166764E-01 -0.1157374177E+02  0.5751203396E-04  0.3927000000E+00  0.4262032723E-02 -0.9868018070E-06 -0.3122682639E+01 -0.3122946455E+01  0.3127746861E-03  0.2638163418E-03  0.3949258037E-02  0.2517078245E-01 -0.1157362480E+02  0.1534482446E-03  0.8851932433E-06 -0.1169725971E-03 -0.9593621064E-04  0.3127746861E-03  0.2466849069E-06 -0.3122946455E+01  0.3949258037E-02 -0.1233486714E-05  0.2638163418E-03
3  0.6931728865E-02  0.1076732594E-01  0.1718201875E-02  0.5334564665E-02  0.1221341325E-01 -0.1534863475E+01  0.4169537072E-02  0.3031516526E+00 -0.1876222977E+02  0.2544862943E-04  0.4460000000E+00  0.4169537072E-02 -0.4765658160E-05 -0.1534863475E+01 -0.1535154300E+01  0.3067471964E-03  0.2908251916E-03  0.3862789875E-02  0.3031437547E+00 -0.1876221262E+02  0.1868473844E-03  0.7897856568E-05 -0.1715449665E-04 -0.1613987550E-03  0.3067471964E-03  0.8353212043E-05 -0.1535154300E+01  0.3862789875E-02 -0.1311887020E-04  0.2908251916E-03
4  0.3320509342E-02  0.7859905337E-02  0.1663248631E-02  0.5100146525E-02  0.8886586048E-02 -0.2519967636E+00  0.4080980893E-02  0.4462015615E+00 -0.2210855174E+02 -0.2077040856E-04  0.4980000000E+00  0.4080980893E-02 -0.1294047059E-04 -0.2519967636E+00 -0.2522938276E+00  0.2792633612E-03  0.2970639860E-03  0.3801717532E-02  0.4461940858E+00 -0.2210862093E+02  0.1931411916E-03  0.7475671147E-05  0.6918889544E-04 -0.2139116001E-03  0.2792633612E-03  0.1137406272E-04 -0.2522938276E+00  0.3801717532E-02 -0.2431453331E-04  0.2970639860E-03
5  0.1782183008E-02  0.5337460847E-02  0.1193359211E-02  0.3665699336E-02  0.5456495964E-02  0.6606749897E+00  0.4007630768E-02  0.4309407865E+00 -0.2345995423E+02 -0.6726594926E-04  0.5419000000E+00  0.4007630768E-02 -0.2205714557E-04  0.6606749897E+00  0.6603819824E+00  0.2532890063E-03  0.2930073187E-03  0.3754341761E-02  0.4309350493E+00 -0.2346008082E+02  0.1831399163E-03  0.5737241727E-05  0.1265911977E-03 -0.2504058656E-03  0.2532890063E-03  0.1070640775E-04  0.6603819824E+00  0.3754341761E-02 -0.3276355332E-04  0.2930073187E-03
6  0.1175705472E-02  0.3583042162E-02  0.8787351473E-03  0.2172086482E-02  0.3277960262E-02  0.1205694836E+01  0.3956231939E-02  0.3605506503E+00 -0.2402528957E+02 -0.1015562245E-03  0.5939000000E+00  0.3956231939E-02 -0.2936881628E-04  0.1205694836E+01  0.1205409263E+01  0.2382388145E-03  0.2855727621E-03  0.3717993125E-02  0.3605455092E+00 -0.2402544890E+02  0.1714832364E-03  0.5141074062E-05  0.1593295605E-03 -0.2730394609E-03  0.2382388145E-03  0.9069597140E-05  0.1205409263E+01  0.3717993125E-02 -0.3843841342E-04  0.2855727621E-03
7  0.7240173998E-03  0.2446451426E-02  0.6495261990E-03  0.1380138251E-02  0.2003153516E-02  0.1538350608E+01  0.3926022577E-02  0.2879869853E+00 -0.2451631201E+02 -0.1252639737E-03  0.6377000000E+00  0.3926022577E-02 -0.3498244199E-04  0.1538350608E+01  0.1538070270E+01  0.2324452587E-03  0.2803373373E-03  0.3693577319E-02  0.2879812873E+00 -0.2451648579E+02  0.1624596520E-03  0.5698013688E-05  0.1737795896E-03 -0.2877236257E-03  0.2324452587E-03  0.7358215657E-05  0.1538070270E+01  0.3693577319E-02 -0.4234065765E-04  0.2803373373E-03
8  0.4163543794E-03  0.1694651170E-02  0.4379985311E-03  0.9597123695E-03  0.1342529387E-02  0.1661117577E+01  0.3909720679E-02  0.2532714088E+00 -0.2481377879E+02 -0.1384171118E-03  0.6911000000E+00  0.3909720679E-02 -0.3826719952E-04  0.1661117577E+01  0.1660840531E+01  0.2331521911E-03  0.2770461079E-03  0.3676568488E-02  0.2532642850E+00 -0.2481396024E+02  0.1585006718E-03  0.7123756095E-05  0.1814482547E-03 -0.2969177835E-03  0.2331521911E-03  0.6419076890E-05  0.1660840531E+01  0.3676568488E-02 -0.4468627641E-04  0.2770461079E-03
9  0.2677202995E-03  0.1172318591E-02  0.2853882807E-03  0.8184631240E-03  0.9436352876E-03  0.1672935727E+01  0.3899912372E-02  0.2535963783E+00 -0.2494580161E+02 -0.1446009340E-03  0.7337000000E+00  0.3899912372E-02 -0.3973569073E-04  0.1672935727E+01  0.1672660396E+01  0.2357561422E-03  0.2753311806E-03  0.3664156230E-02  0.2535877485E+00 -0.2494598897E+02  0.1580291432E-03  0.8629742353E-05  0.1873648306E-03 -0.3026300772E-03  0.2357561422E-03  0.6146382488E-05  0.1672660396E+01  0.3664156230E-02 -0.4588207322E-04  0.2753311806E-03
10  0.2225010127E-03  0.8114808578E-03  0.1856952969E-03  0.9141692796E-03  0.7263977320E-03  0.1797296012E+01  0.3895575637E-02  0.2732794636E+00 -0.2537977811E+02 -0.1464932706E-03  0.7858000000E+00  0.3895575637E-02 -0.3972881289E-04  0.1797296012E+01  0.1797019862E+01  0.2359589917E-03  0.2761503175E-03  0.3659616645E-02  0.2732696824E+00 -0.2537996547E+02  0.1594078223E-03  0.9781223670E-05  0.1873632336E-03 -0.3059010928E-03  0.2359589917E-03  0.6463492316E-05  0.1797019862E+01  0.3659616645E-02 -0.4619230520E-04  0.2761503175E-03
11  0.1450995119E-03  0.5383285678E-03  0.1338999584E-03  0.5598776352E-03  0.4400174985E-03  0.1792324468E+01  0.3890507397E-02  0.2832660558E+00 -0.2542553278E+02 -0.1485953492E-03  0.9827000000E+00  0.3890507397E-02 -0.4002471082E-04  0.1792324468E+01  0.1792049139E+01  0.2367339676E-03  0.2753290492E-03  0.3653773430E-02  0.2832558525E+00 -0.2542572515E+02  0.1597665023E-03  0.1020333078E-04  0.1923676636E-03 -0.3083618515E-03  0.2367339676E-03  0.6436791656E-05  0.1792049139E+01  0.3653773430E-02 -0.4646150248E-04  0.2753290492E-03
12  0.1315181272E-03  0.3690653928E-03  0.8506731349E-04  0.4833020864E-03  0.3681641937E-03  0.1857915799E+01  0.3887888444E-02  0.2980991894E+00 -0.2562974415E+02 -0.1483540182E-03  0.1034800000E+01  0.3887888444E-02 -0.3945293253E-04  0.1857915799E+01  0.1857640210E+01  0.2360918124E-03  0.2755890809E-03  0.3651796632E-02  0.2980884085E+00 -0.2562993769E+02  0.1608845972E-03  0.1078096024E-04  0.1935389360E-03 -0.3092386154E-03  0.2360918124E-03  0.6742076358E-05  0.1857640210E+01  0.3651796632E-02 -0.4619500889E-04  0.2755890809E-03
13  0.7671426821E-04  0.2413470155E-03  0.6680233767E-04  0.2469874463E-03  0.2233301221E-03  0.1863974164E+01  0.3885198291E-02  0.3011276377E+00 -0.2565367981E+02 -0.1487441368E-03  0.1077400000E+01  0.3885198291E-02 -0.3925519529E-04  0.1863974164E+01  0.1863699058E+01  0.2359224222E-03  0.2751059053E-03  0.3649275869E-02  0.3011165975E+00 -0.2565387607E+02  0.1609777654E-03  0.1104023816E-04  0.1962623358E-03 -0.3097219022E-03  0.2359224222E-03  0.6753111222E-05  0.1863699058E+01  0.3649275869E-02 -0.4600830652E-04  0.2751059053E-03
14  0.4839246104E-04  0.1532302033E-03  0.4583148312E-04  0.9564833574E-04  0.1368641444E-03  0.1876985792E+01  0.3883666519E-02  0.3022553910E+00 -0.2569244439E+02 -0.1489366704E-03  0.1120100000E+01  0.3883666519E-02 -0.3906168850E-04  0.1876985792E+01  0.1876710857E+01  0.2357243115E-03  0.2749352103E-03  0.3647942208E-02  0.3022441104E+00 -0.2569264187E+02  0.1610258559E-03  0.1128058217E-04  0.1974862295E-03 -0.3099625263E-03  0.2357243115E-03  0.6774157089E-05  0.1876710857E+01  0.3647942208E-02 -0.4583584558E-04  0.2749352103E-03
15  0.2747353136E-04  0.1020887286E-03  0.3244952217E-04  0.6661475379E-04  0.8778229339E-04  0.1883386045E+01  0.3882791887E-02  0.3027300563E+00 -0.2571165146E+02 -0.1489791774E-03  0.1164100000E+01  0.3882791887E-02 -0.3890017269E-04  0.1883386045E+01  0.1883111222E+01  0.2356506917E-03  0.2748233389E-03  0.3647141195E-02  0.3027185875E+00 -0.2571184966E+02  0.1610641314E-03  0.1146884614E-04  0.1981991492E-03 -0.3100433088E-03  0.2356506917E-03  0.6793910589E-05  0.1883111222E+01  0.3647141195E-02 -0.4569408328E-04  0.2748233389E-03
16  0.1650751606E-04  0.6756348025E-04  0.2246905452E-04  0.4631763662E-04  0.5826792995E-04  0.1886492298E+01  0.3882315198E-02  0.3032096525E+00 -0.2572162047E+02 -0.1489415582E-03  0.1206900000E+01  0.3882315198E-02 -0.3877551430E-04  0.1886492298E+01  0.1886217529E+01  0.2356431472E-03  0.2747691909E-03  0.3646672051E-02  0.3031980525E+00 -0.2572181904E+02  0.1611167559E-03  0.1160001063E-04  0.1985713788E-03 -0.3100583141E-03  0.2356431472E-03  0.6815247578E-05  0.1886217529E+01  0.3646672051E-02 -0.4559076187E-04  0.2747691909E-03
17  0.1093645773E-04  0.4623747708E-04  0.1536779139E-04  0.3049461266E-04  0.3871455519E-04  0.1888219836E+01  0.3882071376E-02  0.3037021832E+00 -0.2572777026E+02 -0.1488923536E-03  0.1251000000E+01  0.3882071376E-02 -0.3868951766E-04  0.1888219836E+01  0.1887945093E+01  0.2356608853E-03  0.2747427949E-03  0.3646410490E-02  0.3036905018E+00 -0.2572796903E+02  0.1611675410E-03  0.1168136737E-04  0.1987654205E-03 -0.3100598947E-03  0.2356608853E-03  0.6833784209E-05  0.1887945093E+01  0.3646410490E-02 -0.4552330187E-04  0.2747427949E-03
18  0.7196680963E-05  0.3217844621E-04  0.1044821669E-04  0.1938706865E-04  0.2529505548E-04  0.1889084833E+01  0.3881962406E-02  0.3041868510E+00 -0.2573148756E+02 -0.1488442120E-03  0.1303200000E+01  0.3881962406E-02 -0.3862997613E-04  0.1889084833E+01  0.1888810109E+01  0.2356865611E-03  0.2747239184E-03  0.3646275845E-02  0.3041751224E+00 -0.2573168644E+02  0.1612171242E-03  0.1172859122E-04  0.1988806727E-03 -0.3100613362E-03  0.2356865611E-03  0.6850221778E-05  0.1888810109E+01  0.3646275845E-02 -0.4548019791E-04  0.2747239184E-03
19  0.5026611165E-05  0.2341855582E-04  0.7206502300E-05  0.1186004375E-04  0.1775682647E-04  0.1889399465E+01  0.3881922862E-02  0.3045326287E+00 -0.2573336532E+02 -0.1488125080E-03  0.1347300000E+01  0.3881922862E-02 -0.3859125374E-04  0.1889399465E+01  0.1889124756E+01  0.2357088143E-03  0.2747090316E-03  0.3646214048E-02  0.3045208741E+00 -0.2573356428E+02  0.1612532965E-03  0.1175465598E-04  0.1989549946E-03 -0.3100658045E-03  0.2357088143E-03  0.6862004503E-05  0.1889124756E+01  0.3646214048E-02 -0.4545325825E-04  0.2747090316E-03
20  0.3615665682E-05  0.1753574140E-04  0.5062860649E-05  0.7578663666E-05  0.1331287223E-04  0.1889367192E+01  0.3881912548E-02  0.3047788090E+00 -0.2573387721E+02 -0.1487866179E-03  0.1391300000E+01  0.3881912548E-02 -0.3856366958E-04  0.1889367192E+01  0.1889092496E+01  0.2357239661E-03  0.2746961692E-03  0.3646188582E-02  0.3047670384E+00 -0.2573407622E+02  0.1612807868E-03  0.1177067195E-04  0.1990098496E-03 -0.3100674047E-03  0.2357239661E-03  0.6870885872E-05  0.1889092496E+01  0.3646188582E-02 -0.4543455545E-04  0.2746961692E-03
21  0.2735276109E-05  0.1325229266E-04  0.3599131655E-05  0.5022384623E-05  0.1023716023E-04  0.1889134349E+01  0.3881910160E-02  0.3049484316E+00 -0.2573348245E+02 -0.1487616411E-03  0.1589000000E+01  0.3881910160E-02 -0.3854239904E-04  0.1889134349E+01  0.1888859664E+01  0.2357327532E-03  0.2746850427E-03  0.3646177407E-02  0.3049366497E+00 -0.2573368151E+02  0.1613008697E-03  0.1178190671E-04  0.1990536444E-03 -0.3100625108E-03  0.2357327532E-03  0.6877393107E-05  0.1888859664E+01  0.3646177407E-02 -0.4541979215E-04  0.2746850427E-03
22  0.2108081909E-05  0.9939165385E-05  0.2566242933E-05  0.3441945150E-05  0.7798032991E-05  0.1888822721E+01  0.3881908042E-02  0.3050640396E+00 -0.2573265582E+02 -0.1487363701E-03  0.1631900000E+01  0.3881908042E-02 -0.3852533075E-04  0.1888822721E+01  0.1888548045E+01  0.2357374087E-03  0.2746759434E-03  0.3646170634E-02  0.3050522495E+00 -0.2573285491E+02  0.1613152254E-03  0.1179017956E-04  0.1990880413E-03 -0.3100515955E-03  0.2357374087E-03  0.6882034589E-05  0.1888548045E+01  0.3646170634E-02 -0.4540736534E-04  0.2746759434E-03
23  0.1618602021E-05  0.7362187146E-05  0.1826452753E-05  0.2439796235E-05  0.5822233158E-05  0.1888517655E+01  0.3881905132E-02  0.3051384468E+00 -0.2573176244E+02 -0.1487125124E-03  0.1674800000E+01  0.3881905132E-02 -0.3851188963E-04  0.1888517655E+01  0.1888242985E+01  0.2357399534E-03  0.2746692094E-03  0.3646165179E-02  0.3051266508E+00 -0.2573196155E+02  0.1613248509E-03  0.1179605035E-04  0.1991129102E-03 -0.3100373634E-03  0.2357399534E-03  0.6885122687E-05  0.1888242985E+01  0.3646165179E-02 -0.4539701232E-04  0.2746692094E-03
24  0.1232087733E-05  0.5377644002E-05  0.1290059063E-05  0.1778578199E-05  0.4264233123E-05  0.1888268681E+01  0.3881902349E-02  0.3051817267E+00 -0.2573102081E+02 -0.1486921063E-03  0.1717700000E+01  0.3881902349E-02 -0.3850183694E-04  0.1888268681E+01  0.1887994017E+01  0.2357415825E-03  0.2746646970E-03  0.3646160767E-02  0.3051699269E+00 -0.2573121994E+02  0.1613307818E-03  0.1179986829E-04  0.1991293442E-03 -0.3100228880E-03  0.2357415825E-03  0.6886992787E-05  0.1887994017E+01  0.3646160767E-02 -0.4538882973E-04  0.2746646970E-03
25  0.9259147273E-06  0.3872640310E-05  0.9015792441E-06  0.1311008221E-05  0.3071141438E-05  0.1888090685E+01  0.3881900390E-02  0.3052023681E+00 -0.2573050237E+02 -0.1486765341E-03  0.1760500000E+01  0.3881900390E-02 -0.3849486591E-04  0.1888090685E+01  0.1887816023E+01  0.2357428104E-03  0.2746618915E-03  0.3646157580E-02  0.3051905660E+00 -0.2573070151E+02  0.1613339078E-03  0.1180209874E-04  0.1991395798E-03 -0.3100104419E-03  0.2357428104E-03  0.6887947333E-05  0.1887816023E+01  0.3646157580E-02 -0.4538281324E-04  0.2746618915E-03
26  0.6845236286E-06  0.2747942150E-05  0.6224944684E-06  0.9617381315E-06  0.2175078706E-05  0.1887975094E+01  0.3881899312E-02  0.3052089778E+00 -0.2573018198E+02 -0.1486659559E-03  0.1803500000E+01  0.3881899312E-02 -0.3849043637E-04  0.1887975094E+01  0.1887700434E+01  0.2357437869E-03  0.2746601726E-03  0.3646155525E-02  0.3051971745E+00 -0.2573038113E+02  0.1613351589E-03  0.1180324617E-04  0.1991460141E-03 -0.3100011148E-03  0.2357437869E-03  0.6888294819E-05  0.1887700434E+01  0.3646155525E-02 -0.4537873119E-04  0.2746601726E-03
27  0.4959273620E-06  0.1921125488E-05  0.4247840183E-06  0.6947950008E-06  0.1513291888E-05  0.1887903357E+01  0.3881898808E-02  0.3052086922E+00 -0.2572999586E+02 -0.1486596041E-03  0.1847700000E+01  0.3881898808E-02 -0.3848788081E-04  0.1887903357E+01  0.1887628697E+01  0.2357445491E-03  0.2746590523E-03  0.3646154259E-02  0.3051968885E+00 -0.2573019502E+02  0.1613353480E-03  0.1180374614E-04  0.1991503989E-03 -0.3099949522E-03  0.2357445491E-03  0.6888302201E-05  0.1887628697E+01  0.3646154259E-02 -0.4537618301E-04  0.2746590523E-03
28  0.3522155516E-06  0.1324512894E-05  0.2875180938E-06  0.4919997867E-06  0.1034316326E-05  0.1887857704E+01  0.3881898551E-02  0.3052063104E+00 -0.2572988426E+02 -0.1486562711E-03  0.1890700000E+01  0.3881898551E-02 -0.3848654661E-04  0.1887857704E+01  0.1887583045E+01  0.2357451305E-03  0.2746582440E-03  0.3646153421E-02  0.3051945065E+00 -0.2573008342E+02  0.1613350935E-03  0.1180390937E-04  0.1991536820E-03 -0.3099913646E-03  0.2357451305E-03  0.6888171126E-05  0.1887583045E+01  0.3646153421E-02 -0.4537471773E-04  0.2746582440E-03
29  0.2460192340E-06  0.9025261351E-06  0.1946934180E-06  0.3416460696E-06  0.6962055211E-06  0.1887825954E+01  0.3881898363E-02  0.3052042109E+00 -0.2572980848E+02 -0.1486547772E-03  0.1935000000E+01  0.3881898363E-02 -0.3848591006E-04  0.1887825954E+01  0.1887551296E+01  0.2357455799E-03  0.2746576237E-03  0.3646152783E-02  0.3051924070E+00 -0.2573000763E+02  0.1613347694E-03  0.1180392826E-04  0.1991562320E-03 -0.3099895466E-03  0.2357455799E-03  0.6888024428E-05  0.1887551296E+01  0.3646152783E-02 -0.4537393448E-04  0.2746576237E-03
30  0.1701464351E-06  0.6096221812E-06  0.1335193467E-06  0.2338413812E-06  0.4640436189E-06  0.1887801753E+01  0.3881898199E-02  0.3052031309E+00 -0.2572975020E+02 -0.1486542168E-03  0.1988600000E+01  0.3881898199E-02 -0.3848561416E-04  0.1887801753E+01  0.1887527096E+01  0.2357459417E-03  0.2746571521E-03  0.3646152257E-02  0.3051913270E+00 -0.2572994936E+02  0.1613345497E-03  0.1180390593E-04  0.1991581550E-03 -0.3099887664E-03  0.2357459417E-03  0.6887919545E-05  0.1887527096E+01  0.3646152257E-02 -0.4537353371E-04  0.2746571521E-03
31  0.1173950937E-06  0.4094867436E-06  0.9376221481E-07  0.1591866951E-06  0.3085843676E-06  0.1887782632E+01  0.3881898082E-02  0.3052029850E+00 -0.2572970357E+02 -0.1486540219E-03  0.2185900000E+01  0.3881898082E-02 -0.3848545338E-04  0.1887782632E+01  0.1887507976E+01  0.2357462425E-03  0.2746568139E-03  0.3646151839E-02  0.3051911811E+00 -0.2572990273E+02  0.1613344741E-03  0.1180388833E-04  0.1991595099E-03 -0.3099884960E-03  0.2357462425E-03  0.6887869637E-05  0.1887507976E+01  0.3646151839E-02 -0.4537332302E-04  0.2746568139E-03
32  0.8133971902E-07  0.2743449303E-06  0.6775125663E-07  0.1091835917E-06  0.2063204369E-06  0.1887767838E+01  0.3881898032E-02  0.3052034401E+00 -0.2572966748E+02 -0.1486539048E-03  0.2229000000E+01  0.3881898032E-02 -0.3848533125E-04  0.1887767838E+01  0.1887493182E+01  0.2357464908E-03  0.2746565896E-03  0.3646151541E-02  0.3051916363E+00 -0.2572986664E+02  0.1613345154E-03  0.1180388881E-04  0.1991603908E-03 -0.3099884202E-03  0.2357464908E-03  0.6887864971E-05  0.1887493182E+01  0.3646151541E-02 -0.4537319622E-04  0.2746565896E-03
33  0.5670569052E-07  0.1838233608E-06  0.5022761713E-07  0.7657799965E-07  0.1394557422E-06  0.1887756991E+01  0.3881898046E-02  0.3052041780E+00 -0.2572964136E+02 -0.1486537631E-03  0.2272000000E+01  0.3881898046E-02 -0.3848521616E-04  0.1887756991E+01  0.1887482334E+01  0.2357466868E-03  0.2746564515E-03  0.3646151360E-02  0.3051923741E+00 -0.2572984052E+02  0.1613346242E-03  0.1180390515E-04  0.1991609232E-03 -0.3099883874E-03  0.2357466868E-03  0.6887888077E-05  0.1887482334E+01  0.3646151360E-02 -0.4537310424E-04  0.2746564515E-03
34  0.3967110033E-07  0.1235042765E-06  0.3789840796E-07  0.5535337829E-07  0.9549435567E-07  0.1887749533E+01  0.3881898103E-02  0.3052049763E+00 -0.2572962375E+02 -0.1486535904E-03  0.2315000000E+01  0.3881898103E-02 -0.3848510668E-04  0.1887749533E+01  0.1887474876E+01  0.2357468309E-03  0.2746563709E-03  0.3646151272E-02  0.3051931724E+00 -0.2572982291E+02  0.1613347556E-03  0.1180392995E-04  0.1991612302E-03 -0.3099883460E-03  0.2357468309E-03  0.6887922733E-05  0.1887474876E+01  0.3646151272E-02 -0.4537302941E-04  0.2746563709E-03
35  0.2770362152E-07  0.8345241602E-07  0.2882725203E-07  0.4092890286E-07  0.6623932394E-07  0.1887744716E+01  0.3881898174E-02  0.3052057057E+00 -0.2572961259E+02 -0.1486534132E-03  0.2358100000E+01  0.3881898174E-02 -0.3848501008E-04  0.1887744716E+01  0.1887470060E+01  0.2357469285E-03  0.2746563243E-03  0.3646151245E-02  0.3051939018E+00 -0.2572981175E+02  0.1613348789E-03  0.1180395618E-04  0.1991614070E-03 -0.3099882921E-03  0.2357469285E-03  0.6887957645E-05  0.1887470060E+01  0.3646151245E-02 -0.4537296773E-04  0.2746563243E-03
36  0.1921866570E-07  0.5691739093E-07  0.2192256052E-07  0.3041995370E-07  0.4651255244E-07  0.1887741772E+01  0.3881898240E-02  0.3052063062E+00 -0.2572960585E+02 -0.1486532575E-03  0.2402400000E+01  0.3881898240E-02 -0.3848493210E-04  0.1887741772E+01  0.1887467116E+01  0.2357469889E-03  0.2746562961E-03  0.3646151251E-02  0.3051945022E+00 -0.2572980501E+02  0.1613349792E-03  0.1180397934E-04  0.1991615142E-03 -0.3099882367E-03  0.2357469889E-03  0.6887986888E-05  0.1887467116E+01  0.3646151251E-02 -0.4537291899E-04  0.2746562961E-03
37  0.1321361558E-07  0.3933090689E-07  0.1657673112E-07  0.2238363671E-07  0.3304613587E-07  0.1887740057E+01  0.3881898292E-02  0.3052067642E+00 -0.2572960192E+02 -0.1486531367E-03  0.2445500000E+01  0.3881898292E-02 -0.3848487405E-04  0.1887740057E+01  0.1887465401E+01  0.2357470231E-03  0.2746562780E-03  0.3646151269E-02  0.3051949602E+00 -0.2572980108E+02  0.1613350530E-03  0.1180399757E-04  0.1991615841E-03 -0.3099881897E-03  0.2357470231E-03  0.6888008663E-05  0.1887465401E+01  0.3646151269E-02 -0.4537288271E-04  0.2746562780E-03
38  0.9011599334E-08  0.2760631465E-07  0.1243308930E-07  0.1618751151E-07  0.2373226534E-07  0.1887739104E+01  0.3881898328E-02  0.3052070935E+00 -0.2572959972E+02 -0.1486530521E-03  0.2489700000E+01  0.3881898328E-02 -0.3848483362E-04  0.1887739104E+01  0.1887464448E+01  0.2357470407E-03  0.2746562658E-03  0.3646151288E-02  0.3051952895E+00 -0.2572979888E+02  0.1613351036E-03  0.1180401084E-04  0.1991616314E-03 -0.3099881557E-03  0.2357470407E-03  0.6888023617E-05  0.1887464448E+01  0.3646151288E-02 -0.4537285724E-04  0.2746562658E-03
39  0.6117180138E-08  0.1968158744E-07  0.9250039795E-08  0.1149365102E-07  0.1719044877E-07  0.1887738608E+01  0.3881898353E-02  0.3052073209E+00 -0.2572959858E+02 -0.1486529974E-03  0.2532900000E+01  0.3881898353E-02 -0.3848480682E-04  0.1887738608E+01  0.1887463952E+01  0.2357470490E-03  0.2746562578E-03  0.3646151304E-02  0.3051955169E+00 -0.2572979774E+02  0.1613351368E-03  0.1180402006E-04  0.1991616630E-03 -0.3099881343E-03  0.2357470490E-03  0.6888033391E-05  0.1887463952E+01  0.3646151304E-02 -0.4537284021E-04  0.2746562578E-03
40  0.4153406026E-08  0.1421230362E-07  0.6836010600E-08  0.8026104120E-08  0.1252013224E-07  0.1887738380E+01  0.3881898369E-02  0.3052074749E+00 -0.2572959808E+02 -0.1486529642E-03  0.2586600000E+01  0.3881898369E-02 -0.3848478953E-04  0.1887738380E+01  0.1887463724E+01  0.2357470526E-03  0.2746562528E-03  0.3646151316E-02  0.3051956709E+00 -0.2572979724E+02  0.1613351584E-03  0.1180402633E-04  0.1991616830E-03 -0.3099881225E-03  0.2357470526E-03  0.6888039682E-05  0.1887463724E+01  0.3646151316E-02 -0.4537282921E-04  0.2746562528E-03
41  0.2835563646E-08  0.1034736779E-07  0.5027011423E-08  0.5523629295E-08  0.9139662806E-08  0.1887738305E+01  0.3881898381E-02  0.3052075798E+00 -0.2572959797E+02 -0.1486529447E-03  0.2785600000E+01  0.3881898381E-02 -0.3848477842E-04  0.1887738305E+01  0.1887463649E+01  0.2357470540E-03  0.2746562500E-03  0.3646151327E-02  0.3051957758E+00 -0.2572979713E+02  0.1613351726E-03  0.1180403060E-04  0.1991616946E-03 -0.3099881172E-03  0.2357470540E-03  0.6888043808E-05  0.1887463649E+01  0.3646151327E-02 -0.4537282223E-04  0.2746562500E-03
42  0.1955768918E-08  0.7558273379E-08  0.3683329922E-08  0.3753300828E-08  0.6670811016E-08  0.1887738310E+01  0.3881898389E-02  0.3052076532E+00 -0.2572959806E+02 -0.1486529334E-03  0.2830000000E+01  0.3881898389E-02 -0.3848477118E-04  0.1887738310E+01  0.1887463654E+01  0.2357470545E-03  0.2746562485E-03  0.3646151335E-02  0.3051958492E+00 -0.2572979723E+02  0.1613351822E-03  0.1180403354E-04  0.1991617009E-03 -0.3099881156E-03  0.2357470545E-03  0.6888046629E-05  0.1887463654E+01  0.3646151335E-02 -0.4537281780E-04  0.2746562485E-03
43  0.1367521776E-08  0.5515884024E-08  0.2690643272E-08  0.2523426538E-08  0.4859985092E-08  0.1887738351E+01  0.3881898396E-02  0.3052077063E+00 -0.2572959824E+02 -0.1486529267E-03  0.2873100000E+01  0.3881898396E-02 -0.3848476633E-04  0.1887738351E+01  0.1887463694E+01  0.2357470545E-03  0.2746562478E-03  0.3646151342E-02  0.3051959022E+00 -0.2572979740E+02  0.1613351891E-03  0.1180403560E-04  0.1991617041E-03 -0.3099881158E-03  0.2357470545E-03  0.6888048640E-05  0.1887463694E+01  0.3646151342E-02 -0.4537281497E-04  0.2746562478E-03
44  0.9706517509E-09  0.4009154220E-08  0.1959385644E-08  0.1683915696E-08  0.3530078046E-08  0.1887738400E+01  0.3881898402E-02  0.3052077457E+00 -0.2572959842E+02 -0.1486529227E-03  0.2917600000E+01  0.3881898402E-02 -0.3848476300E-04  0.1887738400E+01  0.1887463744E+01  0.2357470544E-03  0.2746562475E-03  0.3646151347E-02  0.3051959417E+00 -0.2572979758E+02  0.1613351940E-03  0.1180403706E-04  0.1991617057E-03 -0.3099881167E-03  0.2357470544E-03  0.6888050106E-05  0.1887463744E+01  0.3646151347E-02 -0.4537281311E-04  0.2746562475E-03
45  0.6984063007E-09  0.2896249516E-08  0.1421672169E-08  0.1120325700E-08  0.2553637933E-08  0.1887738445E+01  0.3881898406E-02  0.3052077754E+00 -0.2572959857E+02 -0.1486529201E-03  0.2960700000E+01  0.3881898406E-02 -0.3848476068E-04  0.1887738445E+01  0.1887463788E+01  0.2357470542E-03  0.2746562474E-03  0.3646151351E-02  0.3051959713E+00 -0.2572979773E+02  0.1613351976E-03  0.1180403809E-04  0.1991617064E-03 -0.3099881177E-03  0.2357470542E-03  0.6888051177E-05  0.1887463788E+01  0.3646151351E-02 -0.4537281186E-04  0.2746562474E-03
46  0.5075185394E-09  0.2077017184E-08  0.1027035503E-08  0.7470749265E-09  0.1837800581E-08  0.1887738480E+01  0.3881898409E-02  0.3052077976E+00 -0.2572959868E+02 -0.1486529184E-03  0.3005100000E+01  0.3881898409E-02 -0.3848475904E-04  0.1887738480E+01  0.1887463824E+01  0.2357470540E-03  0.2746562473E-03  0.3646151355E-02  0.3051959936E+00 -0.2572979785E+02  0.1613352002E-03  0.1180403883E-04  0.1991617067E-03 -0.3099881186E-03  0.2357470540E-03  0.6888051952E-05  0.1887463824E+01  0.3646151355E-02 -0.4537281099E-04  0.2746562473E-03
47  0.3706660838E-09  0.1477897033E-08  0.7382347838E-09  0.5017192923E-09  0.1314708357E-08  0.1887738506E+01  0.3881898411E-02  0.3052078142E+00 -0.2572959877E+02 -0.1486529173E-03  0.3048400000E+01  0.3881898411E-02 -0.3848475786E-04  0.1887738506E+01  0.1887463850E+01  0.2357470539E-03  0.2746562473E-03  0.3646151357E-02  0.3051960102E+00 -0.2572979793E+02  0.1613352020E-03  0.1180403935E-04  0.1991617067E-03 -0.3099881193E-03  0.2357470539E-03  0.6888052506E-05  0.1887463850E+01  0.3646151357E-02 -0.4537281037E-04  0.2746562473E-03
48  0.2708372675E-09  0.1043479913E-08  0.5277653093E-09  0.3402553329E-09  0.9345544756E-09  0.1887738524E+01  0.3881898412E-02  0.3052078265E+00 -0.2572959882E+02 -0.1486529163E-03  0.3092900000E+01  0.3881898412E-02 -0.3848475699E-04  0.1887738524E+01  0.1887463868E+01  0.2357470537E-03  0.2746562473E-03  0.3646151358E-02  0.3051960225E+00 -0.2572979798E+02  0.1613352033E-03  0.1180403974E-04  0.1991617065E-03 -0.3099881197E-03  0.2357470537E-03  0.6888052902E-05  0.1887463868E+01  0.3646151358E-02 -0.4537280989E-04  0.2746562473E-03
49  0.1973224738E-09  0.7314968962E-09  0.3752083497E-09  0.2329877764E-09  0.6603759930E-09  0.1887738538E+01  0.3881898413E-02  0.3052078356E+00 -0.2572959886E+02 -0.1486529155E-03  0.3136000000E+01  0.3881898413E-02 -0.3848475633E-04  0.1887738538E+01  0.1887463882E+01  0.2357470536E-03  0.2746562473E-03  0.3646151360E-02  0.3051960315E+00 -0.2572979802E+02  0.1613352043E-03  0.1180404003E-04  0.1991617063E-03 -0.3099881198E-03  0.2357470536E-03  0.6888053188E-05  0.1887463882E+01  0.3646151360E-02 -0.4537280952E-04  0.2746562473E-03
50  0.1430952824E-09  0.5096228076E-09  0.2653228870E-09  0.1607172618E-09  0.4643675675E-09  0.1887738548E+01  0.3881898414E-02  0.3052078423E+00 -0.2572959889E+02 -0.1486529148E-03  0.3189900000E+01  0.3881898414E-02 -0.3848475582E-04  0.1887738548E+01  0.1887463891E+01  0.2357470536E-03  0.2746562474E-03  0.3646151360E-02  0.3051960383E+00 -0.2572979805E+02  0.1613352050E-03  0.1180404026E-04  0.1991617060E-03 -0.3099881197E-03  0.2357470536E-03  0.6888053399E-05  0.1887463891E+01  0.3646151360E-02 -0.4537280922E-04  0.2746562474E-03
51  0.1032534778E-09  0.3532777383E-09  0.1867037146E-09  0.1113792918E-09  0.3254487506E-09  0.1887738555E+01  0.3881898414E-02  0.3052078473E+00 -0.2572959891E+02 -0.1486529141E-03  0.3389000000E+01  0.3881898414E-02 -0.3848475541E-04  0.1887738555E+01  0.1887463899E+01  0.2357470535E-03  0.2746562474E-03  0.3646151361E-02  0.3051960433E+00 -0.2572979807E+02  0.1613352055E-03  0.1180404044E-04  0.1991617058E-03 -0.3099881195E-03  0.2357470535E-03  0.6888053558E-05  0.1887463899E+01  0.3646151361E-02 -0.4537280897E-04  0.2746562474E-03
52  0.7417796190E-10  0.2439929057E-09  0.1308307143E-09  0.7740792668E-10  0.2276936294E-09  0.1887738561E+01  0.3881898415E-02  0.3052078512E+00 -0.2572959893E+02 -0.1486529134E-03  0.3433400000E+01  0.3881898415E-02 -0.3848475508E-04  0.1887738561E+01  0.1887463904E+01  0.2357470535E-03  0.2746562474E-03  0.3646151361E-02  0.3051960471E+00 -0.2572979809E+02  0.1613352059E-03  0.1180404058E-04  0.1991617055E-03 -0.3099881193E-03  0.2357470535E-03  0.6888053681E-05  0.1887463904E+01  0.3646151361E-02 -0.4537280876E-04  0.2746562474E-03
53  0.5310899297E-10  0.1681053165E-09  0.9137416470E-10  0.5393417304E-10  0.1592412625E-09  0.1887738565E+01  0.3881898415E-02  0.3052078541E+00 -0.2572959894E+02 -0.1486529128E-03  0.3476600000E+01  0.3881898415E-02 -0.3848475482E-04  0.1887738565E+01  0.1887463909E+01  0.2357470534E-03  0.2746562475E-03  0.3646151362E-02  0.3051960500E+00 -0.2572979810E+02  0.1613352062E-03  0.1180404070E-04  0.1991617054E-03 -0.3099881190E-03  0.2357470534E-03  0.6888053776E-05  0.1887463909E+01  0.3646151362E-02 -0.4537280860E-04  0.2746562475E-03
54  0.3793130461E-10  0.1156730809E-09  0.6366857077E-10  0.3769837053E-10  0.1114297052E-09  0.1887738568E+01  0.3881898415E-02  0.3052078563E+00 -0.2572959895E+02 -0.1486529122E-03  0.3521100000E+01  0.3881898415E-02 -0.3848475461E-04  0.1887738568E+01  0.1887463912E+01  0.2357470534E-03  0.2746562475E-03  0.3646151362E-02  0.3051960523E+00 -0.2572979811E+02  0.1613352064E-03  0.1180404079E-04  0.1991617053E-03 -0.3099881187E-03  0.2357470534E-03  0.6888053851E-05  0.1887463912E+01  0.3646151362E-02 -0.4537280846E-04  0.2746562475E-03
55  0.2704321820E-10  0.7957483227E-10  0.4430651993E-10  0.2645181811E-10  0.7805696001E-10  0.1887738571E+01  0.3881898415E-02  0.3052078580E+00 -0.2572959896E+02 -0.1486529118E-03  0.3564300000E+01  0.3881898415E-02 -0.3848475446E-04  0.1887738571E+01  0.1887463915E+01  0.2357470534E-03  0.2746562475E-03  0.3646151362E-02  0.3051960540E+00 -0.2572979812E+02  0.1613352066E-03  0.1180404086E-04  0.1991617052E-03 -0.3099881184E-03  0.2357470534E-03  0.6888053908E-05  0.1887463915E+01  0.3646151362E-02 -0.4537280836E-04  0.2746562475E-03
56  0.1925385666E-10  0.5477789492E-10  0.3082358474E-10  0.1863172207E-10  0.5474996218E-10  0.1887738573E+01  0.3881898415E-02  0.3052078593E+00 -0.2572959896E+02 -0.1486529114E-03  0.3608900000E+01  0.3881898415E-02 -0.3848475434E-04  0.1887738573E+01  0.1887463916E+01  0.2357470534E-03  0.2746562475E-03  0.3646151362E-02  0.3051960553E+00 -0.2572979812E+02  0.1613352068E-03  0.1180404092E-04  0.1991617051E-03 -0.3099881182E-03  0.2357470534E-03  0.6888053953E-05  0.1887463916E+01  0.3646151362E-02 -0.4537280829E-04  0.2746562475E-03
57  0.1369193032E-10  0.3776332690E-10  0.2145531160E-10  0.1316370774E-10  0.3845405473E-10  0.1887738574E+01  0.3881898415E-02  0.3052078604E+00 -0.2572959897E+02 -0.1486529111E-03  0.3652200000E+01  0.3881898415E-02 -0.3848475425E-04  0.1887738574E+01  0.1887463918E+01  0.2357470533E-03  0.2746562476E-03  0.3646151362E-02  0.3051960563E+00 -0.2572979813E+02  0.1613352069E-03  0.1180404096E-04  0.1991617051E-03 -0.3099881180E-03  0.2357470533E-03  0.6888053987E-05  0.1887463918E+01  0.3646151362E-02 -0.4537280823E-04  0.2746562476E-03
58  0.9726980084E-11  0.2609084447E-10  0.1495122825E-10  0.9319081293E-11  0.2704496852E-10  0.1887738575E+01  0.3881898415E-02  0.3052078611E+00 -0.2572959897E+02 -0.1486529109E-03  0.3696700000E+01  0.3881898415E-02 -0.3848475418E-04  0.1887738575E+01  0.1887463919E+01  0.2357470533E-03  0.2746562476E-03  0.3646151362E-02  0.3051960571E+00 -0.2572979813E+02  0.1613352069E-03  0.1180404099E-04  0.1991617050E-03 -0.3099881178E-03  0.2357470533E-03  0.6888054013E-05  0.1887463919E+01  0.3646151362E-02 -0.4537280819E-04  0.2746562476E-03
59  0.6904873741E-11  0.1807720312E-10  0.1043350867E-10  0.6604914329E-11  0.1904621939E-10  0.1887738576E+01  0.3881898415E-02  0.3052078617E+00 -0.2572959897E+02 -0.1486529107E-03  0.3740100000E+01  0.3881898415E-02 -0.3848475413E-04  0.1887738576E+01  0.1887463920E+01  0.2357470533E-03  0.2746562476E-03  0.3646151362E-02  0.3051960577E+00 -0.2572979813E+02  0.1613352070E-03  0.1180404102E-04  0.1991617050E-03 -0.3099881177E-03  0.2357470533E-03  0.6888054033E-05  0.1887463920E+01  0.3646151362E-02 -0.4537280816E-04  0.2746562476E-03
60  0.4899395216E-11  0.1256634261E-10  0.7291144582E-11  0.4684571647E-11  0.1343051872E-10  0.1887738576E+01  0.3881898415E-02  0.3052078622E+00 -0.2572959897E+02 -0.1486529106E-03  0.3794100000E+01  0.3881898415E-02 -0.3848475410E-04  0.1887738576E+01  0.1887463920E+01  0.2357470533E-03  0.2746562476E-03  0.3646151362E-02  0.3051960581E+00 -0.2572979814E+02  0.1613352071E-03  0.1180404103E-04  0.1991617050E-03 -0.3099881176E-03  0.2357470533E-03  0.6888054048E-05  0.1887463920E+01  0.3646151362E-02 -0.4537280814E-04  0.2746562476E-03
61  0.3475917436E-11  0.8766687219E-11  0.5101302424E-11  0.3324534752E-11  0.9481993214E-11  0.1887738577E+01  0.3881898415E-02  0.3052078625E+00 -0.2572959897E+02 -0.1486529105E-03  0.3991300000E+01  0.3881898415E-02 -0.3848475407E-04  0.1887738577E+01  0.1887463921E+01  0.2357470533E-03  0.2746562476E-03  0.3646151362E-02  0.3051960585E+00 -0.2572979814E+02  0.1613352071E-03  0.1180404105E-04  0.1991617050E-03 -0.3099881176E-03  0.2357470533E-03  0.6888054059E-05  0.1887463921E+01  0.3646151362E-02 -0.4537280813E-04  0.2746562476E-03
62  0.2466324938E-11  0.6137742711E-11  0.3572290171E-11  0.2360903323E-11  0.6701220176E-11  0.1887738577E+01  0.3881898415E-02  0.3052078628E+00 -0.2572959898E+02 -0.1486529104E-03  0.4036100000E+01  0.3881898415E-02 -0.3848475405E-04  0.1887738577E+01  0.1887463921E+01  0.2357470533E-03  0.2746562476E-03  0.3646151362E-02  0.3051960587E+00 -0.2572979814E+02  0.1613352071E-03  0.1180404106E-04  0.1991617049E-03 -0.3099881175E-03  0.2357470533E-03  0.6888054068E-05  0.1887463921E+01  0.3646151362E-02 -0.4537280812E-04  0.2746562476E-03
63  0.1750361688E-11  0.4311154466E-11  0.2503001182E-11  0.1677573419E-11  0.4739645303E-11  0.1887738577E+01  0.3881898415E-02  0.3052078629E+00 -0.2572959898E+02 -0.1486529104E-03  0.4079500000E+01  0.3881898415E-02 -0.3848475404E-04  0.1887738577E+01  0.1887463921E+01  0.2357470533E-03  0.2746562476E-03  0.3646151362E-02  0.3051960589E+00 -0.2572979814E+02  0.1613352071E-03  0.1180404106E-04  0.1991617049E-03 -0.3099881175E-03  0.2357470533E-03  0.6888054074E-05  0.1887463921E+01  0.3646151362E-02 -0.4537280811E-04  0.2746562476E-03
64  0.1242529764E-11  0.3036312107E-11  0.1754301698E-11  0.1192799737E-11  0.3353710559E-11  0.1887738577E+01  0.3881898415E-02  0.3052078631E+00 -0.2572959898E+02 -0.1486529103E-03  0.4124200000E+01  0.3881898415E-02 -0.3848475403E-04  0.1887738577E+01  0.1887463921E+01  0.2357470533E-03  0.2746562476E-03  0.3646151362E-02  0.3051960590E+00 -0.2572979814E+02  0.1613352072E-03  0.1180404107E-04  0.1991617049E-03 -0.3099881175E-03  0.2357470533E-03  0.6888054079E-05  0.1887463921E+01  0.3646151362E-02 -0.4537280811E-04  0.2746562476E-03
65  0.8819856198E-12  0.2142531651E-11  0.1229777106E-11  0.8482825325E-12  0.2373263393E-11  0.1887738578E+01  0.3881898415E-02  0.3052078632E+00 -0.2572959898E+02 -0.1486529103E-03  0.4167600000E+01  0.3881898415E-02 -0.3848475402E-04  0.1887738578E+01  0.1887463921E+01  0.2357470533E-03  0.2746562476E-03  0.3646151362E-02  0.3051960591E+00 -0.2572979814E+02  0.1613352072E-03  0.1180404107E-04  0.1991617049E-03 -0.3099881175E-03  0.2357470533E-03  0.6888054083E-05  0.1887463921E+01  0.3646151362E-02 -0.4537280810E-04  0.2746562476E-03
66  0.6260190430E-12  0.1513423409E-11  0.8621634136E-12  0.6032260520E-12  0.1678949010E-11  0.1887738578E+01  0.3881898415E-02  0.3052078633E+00 -0.2572959898E+02 -0.1486529103E-03  0.4212300000E+01  0.3881898415E-02 -0.3848475402E-04  0.1887738578E+01  0.1887463921E+01  0.2357470533E-03  0.2746562476E-03  0.3646151362E-02  0.3051960592E+00 -0.2572979814E+02  0.1613352072E-03  0.1180404107E-04  0.1991617049E-03 -0.3099881174E-03  0.2357470533E-03  0.6888054085E-05  0.1887463921E+01  0.3646151362E-02 -0.4537280810E-04  0.2746562476E-03
67  0.4441065243E-12  0.1069181936E-11  0.6045393412E-12  0.4288957985E-12  0.1187060232E-11  0.1887738578E+01  0.3881898415E-02  0.3052078633E+00 -0.2572959898E+02 -0.1486529102E-03  0.4255700000E+01  0.3881898415E-02 -0.3848475401E-04  0.1887738578E+01  0.1887463922E+01  0.2357470533E-03  0.2746562476E-03  0.3646151362E-02  0.3051960593E+00 -0.2572979814E+02  0.1613352072E-03  0.1180404108E-04  0.1991617049E-03 -0.3099881174E-03  0.2357470533E-03  0.6888054087E-05  0.1887463922E+01  0.3646151362E-02 -0.4537280810E-04  0.2746562476E-03
68  0.3148167282E-12  0.7547925197E-12  0.4239542225E-12  0.3048120738E-12  0.8384569131E-12  0.1887738578E+01  0.3881898415E-02  0.3052078634E+00 -0.2572959898E+02 -0.1486529102E-03  0.4300500000E+01  0.3881898415E-02 -0.3848475401E-04  0.1887738578E+01  0.1887463922E+01  0.2357470533E-03  0.2746562476E-03  0.3646151362E-02  0.3051960593E+00 -0.2572979814E+02  0.1613352072E-03  0.1180404108E-04  0.1991617049E-03 -0.3099881174E-03  0.2357470533E-03  0.6888054089E-05  0.1887463922E+01  0.3646151362E-02 -0.4537280810E-04  0.2746562476E-03
69  0.2229299069E-12  0.5320817301E-12  0.2973133472E-12  0.2165007967E-12  0.5916069163E-12  0.1887738578E+01  0.3881898415E-02  0.3052078634E+00 -0.2572959898E+02 -0.1486529102E-03  0.4344100000E+01  0.3881898415E-02 -0.3848475401E-04  0.1887738578E+01  0.1887463922E+01  0.2357470533E-03  0.2746562476E-03  0.3646151362E-02  0.3051960593E+00 -0.2572979814E+02  0.1613352072E-03  0.1180404108E-04  0.1991617049E-03 -0.3099881174E-03  0.2357470533E-03  0.6888054090E-05  0.1887463922E+01  0.3646151362E-02 -0.4537280810E-04  0.2746562476E-03
70  0.1576902377E-12  0.3743056045E-12  0.2085166939E-12  0.1537460639E-12  0.4168387165E-12  0.1887738578E+01  0.3881898415E-02  0.3052078634E+00 -0.2572959898E+02 -0.1486529102E-03  0.4398200000E+01  0.3881898415E-02 -0.3848475401E-04  0.1887738578E+01  0.1887463922E+01  0.2357470533E-03  0.2746562476E-03  0.3646151362E-02  0.3051960594E+00 -0.2572979814E+02  0.1613352072E-03  0.1180404108E-04  0.1991617049E-03 -0.3099881174E-03  0.2357470533E-03  0.6888054091E-05  0.1887463922E+01  0.3646151362E-02 -0.4537280810E-04  0.2746562476E-03
71  0.1112884604E-12  0.2625466081E-12  0.1462113184E-12  0.1090770449E-12  0.2931206913E-12  0.1887738578E+01  0.3881898415E-02  0.3052078634E+00 -0.2572959898E+02 -0.1486529102E-03  0.4600100000E+01  0.3881898415E-02 -0.3848475401E-04  0.1887738578E+01  0.1887463922E+01  0.2357470533E-03  0.2746562476E-03  0.3646151362E-02  0.3051960594E+00 -0.2572979814E+02  0.1613352072E-03  0.1180404108E-04  0.1991617049E-03 -0.3099881174E-03  0.2357470533E-03  0.6888054091E-05  0.1887463922E+01  0.3646151362E-02 -0.4537280810E-04  0.2746562476E-03
72  0.7845285090E-13  0.1838677633E-12  0.1024980221E-12  0.7735411931E-13  0.2059128217E-12  0.1887738578E+01  0.3881898415E-02  0.3052078634E+00 -0.2572959898E+02 -0.1486529102E-03  0.4645200000E+01  0.3881898415E-02 -0.3848475400E-04  0.1887738578E+01  0.1887463922E+01  0.2357470533E-03  0.2746562476E-03  0.3646151362E-02  0.3051960594E+00 -0.2572979814E+02  0.1613352072E-03  0.1180404108E-04  0.1991617049E-03 -0.3099881174E-03  0.2357470533E-03  0.6888054092E-05  0.1887463922E+01  0.3646151362E-02 -0.4537280810E-04  0.2746562476E-03
73  0.5510904444E-13  0.1283915661E-12  0.7180077730E-13  0.5472339623E-13  0.1444070393E-12  0.1887738578E+01  0.3881898415E-02  0.3052078634E+00 -0.2572959898E+02 -0.1486529102E-03  0.4688700000E+01  0.3881898415E-02 -0.3848475400E-04  0.1887738578E+01  0.1887463922E+01  0.2357470533E-03  0.2746562476E-03  0.3646151362E-02  0.3051960594E+00 -0.2572979814E+02  0.1613352072E-03  0.1180404108E-04  0.1991617049E-03 -0.3099881174E-03  0.2357470533E-03  0.6888054092E-05  0.1887463922E+01  0.3646151362E-02 -0.4537280810E-04  0.2746562476E-03
74  0.3863808834E-13  0.8957451203E-13  0.5025576545E-13  0.3868712303E-13  0.1012114218E-12  0.1887738578E+01  0.3881898415E-02  0.3052078635E+00 -0.2572959898E+02 -0.1486529102E-03  0.4733600000E+01  0.3881898415E-02 -0.3848475400E-04  0.1887738578E+01  0.1887463922E+01  0.2357470533E-03  0.2746562476E-03  0.3646151362E-02  0.3051960594E+00 -0.2572979814E+02  0.1613352072E-03  0.1180404108E-04  0.1991617049E-03 -0.3099881174E-03  0.2357470533E-03  0.6888054092E-05  0.1887463922E+01  0.3646151362E-02 -0.4537280810E-04  0.2746562476E-03
75  0.2700031421E-13  0.6236890077E-13  0.3515497838E-13  0.2725038926E-13  0.7088142755E-13  0.1887738578E+01  0.3881898415E-02  0.3052078635E+00 -0.2572959898E+02 -0.1486529102E-03  0.4777300000E+01  0.3881898415E-02 -0.3848475400E-04  0.1887738578E+01  0.1887463922E+01  0.2357470533E-03  0.2746562476E-03  0.3646151362E-02  0.3051960594E+00 -0.2572979814E+02  0.1613352072E-03  0.1180404108E-04  0.1991617049E-03 -0.3099881174E-03  0.2357470533E-03  0.6888054092E-05  0.1887463922E+01  0.3646151362E-02 -0.4537280810E-04  0.2746562476E-03
76  0.1886200576E-13  0.4354608109E-13  0.2456180392E-13  0.1921422776E-13  0.4968752930E-13  0.1887738578E+01  0.3881898415E-02  0.3052078635E+00 -0.2572959898E+02 -0.1486529102E-03  0.4822000000E+01  0.3881898415E-02 -0.3848475400E-04  0.1887738578E+01  0.1887463922E+01  0.2357470533E-03  0.2746562476E-03  0.3646151362E-02  0.3051960594E+00 -0.2572979814E+02  0.1613352072E-03  0.1180404108E-04  0.1991617049E-03 -0.3099881174E-03  0.2357470533E-03  0.6888054092E-05  0.1887463922E+01  0.3646151362E-02 -0.4537280810E-04  0.2746562476E-03
77  0.1308393367E-13  0.3039659156E-13  0.1715930817E-13  0.1352378984E-13  0.3487178660E-13  0.1887738578E+01  0.3881898415E-02  0.3052078635E+00 -0.2572959898E+02 -0.1486529102E-03  0.4865800000E+01  0.3881898415E-02 -0.3848475400E-04  0.1887738578E+01  0.1887463922E+01  0.2357470533E-03  0.2746562476E-03  0.3646151362E-02  0.3051960594E+00 -0.2572979814E+02  0.1613352072E-03  0.1180404108E-04  0.1991617049E-03 -0.3099881174E-03  0.2357470533E-03  0.6888054093E-05  0.1887463922E+01  0.3646151362E-02 -0.4537280810E-04  0.2746562476E-03
78  0.9099718488E-14  0.2129953098E-13  0.1196812162E-13  0.9502546136E-14  0.2439175170E-13  0.1887738578E+01  0.3881898415E-02  0.3052078635E+00 -0.2572959898E+02 -0.1486529102E-03  0.4910600000E+01  0.3881898415E-02 -0.3848475400E-04  0.1887738578E+01  0.1887463922E+01  0.2357470533E-03  0.2746562476E-03  0.3646151362E-02  0.3051960594E+00 -0.2572979814E+02  0.1613352072E-03  0.1180404108E-04  0.1991617049E-03 -0.3099881174E-03  0.2357470533E-03  0.6888054093E-05  0.1887463922E+01  0.3646151362E-02 -0.4537280810E-04  0.2746562476E-03
79  0.6249985498E-14  0.1499051226E-13  0.8359929307E-14  0.6655318397E-14  0.1732162229E-13  0.1887738578E+01  0.3881898415E-02  0.3052078635E+00 -0.2572959898E+02 -0.1486529102E-03  0.4954400000E+01  0.3881898415E-02 -0.3848475400E-04  0.1887738578E+01  0.1887463922E+01  0.2357470533E-03  0.2746562476E-03  0.3646151362E-02  0.3051960594E+00 -0.2572979814E+02  0.1613352072E-03  0.1180404108E-04  0.1991617049E-03 -0.3099881174E-03  0.2357470533E-03  0.6888054093E-05  0.1887463922E+01  0.3646151362E-02 -0.4537280810E-04  0.2746562476E-03
80  0.4370418023E-14  0.1061090014E-13  0.5829738645E-14  0.4687296684E-14  0.1212202553E-13  0.1887738578E+01  0.3881898415E-02  0.3052078635E+00 -0.2572959898E+02 -0.1486529102E-03  0.5008800000E+01  0.3881898415E-02 -0.3848475400E-04  0.1887738578E+01  0.1887463922E+01  0.2357470533E-03  0.2746562476E-03  0.3646151362E-02  0.3051960594E+00 -0.2572979814E+02  0.1613352072E-03  0.1180404108E-04  0.1991617049E-03 -0.3099881174E-03  0.2357470533E-03  0.6888054093E-05  0.1887463922E+01  0.3646151362E-02 -0.4537280810E-04  0.2746562476E-03
81  0.2995799936E-14  0.7519965049E-14  0.4055682659E-14  0.3296044420E-14  0.8718527060E-14  0.1887738578E+01  0.3881898415E-02  0.3052078635E+00 -0.2572959898E+02 -0.1486529102E-03  0.5206700000E+01  0.3881898415E-02 -0.3848475400E-04  0.1887738578E+01  0.1887463922E+01  0.2357470533E-03  0.2746562476E-03  0.3646151362E-02  0.3051960594E+00 -0.2572979814E+02  0.1613352072E-03  0.1180404108E-04  0.1991617049E-03 -0.3099881174E-03  0.2357470533E-03  0.6888054093E-05  0.1887463922E+01  0.3646151362E-02 -0.4537280810E-04  0.2746562476E-03
82  0.2058917666E-14  0.5427025647E-14  0.2833111528E-14  0.2320837943E-14  0.6193619526E-14  0.1887738578E+01  0.3881898415E-02  0.3052078635E+00 -0.2572959898E+02 -0.1486529102E-03  0.5251800000E+01  0.3881898415E-02 -0.3848475400E-04  0.1887738578E+01  0.1887463922E+01  0.2357470533E-03  0.2746562476E-03  0.3646151362E-02  0.3051960594E+00 -0.2572979814E+02  0.1613352072E-03  0.1180404108E-04  0.1991617049E-03 -0.3099881174E-03  0.2357470533E-03  0.6888054093E-05  0.1887463922E+01  0.3646151362E-02 -0.4537280810E-04  0.2746562476E-03
83  0.1439810353E-14  0.3847384877E-14  0.1988748212E-14  0.1640524097E-14  0.4516577301E-14  0.1887738578E+01  0.3881898415E-02  0.3052078635E+00 -0.2572959898E+02 -0.1486529102E-03  0.5295500000E+01  0.3881898415E-02 -0.3848475400E-04  0.1887738578E+01  0.1887463922E+01  0.2357470533E-03  0.2746562476E-03  0.3646151362E-02  0.3051960594E+00 -0.2572979814E+02  0.1613352072E-03  0.1180404108E-04  0.1991617049E-03 -0.3099881174E-03  0.2357470533E-03  0.6888054093E-05  0.1887463922E+01  0.3646151362E-02 -0.4537280810E-04  0.2746562476E-03
84  0.1025631085E-14  0.2800851638E-14  0.1390198895E-14  0.1122351642E-14  0.3219177237E-14  0.1887738578E+01  0.3881898415E-02  0.3052078635E+00 -0.2572959898E+02 -0.1486529102E-03  0.5340600000E+01  0.3881898415E-02 -0.3848475400E-04  0.1887738578E+01  0.1887463922E+01  0.2357470533E-03  0.2746562476E-03  0.3646151362E-02  0.3051960594E+00 -0.2572979814E+02  0.1613352072E-03  0.1180404108E-04  0.1991617049E-03 -0.3099881174E-03  0.2357470533E-03  0.6888054093E-05  0.1887463922E+01  0.3646151362E-02 -0.4537280810E-04  0.2746562476E-03
85  0.6964473284E-15  0.2058035812E-14  0.9716132420E-15  0.8371407086E-15  0.2433432769E-14  0.1887738578E+01  0.3881898415E-02  0.3052078635E+00 -0.2572959898E+02 -0.1486529102E-03  0.5384500000E+01  0.3881898415E-02 -0.3848475400E-04  0.1887738578E+01  0.1887463922E+01  0.2357470533E-03  0.2746562476E-03  0.3646151362E-02  0.3051960594E+00 -0.2572979814E+02  0.1613352072E-03  0.1180404108E-04  0.1991617049E-03 -0.3099881174E-03  0.2357470533E-03  0.6888054093E-05  0.1887463922E+01  0.3646151362E-02 -0.4537280810E-04  0.2746562476E-03
86  0.5414714029E-15  0.1493604088E-14  0.6802035834E-15  0.6062773111E-15  0.1842020873E-14  0.1887738578E+01  0.3881898415E-02  0.3052078635E+00 -0.2572959898E+02 -0.1486529102E-03  0.5429700000E+01  0.3881898415E-02 -0.3848475400E-04  0.1887738578E+01  0.1887463922E+01  0.2357470533E-03  0.2746562476E-03  0.3646151362E-02  0.3051960594E+00 -0.2572979814E+02  0.1613352072E-03  0.1180404108E-04  0.1991617049E-03 -0.3099881174E-03  0.2357470533E-03  0.6888054093E-05  0.1887463922E+01  0.3646151362E-02 -0.4537280810E-04  0.2746562476E-03
87  0.3905861624E-15  0.1072293441E-14  0.4821294237E-15  0.4535054491E-15  0.1374999325E-14  0.1887738578E+01  0.3881898415E-02  0.3052078635E+00 -0.2572959898E+02 -0.1486529102E-03  0.5473500000E+01  0.3881898415E-02 -0.3848475400E-04  0.1887738578E+01  0.1887463922E+01  0.2357470533E-03  0.2746562476E-03  0.3646151362E-02  0.3051960594E+00 -0.2572979814E+02  0.1613352072E-03  0.1180404108E-04  0.1991617049E-03 -0.3099881174E-03  0.2357470533E-03  0.6888054093E-05  0.1887463922E+01  0.3646151362E-02 -0.4537280810E-04  0.2746562476E-03
88  0.3440328284E-15  0.8293726868E-15  0.3474988882E-15  0.3385882143E-15  0.1164691275E-14  0.1887738578E+01  0.3881898415E-02  0.3052078635E+00 -0.2572959898E+02 -0.1486529102E-03  0.5518700000E+01  0.3881898415E-02 -0.3848475400E-04  0.1887738578E+01  0.1887463922E+01  0.2357470533E-03  0.2746562476E-03  0.3646151362E-02  0.3051960594E+00 -0.2572979814E+02  0.1613352072E-03  0.1180404108E-04  0.1991617049E-03 -0.3099881174E-03  0.2357470533E-03  0.6888054093E-05  0.1887463922E+01  0.3646151362E-02 -0.4537280810E-04  0.2746562476E-03
89  0.3351462963E-15  0.7186477740E-15  0.2524990926E-15  0.2423775441E-15  0.1117868549E-14  0.1887738578E+01  0.3881898415E-02  0.3052078635E+00 -0.2572959898E+02 -0.1486529102E-03  0.5562500000E+01  0.3881898415E-02 -0.3848475400E-04  0.1887738578E+01  0.1887463922E+01  0.2357470533E-03  0.2746562476E-03  0.3646151362E-02  0.3051960594E+00 -0.2572979814E+02  0.1613352072E-03  0.1180404108E-04  0.1991617049E-03 -0.3099881174E-03  0.2357470533E-03  0.6888054093E-05  0.1887463922E+01  0.3646151362E-02 -0.4537280810E-04  0.2746562476E-03
90  0.3402707812E-15  0.5733240338E-15  0.1902933407E-15  0.2549985229E-15  0.1030937342E-14  0.1887738578E+01  0.3881898415E-02  0.3052078635E+00 -0.2572959898E+02 -0.1486529102E-03  0.5617000000E+01  0.3881898415E-02 -0.3848475400E-04  0.1887738578E+01  0.1887463922E+01  0.2357470533E-03  0.2746562476E-03  0.3646151362E-02  0.3051960594E+00 -0.2572979814E+02  0.1613352072E-03  0.1180404108E-04  0.1991617049E-03 -0.3099881174E-03  0.2357470533E-03  0.6888054093E-05  0.1887463922E+01  0.3646151362E-02 -0.4537280810E-04  0.2746562476E-03
91  0.2806756940E-15  0.4245820502E-15  0.1517699932E-15  0.2013758467E-15  0.8628686401E-15  0.1887738578E+01  0.3881898415E-02  0.3052078635E+00 -0.2572959898E+02 -0.1486529102E-03  0.5814700000E+01  0.3881898415E-02 -0.3848475400E-04  0.1887738578E+01  0.1887463922E+01  0.2357470533E-03  0.2746562476E-03  0.3646151362E-02  0.3051960594E+00 -0.2572979814E+02  0.1613352072E-03  0.1180404108E-04  0.1991617049E-03 -0.3099881174E-03  0.2357470533E-03  0.6888054093E-05  0.1887463922E+01  0.3646151362E-02 -0.4537280810E-04  0.2746562476E-03
92  0.2615753215E-15  0.3914663457E-15  0.1285615697E-15  0.1857121026E-15  0.7837832566E-15  0.1887738578E+01  0.3881898415E-02  0.3052078635E+00 -0.2572959898E+02 -0.1486529102E-03  0.5859800000E+01  0.3881898415E-02 -0.3848475400E-04  0.1887738578E+01  0.1887463922E+01  0.2357470533E-03  0.2746562476E-03  0.3646151362E-02  0.3051960594E+00 -0.2572979814E+02  0.1613352072E-03  0.1180404108E-04  0.1991617049E-03 -0.3099881174E-03  0.2357470533E-03  0.6888054093E-05  0.1887463922E+01  0.3646151362E-02 -0.4537280810E-04  0.2746562476E-03
93  0.2825821978E-15  0.3913677077E-15  0.1207962494E-15  0.2010932565E-15  0.8248720911E-15  0.1887738578E+01  0.3881898415E-02  0.3052078635E+00 -0.2572959898E+02 -0.1486529102E-03  0.5903700000E+01  0.3881898415E-02 -0.3848475400E-04  0.1887738578E+01  0.1887463922E+01  0.2357470533E-03  0.2746562476E-03  0.3646151362E-02  0.3051960594E+00 -0.2572979814E+02  0.1613352072E-03  0.1180404108E-04  0.1991617049E-03 -0.3099881174E-03  0.2357470533E-03  0.6888054093E-05  0.1887463922E+01  0.3646151362E-02 -0.4537280810E-04  0.2746562476E-03
94  0.2983416401E-15  0.3722973805E-15  0.1022165025E-15  0.1883833776E-15  0.8619545013E-15  0.1887738578E+01  0.3881898415E-02  0.3052078635E+00 -0.2572959898E+02 -0.1486529102E-03  0.5948800000E+01  0.3881898415E-02 -0.3848475400E-04  0.1887738578E+01  0.1887463922E+01  0.2357470533E-03  0.2746562476E-03  0.3646151362E-02  0.3051960594E+00 -0.2572979814E+02  0.1613352072E-03  0.1180404108E-04  0.1991617049E-03 -0.3099881174E-03  0.2357470533E-03  0.6888054093E-05  0.1887463922E+01  0.3646151362E-02 -0.4537280810E-04  0.2746562476E-03
95  0.3089075165E-15  0.4544182775E-15  0.1294780927E-15  0.1888584627E-15  0.9288475342E-15  0.1887738578E+01  0.3881898415E-02  0.3052078635E+00 -0.2572959898E+02 -0.1486529102E-03  0.5992800000E+01  0.3881898415E-02 -0.3848475400E-04  0.1887738578E+01  0.1887463922E+01  0.2357470533E-03  0.2746562476E-03  0.3646151362E-02  0.3051960594E+00 -0.2572979814E+02  0.1613352072E-03  0.1180404108E-04  0.1991617049E-03 -0.3099881174E-03  0.2357470533E-03  0.6888054093E-05  0.1887463922E+01  0.3646151362E-02 -0.4537280810E-04  0.2746562476E-03
96  0.3384689966E-15  0.3774935602E-15  0.1021626068E-15  0.1862317879E-15  0.9768745829E-15  0.1887738578E+01  0.3881898415E-02  0.3052078635E+00 -0.2572959898E+02 -0.1486529102E-03  0.6037900000E+01  0.3881898415E-02 -0.3848475400E-04  0.1887738578E+01  0.1887463922E+01  0.2357470533E-03  0.2746562476E-03  0.3646151362E-02  0.3051960594E+00 -0.2572979814E+02  0.1613352072E-03  0.1180404108E-04  0.1991617049E-03 -0.3099881174E-03  0.2357470533E-03  0.6888054093E-05  0.1887463922E+01  0.3646151362E-02 -0.4537280810E-04  0.2746562476E-03
97  0.3149146762E-15  0.3606371259E-15  0.9657482281E-16  0.1924098372E-15  0.8981054516E-15  0.1887738578E+01  0.3881898415E-02  0.3052078635E+00 -0.2572959898E+02 -0.1486529102E-03  0.6081900000E+01  0.3881898415E-02 -0.3848475400E-04  0.1887738578E+01  0.1887463922E+01  0.2357470533E-03  0.2746562476E-03  0.3646151362E-02  0.3051960594E+00 -0.2572979814E+02  0.1613352072E-03  0.1180404108E-04  0.1991617049E-03 -0.3099881174E-03  0.2357470533E-03  0.6888054093E-05  0.1887463922E+01  0.3646151362E-02 -0.4537280810E-04  0.2746562476E-03
98  0.3021559291E-15  0.4139561215E-15  0.9428194675E-16  0.2283011914E-15  0.9252886735E-15  0.1887738578E+01  0.3881898415E-02  0.3052078635E+00 -0.2572959898E+02 -0.1486529102E-03  0.6127200000E+01  0.3881898415E-02 -0.3848475400E-04  0.1887738578E+01  0.1887463922E+01  0.2357470533E-03  0.2746562476E-03  0.3646151362E-02  0.3051960594E+00 -0.2572979814E+02  0.1613352072E-03  0.1180404108E-04  0.1991617049E-03 -0.3099881174E-03  0.2357470533E-03  0.6888054093E-05  0.1887463922E+01  0.3646151362E-02 -0.4537280810E-04  0.2746562476E-03
99  0.2775956296E-15  0.3702445918E-15  0.1071590125E-15  0.1858676187E-15  0.8883407732E-15  0.1887738578E+01  0.3881898415E-02  0.3052078635E+00 -0.2572959898E+02 -0.1486529102E-03  0.6171200000E+01  0.3881898415E-02 -0.3848475400E-04  0.1887738578E+01  0.1887463922E+01  0.2357470533E-03  0.2746562476E-03  0.3646151362E-02  0.3051960594E+00 -0.2572979814E+02  0.1613352072E-03  0.1180404108E-04  0.1991617049E-03 -0.3099881174E-03  0.2357470533E-03  0.6888054093E-05  0.1887463922E+01  0.3646151362E-02 -0.4537280810E-04  0.2746562476E-03
100  0.3015973642E-15  0.3593480357E-15  0.1059948195E-15  0.2084703982E-15  0.9531192911E-15  0.1887738578E+01  0.3881898415E-02  0.3052078635E+00 -0.2572959898E+02 -0.1486529102E-03  0.6225700000E+01  0.3881898415E-02 -0.3848475400E-04  0.1887738578E+01  0.1887463922E+01  0.2357470533E-03  0.2746562476E-03  0.3646151362E-02  0.3051960594E+00 -0.2572979814E+02  0.1613352072E-03  0.1180404108E-04  0.1991617049E-03 -0.3099881174E-03  0.2357470533E-03  0.6888054093E-05  0.1887463922E+01  0.3646151362E-02 -0.4537280810E-04  0.2746562476E-03
