title="tecplot geometry and solution file"
variables = x y z rho u v w p mach temperature
zone t="boundary 1 bc-1", solutiontime= 0.4000000E+02, strandid=1001, i=32, j=46, f=feblock
  0.000000000000E+00  0.000000000000E+00  0.000000000000E+00  0.000000000000E+00  0.000000000000E+00  0.000000000000E+00  0.000000000000E+00
  0.000000000000E+00  0.000000000000E+00  0.000000000000E+00  0.000000000000E+00  0.000000000000E+00  0.000000000000E+00  0.000000000000E+00
  0.000000000000E+00  0.000000000000E+00  0.000000000000E+00  0.000000000000E+00  0.000000000000E+00  0.000000000000E+00  0.000000000000E+00
  0.000000000000E+00  0.000000000000E+00  0.000000000000E+00  0.000000000000E+00  0.000000000000E+00  0.000000000000E+00  0.000000000000E+00
  0.000000000000E+00  0.000000000000E+00  0.000000000000E+00  0.000000000000E+00
  0.250000000000E+01  0.250000000000E+01  0.125000000000E+01  0.146289271009E+01  0.157686156160E+01  0.308372018325E+00  0.000000000000E+00
 -0.125000000000E+01 -0.600232012419E+00  0.250000000000E+01  0.477386199275E+00  0.742988685424E+00 -0.739814786992E+00  0.177790177481E+01
  0.155830813274E+01  0.250000000000E+01 -0.250000000000E+01 -0.154800130438E+01 -0.487811078581E+00  0.250000000000E+01  0.627766083140E+00
 -0.345533899378E+00 -0.178862290564E+01 -0.158811787973E+01  0.125000000000E+01 -0.250000000000E+01 -0.144524380962E+01  0.000000000000E+00
 -0.125000000000E+01 -0.250000000000E+01 -0.250000000000E+01 -0.250000000000E+01
  0.000000000000E+00  0.125000000000E+01  0.000000000000E+00  0.103724302461E+01  0.219251206392E+01  0.922061490191E+00  0.000000000000E+00
  0.000000000000E+00  0.715990576545E+00  0.250000000000E+01  0.202479342020E+01  0.324151231464E+01  0.175434191980E+01  0.310152362409E+01
  0.404200324774E+01  0.375000000000E+01  0.000000000000E+00  0.930412228790E+00  0.299062775774E+01  0.500000000000E+01  0.429310310915E+01
  0.409252726285E+01  0.187029682677E+01  0.284428995242E+01  0.500000000000E+01  0.125000000000E+01  0.394624082883E+01  0.500000000000E+01
  0.500000000000E+01  0.250000000000E+01  0.375000000000E+01  0.500000000000E+01
  0.134427281233E+01  0.106355515314E+01  0.142583438931E+01  0.108609142284E+01  0.103229085388E+01  0.120095672771E+01  0.164467009430E+01
  0.149409287312E+01  0.123520893039E+01  0.102389345101E+01  0.102809501196E+01  0.101301839239E+01  0.103253151025E+01  0.101471953870E+01
  0.100663936599E+01  0.100830884553E+01  0.144945893992E+01  0.116393846249E+01  0.101462845936E+01  0.100426051812E+01  0.100679860557E+01
  0.100724595172E+01  0.104668011619E+01  0.101938421064E+01  0.100424810856E+01  0.106442598132E+01  0.100789379047E+01  0.100288872952E+01
  0.100334576478E+01  0.102847370400E+01  0.100958722425E+01  0.100399310237E+01
  0.000000000000E+00  0.445481596388E+00  0.000000000000E+00  0.468734676960E+00  0.462184234010E+00  0.443610946181E+00  0.000000000000E+00
  0.000000000000E+00  0.379268680065E+00  0.471739201946E+00  0.466577325834E+00  0.479355355218E+00  0.490159513498E+00  0.484514133565E+00
  0.488523922922E+00  0.489829302066E+00  0.000000000000E+00  0.450650457980E+00  0.474814746089E+00  0.495784293911E+00  0.490898765180E+00
  0.486834859122E+00  0.448671688997E+00  0.465808640235E+00  0.496536141124E+00  0.444685284253E+00  0.487700573252E+00  0.497533659904E+00
  0.496383678509E+00  0.470003483626E+00  0.489199400273E+00  0.495521354519E+00
  0.000000000000E+00  0.000000000000E+00  0.000000000000E+00  0.186080948081E-01 -0.276628872670E-02  0.332950187521E-01  0.000000000000E+00
  0.000000000000E+00 -0.594681464722E-02  0.000000000000E+00  0.356676837702E-02 -0.566597776826E-02 -0.416021037203E-02  0.305714922235E-04
 -0.106159375718E-02  0.000000000000E+00  0.000000000000E+00 -0.764122047723E-02  0.359920551717E-03  0.000000000000E+00 -0.203498375178E-02
 -0.138300050271E-02  0.156544409651E-02 -0.158535943423E-02 -0.639666312524E-04  0.000000000000E+00 -0.282703252176E-04 -0.196436360155E-03
  0.807170872046E-03  0.000000000000E+00  0.000000000000E+00  0.000000000000E+00
  0.000000000000E+00  0.452218779506E-01  0.000000000000E+00  0.123933408702E+00  0.247673641775E-01  0.165645090246E+00  0.000000000000E+00
  0.000000000000E+00  0.155764249755E+00  0.351982805952E-02  0.259815021295E-01 -0.651122904870E-02  0.749024759415E-01  0.371888268917E-02
 -0.149076992099E-03  0.459023512717E-03  0.000000000000E+00  0.140954998568E+00 -0.808395900692E-02  0.237202675000E-02 -0.304120285893E-03
 -0.438166968639E-02  0.255055955608E-01 -0.194761260702E-02  0.308400182481E-02  0.837488434723E-01 -0.121869393021E-02  0.268541565554E-02
  0.264054757185E-02  0.279529943409E-02 -0.834451228154E-03  0.345022394059E-02
  0.960185587012E+00  0.782341531448E+00  0.101844376518E+01  0.808728068263E+00  0.746126317850E+00  0.879448608037E+00  0.117475431530E+01
  0.106720087495E+01  0.916623174036E+00  0.737395649356E+00  0.743554363327E+00  0.725759456447E+00  0.757456621808E+00  0.729188787405E+00
  0.720785419541E+00  0.722782114504E+00  0.103532031471E+01  0.858318916617E+00  0.728065212471E+00  0.718615494347E+00  0.721013841496E+00
  0.721151942325E+00  0.760018590196E+00  0.732628725876E+00  0.718531377624E+00  0.791044791874E+00  0.722108336900E+00  0.717199748483E+00
  0.717637249165E+00  0.741799796253E+00  0.724056987956E+00  0.718401014064E+00
  0.000000000000E+00  0.441238869310E+00  0.000000000000E+00  0.475212330912E+00  0.460125603240E+00  0.468825461318E+00  0.000000000000E+00
  0.000000000000E+00  0.402299648986E+00  0.469815278507E+00  0.464413488362E+00  0.478714156983E+00  0.489298543825E+00  0.483067974176E+00
  0.487929214754E+00  0.488960778778E+00  0.000000000000E+00  0.464773424449E+00  0.473796250438E+00  0.495345957672E+00  0.490265393161E+00
  0.486285553836E+00  0.445720653041E+00  0.464383535056E+00  0.496127007677E+00  0.443623496651E+00  0.486963948443E+00  0.497245796715E+00
  0.496058640437E+00  0.467732966812E+00  0.488211582266E+00  0.495097554042E+00
  0.999990336403E+00  0.102982731153E+01  0.999990799731E+00  0.104247144555E+01  0.101190167583E+01  0.102520600688E+01  0.999991455503E+00
  0.999992203842E+00  0.103891124171E+01  0.100826302589E+01  0.101252909171E+01  0.100300571703E+01  0.102702848291E+01  0.100605562763E+01
  0.100244399480E+01  0.100355656383E+01  0.999992756381E+00  0.103239691958E+01  0.100459561138E+01  0.100179353259E+01  0.100260307525E+01
  0.100234974142E+01  0.101657231261E+01  0.100617628322E+01  0.100168864656E+01  0.104043186474E+01  0.100303393197E+01  0.100118748803E+01
  0.100134189439E+01  0.100976788295E+01  0.100405369520E+01  0.100176128433E+01
        12        19        11        11
        11         5        12        12
        10        14         5         5
        19        13        11        11
        19        24        13        13
        30        23        24        24
        19        12        22        22
        28        22        21        21
        11        13         6         6
         7         6         9         9
        15        12        14        14
        18        13        23        23
        15        25        21        21
        27        19        22        22
        18         8         9         9
        27        31        24        24
         4        11         6         6
         5        14        12        12
         4         2         5         5
        21        12        15        15
        14        16        15        15
        24        19        27        27
        22        29        27        27
        23        26        18        18
        17         8        18        18
         5        11         4         4
         6         3         4         4
        26        23        30        30
         5         2        10        10
        16        14        10        10
         3         6         7         7
        21        25        28        28
        29        22        28        28
         6        13         9         9
         2         4         1         1
        31        27        32        32
        25        15        20        20
        24        23        13        13
         8         7         9         9
        13        18         9         9
        31        30        24        24
        12        21        22        22
        29        32        27        27
         3         1         4         4
        26        17        18        18
        16        20        15        15
zone t="boundary 2 bc-2", solutiontime= 0.4000000E+02, strandid=1002, i=33, j=48, f=feblock
  0.500000000000E+01  0.375000000000E+01  0.250000000000E+01  0.288078410721E+01  0.125000000000E+01  0.190974100652E+01  0.326683758169E+01
  0.201431602454E+01  0.000000000000E+00  0.963108083381E+00  0.500000000000E+01  0.403552511878E+01  0.423153924130E+01  0.500000000000E+01
  0.385533350601E+01  0.500000000000E+01  0.398173246726E+01  0.315249557942E+01  0.267000324704E+01  0.154774304040E+01  0.218329375016E+01
  0.893127759452E+00  0.000000000000E+00  0.698517061619E+00  0.964171764089E+00  0.310324758057E+01  0.000000000000E+00  0.000000000000E+00
  0.125000000000E+01  0.500000000000E+01  0.375000000000E+01  0.250000000000E+01  0.000000000000E+00
 -0.250000000000E+01 -0.250000000000E+01 -0.250000000000E+01 -0.250000000000E+01 -0.250000000000E+01 -0.250000000000E+01 -0.250000000000E+01
 -0.250000000000E+01 -0.250000000000E+01 -0.250000000000E+01 -0.250000000000E+01 -0.250000000000E+01 -0.250000000000E+01 -0.250000000000E+01
 -0.250000000000E+01 -0.250000000000E+01 -0.250000000000E+01 -0.250000000000E+01 -0.250000000000E+01 -0.250000000000E+01 -0.250000000000E+01
 -0.250000000000E+01 -0.250000000000E+01 -0.250000000000E+01 -0.250000000000E+01 -0.250000000000E+01 -0.250000000000E+01 -0.250000000000E+01
 -0.250000000000E+01 -0.250000000000E+01 -0.250000000000E+01 -0.250000000000E+01 -0.250000000000E+01
  0.000000000000E+00  0.000000000000E+00  0.000000000000E+00  0.904659890645E+00  0.000000000000E+00  0.717002441913E+00  0.188609243358E+01
  0.176246431481E+01  0.000000000000E+00  0.961328577125E+00  0.125000000000E+01  0.101201586758E+01  0.191586535653E+01  0.250000000000E+01
  0.293121848150E+01  0.375000000000E+01  0.406975391361E+01  0.363585050272E+01  0.285047954584E+01  0.292817774674E+01  0.395907379566E+01
  0.205246550326E+01  0.125000000000E+01  0.306828197606E+01  0.397245519226E+01  0.433168271247E+01  0.250000000000E+01  0.375000000000E+01
  0.500000000000E+01  0.500000000000E+01  0.500000000000E+01  0.500000000000E+01  0.500000000000E+01
  0.830786801715E+00  0.935297080302E+00  0.934222272215E+00  0.968087425122E+00  0.961720424997E+00  0.964848124637E+00  0.984135916468E+00
  0.991412632630E+00  0.144945893992E+01  0.102921756104E+01  0.955877228053E+00  0.960692500340E+00  0.981487208212E+00  0.100642792038E+01
  0.997911684001E+00  0.100977853219E+01  0.100199456610E+01  0.998062853998E+00  0.991085666055E+00  0.100132757012E+01  0.100094583671E+01
  0.101224734428E+01  0.106442598132E+01  0.101082193608E+01  0.100685279536E+01  0.100118394645E+01  0.102847370400E+01  0.100958722425E+01
  0.100510201109E+01  0.100179494771E+01  0.100266311042E+01  0.100321173331E+01  0.100399310237E+01
  0.000000000000E+00  0.000000000000E+00  0.000000000000E+00  0.378986719283E+00  0.000000000000E+00  0.340639495663E+00  0.582176561392E+00
  0.575193779567E+00  0.000000000000E+00  0.489447231732E+00  0.494740729731E+00  0.431507087012E+00  0.568959415617E+00  0.536179208452E+00
  0.568878732155E+00  0.516236449221E+00  0.508557991395E+00  0.527400723673E+00  0.566648010248E+00  0.531829591998E+00  0.506097850393E+00
  0.520701734304E+00  0.444685284253E+00  0.491340605246E+00  0.492735186194E+00  0.501506446702E+00  0.470003483626E+00  0.489199400273E+00
  0.490457814427E+00  0.491429135511E+00  0.486220970335E+00  0.490305615810E+00  0.495521354519E+00
  0.000000000000E+00  0.000000000000E+00  0.000000000000E+00  0.000000000000E+00  0.000000000000E+00  0.000000000000E+00  0.000000000000E+00
  0.000000000000E+00  0.000000000000E+00  0.000000000000E+00  0.000000000000E+00  0.000000000000E+00  0.000000000000E+00  0.000000000000E+00
  0.000000000000E+00  0.000000000000E+00  0.000000000000E+00  0.000000000000E+00  0.000000000000E+00  0.000000000000E+00  0.000000000000E+00
  0.000000000000E+00  0.000000000000E+00  0.000000000000E+00  0.000000000000E+00  0.000000000000E+00  0.000000000000E+00  0.000000000000E+00
  0.000000000000E+00  0.000000000000E+00  0.000000000000E+00  0.000000000000E+00  0.000000000000E+00
  0.000000000000E+00  0.000000000000E+00  0.000000000000E+00 -0.229668491106E-02  0.000000000000E+00  0.183564273645E-01  0.121119087586E-01
  0.454984081301E-01  0.000000000000E+00  0.870784181643E-01 -0.995420824653E-01 -0.211864959710E-01 -0.306440441610E-01 -0.414443963425E-01
 -0.137848164724E-02  0.259881233107E-02  0.610033900269E-03  0.504776972206E-03  0.150975742398E-01  0.284039992663E-01  0.564261842317E-02
  0.553436631711E-01  0.837488434723E-01  0.110456263936E-01  0.679236614582E-02 -0.757349275291E-03  0.279529943409E-02 -0.834451228154E-03
  0.400701539229E-02  0.602772283471E-02 -0.143865332235E-03  0.120115326451E-02  0.345022394059E-02
  0.593415294908E+00  0.668065144916E+00  0.667297332601E+00  0.684257399549E+00  0.686938468555E+00  0.679201274087E+00  0.695811391836E+00
  0.702343800106E+00  0.103532031471E+01  0.723695199573E+00  0.672590450015E+00  0.675702455257E+00  0.694092610606E+00  0.720958727155E+00
  0.712690844880E+00  0.724770695416E+00  0.716580480610E+00  0.713298692177E+00  0.706429399929E+00  0.717737465999E+00  0.715376626211E+00
  0.730938399182E+00  0.791044791874E+00  0.724373345623E+00  0.721010938937E+00  0.715457497943E+00  0.741799796253E+00  0.724056987956E+00
  0.719313183552E+00  0.715893185297E+00  0.716608852557E+00  0.717367952494E+00  0.718401014064E+00
  0.000000000000E+00  0.000000000000E+00  0.000000000000E+00  0.380991675108E+00  0.000000000000E+00  0.343629850092E+00  0.585283713757E+00
  0.579371277676E+00  0.000000000000E+00  0.501053781242E+00  0.508459736231E+00  0.435372719614E+00  0.572637636348E+00  0.537001630238E+00
  0.568921594719E+00  0.514994871500E+00  0.508249516216E+00  0.527254305366E+00  0.567446158016E+00  0.531657902324E+00  0.505982366081E+00
  0.520795556275E+00  0.443623496651E+00  0.490664288610E+00  0.492156110508E+00  0.501392711346E+00  0.467732966812E+00  0.488211582266E+00
  0.490002386559E+00  0.491354405608E+00  0.486078174153E+00  0.490037672860E+00  0.495097554042E+00
  0.999993513566E+00  0.999993715985E+00  0.999993570510E+00  0.989539099992E+00  0.999993169511E+00  0.985524829703E+00  0.989838834524E+00
  0.991798256130E+00  0.999992756381E+00  0.984411185499E+00  0.985091602129E+00  0.984689103980E+00  0.990058399863E+00  0.100289568441E+01
  0.999855196436E+00  0.100485298631E+01  0.100121568199E+01  0.100055639286E+01  0.997896744725E+00  0.100350023547E+01  0.100058089056E+01
  0.101093252024E+01  0.104043186474E+01  0.100326540973E+01  0.100254507825E+01  0.100045601078E+01  0.100976788295E+01  0.100405369520E+01
  0.100192661627E+01  0.100045469555E+01  0.100058771800E+01  0.100109986770E+01  0.100176128433E+01
        15         7        19        19
         8        20        19        19
        18        19        21        21
         7         4         8         8
         3         6         4         4
        19         7         8         8
        19        18        15        15
        14        13        15        15
         8        22        20        20
        27        24        22        22
        19        20        21        21
        32        26        21        21
        17        18        26        26
        17        16        15        15
        25        29        21        21
        12         7        13        13
        10         8         6         6
        25        20        24        24
         4         6         8         8
        12         2         4         4
        10        23        22        22
        26        31        17        17
        30        16        17        17
         4         7        12        12
        13        11        12        12
        21        20        25        25
        24        28        25        25
        22         8        10        10
         6         5        10        10
        31        26        32        32
         4         2         3         3
         5         6         3         3
        11        13        14        14
        22        23        27        27
        28        24        27        27
        15        13         7         7
         2        12         1         1
        29        25        33        33
        23        10         9         9
        21        26        18        18
        16        14        15        15
        18        17        15        15
        29        32        21        21
        22        24        20        20
        28        33        25        25
        11         1        12        12
        31        30        17        17
         5         9        10        10
zone t="boundary 3 bc-3", solutiontime= 0.4000000E+02, strandid=1003, i=33, j=48, f=feblock
  0.375000000000E+01  0.250000000000E+01  0.500000000000E+01  0.403552511878E+01  0.288078410721E+01  0.125000000000E+01  0.190974100652E+01
  0.500000000000E+01  0.326683758169E+01  0.423153924130E+01  0.201431602454E+01  0.000000000000E+00  0.963108083381E+00  0.500000000000E+01
  0.267000324704E+01  0.385533350601E+01  0.893127759452E+00  0.154774304040E+01  0.000000000000E+00  0.500000000000E+01  0.315249557942E+01
  0.218329375016E+01  0.398173246726E+01  0.000000000000E+00  0.698517061619E+00  0.964171764089E+00  0.125000000000E+01  0.000000000000E+00
  0.500000000000E+01  0.310324758057E+01  0.250000000000E+01  0.375000000000E+01  0.000000000000E+00
  0.250000000000E+01  0.250000000000E+01  0.250000000000E+01  0.250000000000E+01  0.250000000000E+01  0.250000000000E+01  0.250000000000E+01
  0.250000000000E+01  0.250000000000E+01  0.250000000000E+01  0.250000000000E+01  0.250000000000E+01  0.250000000000E+01  0.250000000000E+01
  0.250000000000E+01  0.250000000000E+01  0.250000000000E+01  0.250000000000E+01  0.250000000000E+01  0.250000000000E+01  0.250000000000E+01
  0.250000000000E+01  0.250000000000E+01  0.250000000000E+01  0.250000000000E+01  0.250000000000E+01  0.250000000000E+01  0.250000000000E+01
  0.250000000000E+01  0.250000000000E+01  0.250000000000E+01  0.250000000000E+01  0.250000000000E+01
  0.000000000000E+00  0.000000000000E+00  0.000000000000E+00  0.101201586758E+01  0.904659890645E+00  0.000000000000E+00  0.717002441913E+00
  0.125000000000E+01  0.188609243358E+01  0.191586535653E+01  0.176246431481E+01  0.000000000000E+00  0.961328577125E+00  0.250000000000E+01
  0.285047954584E+01  0.293121848150E+01  0.205246550326E+01  0.292817774674E+01  0.125000000000E+01  0.375000000000E+01  0.363585050272E+01
  0.395907379566E+01  0.406975391361E+01  0.250000000000E+01  0.306828197606E+01  0.397245519226E+01  0.500000000000E+01  0.375000000000E+01
  0.500000000000E+01  0.433168271247E+01  0.500000000000E+01  0.500000000000E+01  0.500000000000E+01
  0.941861316217E+00  0.946296666847E+00  0.843730003329E+00  0.964330908965E+00  0.978820764161E+00  0.956977242740E+00  0.983331100748E+00
  0.963499291393E+00  0.982689172310E+00  0.984243378454E+00  0.990264127198E+00  0.134427281233E+01  0.101918341144E+01  0.100829832489E+01
  0.993456083249E+00  0.997998478215E+00  0.100807890603E+01  0.100072119278E+01  0.106355515314E+01  0.100673538410E+01  0.100058326469E+01
  0.100234964204E+01  0.100178057867E+01  0.102389345101E+01  0.100874249006E+01  0.100528395439E+01  0.100522891023E+01  0.100830884553E+01
  0.100196493585E+01  0.100161987226E+01  0.100413208898E+01  0.100321955976E+01  0.100426051812E+01
  0.000000000000E+00  0.000000000000E+00  0.000000000000E+00  0.439071503259E+00  0.399865913735E+00  0.000000000000E+00  0.373793797672E+00
  0.495016989693E+00  0.573054338538E+00  0.569602776296E+00  0.559930989081E+00  0.000000000000E+00  0.483388374789E+00  0.533821508780E+00
  0.556458891224E+00  0.564687662034E+00  0.522615381745E+00  0.522534073757E+00  0.445481596388E+00  0.518327387608E+00  0.524752323383E+00
  0.503889400821E+00  0.509841483936E+00  0.471739201946E+00  0.496245994545E+00  0.494940442104E+00  0.489076071885E+00  0.489829302066E+00
  0.493067098742E+00  0.499148515343E+00  0.486768037306E+00  0.484761046877E+00  0.495784293911E+00
  0.000000000000E+00  0.000000000000E+00  0.000000000000E+00  0.000000000000E+00  0.000000000000E+00  0.000000000000E+00  0.000000000000E+00
  0.000000000000E+00  0.000000000000E+00  0.000000000000E+00  0.000000000000E+00  0.000000000000E+00  0.000000000000E+00  0.000000000000E+00
  0.000000000000E+00  0.000000000000E+00  0.000000000000E+00  0.000000000000E+00  0.000000000000E+00  0.000000000000E+00  0.000000000000E+00
  0.000000000000E+00  0.000000000000E+00  0.000000000000E+00  0.000000000000E+00  0.000000000000E+00  0.000000000000E+00  0.000000000000E+00
  0.000000000000E+00  0.000000000000E+00  0.000000000000E+00  0.000000000000E+00  0.000000000000E+00
  0.000000000000E+00  0.000000000000E+00  0.000000000000E+00 -0.226115690530E-01  0.111961848347E-01  0.000000000000E+00  0.179816120856E-01
 -0.100760591075E+00  0.390395579664E-02 -0.389322606298E-01  0.340376102701E-01  0.000000000000E+00  0.652288403253E-01 -0.424929077222E-01
  0.843970151196E-02 -0.650957363820E-02  0.490063849762E-01  0.135887413712E-01  0.452218779506E-01  0.736804228537E-03 -0.700164629556E-03
  0.243831040427E-02  0.869323876681E-03  0.351982805952E-02  0.103956407838E-01  0.431718621771E-02  0.337500688339E-02  0.459023512717E-03
  0.572625570263E-02  0.341793335598E-03  0.160973722179E-02  0.569954800780E-03  0.237202675000E-02
  0.672750939163E+00  0.675919061589E+00  0.602658060198E+00  0.676093438094E+00  0.691308856003E+00  0.683548249724E+00  0.690066300309E+00
  0.677273936149E+00  0.695201603749E+00  0.696250323704E+00  0.703344029543E+00  0.960185587012E+00  0.719726727068E+00  0.722865638489E+00
  0.709447594705E+00  0.713700515010E+00  0.726067906830E+00  0.716603025555E+00  0.782341531448E+00  0.722284495079E+00  0.716128356818E+00
  0.716551639730E+00  0.716546505462E+00  0.737395649356E+00  0.722683428459E+00  0.719441503869E+00  0.719566299483E+00  0.722782114504E+00
  0.716030696918E+00  0.715847785241E+00  0.718146762098E+00  0.717062459975E+00  0.718615494347E+00
  0.000000000000E+00  0.000000000000E+00  0.000000000000E+00  0.443768071160E+00  0.402287064656E+00  0.000000000000E+00  0.377550007930E+00
  0.509231393974E+00  0.575830371534E+00  0.573705099434E+00  0.562552489669E+00  0.000000000000E+00  0.490560995801E+00  0.534526656515E+00
  0.556587168153E+00  0.564390987389E+00  0.522730523304E+00  0.522053042432E+00  0.441238869310E+00  0.517182830084E+00  0.524230060566E+00
  0.503688647668E+00  0.509490271511E+00  0.469815278507E+00  0.495614927138E+00  0.494483809297E+00  0.488562147138E+00  0.488960778778E+00
  0.492982761082E+00  0.499007405795E+00  0.486462346051E+00  0.484600099745E+00  0.495345957672E+00
  0.999989381252E+00  0.999989452967E+00  0.999989666064E+00  0.981541506688E+00  0.988773873462E+00  0.999989871100E+00  0.982469505641E+00
  0.984104004102E+00  0.990427362663E+00  0.990355103752E+00  0.994362629439E+00  0.999990336403E+00  0.988651705459E+00  0.100368300621E+01
  0.999769037942E+00  0.100118461383E+01  0.100834871505E+01  0.100252122471E+01  0.102982731153E+01  0.100443305071E+01  0.100199527108E+01
  0.100082072518E+01  0.100138206810E+01  0.100826302589E+01  0.100298818560E+01  0.100192398477E+01  0.100215265302E+01  0.100355656383E+01
  0.100047710236E+01  0.100056611005E+01  0.100126813790E+01  0.100066574081E+01  0.100179353259E+01
        15         9        16        16
        15        18        11        11
        22        15        21        21
        11         5         9         9
         5         7         2         2
        11         9        15        15
        16        21        15        15
        16        10        14        14
        18        17        11        11
        17        25        24        24
        22        18        15        15
        22        30        31        31
        30        21        23        23
        16        20        23        23
        22        27        26        26
        10         9         4         4
         7        11        13        13
        25        18        26        26
        11         7         5         5
         5         1         4         4
        17        19        13        13
        23        32        30        30
        23        20        29        29
         4         9         5         5
         4         8        10        10
        26        18        22        22
        26        28        25        25
        13        11        17        17
        13         6         7         7
        31        30        32        32
         2         1         5         5
         2         7         6         6
        14        10         8         8
        24        19        17        17
        24        25        28        28
         9        10        16        16
         3         4         1         1
        33        26        27        27
        12        13        19        19
        21        30        22        22
        16        14        20        20
        16        23        21        21
        22        31        27        27
        18        25        17        17
        26        33        28        28
         4         3         8         8
        23        29        32        32
        13        12         6         6
zone t="boundary 4 bc-4", solutiontime= 0.4000000E+02, strandid=1004, i=32, j=46, f=feblock
  0.125000000000E+01  0.219251206392E+01  0.103724302461E+01  0.500000000000E+01  0.250000000000E+01  0.375000000000E+01  0.404200324774E+01
  0.500000000000E+01  0.000000000000E+00  0.310152362409E+01  0.202479342020E+01  0.324151231464E+01  0.922061490191E+00  0.000000000000E+00
  0.299062775774E+01  0.394624082883E+01  0.500000000000E+01  0.409252726285E+01  0.500000000000E+01  0.429310310915E+01  0.175434191980E+01
  0.284428995242E+01  0.000000000000E+00  0.000000000000E+00  0.715990576545E+00  0.930412228790E+00  0.125000000000E+01  0.187029682677E+01
  0.500000000000E+01  0.375000000000E+01  0.250000000000E+01  0.000000000000E+00
  0.250000000000E+01  0.157686156160E+01  0.146289271009E+01  0.250000000000E+01  0.250000000000E+01  0.250000000000E+01  0.155830813274E+01
  0.125000000000E+01  0.250000000000E+01  0.177790177481E+01  0.477386199275E+00  0.742988685424E+00  0.308372018325E+00  0.125000000000E+01
 -0.487811078581E+00 -0.144524380962E+01 -0.125000000000E+01 -0.345533899378E+00  0.000000000000E+00  0.627766083140E+00 -0.739814786992E+00
 -0.158811787973E+01  0.000000000000E+00 -0.125000000000E+01 -0.600232012419E+00 -0.154800130438E+01 -0.250000000000E+01 -0.178862290564E+01
 -0.250000000000E+01 -0.250000000000E+01 -0.250000000000E+01 -0.250000000000E+01
  0.500000000000E+01  0.500000000000E+01  0.500000000000E+01  0.500000000000E+01  0.500000000000E+01  0.500000000000E+01  0.500000000000E+01
  0.500000000000E+01  0.500000000000E+01  0.500000000000E+01  0.500000000000E+01  0.500000000000E+01  0.500000000000E+01  0.500000000000E+01
  0.500000000000E+01  0.500000000000E+01  0.500000000000E+01  0.500000000000E+01  0.500000000000E+01  0.500000000000E+01  0.500000000000E+01
  0.500000000000E+01  0.500000000000E+01  0.500000000000E+01  0.500000000000E+01  0.500000000000E+01  0.500000000000E+01  0.500000000000E+01
  0.500000000000E+01  0.500000000000E+01  0.500000000000E+01  0.500000000000E+01
  0.100522891023E+01  0.100432972845E+01  0.100432057157E+01  0.100196493585E+01  0.100413208898E+01  0.100321955976E+01  0.100258609892E+01
  0.100201207161E+01  0.100426051812E+01  0.100372308693E+01  0.100446493249E+01  0.100346917274E+01  0.100366004297E+01  0.100424810856E+01
  0.100362320240E+01  0.100164167687E+01  0.100227653956E+01  0.100227281656E+01  0.100213472787E+01  0.100254320761E+01  0.100442397015E+01
  0.100337260277E+01  0.100288872952E+01  0.100334576478E+01  0.100323229638E+01  0.100406112479E+01  0.100510201109E+01  0.100431325010E+01
  0.100179494771E+01  0.100266311042E+01  0.100321173331E+01  0.100399310237E+01
  0.489076071885E+00  0.489239514786E+00  0.490982943707E+00  0.493067098742E+00  0.486768037306E+00  0.484761046877E+00  0.485408471301E+00
  0.494264775582E+00  0.495784293911E+00  0.486802515290E+00  0.488140251571E+00  0.487247388620E+00  0.494422666570E+00  0.496536141124E+00
  0.487848065027E+00  0.483222725541E+00  0.492575483979E+00  0.487265924168E+00  0.494868068206E+00  0.488016507681E+00  0.490096902551E+00
  0.488271357264E+00  0.497533659904E+00  0.496383678509E+00  0.495259146565E+00  0.493215887207E+00  0.490457814427E+00  0.490400262541E+00
  0.491429135511E+00  0.486220970335E+00  0.490305615810E+00  0.495521354519E+00
  0.000000000000E+00 -0.892664849754E-04 -0.129738550350E-02  0.000000000000E+00  0.000000000000E+00  0.000000000000E+00  0.425541760669E-03
  0.797050344462E-03  0.000000000000E+00  0.274681883272E-03 -0.942139227709E-03 -0.819702059158E-03 -0.174518027572E-02 -0.639666312524E-04
 -0.109975251119E-02 -0.102236000415E-02 -0.133215053880E-02 -0.213360351797E-02 -0.132884566466E-02 -0.106367079655E-02 -0.624152298223E-03
 -0.761416963166E-03 -0.196436360155E-03  0.807170872046E-03  0.520711847964E-04  0.161632124546E-02  0.000000000000E+00  0.791631588579E-03
  0.000000000000E+00  0.000000000000E+00  0.000000000000E+00  0.000000000000E+00
  0.337500688339E-02  0.271226528891E-02  0.385746830086E-02  0.572625570263E-02  0.160973722179E-02  0.569954800780E-03  0.204031631638E-02
  0.493807501867E-02  0.237202675000E-02  0.107161434552E-02  0.201425866466E-02 -0.160683217974E-04  0.501068136676E-02  0.308400182481E-02
  0.290173475033E-04  0.111468399435E-02  0.487220060472E-02  0.118331591774E-02  0.497127799782E-02  0.146617401737E-02  0.271585444736E-02
  0.899994426671E-04  0.268541565554E-02  0.264054757185E-02  0.438692505801E-02  0.489568203549E-02  0.400701539229E-02  0.232281531837E-02
  0.602772283471E-02 -0.143865332235E-03  0.120115326451E-02  0.345022394059E-02
  0.719566299483E+00  0.718473460151E+00  0.718651271759E+00  0.716030696918E+00  0.718146762098E+00  0.717062459975E+00  0.716314638386E+00
  0.716083940416E+00  0.718615494347E+00  0.717750622972E+00  0.718429536280E+00  0.717282873762E+00  0.718078423687E+00  0.718531377624E+00
  0.717563863975E+00  0.715464696443E+00  0.716505346589E+00  0.716068693808E+00  0.716255759424E+00  0.716270767116E+00  0.718698634227E+00
  0.717403165133E+00  0.717199748483E+00  0.717637249165E+00  0.717545067893E+00  0.718476609834E+00  0.719313183552E+00  0.718541281798E+00
  0.715893185297E+00  0.716608852557E+00  0.717367952494E+00  0.718401014064E+00
  0.488562147138E+00  0.488874048660E+00  0.490562545837E+00  0.492982761082E+00  0.486462346051E+00  0.484600099745E+00  0.485351373549E+00
  0.494165464892E+00  0.495345957672E+00  0.486530515689E+00  0.487820906973E+00  0.487071708119E+00  0.494045263115E+00  0.496127007677E+00
  0.487614643985E+00  0.483222946339E+00  0.492397310071E+00  0.487217747398E+00  0.494740979135E+00  0.487962471693E+00  0.489677427031E+00
  0.488030810905E+00  0.497245796715E+00  0.496058640437E+00  0.494950408472E+00  0.492799801431E+00  0.490002386559E+00  0.490005379256E+00
  0.491354405608E+00  0.486078174153E+00  0.490037672860E+00  0.495097554042E+00
  0.100215265302E+01  0.100152650640E+01  0.100178350314E+01  0.100047710236E+01  0.100126813790E+01  0.100066574081E+01  0.100025373862E+01
  0.100050443003E+01  0.100179353259E+01  0.100112360196E+01  0.100133047780E+01  0.100072433767E+01  0.100164373405E+01  0.100168864656E+01
  0.100096271904E+01  0.100000888356E+01  0.100082905828E+01  0.100022284828E+01  0.100062200751E+01  0.100023526802E+01  0.100174639178E+01
  0.100098849461E+01  0.100118748803E+01  0.100134189439E+01  0.100132651099E+01  0.100179882373E+01  0.100192661627E+01  0.100163748155E+01
  0.100045469555E+01  0.100058771800E+01  0.100109986770E+01  0.100176128433E+01
        12        15        11        11
        11         2        12        12
         5        10         2         2
        15        21        11        11
        15        22        21        21
        31        28        22        22
        15        12        18        18
        19        18        20        20
        11        21        13        13
        23        13        25        25
         7        12        10        10
        26        21        28        28
         7         8        20        20
        16        15        18        18
        26        24        25        25
        16        30        22        22
         3        11        13        13
         2        10        12        12
         3         1         2         2
        20        12         7         7
        10         6         7         7
        22        15        16        16
        18        17        16        16
        28        27        26        26
        32        24        26        26
         2        11         3         3
        13        14         3         3
        27        28        31        31
         2         1         5         5
         6        10         5         5
        14        13        23        23
        20         8        19        19
        17        18        19        19
        13        21        25        25
         1         3         9         9
        30        16        29        29
         8         7         4         4
        22        28        21        21
        24        23        25        25
        21        26        25        25
        30        31        22        22
        12        20        18        18
        17        29        16        16
        14         9         3         3
        27        32        26        26
         6         4         7         7
zone t="boundary 5 bc-5", solutiontime= 0.4000000E+02, strandid=1005, i=33, j=48, f=feblock
  0.500000000000E+01  0.500000000000E+01  0.500000000000E+01  0.500000000000E+01  0.500000000000E+01  0.500000000000E+01  0.500000000000E+01
  0.500000000000E+01  0.500000000000E+01  0.500000000000E+01  0.500000000000E+01  0.500000000000E+01  0.500000000000E+01  0.500000000000E+01
  0.500000000000E+01  0.500000000000E+01  0.500000000000E+01  0.500000000000E+01  0.500000000000E+01  0.500000000000E+01  0.500000000000E+01
  0.500000000000E+01  0.500000000000E+01  0.500000000000E+01  0.500000000000E+01  0.500000000000E+01  0.500000000000E+01  0.500000000000E+01
  0.500000000000E+01  0.500000000000E+01  0.500000000000E+01  0.500000000000E+01  0.500000000000E+01
  0.250000000000E+01  0.125000000000E+01  0.250000000000E+01  0.157899473280E+01  0.000000000000E+00  0.659350882208E+00  0.250000000000E+01
  0.173899611320E+01  0.825621401394E+00  0.132549389334E+01 -0.125000000000E+01 -0.322732261638E+00  0.250000000000E+01  0.490615021923E-01
 -0.873141960959E+00  0.350800286361E+00  0.145332269920E+01 -0.250000000000E+01 -0.147959633950E+01  0.250000000000E+01 -0.857924212153E+00
 -0.165007033378E+01  0.518568023061E+00 -0.461282870254E+00  0.125000000000E+01 -0.250000000000E+01 -0.183684615440E+01 -0.158398995423E+01
 -0.250000000000E+01 -0.250000000000E+01 -0.125000000000E+01  0.000000000000E+00 -0.250000000000E+01
  0.000000000000E+00  0.000000000000E+00  0.125000000000E+01  0.905837536509E+00  0.000000000000E+00  0.735450417037E+00  0.250000000000E+01
  0.182727219356E+01  0.162230260845E+01  0.280856328277E+01  0.000000000000E+00  0.109945440014E+01  0.375000000000E+01  0.227317933631E+01
  0.189599568386E+01  0.342819755379E+01  0.403384942830E+01  0.000000000000E+00  0.104050588738E+01  0.500000000000E+01  0.297954017413E+01
  0.214587157439E+01  0.430969386006E+01  0.408642231822E+01  0.500000000000E+01  0.125000000000E+01  0.304506426164E+01  0.398205049073E+01
  0.250000000000E+01  0.375000000000E+01  0.500000000000E+01  0.500000000000E+01  0.500000000000E+01
  0.843730003329E+00  0.773799929433E+00  0.963499291393E+00  0.924938728099E+00  0.762981360841E+00  0.875167799584E+00  0.100829832489E+01
  0.990759979381E+00  0.976725916484E+00  0.100513974485E+01  0.766457211392E+00  0.908965725928E+00  0.100673538410E+01  0.100560855106E+01
  0.986055463264E+00  0.101043832867E+01  0.100450503003E+01  0.830786801715E+00  0.914363107281E+00  0.100196493585E+01  0.101288206168E+01
  0.100045117994E+01  0.100546858149E+01  0.100583128363E+01  0.100201207161E+01  0.955877228053E+00  0.101161832805E+01  0.100703688150E+01
  0.100642792038E+01  0.100977853219E+01  0.100227653956E+01  0.100213472787E+01  0.100179494771E+01
  0.000000000000E+00  0.000000000000E+00  0.495016989693E+00  0.452411166473E+00  0.000000000000E+00  0.460317398142E+00  0.533821508780E+00
  0.528245278015E+00  0.524488494071E+00  0.541030575811E+00  0.000000000000E+00  0.493169386510E+00  0.518327387608E+00  0.537409623357E+00
  0.536125128139E+00  0.530985374358E+00  0.511795043984E+00  0.000000000000E+00  0.478351487765E+00  0.493067098742E+00  0.532835538239E+00
  0.529742743357E+00  0.506366545418E+00  0.512958681766E+00  0.494264775582E+00  0.494740729731E+00  0.530893924444E+00  0.512878644584E+00
  0.536179208452E+00  0.516236449221E+00  0.492575483979E+00  0.494868068206E+00  0.491429135511E+00
  0.000000000000E+00  0.000000000000E+00  0.000000000000E+00 -0.192255509808E-01  0.000000000000E+00 -0.782157065994E-02  0.000000000000E+00
 -0.731610196402E-02 -0.132771576480E-01 -0.772369388404E-04  0.000000000000E+00 -0.648828158107E-02  0.000000000000E+00 -0.438950552736E-03
  0.446846385577E-02  0.314767638132E-02  0.218309452193E-02  0.000000000000E+00  0.142731566620E-01  0.000000000000E+00  0.343416629070E-02
  0.491421936396E-02  0.170473819738E-02  0.690775558610E-03  0.797050344462E-03  0.000000000000E+00  0.192080214474E-02  0.477223011631E-03
  0.000000000000E+00  0.000000000000E+00 -0.133215053880E-02 -0.132884566466E-02  0.000000000000E+00
  0.000000000000E+00  0.000000000000E+00 -0.100760591075E+00 -0.112167379698E+00  0.000000000000E+00 -0.987543693631E-01 -0.424929077222E-01
 -0.801001137991E-01 -0.946247045363E-01 -0.278113476641E-01  0.000000000000E+00 -0.989524719904E-01  0.736804228537E-03 -0.587329539922E-01
 -0.809643985619E-01 -0.600353220517E-02  0.423042104605E-02  0.000000000000E+00 -0.100472873967E+00  0.572625570263E-02 -0.193539281872E-01
 -0.680710922901E-01  0.681891819205E-02  0.515462880036E-02  0.493807501867E-02 -0.995420824653E-01 -0.157585624864E-01  0.507057312753E-02
 -0.414443963425E-01  0.259881233107E-02  0.487220060472E-02  0.497127799782E-02  0.602772283471E-02
  0.602658060198E+00  0.552708884027E+00  0.677273936149E+00  0.645107797342E+00  0.544982066671E+00  0.599516459876E+00  0.722865638489E+00
  0.703743202964E+00  0.691533142000E+00  0.720506681609E+00  0.547465520981E+00  0.630781544129E+00  0.722284495079E+00  0.722087678424E+00
  0.702364561723E+00  0.726526104954E+00  0.719694387102E+00  0.593415294908E+00  0.635819253606E+00  0.716030696918E+00  0.729013182475E+00
  0.715526731988E+00  0.720447471341E+00  0.721204225863E+00  0.716083940416E+00  0.672590450015E+00  0.726894741767E+00  0.722102670298E+00
  0.720958727155E+00  0.724770695416E+00  0.716505346589E+00  0.716255759424E+00  0.715893185297E+00
  0.000000000000E+00  0.000000000000E+00  0.509231393974E+00  0.472098600200E+00  0.000000000000E+00  0.480805614373E+00  0.534526656515E+00
  0.535828443306E+00  0.535478275135E+00  0.540785512455E+00  0.000000000000E+00  0.510355957816E+00  0.517182830084E+00  0.539186901974E+00
  0.542978931063E+00  0.529277243835E+00  0.511037588265E+00  0.000000000000E+00  0.495604490664E+00  0.492982761082E+00  0.531173281286E+00
  0.533777938023E+00  0.505621943921E+00  0.512004908834E+00  0.494165464892E+00  0.508459736231E+00  0.529554178547E+00  0.511911896645E+00
  0.537001630238E+00  0.514994871500E+00  0.492397310071E+00  0.494740979135E+00  0.491354405608E+00
  0.999989666064E+00  0.999990318174E+00  0.984104004102E+00  0.976444048499E+00  0.999991523382E+00  0.959042419323E+00  0.100368300621E+01
  0.994429028880E+00  0.991216043786E+00  0.100355135634E+01  0.999992847587E+00  0.971537360090E+00  0.100443305071E+01  0.100528456001E+01
  0.997216102994E+00  0.100662902236E+01  0.100305335646E+01  0.999993513566E+00  0.973515825343E+00  0.100047710236E+01  0.100763800059E+01
  0.100128566477E+01  0.100314070319E+01  0.100383228544E+01  0.100050443003E+01  0.985091602129E+00  0.100596500701E+01  0.100387955693E+01
  0.100289568441E+01  0.100485298631E+01  0.100082905828E+01  0.100062200751E+01  0.100045469555E+01
        12        15        14        14
        21        16        14        14
         9        14        10        10
        15        22        21        21
        29        27        22        22
        14        16        10        10
         7         8        10        10
        14        15        21        21
        14         9        12        12
         5        12         6         6
        21        24        16        16
        32        23        24        24
        28        21        27        27
        17        16        23        23
        28        31        24        24
        19        15        12        12
         4         2         6         6
         4         9         8         8
        10         8         9         9
        17        13        10        10
        19        26        22        22
        10        16        17        17
        23        25        17        17
        22        15        19        19
        12        11        19        19
        27        30        28        28
        33        31        28        28
         6         9         4         4
         8         3         4         4
        25        23        32        32
        10        13         7         7
         3         8         7         7
        30        27        29        29
         6         2         5         5
        11        12         5         5
        24        23        16        16
        13        17        20        20
        26        19        18        18
         2         4         1         1
        22        27        21        21
        31        32        24        24
        21        28        24        24
        26        29        22        22
         9         6        12        12
        11        18        19        19
        25        20        17        17
        30        33        28        28
         3         1         4         4
zone t="boundary 6 bc-6", solutiontime= 0.4000000E+02, strandid=1006, i=33, j=48, f=feblock
  0.375000000000E+01  0.250000000000E+01  0.500000000000E+01  0.403384942830E+01  0.280856328277E+01  0.125000000000E+01  0.182727219356E+01
  0.500000000000E+01  0.430969386006E+01  0.342819755379E+01  0.227317933631E+01  0.162230260845E+01  0.000000000000E+00  0.905837536509E+00
  0.500000000000E+01  0.408642231822E+01  0.297954017413E+01  0.189599568386E+01  0.109945440014E+01  0.735450417037E+00  0.000000000000E+00
  0.500000000000E+01  0.398205049073E+01  0.304506426164E+01  0.214587157439E+01  0.104050588738E+01  0.000000000000E+00  0.000000000000E+00
  0.500000000000E+01  0.375000000000E+01  0.250000000000E+01  0.125000000000E+01  0.000000000000E+00
  0.250000000000E+01  0.250000000000E+01  0.250000000000E+01  0.145332269920E+01  0.132549389334E+01  0.250000000000E+01  0.173899611320E+01
  0.125000000000E+01  0.518568023061E+00  0.350800286361E+00  0.490615021923E-01  0.825621401394E+00  0.250000000000E+01  0.157899473280E+01
  0.000000000000E+00 -0.461282870254E+00 -0.857924212153E+00 -0.873141960959E+00 -0.322732261638E+00  0.659350882208E+00  0.125000000000E+01
 -0.125000000000E+01 -0.158398995423E+01 -0.183684615440E+01 -0.165007033378E+01 -0.147959633950E+01  0.000000000000E+00 -0.125000000000E+01
 -0.250000000000E+01 -0.250000000000E+01 -0.250000000000E+01 -0.250000000000E+01 -0.250000000000E+01
  0.000000000000E+00  0.000000000000E+00  0.000000000000E+00  0.000000000000E+00  0.000000000000E+00  0.000000000000E+00  0.000000000000E+00
  0.000000000000E+00  0.000000000000E+00  0.000000000000E+00  0.000000000000E+00  0.000000000000E+00  0.000000000000E+00  0.000000000000E+00
  0.000000000000E+00  0.000000000000E+00  0.000000000000E+00  0.000000000000E+00  0.000000000000E+00  0.000000000000E+00  0.000000000000E+00
  0.000000000000E+00  0.000000000000E+00  0.000000000000E+00  0.000000000000E+00  0.000000000000E+00  0.000000000000E+00  0.000000000000E+00
  0.000000000000E+00  0.000000000000E+00  0.000000000000E+00  0.000000000000E+00  0.000000000000E+00
  0.941861316217E+00  0.946296666847E+00  0.843730003329E+00  0.943650739108E+00  0.944515793648E+00  0.956977242740E+00  0.930066783551E+00
  0.773799929433E+00  0.937609678875E+00  0.956402679058E+00  0.942357917086E+00  0.925616754438E+00  0.134427281233E+01  0.100901626469E+01
  0.762981360841E+00  0.953748033471E+00  0.951876955643E+00  0.886350638409E+00  0.941585719880E+00  0.103637857809E+01  0.142583438931E+01
  0.766457211392E+00  0.950881217718E+00  0.934858279038E+00  0.932235390073E+00  0.958157067106E+00  0.164467009430E+01  0.149409287312E+01
  0.830786801715E+00  0.935297080302E+00  0.934222272215E+00  0.961720424997E+00  0.144945893992E+01
  0.000000000000E+00  0.000000000000E+00  0.000000000000E+00  0.000000000000E+00  0.000000000000E+00  0.000000000000E+00  0.000000000000E+00
  0.000000000000E+00  0.000000000000E+00  0.000000000000E+00  0.000000000000E+00  0.000000000000E+00  0.000000000000E+00  0.000000000000E+00
  0.000000000000E+00  0.000000000000E+00  0.000000000000E+00  0.000000000000E+00  0.000000000000E+00  0.000000000000E+00  0.000000000000E+00
  0.000000000000E+00  0.000000000000E+00  0.000000000000E+00  0.000000000000E+00  0.000000000000E+00  0.000000000000E+00  0.000000000000E+00
  0.000000000000E+00  0.000000000000E+00  0.000000000000E+00  0.000000000000E+00  0.000000000000E+00
  0.000000000000E+00  0.000000000000E+00  0.000000000000E+00  0.000000000000E+00  0.000000000000E+00  0.000000000000E+00  0.000000000000E+00
  0.000000000000E+00  0.000000000000E+00  0.000000000000E+00  0.000000000000E+00  0.000000000000E+00  0.000000000000E+00  0.000000000000E+00
  0.000000000000E+00  0.000000000000E+00  0.000000000000E+00  0.000000000000E+00  0.000000000000E+00  0.000000000000E+00  0.000000000000E+00
  0.000000000000E+00  0.000000000000E+00  0.000000000000E+00  0.000000000000E+00  0.000000000000E+00  0.000000000000E+00  0.000000000000E+00
  0.000000000000E+00  0.000000000000E+00  0.000000000000E+00  0.000000000000E+00  0.000000000000E+00
  0.000000000000E+00  0.000000000000E+00  0.000000000000E+00  0.000000000000E+00  0.000000000000E+00  0.000000000000E+00  0.000000000000E+00
  0.000000000000E+00  0.000000000000E+00  0.000000000000E+00  0.000000000000E+00  0.000000000000E+00  0.000000000000E+00  0.000000000000E+00
  0.000000000000E+00  0.000000000000E+00  0.000000000000E+00  0.000000000000E+00  0.000000000000E+00  0.000000000000E+00  0.000000000000E+00
  0.000000000000E+00  0.000000000000E+00  0.000000000000E+00  0.000000000000E+00  0.000000000000E+00  0.000000000000E+00  0.000000000000E+00
  0.000000000000E+00  0.000000000000E+00  0.000000000000E+00  0.000000000000E+00  0.000000000000E+00
  0.672750939163E+00  0.675919061589E+00  0.602658060198E+00  0.674029258827E+00  0.674647162431E+00  0.683548249724E+00  0.664326667559E+00
  0.552708884027E+00  0.669714983145E+00  0.683138299925E+00  0.673106920556E+00  0.661148624787E+00  0.960185587012E+00  0.720718993193E+00
  0.544982066671E+00  0.681243261582E+00  0.679907162187E+00  0.633102756587E+00  0.672555634255E+00  0.740263720253E+00  0.101844376518E+01
  0.547465520981E+00  0.679196402250E+00  0.667751577754E+00  0.665877883174E+00  0.684392809051E+00  0.117475431530E+01  0.106720087495E+01
  0.593415294908E+00  0.668065144916E+00  0.667297332601E+00  0.686938468555E+00  0.103532031471E+01
  0.000000000000E+00  0.000000000000E+00  0.000000000000E+00  0.000000000000E+00  0.000000000000E+00  0.000000000000E+00  0.000000000000E+00
  0.000000000000E+00  0.000000000000E+00  0.000000000000E+00  0.000000000000E+00  0.000000000000E+00  0.000000000000E+00  0.000000000000E+00
  0.000000000000E+00  0.000000000000E+00  0.000000000000E+00  0.000000000000E+00  0.000000000000E+00  0.000000000000E+00  0.000000000000E+00
  0.000000000000E+00  0.000000000000E+00  0.000000000000E+00  0.000000000000E+00  0.000000000000E+00  0.000000000000E+00  0.000000000000E+00
  0.000000000000E+00  0.000000000000E+00  0.000000000000E+00  0.000000000000E+00  0.000000000000E+00
  0.999989381252E+00  0.999989452967E+00  0.999989666064E+00  0.999989639439E+00  0.999989660052E+00  0.999989871100E+00  0.999989840547E+00
  0.999990318174E+00  0.999990718449E+00  0.999990527878E+00  0.999991268383E+00  0.999990622754E+00  0.999990336403E+00  0.999990412223E+00
  0.999991523382E+00  0.999992170620E+00  0.999992721139E+00  0.999992351574E+00  0.999991682199E+00  0.999990959157E+00  0.999990799731E+00
  0.999992847587E+00  0.999993422347E+00  0.999993506843E+00  0.999993184522E+00  0.999992554003E+00  0.999991455503E+00  0.999992203842E+00
  0.999993513566E+00  0.999993715985E+00  0.999993570510E+00  0.999993169511E+00  0.999992756381E+00
        19        18        11        11
        17        10        11        11
        12        11         5         5
        18        25        17        17
        31        24        25        25
        11        10         5         5
         2         7         5         5
        11        18        17        17
        11        12        19        19
        27        19        20        20
        17        16        10        10
        15         9        16        16
        23        17        24        24
         4        10         9         9
        23        22        16        16
        26        18        19        19
        14        21        20        20
        14        12         7         7
         5         7        12        12
         4         1         5         5
        26        32        25        25
         5        10         4         4
         9         8         4         4
        25        18        26        26
        19        28        26        26
        24        30        23        23
        29        22        23        23
        20        12        14        14
         7         6        14        14
         8         9        15        15
         5         1         2         2
         6         7         2         2
        30        24        31        31
        20        21        27        27
        28        19        27        27
        16         9        10        10
         1         4         3         3
        32        26        33        33
        21        14        13        13
        25        24        17        17
        22        15        16        16
        17        23        16        16
        32        31        25        25
        12        20        19        19
        28        33        26        26
         8         3         4         4
        30        29        23        23
         6        13        14        14
