title="tecplot geometry and solution file"
variables = x y z mach temperature lambda1 lambda2 lambda3 lambda4 lambda5
zone t="boundary 1 bc-1", solutiontime= 0.5000000E+02, strandid=1001, i=32, j=46, f=feblock
 -0.547468544169E-02  0.000000000000E+00 -0.567606031243E-02  0.000000000000E+00  0.000000000000E+00  0.000000000000E+00 -0.525159244851E-02
 -0.425776897977E-02  0.000000000000E+00  0.000000000000E+00  0.000000000000E+00  0.000000000000E+00  0.000000000000E+00  0.000000000000E+00
  0.000000000000E+00  0.000000000000E+00 -0.338395986572E-02  0.000000000000E+00  0.000000000000E+00  0.000000000000E+00  0.000000000000E+00
  0.000000000000E+00  0.000000000000E+00  0.000000000000E+00  0.000000000000E+00  0.000000000000E+00  0.000000000000E+00  0.000000000000E+00
  0.000000000000E+00  0.000000000000E+00  0.000000000000E+00  0.000000000000E+00
  0.250494197117E+01  0.250494197117E+01  0.127822156907E+01  0.146289271009E+01  0.157686156160E+01  0.308372018325E+00  0.261948602442E-01
 -0.122573481164E+01 -0.600232012419E+00  0.250494197117E+01  0.477386199275E+00  0.742988685424E+00 -0.739814786992E+00  0.177790177481E+01
  0.155830813274E+01  0.250494197117E+01 -0.249658903664E+01 -0.154800130438E+01 -0.487811078581E+00  0.250494197117E+01  0.627766083140E+00
 -0.345533899378E+00 -0.178862290564E+01 -0.158811787973E+01  0.125000000000E+01 -0.249658903664E+01 -0.144524380962E+01  0.000000000000E+00
 -0.125000000000E+01 -0.249658903664E+01 -0.249658903664E+01 -0.249658903664E+01
  0.803813859867E-04  0.125000000000E+01  0.822460170215E-04  0.103724302461E+01  0.219251206392E+01  0.922061490191E+00  0.103872438719E-03
  0.341545874230E-04  0.715990576545E+00  0.250000000000E+01  0.202479342020E+01  0.324151231464E+01  0.175434191980E+01  0.310152362409E+01
  0.404200324774E+01  0.375000000000E+01  0.810725962649E-04  0.930412228790E+00  0.299062775774E+01  0.500000000000E+01  0.429310310915E+01
  0.409252726285E+01  0.187029682677E+01  0.284428995242E+01  0.500000000000E+01  0.125000000000E+01  0.394624082883E+01  0.500000000000E+01
  0.500000000000E+01  0.250000000000E+01  0.375000000000E+01  0.500000000000E+01
  0.000000000000E+00  0.440666214091E+00  0.000000000000E+00  0.474617251435E+00  0.460123126357E+00  0.468636774984E+00  0.000000000000E+00
  0.000000000000E+00  0.402549872254E+00  0.469884091894E+00  0.464193478194E+00  0.478749614938E+00  0.489549465334E+00  0.483128669053E+00
  0.488002259909E+00  0.489034104323E+00  0.000000000000E+00  0.465240564346E+00  0.473760502823E+00  0.495364297290E+00  0.490293371229E+00
  0.486277598054E+00  0.445854520604E+00  0.464358879564E+00  0.496127933522E+00  0.443900347073E+00  0.486930056481E+00  0.497248722542E+00
  0.496055921459E+00  0.467744048732E+00  0.488189258165E+00  0.495091099977E+00
  0.999990300362E+00  0.102983027301E+01  0.999990762612E+00  0.104241479569E+01  0.101187755093E+01  0.102516586953E+01  0.999991420552E+00
  0.999992171067E+00  0.103882587599E+01  0.100825880510E+01  0.101253541373E+01  0.100301664923E+01  0.102705528947E+01  0.100604152563E+01
  0.100244540576E+01  0.100354834274E+01  0.999992724186E+00  0.103209927148E+01  0.100459382920E+01  0.100178631734E+01  0.100260315206E+01
  0.100234717451E+01  0.101657069468E+01  0.100620508927E+01  0.100168367826E+01  0.104024762909E+01  0.100303428499E+01  0.100118707696E+01
  0.100134422954E+01  0.100976315298E+01  0.100405567247E+01  0.100176392267E+01
  0.407544933456E+01  0.644983788396E+01  0.412812847529E+01  0.841349656871E+01  0.515138514658E+01  0.495342711277E+01  0.502453645223E+01
  0.234667641502E+01  0.156999782798E+01  0.252856319783E+01  0.696187439271E+01  0.349781449926E+01  0.817287701729E+01  0.163748235316E+01
  0.157782235027E+02  0.122715312408E+02  0.426003278622E+01  0.418344673442E+01  0.261158750018E+01  0.809944367265E+02  0.236581697291E+02
  0.132496268633E+02  0.658056749342E+01  0.207971926232E+01  0.828767364544E+02  0.852974623430E+01  0.112906110662E+02  0.900376627629E+02
  0.791508726053E+02  0.229097782337E+01  0.108229641968E+02  0.740085218439E+02
  0.799871105704E+00  0.253197939861E+01  0.105478177056E+01  0.269858675960E+01  0.206289890731E+01  0.312970181936E+01  0.433591615048E+00
  0.824020694206E+00  0.218300013104E+01  0.144031259377E+01  0.229182099646E+01  0.114460316055E+01  0.258208400320E+01  0.884044754378E+00
  0.318142721498E+01  0.261862022580E+01  0.686357898952E+00  0.282494541718E+01  0.100007010536E+01  0.167340050194E+02  0.480119602363E+01
  0.264230055075E+01  0.224928782249E+01  0.949567691729E+00  0.173515962999E+02  0.236134436299E+01  0.230737691020E+01  0.188704116331E+02
  0.165353854353E+02  0.115672913341E+01  0.247930020351E+01  0.153857608013E+02
  0.218788025415E+00  0.134640087486E+00  0.256282473184E+00  0.377588207720E+00 -0.656017666848E-01  0.150115432844E+00  0.389518136149E+00
 -0.309789082573E+00  0.507540828089E+00 -0.317358563028E-02  0.158819091420E+00  0.272276696992E+00  0.220914381698E+00  0.121851671231E+00
  0.296865648287E+00  0.731119433609E-02 -0.306065354375E+00 -0.665975239510E+00  0.362400310268E+00 -0.121544670614E-01  0.251782442534E+00
  0.151978461153E+00  0.284237364552E+00  0.155357765072E+00 -0.254094788088E-01 -0.147019076828E+00  0.953735235592E-01  0.159210975609E+00
  0.125152306127E+00 -0.888254994883E-02 -0.305706237437E-01 -0.144068070410E-01
 -0.202674619061E+01 -0.610723770913E+01 -0.259759257039E+01 -0.641973871695E+01 -0.498325113329E+01 -0.915322904928E+01 -0.150225805291E+01
 -0.157118802686E+01 -0.940118812662E+01 -0.492814979149E+01 -0.447471410524E+01 -0.376798061332E+01 -0.345185628433E+01 -0.428390026061E+01
 -0.270406195244E+01 -0.304483274195E+01 -0.123619694428E+01 -0.711272374263E+01 -0.380808299355E+01 -0.113274614531E+01 -0.237119646574E+01
 -0.263292255383E+01 -0.407664114005E+01 -0.382740886412E+01 -0.106674449002E+01 -0.563339587728E+01 -0.260247322268E+01 -0.974966986881E+00
 -0.117898740659E+01 -0.437383008544E+01 -0.278224480883E+01 -0.119495243706E+01
 -0.108287566431E+01 -0.267447827239E+01 -0.136481633563E+01 -0.334016219016E+01 -0.177369182102E+01 -0.248317635583E+01 -0.773354807227E+00
 -0.503648455715E+00 -0.128313776570E+01 -0.709288885010E+00 -0.239461936368E+01 -0.118143241165E+01 -0.278879317975E+01 -0.374630695908E+00
 -0.618246241765E+01 -0.477868832602E+01 -0.837497777588E+00 -0.218095138728E+01 -0.831320525361E+00 -0.336416913399E+02 -0.948511776838E+01
 -0.513117116592E+01 -0.226386741591E+01 -0.590582755433E+00 -0.344684948432E+02 -0.330847454399E+01 -0.430721690976E+01 -0.375524752750E+02
 -0.329391774034E+02 -0.584836945368E+00 -0.418654820155E+01 -0.307136081400E+02
        12        19        11        11
        11         5        12        12
        10        14         5         5
        19        13        11        11
        19        24        13        13
        30        23        24        24
        19        12        22        22
        28        22        21        21
        11        13         6         6
         7         6         9         9
        15        12        14        14
        18        13        23        23
        15        25        21        21
        27        19        22        22
        18         8         9         9
        27        31        24        24
         4        11         6         6
         5        14        12        12
         4         2         5         5
        21        12        15        15
        14        16        15        15
        24        19        27        27
        22        29        27        27
        23        26        18        18
        17         8        18        18
         5        11         4         4
         6         3         4         4
        26        23        30        30
         5         2        10        10
        16        14        10        10
         3         6         7         7
        21        25        28        28
        29        22        28        28
         6        13         9         9
         2         4         1         1
        31        27        32        32
        25        15        20        20
        24        23        13        13
         8         7         9         9
        13        18         9         9
        31        30        24        24
        12        21        22        22
        29        32        27        27
         3         1         4         4
        26        17        18        18
        16        20        15        15
zone t="boundary 2 bc-2", solutiontime= 0.5000000E+02, strandid=1002, i=33, j=48, f=feblock
  0.500195253374E+01  0.375034811161E+01  0.249861146299E+01  0.288036674177E+01  0.124717526933E+01  0.190856698521E+01  0.326577190273E+01
  0.201394856120E+01 -0.338395986572E-02  0.962374249381E+00  0.500000000000E+01  0.403430190008E+01  0.423029563807E+01  0.500000000000E+01
  0.385439188940E+01  0.500000000000E+01  0.398133433176E+01  0.315200081417E+01  0.266958028869E+01  0.154798029824E+01  0.218327860466E+01
  0.893688440338E+00  0.000000000000E+00  0.699009761768E+00  0.964460899052E+00  0.310303671659E+01  0.000000000000E+00  0.000000000000E+00
  0.125000000000E+01  0.500000000000E+01  0.375000000000E+01  0.250000000000E+01  0.000000000000E+00
 -0.249658903664E+01 -0.249658903664E+01 -0.249658903664E+01 -0.249658903664E+01 -0.249658903664E+01 -0.249658903664E+01 -0.249658903664E+01
 -0.249658903664E+01 -0.249658903664E+01 -0.249658903664E+01 -0.249658903664E+01 -0.249658903664E+01 -0.249658903664E+01 -0.249658903664E+01
 -0.249658903664E+01 -0.249658903664E+01 -0.249658903664E+01 -0.249658903664E+01 -0.249658903664E+01 -0.249658903664E+01 -0.249658903664E+01
 -0.249658903664E+01 -0.249658903664E+01 -0.249658903664E+01 -0.249658903664E+01 -0.249658903664E+01 -0.249658903664E+01 -0.249658903664E+01
 -0.249658903664E+01 -0.249658903664E+01 -0.249658903664E+01 -0.249658903664E+01 -0.249658903664E+01
  0.108225889030E-03  0.145875369682E-03  0.100893326425E-03  0.901663374396E+00  0.110858761917E-03  0.714928318829E+00  0.188140648011E+01
  0.175892165504E+01  0.810725962649E-04  0.957504300331E+00  0.125000000000E+01  0.100596698996E+01  0.191313519089E+01  0.250000000000E+01
  0.292898096716E+01  0.375000000000E+01  0.406883369524E+01  0.363389289944E+01  0.284756860985E+01  0.292582308120E+01  0.395754054931E+01
  0.205027256979E+01  0.125000000000E+01  0.306703272692E+01  0.397155766662E+01  0.433068622168E+01  0.250000000000E+01  0.375000000000E+01
  0.500000000000E+01  0.500000000000E+01  0.500000000000E+01  0.500000000000E+01  0.500000000000E+01
  0.000000000000E+00  0.000000000000E+00  0.000000000000E+00  0.380610262149E+00  0.000000000000E+00  0.343302163911E+00  0.585285498568E+00
  0.579523873721E+00  0.000000000000E+00  0.500979747332E+00  0.508782814017E+00  0.434361560749E+00  0.572843977212E+00  0.537166654001E+00
  0.569106490033E+00  0.515013352172E+00  0.508252450097E+00  0.527349030424E+00  0.567655252726E+00  0.531857855076E+00  0.506012444339E+00
  0.521051129094E+00  0.443900347073E+00  0.490706184896E+00  0.492149786373E+00  0.501385664791E+00  0.467744048732E+00  0.488189258165E+00
  0.489961991134E+00  0.491321546659E+00  0.486017931588E+00  0.489981935261E+00  0.495091099977E+00
  0.999993488485E+00  0.999993690942E+00  0.999993544242E+00  0.989581137391E+00  0.999993139053E+00  0.985581489207E+00  0.989839349776E+00
  0.991729030504E+00  0.999992724186E+00  0.984216351929E+00  0.985140607796E+00  0.984808793931E+00  0.990067211347E+00  0.100292629404E+01
  0.999859927063E+00  0.100487346357E+01  0.100122739133E+01  0.100057008832E+01  0.997888967161E+00  0.100350843654E+01  0.100059307424E+01
  0.101090476404E+01  0.104024762909E+01  0.100327844767E+01  0.100254887617E+01  0.100046793890E+01  0.100976315298E+01  0.100405567247E+01
  0.100192580062E+01  0.100045822703E+01  0.100058944082E+01  0.100110055989E+01  0.100176392267E+01
  0.665111860907E+01  0.572705135386E+01  0.793439370578E+01  0.815795484305E+01  0.767283826262E+01  0.791387443372E+01  0.976878634319E+01
  0.857388249535E+01  0.426003278622E+01  0.871055624060E+01  0.116066427218E+02  0.964250727006E+01  0.106316648921E+02  0.882229658818E+01
  0.702028255907E+01  0.623850628289E+01  0.464396270216E+01  0.556977210471E+01  0.708269013836E+01  0.397550795042E+01  0.726659534654E+01
  0.677409034585E+01  0.852974623430E+01  0.338968711185E+01  0.119597827411E+02  0.873781588684E+01  0.229097782337E+01  0.108229641968E+02
  0.662210616025E+02  0.730429881566E+01  0.291712709033E+02  0.572677782138E+02  0.740085218439E+02
 -0.124614666808E+01  0.136987799218E+00  0.122334601988E+00  0.262780020296E+01  0.208395595077E+00  0.284459154488E+01 -0.164179121960E+01
  0.239694053716E+00  0.686357898952E+00  0.319597233023E+01 -0.255001148292E+01 -0.628598334249E-01 -0.238461427924E+01 -0.229309081331E+01
 -0.216692677932E+01 -0.146376959164E+01 -0.200627380237E+01 -0.190544734081E+01 -0.188686856090E+01 -0.116462608485E+01 -0.977771451977E+00
  0.104898741898E+01  0.236134436299E+01 -0.521278986427E-01  0.112012811676E+01 -0.113914376111E+01  0.115672913341E+01  0.247930020351E+01
  0.117941494045E+02 -0.405527775662E+00  0.285344686747E+01  0.875370524450E+01  0.153857608013E+02
 -0.195470822127E-01  0.296838809729E-01  0.182964196493E+00  0.542415524164E+00  0.181752908604E+00  0.770947425090E+00 -0.114515041801E+00
 -0.219804674325E+00 -0.306065354375E+00  0.116657044815E+00 -0.589739901325E-01 -0.117493135705E+00  0.539238739718E-01 -0.158988158180E-01
  0.827717062044E-03  0.199433561410E-01 -0.256676605576E-01  0.799639941971E-02  0.924391114212E-01  0.106039746995E+00 -0.526630607206E-02
 -0.317021879837E-02 -0.147019076828E+00 -0.325672027031E-01 -0.481431258795E-01  0.348020514730E-02 -0.888254994883E-02 -0.305706237437E-01
 -0.572885936727E-02  0.162681773719E-02  0.278172557224E-03 -0.855767446286E-02 -0.144068070410E-01
 -0.804190445726E+00 -0.119579747759E+01 -0.146480949952E+01 -0.649902261313E+01 -0.223294114392E+01 -0.101260756966E+02 -0.140368493464E+01
 -0.324896462388E+01 -0.123619694428E+01 -0.634612616002E+01 -0.454058535903E+00 -0.181464714473E+01 -0.657531259537E+00 -0.346325029687E+00
 -0.126690895296E+01 -0.441248952180E+00 -0.136714676849E+01 -0.204317120521E+01 -0.232096215079E+01 -0.321478427668E+01 -0.241978941223E+01
 -0.392894176601E+01 -0.563339587728E+01 -0.336484499633E+01 -0.254465967103E+01 -0.205380828054E+01 -0.437383008544E+01 -0.278224480883E+01
 -0.165099370400E+01 -0.781350408966E+00 -0.179599917417E+01 -0.200425510428E+01 -0.119495243706E+01
 -0.865295410431E+00 -0.757482655101E-02  0.877788574457E-02 -0.308858388229E+01 -0.187367306826E-01 -0.350461678482E+01 -0.210270206423E+01
 -0.215903348693E+01 -0.837497777588E+00 -0.368058765861E+01 -0.258782650720E+01 -0.255821481344E+01 -0.229676825763E+01 -0.167787710148E+01
 -0.119694065759E+01 -0.125931430693E+01 -0.546303652899E+00 -0.882263082410E+00 -0.137590768275E+01 -0.583720268640E+00 -0.182185866002E+01
 -0.202249975626E+01 -0.330847454399E+01 -0.779817439955E+00 -0.420776324948E+01 -0.230800253516E+01 -0.584836945368E+00 -0.418654820155E+01
 -0.268715273111E+02 -0.219192597642E+01 -0.109208194333E+02 -0.227282298917E+02 -0.307136081400E+02
        15         7        19        19
         8        20        19        19
        18        19        21        21
         7         4         8         8
         3         6         4         4
        19         7         8         8
        19        18        15        15
        14        13        15        15
         8        22        20        20
        27        24        22        22
        19        20        21        21
        32        26        21        21
        17        18        26        26
        17        16        15        15
        25        29        21        21
        12         7        13        13
        10         8         6         6
        25        20        24        24
         4         6         8         8
        12         2         4         4
        10        23        22        22
        26        31        17        17
        30        16        17        17
         4         7        12        12
        13        11        12        12
        21        20        25        25
        24        28        25        25
        22         8        10        10
         6         5        10        10
        31        26        32        32
         4         2         3         3
         5         6         3         3
        11        13        14        14
        22        23        27        27
        28        24        27        27
        15        13         7         7
         2        12         1         1
        29        25        33        33
        23        10         9         9
        21        26        18        18
        16        14        15        15
        18        17        15        15
        29        32        21        21
        22        24        20        20
        28        33        25        25
        11         1        12        12
        31        30        17        17
         5         9        10        10
zone t="boundary 3 bc-3", solutiontime= 0.5000000E+02, strandid=1003, i=33, j=48, f=feblock
  0.375059096892E+01  0.249769609313E+01  0.500322133174E+01  0.403612218725E+01  0.287976772365E+01  0.124541910518E+01  0.190552237404E+01
  0.500000000000E+01  0.326671104552E+01  0.423253755448E+01  0.201271136506E+01 -0.547468544169E-02  0.958895643487E+00  0.500000000000E+01
  0.266968147299E+01  0.385584487271E+01  0.890374214836E+00  0.154654013699E+01  0.000000000000E+00  0.500000000000E+01  0.315261136744E+01
  0.218304199515E+01  0.398195307895E+01  0.000000000000E+00  0.697379952124E+00  0.963757277315E+00  0.125000000000E+01  0.000000000000E+00
  0.500000000000E+01  0.310330738524E+01  0.250000000000E+01  0.375000000000E+01  0.000000000000E+00
  0.250494197117E+01  0.250494197117E+01  0.250494197117E+01  0.250494197117E+01  0.250494197117E+01  0.250494197117E+01  0.250494197117E+01
  0.250494197117E+01  0.250494197117E+01  0.250494197117E+01  0.250494197117E+01  0.250494197117E+01  0.250494197117E+01  0.250494197117E+01
  0.250494197117E+01  0.250494197117E+01  0.250494197117E+01  0.250494197117E+01  0.250494197117E+01  0.250494197117E+01  0.250494197117E+01
  0.250494197117E+01  0.250494197117E+01  0.250494197117E+01  0.250494197117E+01  0.250494197117E+01  0.250494197117E+01  0.250494197117E+01
  0.250494197117E+01  0.250494197117E+01  0.250494197117E+01  0.250494197117E+01  0.250494197117E+01
  0.135649900494E-03  0.110129816467E-03  0.966887303890E-04  0.101756752009E+01  0.908094589218E+00  0.103942505801E-03  0.722629083213E+00
  0.125000000000E+01  0.188965661746E+01  0.191862696980E+01  0.176708239098E+01  0.803813859867E-04  0.969652551954E+00  0.250000000000E+01
  0.285339433501E+01  0.293325058812E+01  0.205656223819E+01  0.293157016932E+01  0.125000000000E+01  0.375000000000E+01  0.363766838842E+01
  0.396069444983E+01  0.407056385475E+01  0.250000000000E+01  0.307031995245E+01  0.397359820314E+01  0.500000000000E+01  0.375000000000E+01
  0.500000000000E+01  0.433260781310E+01  0.500000000000E+01  0.500000000000E+01  0.500000000000E+01
  0.000000000000E+00  0.000000000000E+00  0.000000000000E+00  0.444930326687E+00  0.402807304829E+00  0.000000000000E+00  0.379033816204E+00
  0.508818740007E+00  0.575701380330E+00  0.573472074602E+00  0.562547829758E+00  0.000000000000E+00  0.491637802825E+00  0.534336813543E+00
  0.556352181579E+00  0.564140551432E+00  0.522485305911E+00  0.521817734730E+00  0.440666214091E+00  0.517132977413E+00  0.524068294234E+00
  0.503616120436E+00  0.509419881731E+00  0.469884091894E+00  0.495645014420E+00  0.494503343531E+00  0.488630212220E+00  0.489034104323E+00
  0.492987209122E+00  0.498957573931E+00  0.486507800265E+00  0.484614058974E+00  0.495364297290E+00
  0.999989345567E+00  0.999989414891E+00  0.999989632591E+00  0.981380974378E+00  0.988680684584E+00  0.999989832933E+00  0.982276351823E+00
  0.984074897465E+00  0.990406099424E+00  0.990319064682E+00  0.994391010835E+00  0.999990300362E+00  0.988748587757E+00  0.100365238200E+01
  0.999773192633E+00  0.100117376381E+01  0.100830261588E+01  0.100251270964E+01  0.102983027301E+01  0.100441979611E+01  0.100199190108E+01
  0.100081961865E+01  0.100137906157E+01  0.100825880510E+01  0.100297440226E+01  0.100191721483E+01  0.100214792073E+01  0.100354834274E+01
  0.100047555022E+01  0.100056537700E+01  0.100126704333E+01  0.100066742194E+01  0.100178631734E+01
  0.107914165019E+02  0.524704801047E+01  0.956553973776E+01  0.101666154664E+02  0.968199419549E+01  0.521277307463E+01  0.884135829321E+01
  0.128795236104E+02  0.108205547867E+02  0.110801393751E+02  0.999226841846E+01  0.407544933456E+01  0.940572523182E+01  0.910405892647E+01
  0.770776814749E+01  0.818088516801E+01  0.742352269332E+01  0.486502374011E+01  0.644983788396E+01  0.658174784403E+01  0.561996656663E+01
  0.643897659228E+01  0.511545978669E+01  0.252856319783E+01  0.291746648268E+01  0.161768818708E+02  0.592825073933E+02  0.122715312408E+02
  0.633822606817E+01  0.820586081867E+01  0.545131054635E+02  0.289242977415E+02  0.809944367265E+02
  0.432288947362E+00  0.710374188014E+00 -0.194788488087E+01  0.205611687007E+01  0.459559022842E+01 -0.677344158091E-01  0.398971536577E+01
 -0.281643984791E+01 -0.212410321470E+01 -0.295639590807E+01  0.453673046971E+00  0.799871105704E+00  0.324144752153E+01 -0.240504414230E+01
 -0.173509068964E+01 -0.210770297982E+01  0.157517739712E+01 -0.914943983191E+00  0.253197939861E+01 -0.163346924762E+01 -0.192744727113E+01
 -0.129606806942E+01 -0.195427508197E+01  0.144031259377E+01 -0.136535640481E+00  0.194262379495E+01  0.104019662631E+02  0.261862022580E+01
 -0.625082076174E+00 -0.130650714568E+01  0.823626881057E+01  0.273132244887E+01  0.167340050194E+02
 -0.185807054272E+00 -0.629320528071E-01  0.939438220156E-01 -0.802816307851E+00 -0.890496619767E+00 -0.786823622266E-02  0.553422857051E-02
  0.617126571259E-01  0.206669488950E+00  0.356916435825E-01  0.201024502033E+00  0.218788025415E+00  0.198821193843E+00 -0.200133008402E-01
 -0.473182413473E-01  0.159801280342E-01 -0.699465996386E-01 -0.158606191828E+00  0.134640087486E+00 -0.269062507380E-01 -0.386927334580E-02
  0.168097276460E-01  0.567787724096E-02 -0.317358563028E-02  0.345678725310E-01  0.784954120900E-01 -0.200109358507E-01  0.731119433609E-02
 -0.156282811463E-01 -0.111145414221E-02 -0.656717001013E-02 -0.228281400308E-02 -0.121544670614E-01
 -0.232261213804E+01 -0.194716467656E+01 -0.114007037924E+01 -0.805575288728E+01 -0.886283006894E+01 -0.211724547301E+01 -0.775241126401E+01
 -0.532351051052E+00 -0.284935164158E+01 -0.103432831327E+01 -0.397671517622E+01 -0.202674619061E+01 -0.592524269540E+01 -0.447165563779E+00
 -0.296669915181E+01 -0.154359259049E+01 -0.431404765197E+01 -0.390672359863E+01 -0.610723770913E+01 -0.555361123928E+00 -0.216089000457E+01
 -0.270523613323E+01 -0.148112021062E+01 -0.492814979149E+01 -0.397260913630E+01 -0.281502488495E+01 -0.177718427061E+01 -0.304483274195E+01
 -0.731971772795E+00 -0.210704720455E+01 -0.206700518047E+01 -0.181956040889E+01 -0.113274614531E+01
 -0.550284891016E-02 -0.583401361605E-01 -0.111497942025E+01 -0.354406769129E+01 -0.411954984779E+01 -0.493974893022E-01 -0.405249218608E+01
 -0.290871511609E+01 -0.224906232589E+01 -0.218282889021E+01 -0.267020236735E+01 -0.108287566431E+01 -0.373743111140E+01 -0.172281427782E+01
 -0.163076741769E+01 -0.160116654500E+01 -0.233840959076E+01 -0.933353975017E+00 -0.267447827239E+01 -0.128788742117E+01 -0.870841544810E+00
 -0.141559279950E+01 -0.725601757686E+00 -0.709288885010E+00 -0.611729282474E+00 -0.594995517698E+01 -0.239197891029E+02 -0.477868832602E+01
 -0.177510274954E+01 -0.206225262539E+01 -0.215735638552E+02 -0.107857285065E+02 -0.336416913399E+02
        15         9        16        16
        15        18        11        11
        22        15        21        21
        11         5         9         9
         5         7         2         2
        11         9        15        15
        16        21        15        15
        16        10        14        14
        18        17        11        11
        17        25        24        24
        22        18        15        15
        22        30        31        31
        30        21        23        23
        16        20        23        23
        22        27        26        26
        10         9         4         4
         7        11        13        13
        25        18        26        26
        11         7         5         5
         5         1         4         4
        17        19        13        13
        23        32        30        30
        23        20        29        29
         4         9         5         5
         4         8        10        10
        26        18        22        22
        26        28        25        25
        13        11        17        17
        13         6         7         7
        31        30        32        32
         2         1         5         5
         2         7         6         6
        14        10         8         8
        24        19        17        17
        24        25        28        28
         9        10        16        16
         3         4         1         1
        33        26        27        27
        12        13        19        19
        21        30        22        22
        16        14        20        20
        16        23        21        21
        22        31        27        27
        18        25        17        17
        26        33        28        28
         4         3         8         8
        23        29        32        32
        13        12         6         6
zone t="boundary 4 bc-4", solutiontime= 0.5000000E+02, strandid=1004, i=32, j=46, f=feblock
  0.125000000000E+01  0.219251206392E+01  0.103724302461E+01  0.500000000000E+01  0.250000000000E+01  0.375000000000E+01  0.404200324774E+01
  0.500000000000E+01  0.000000000000E+00  0.310152362409E+01  0.202479342020E+01  0.324151231464E+01  0.922061490191E+00  0.000000000000E+00
  0.299062775774E+01  0.394624082883E+01  0.500000000000E+01  0.409252726285E+01  0.500000000000E+01  0.429310310915E+01  0.175434191980E+01
  0.284428995242E+01  0.000000000000E+00  0.000000000000E+00  0.715990576545E+00  0.930412228790E+00  0.125000000000E+01  0.187029682677E+01
  0.500000000000E+01  0.375000000000E+01  0.250000000000E+01  0.000000000000E+00
  0.250494197117E+01  0.157686156160E+01  0.146289271009E+01  0.250494197117E+01  0.250494197117E+01  0.250494197117E+01  0.155830813274E+01
  0.125000000000E+01  0.250494197117E+01  0.177790177481E+01  0.477386199275E+00  0.742988685424E+00  0.308372018325E+00  0.125000000000E+01
 -0.487811078581E+00 -0.144524380962E+01 -0.125000000000E+01 -0.345533899378E+00  0.000000000000E+00  0.627766083140E+00 -0.739814786992E+00
 -0.158811787973E+01  0.000000000000E+00 -0.125000000000E+01 -0.600232012419E+00 -0.154800130438E+01 -0.249658903664E+01 -0.178862290564E+01
 -0.249658903664E+01 -0.249658903664E+01 -0.249658903664E+01 -0.249658903664E+01
  0.500000000000E+01  0.500000000000E+01  0.500000000000E+01  0.500000000000E+01  0.500000000000E+01  0.500000000000E+01  0.500000000000E+01
  0.500000000000E+01  0.500000000000E+01  0.500000000000E+01  0.500000000000E+01  0.500000000000E+01  0.500000000000E+01  0.500000000000E+01
  0.500000000000E+01  0.500000000000E+01  0.500000000000E+01  0.500000000000E+01  0.500000000000E+01  0.500000000000E+01  0.500000000000E+01
  0.500000000000E+01  0.500000000000E+01  0.500000000000E+01  0.500000000000E+01  0.500000000000E+01  0.500000000000E+01  0.500000000000E+01
  0.500000000000E+01  0.500000000000E+01  0.500000000000E+01  0.500000000000E+01
  0.488630212220E+00  0.488908716439E+00  0.490613563023E+00  0.492987209122E+00  0.486507800265E+00  0.484614058974E+00  0.485349379989E+00
  0.494165072826E+00  0.495364297290E+00  0.486547191318E+00  0.487827844382E+00  0.487055837589E+00  0.494058544536E+00  0.496127933522E+00
  0.487591516691E+00  0.483167459327E+00  0.492383185910E+00  0.487198277340E+00  0.494738152002E+00  0.487948631654E+00  0.489652457880E+00
  0.487975472983E+00  0.497248722542E+00  0.496055921459E+00  0.494948818827E+00  0.492779385287E+00  0.489961991134E+00  0.489965023644E+00
  0.491321546659E+00  0.486017931588E+00  0.489981935261E+00  0.495091099977E+00
  0.100214792073E+01  0.100152366602E+01  0.100177921758E+01  0.100047555022E+01  0.100126704333E+01  0.100066742194E+01  0.100025486927E+01
  0.100050300652E+01  0.100178631734E+01  0.100112357820E+01  0.100132836583E+01  0.100072276399E+01  0.100164069721E+01  0.100168367826E+01
  0.100096358335E+01  0.100001091236E+01  0.100083203976E+01  0.100022366105E+01  0.100062122326E+01  0.100023363627E+01  0.100174700863E+01
  0.100098998959E+01  0.100118707696E+01  0.100134422954E+01  0.100132700903E+01  0.100179943015E+01  0.100192580062E+01  0.100163765934E+01
  0.100045822703E+01  0.100058944082E+01  0.100110055989E+01  0.100176392267E+01
  0.592825073933E+02  0.569872606483E+02  0.599022036398E+02  0.633822606817E+01  0.545131054635E+02  0.289242977415E+02  0.199530021880E+02
  0.626113027189E+01  0.809944367265E+02  0.446762912051E+02  0.606089200953E+02  0.418458576975E+02  0.725817249086E+02  0.828767364544E+02
  0.471621812509E+02  0.190261119261E+02  0.698829271064E+01  0.242758343680E+02  0.581054548934E+01  0.244102768053E+02  0.745289908663E+02
  0.445290283147E+02  0.900376627629E+02  0.791508726053E+02  0.840052186429E+02  0.662213895288E+02  0.662210616025E+02  0.694809359377E+02
  0.730429881566E+01  0.291712709033E+02  0.572677782138E+02  0.740085218439E+02
  0.104019662631E+02  0.907670751372E+01  0.106628934593E+02 -0.625082076174E+00  0.823626881057E+01  0.273132244887E+01  0.114068833099E+01
 -0.484957740147E+00  0.167340050194E+02  0.594956964866E+01  0.974133734465E+01  0.533968307222E+01  0.131120074578E+02  0.173515962999E+02
  0.650061605762E+01  0.106987678256E+01 -0.469260044028E+00  0.200638559420E+01 -0.491033473834E+00  0.202551679260E+01  0.127465223545E+02
  0.595918448551E+01  0.188704116331E+02  0.165353854353E+02  0.158431995576E+02  0.121892271684E+02  0.117941494045E+02  0.117003641483E+02
 -0.405527775662E+00  0.285344686747E+01  0.875370524450E+01  0.153857608013E+02
 -0.200109358507E-01  0.391772445123E-01  0.229261662841E-01 -0.156282811463E-01 -0.656717001013E-02 -0.228281400308E-02 -0.225604701118E-01
  0.165763567518E-01 -0.121544670614E-01  0.142492292027E-01 -0.111509854337E-01  0.345657439201E-01 -0.464724013673E-01 -0.254094788088E-01
  0.496301856069E-01  0.225569539623E-01  0.735789751783E-03  0.141695818268E+00  0.256397810573E-02  0.271839401821E-01  0.587776189101E-01
 -0.720783391244E-03  0.159210975609E+00  0.125152306127E+00  0.123975774046E+00  0.166870702283E+00 -0.572885936727E-02  0.123503397007E+00
  0.162681773719E-02  0.278172557224E-03 -0.855767446286E-02 -0.144068070410E-01
 -0.177718427061E+01 -0.201971304770E+01 -0.168866280775E+01 -0.731971772795E+00 -0.206700518047E+01 -0.181956040889E+01 -0.162140509420E+01
 -0.664116000917E+00 -0.113274614531E+01 -0.204102181939E+01 -0.195040361865E+01 -0.203911941627E+01 -0.159806793377E+01 -0.106674449002E+01
 -0.199928833990E+01 -0.161446414024E+01 -0.725550078663E+00 -0.162524949721E+01 -0.621200217809E+00 -0.149666272725E+01 -0.187387538700E+01
 -0.205491882105E+01 -0.974966986881E+00 -0.117898740659E+01 -0.134920420900E+01 -0.156531461629E+01 -0.165099370400E+01 -0.184541343924E+01
 -0.781350408966E+00 -0.179599917417E+01 -0.200425510428E+01 -0.119495243706E+01
 -0.239197891029E+02 -0.226850497908E+02 -0.242798943295E+02 -0.177510274954E+01 -0.215735638552E+02 -0.107857285065E+02 -0.709447764781E+01
 -0.181530237677E+01 -0.336416913399E+02 -0.173777157985E+02 -0.242042902437E+02 -0.161960231546E+02 -0.295939305424E+02 -0.344684948432E+02
 -0.184428729412E+02 -0.673742321005E+01 -0.205511325636E+01 -0.893117950506E+01 -0.166033859551E+01 -0.902686449790E+01 -0.300839529599E+02
 -0.173244317418E+02 -0.375524752750E+02 -0.329391774034E+02 -0.345407879788E+02 -0.270111989136E+02 -0.268715273111E+02 -0.279890498826E+02
 -0.219192597642E+01 -0.109208194333E+02 -0.227282298917E+02 -0.307136081400E+02
        12        15        11        11
        11         2        12        12
         5        10         2         2
        15        21        11        11
        15        22        21        21
        31        28        22        22
        15        12        18        18
        19        18        20        20
        11        21        13        13
        23        13        25        25
         7        12        10        10
        26        21        28        28
         7         8        20        20
        16        15        18        18
        26        24        25        25
        16        30        22        22
         3        11        13        13
         2        10        12        12
         3         1         2         2
        20        12         7         7
        10         6         7         7
        22        15        16        16
        18        17        16        16
        28        27        26        26
        32        24        26        26
         2        11         3         3
        13        14         3         3
        27        28        31        31
         2         1         5         5
         6        10         5         5
        14        13        23        23
        20         8        19        19
        17        18        19        19
        13        21        25        25
         1         3         9         9
        30        16        29        29
         8         7         4         4
        22        28        21        21
        24        23        25        25
        21        26        25        25
        30        31        22        22
        12        20        18        18
        17        29        16        16
        14         9         3         3
        27        32        26        26
         6         4         7         7
zone t="boundary 5 bc-5", solutiontime= 0.5000000E+02, strandid=1005, i=33, j=48, f=feblock
  0.500322133174E+01  0.500467668798E+01  0.500000000000E+01  0.500000000000E+01  0.500477267378E+01  0.500000000000E+01  0.500000000000E+01
  0.500000000000E+01  0.500000000000E+01  0.500000000000E+01  0.500358118334E+01  0.500000000000E+01  0.500000000000E+01  0.500000000000E+01
  0.500000000000E+01  0.500000000000E+01  0.500000000000E+01  0.500195253374E+01  0.500000000000E+01  0.500000000000E+01  0.500000000000E+01
  0.500000000000E+01  0.500000000000E+01  0.500000000000E+01  0.500000000000E+01  0.500000000000E+01  0.500000000000E+01  0.500000000000E+01
  0.500000000000E+01  0.500000000000E+01  0.500000000000E+01  0.500000000000E+01  0.500000000000E+01
  0.250494197117E+01  0.128129120217E+01  0.250494197117E+01  0.157899473280E+01  0.277507990648E-01  0.659350882208E+00  0.250494197117E+01
  0.173899611320E+01  0.825621401394E+00  0.132549389334E+01 -0.122585350888E+01 -0.322732261638E+00  0.250494197117E+01  0.490615021923E-01
 -0.873141960959E+00  0.350800286361E+00  0.145332269920E+01 -0.249658903664E+01 -0.147959633950E+01  0.250494197117E+01 -0.857924212153E+00
 -0.165007033378E+01  0.518568023061E+00 -0.461282870254E+00  0.125000000000E+01 -0.249658903664E+01 -0.183684615440E+01 -0.158398995423E+01
 -0.249658903664E+01 -0.249658903664E+01 -0.125000000000E+01  0.000000000000E+00 -0.249658903664E+01
  0.966887303890E-04  0.163805301938E-03  0.125000000000E+01  0.905837536509E+00  0.190347800845E-03  0.735450417037E+00  0.250000000000E+01
  0.182727219356E+01  0.162230260845E+01  0.280856328277E+01  0.160776520449E-03  0.109945440014E+01  0.375000000000E+01  0.227317933631E+01
  0.189599568386E+01  0.342819755379E+01  0.403384942830E+01  0.108225889030E-03  0.104050588738E+01  0.500000000000E+01  0.297954017413E+01
  0.214587157439E+01  0.430969386006E+01  0.408642231822E+01  0.500000000000E+01  0.125000000000E+01  0.304506426164E+01  0.398205049073E+01
  0.250000000000E+01  0.375000000000E+01  0.500000000000E+01  0.500000000000E+01  0.500000000000E+01
  0.000000000000E+00  0.000000000000E+00  0.508818740007E+00  0.471712425322E+00  0.000000000000E+00  0.480424704947E+00  0.534336813543E+00
  0.535531619250E+00  0.535217262723E+00  0.540680019904E+00  0.000000000000E+00  0.510273428527E+00  0.517132977413E+00  0.539182499878E+00
  0.543204092027E+00  0.529267297595E+00  0.511013649113E+00  0.000000000000E+00  0.495826128638E+00  0.492987209122E+00  0.531221672625E+00
  0.533997112617E+00  0.505620732074E+00  0.512014476594E+00  0.494165072826E+00  0.508782814017E+00  0.529626893995E+00  0.511930713562E+00
  0.537166654001E+00  0.515013352172E+00  0.492383185910E+00  0.494738152002E+00  0.491321546659E+00
  0.999989632591E+00  0.999990284980E+00  0.984074897465E+00  0.976466514671E+00  0.999991493230E+00  0.959091783848E+00  0.100365238200E+01
  0.994404490747E+00  0.991224200156E+00  0.100354018397E+01  0.999992822645E+00  0.971629385400E+00  0.100441979611E+01  0.100529955953E+01
  0.997231746294E+00  0.100663304702E+01  0.100304905544E+01  0.999993488485E+00  0.973552488429E+00  0.100047555022E+01  0.100766061326E+01
  0.100132074834E+01  0.100314075913E+01  0.100384124760E+01  0.100050300652E+01  0.985140607796E+00  0.100599387140E+01  0.100389539073E+01
  0.100292629404E+01  0.100487346357E+01  0.100083203976E+01  0.100062122326E+01  0.100045822703E+01
  0.956553973776E+01  0.101855686459E+02  0.128795236104E+02  0.127016600343E+02  0.892720892581E+01  0.108523015654E+02  0.910405892647E+01
  0.114680571547E+02  0.127244883267E+02  0.825014790691E+01  0.982426812552E+01  0.106072369703E+02  0.658174784403E+01  0.100470451206E+02
  0.111748632872E+02  0.671814045601E+01  0.530152388571E+01  0.665111860907E+01  0.104297288691E+02  0.633822606817E+01  0.780291919742E+01
  0.101733668874E+02  0.413226185307E+01  0.460359427854E+01  0.626113027189E+01  0.116066427218E+02  0.761976557576E+01  0.508829705199E+01
  0.882229658818E+01  0.623850628289E+01  0.698829271064E+01  0.581054548934E+01  0.730429881566E+01
 -0.194788488087E+01 -0.257034226415E+01 -0.281643984791E+01 -0.240054687377E+01 -0.232659160273E+01 -0.177940365926E+01 -0.240504414230E+01
 -0.285410364806E+01 -0.314785876656E+01 -0.219688325431E+01 -0.300357089393E+01 -0.218797040865E+01 -0.163346924762E+01 -0.266882365991E+01
 -0.293237680829E+01 -0.186945241394E+01 -0.164288245817E+01 -0.124614666808E+01 -0.205816791901E+01 -0.625082076174E+00 -0.207452917229E+01
 -0.261562616561E+01 -0.141085763535E+01 -0.164831731025E+01 -0.484957740147E+00 -0.255001148292E+01 -0.191874410933E+01 -0.164195938448E+01
 -0.229309081331E+01 -0.146376959164E+01 -0.469260044028E+00 -0.491033473834E+00 -0.405527775662E+00
  0.939438220156E-01  0.289738514283E+00  0.617126571259E-01  0.120800532257E+00 -0.408679147817E+00  0.265257249784E+00 -0.200133008402E-01
 -0.108878379913E+00 -0.160805775921E+00 -0.736903709054E-03  0.200305706568E+00 -0.203076641658E+00 -0.269062507380E-01  0.242631152963E-01
  0.806114853067E-01 -0.539618516776E-02 -0.167786249334E-01 -0.195470822127E-01  0.192921946939E+00 -0.156282811463E-01  0.500008054673E-01
  0.121154277374E+00 -0.707401542858E-02  0.137952234290E-01  0.165763567518E-01 -0.589739901325E-01  0.410443665966E-01  0.412147415035E-01
 -0.158988158180E-01  0.199433561410E-01  0.735789751783E-03  0.256397810573E-02  0.162681773719E-02
 -0.114007037924E+01 -0.128143302114E+01 -0.532351051052E+00 -0.106999412347E+01 -0.120846742822E+01 -0.333061387987E+01 -0.447165563779E+00
 -0.275910751787E+00 -0.309383142028E+00 -0.552317224093E+00 -0.118884679282E+01 -0.239991058454E+01 -0.555361123928E+00 -0.367877972438E+00
 -0.242003710394E+00 -0.383081073130E+00 -0.629024557025E+00 -0.804190445726E+00 -0.238687124257E+01 -0.731971772795E+00 -0.369840095302E+00
 -0.228464983460E+00 -0.453011815510E+00 -0.541770440476E+00 -0.664116000917E+00 -0.454058535903E+00 -0.313671417413E+00 -0.535374236979E+00
 -0.346325029687E+00 -0.441248952180E+00 -0.725550078663E+00 -0.621200217809E+00 -0.781350408966E+00
 -0.111497942025E+01 -0.146448280376E+01 -0.290871511609E+01 -0.316055427793E+01 -0.147123339045E+01 -0.283804783205E+01 -0.172281427782E+01
 -0.230925813976E+01 -0.263330411034E+01 -0.153756165343E+01 -0.195450806037E+01 -0.253604517078E+01 -0.128788742117E+01 -0.190330627554E+01
 -0.216183214432E+01 -0.121125999989E+01 -0.907606858275E+00 -0.865295410431E+00 -0.250638670517E+01 -0.177510274954E+01 -0.145419794346E+01
 -0.196809060422E+01 -0.629989289773E+00 -0.676559560540E+00 -0.181530237677E+01 -0.258782650720E+01 -0.146999543058E+01 -0.846666328436E+00
 -0.167787710148E+01 -0.125931430693E+01 -0.205511325636E+01 -0.166033859551E+01 -0.219192597642E+01
        12        15        14        14
        21        16        14        14
         9        14        10        10
        15        22        21        21
        29        27        22        22
        14        16        10        10
         7         8        10        10
        14        15        21        21
        14         9        12        12
         5        12         6         6
        21        24        16        16
        32        23        24        24
        28        21        27        27
        17        16        23        23
        28        31        24        24
        19        15        12        12
         4         2         6         6
         4         9         8         8
        10         8         9         9
        17        13        10        10
        19        26        22        22
        10        16        17        17
        23        25        17        17
        22        15        19        19
        12        11        19        19
        27        30        28        28
        33        31        28        28
         6         9         4         4
         8         3         4         4
        25        23        32        32
        10        13         7         7
         3         8         7         7
        30        27        29        29
         6         2         5         5
        11        12         5         5
        24        23        16        16
        13        17        20        20
        26        19        18        18
         2         4         1         1
        22        27        21        21
        31        32        24        24
        21        28        24        24
        26        29        22        22
         9         6        12        12
        11        18        19        19
        25        20        17        17
        30        33        28        28
         3         1         4         4
zone t="boundary 6 bc-6", solutiontime= 0.5000000E+02, strandid=1006, i=33, j=48, f=feblock
  0.375059096892E+01  0.249769609313E+01  0.500322133174E+01  0.403560203922E+01  0.280631115217E+01  0.124541910518E+01  0.182303273760E+01
  0.500467668798E+01  0.431322535535E+01  0.342786661481E+01  0.226876920017E+01  0.161701865931E+01 -0.547468544169E-02  0.900320961795E+00
  0.500477267378E+01  0.408884044540E+01  0.297791651125E+01  0.189186087594E+01  0.109435348063E+01  0.729840026748E+00 -0.567606031243E-02
  0.500358118334E+01  0.398317221069E+01  0.304409324138E+01  0.214319966288E+01  0.103661372330E+01 -0.525159244851E-02 -0.425776897977E-02
  0.500195253374E+01  0.375034811161E+01  0.249861146299E+01  0.124717526933E+01 -0.338395986572E-02
  0.250494197117E+01  0.250494197117E+01  0.250494197117E+01  0.148676003042E+01  0.135862937360E+01  0.250494197117E+01  0.177126519354E+01
  0.128129120217E+01  0.548913337634E+00  0.381390483997E+00  0.772369181920E-01  0.855320802494E+00  0.250494197117E+01  0.160897911228E+01
  0.277507990648E-01 -0.435104782594E+00 -0.833499148309E+00 -0.848131036561E+00 -0.296462201067E+00  0.687468474672E+00  0.127822156907E+01
 -0.122585350888E+01 -0.156121190484E+01 -0.181436122511E+01 -0.162712850922E+01 -0.145562642992E+01  0.261948602442E-01 -0.122573481164E+01
 -0.249658903664E+01 -0.249658903664E+01 -0.249658903664E+01 -0.249658903664E+01 -0.249658903664E+01
  0.135649900494E-03  0.110129816467E-03  0.966887303890E-04  0.171331286211E-03  0.194349216398E-03  0.103942505801E-03  0.183620288715E-03
  0.163805301938E-03  0.231300957359E-03  0.293695548343E-03  0.207230778309E-03  0.152981090497E-03  0.803813859867E-04  0.870414072768E-04
  0.190347800845E-03  0.271993329411E-03  0.224559693186E-03  0.167064550182E-03  0.126059023692E-03  0.104459864054E-03  0.822460170215E-04
  0.160776520449E-03  0.175711672037E-03  0.161700011242E-03  0.160617042523E-03  0.104718930153E-03  0.103872438719E-03  0.341545874230E-04
  0.108225889030E-03  0.145875369682E-03  0.100893326425E-03  0.110858761917E-03  0.810725962649E-04
  0.000000000000E+00  0.000000000000E+00  0.000000000000E+00  0.000000000000E+00  0.000000000000E+00  0.000000000000E+00  0.000000000000E+00
  0.000000000000E+00  0.000000000000E+00  0.000000000000E+00  0.000000000000E+00  0.000000000000E+00  0.000000000000E+00  0.000000000000E+00
  0.000000000000E+00  0.000000000000E+00  0.000000000000E+00  0.000000000000E+00  0.000000000000E+00  0.000000000000E+00  0.000000000000E+00
  0.000000000000E+00  0.000000000000E+00  0.000000000000E+00  0.000000000000E+00  0.000000000000E+00  0.000000000000E+00  0.000000000000E+00
  0.000000000000E+00  0.000000000000E+00  0.000000000000E+00  0.000000000000E+00  0.000000000000E+00
  0.999989345567E+00  0.999989414891E+00  0.999989632591E+00  0.999989603432E+00  0.999989623160E+00  0.999989832933E+00  0.999989802182E+00
  0.999990284980E+00  0.999990687105E+00  0.999990492890E+00  0.999991232882E+00  0.999990584619E+00  0.999990300362E+00  0.999990374872E+00
  0.999991493230E+00  0.999992142608E+00  0.999992690497E+00  0.999992319604E+00  0.999991647213E+00  0.999990921527E+00  0.999990762612E+00
  0.999992822645E+00  0.999993396492E+00  0.999993479934E+00  0.999993154372E+00  0.999992520805E+00  0.999991420552E+00  0.999992171067E+00
  0.999993488485E+00  0.999993690942E+00  0.999993544242E+00  0.999993139053E+00  0.999992724186E+00
  0.107914165019E+02  0.524704801047E+01  0.956553973776E+01  0.934722130625E+01  0.647504724657E+01  0.521277307463E+01  0.527807593829E+01
  0.101855686459E+02  0.846613864481E+01  0.842466243653E+01  0.656738615103E+01  0.423444857952E+01  0.407544933456E+01  0.797112757255E+01
  0.892720892581E+01  0.921094714162E+01  0.800171769967E+01  0.486021248757E+01  0.342156271520E+01  0.671141705411E+01  0.412812847529E+01
  0.982426812552E+01  0.818645711453E+01  0.618544126877E+01  0.585100764829E+01  0.419755754132E+01  0.502453645223E+01  0.234667641502E+01
  0.665111860907E+01  0.572705135386E+01  0.793439370578E+01  0.767283826262E+01  0.426003278622E+01
  0.432288947362E+00  0.710374188014E+00 -0.194788488087E+01  0.123781818290E+01  0.178643965251E+01 -0.677344158091E-01  0.327703901657E+00
 -0.257034226415E+01  0.263638096840E+00  0.563418966285E+00  0.127585484493E+01  0.674418648047E+00  0.799871105704E+00  0.119852268138E+00
 -0.232659160273E+01  0.102558503635E+01  0.787606550293E+00  0.486821556499E+00  0.127288065458E+01  0.805711342899E-01  0.105478177056E+01
 -0.300357089393E+01  0.127476858307E+01 -0.214953687147E+00  0.112584333746E+01  0.149655788842E+01  0.433591615048E+00  0.824020694206E+00
 -0.124614666808E+01  0.136987799218E+00  0.122334601988E+00  0.208395595077E+00  0.686357898952E+00
 -0.185807054272E+00 -0.629320528071E-01  0.939438220156E-01  0.298469623241E+00  0.668763360110E-01 -0.786823622266E-02 -0.280352610888E+00
  0.289738514283E+00  0.493819889752E+00  0.708308411810E-01  0.805924590536E-02  0.246771816213E+00  0.218788025415E+00  0.106536956420E+00
 -0.408679147817E+00 -0.654153713507E+00 -0.347828605892E+00 -0.669201059497E+00 -0.192184786246E+00  0.137619288900E+00  0.256282473184E+00
  0.200305706568E+00  0.120404989119E+01  0.580979824841E+00  0.146558818811E+00 -0.485187767983E+00  0.389518136149E+00 -0.309789082573E+00
 -0.195470822127E-01  0.296838809729E-01  0.182964196493E+00  0.181752908604E+00 -0.306065354375E+00
 -0.232261213804E+01 -0.194716467656E+01 -0.114007037924E+01 -0.492360683200E+01 -0.549199133389E+01 -0.211724547301E+01 -0.245787471790E+01
 -0.128143302114E+01 -0.320049796992E+01 -0.492022062030E+01 -0.472162969625E+01 -0.440315775600E+01 -0.202674619061E+01 -0.355517083495E+01
 -0.120846742822E+01 -0.428503110874E+01 -0.484338651863E+01 -0.293129586751E+01 -0.393990239482E+01 -0.252907004211E+01 -0.259759257039E+01
 -0.118884679282E+01 -0.336401162494E+01 -0.236801236573E+01 -0.367211534131E+01 -0.429818853812E+01 -0.150225805291E+01 -0.157118802686E+01
 -0.804190445726E+00 -0.119579747759E+01 -0.146480949952E+01 -0.223294114392E+01 -0.123619694428E+01
 -0.550284891016E-02 -0.583401361605E-01 -0.111497942025E+01 -0.236829367694E-01 -0.149194995896E+00 -0.493974893022E-01 -0.284594635426E-01
 -0.146448280376E+01 -0.197969722369E-01 -0.300503748983E-01 -0.674021037710E-01 -0.789513137187E-01 -0.108287566431E+01 -0.622691047495E-01
 -0.147123339045E+01 -0.123951182505E-01 -0.447535698876E-01 -0.918669078830E-01 -0.465863063042E+00 -0.896293094307E-01 -0.136481633563E+01
 -0.195450806037E+01 -0.277560019758E-01 -0.566261346472E-01 -0.570139520860E-01 -0.294746015730E+00 -0.773354807227E+00 -0.503648455715E+00
 -0.865295410431E+00 -0.757482655101E-02  0.877788574457E-02 -0.187367306826E-01 -0.837497777588E+00
        19        18        11        11
        17        10        11        11
        12        11         5         5
        18        25        17        17
        31        24        25        25
        11        10         5         5
         2         7         5         5
        11        18        17        17
        11        12        19        19
        27        19        20        20
        17        16        10        10
        15         9        16        16
        23        17        24        24
         4        10         9         9
        23        22        16        16
        26        18        19        19
        14        21        20        20
        14        12         7         7
         5         7        12        12
         4         1         5         5
        26        32        25        25
         5        10         4         4
         9         8         4         4
        25        18        26        26
        19        28        26        26
        24        30        23        23
        29        22        23        23
        20        12        14        14
         7         6        14        14
         8         9        15        15
         5         1         2         2
         6         7         2         2
        30        24        31        31
        20        21        27        27
        28        19        27        27
        16         9        10        10
         1         4         3         3
        32        26        33        33
        21        14        13        13
        25        24        17        17
        22        15        16        16
        17        23        16        16
        32        31        25        25
        12        20        19        19
        28        33        26        26
         8         3         4         4
        30        29        23        23
         6        13        14        14
