title="tecplot geometry and solution file"
variables = x y z rho u v w p mach temperature
zone t="boundary 1 bc-1", solutiontime= 0.2000000E+02, strandid=1001, i=42, j=30, f=feblock
  0.000000000000E+00  0.000000000000E+00  0.000000000000E+00  0.000000000000E+00  0.000000000000E+00  0.000000000000E+00  0.000000000000E+00
  0.000000000000E+00  0.000000000000E+00  0.000000000000E+00  0.000000000000E+00  0.000000000000E+00  0.000000000000E+00  0.000000000000E+00
  0.000000000000E+00  0.000000000000E+00  0.000000000000E+00  0.000000000000E+00  0.000000000000E+00  0.000000000000E+00  0.000000000000E+00
  0.000000000000E+00  0.000000000000E+00  0.000000000000E+00  0.000000000000E+00  0.000000000000E+00  0.000000000000E+00  0.000000000000E+00
  0.000000000000E+00  0.000000000000E+00  0.000000000000E+00  0.000000000000E+00  0.000000000000E+00  0.000000000000E+00  0.000000000000E+00
  0.000000000000E+00  0.000000000000E+00  0.000000000000E+00  0.000000000000E+00  0.000000000000E+00  0.000000000000E+00  0.000000000000E+00
  0.000000000000E+00 -0.833333333333E+00  0.000000000000E+00  0.000000000000E+00  0.000000000000E+00 -0.166666666667E+01 -0.833333333333E+00
 -0.833333333333E+00 -0.833333333333E+00  0.000000000000E+00 -0.250000000000E+01 -0.166666666667E+01 -0.166666666667E+01 -0.166666666667E+01
 -0.833333333333E+00  0.000000000000E+00 -0.333333333333E+01 -0.250000000000E+01 -0.250000000000E+01 -0.250000000000E+01 -0.166666666667E+01
 -0.833333333333E+00 -0.416666666667E+01 -0.333333333333E+01 -0.333333333333E+01 -0.333333333333E+01 -0.250000000000E+01 -0.166666666667E+01
 -0.500000000000E+01 -0.416666666667E+01 -0.416666666667E+01 -0.416666666667E+01 -0.333333333333E+01 -0.250000000000E+01 -0.500000000000E+01
 -0.500000000000E+01 -0.500000000000E+01 -0.416666666667E+01 -0.333333333333E+01 -0.500000000000E+01 -0.416666666667E+01 -0.500000000000E+01
  0.500000000000E+01  0.500000000000E+01  0.400000000000E+01  0.200000000000E+01  0.300000000000E+01  0.500000000000E+01  0.400000000000E+01
  0.200000000000E+01  0.300000000000E+01  0.100000000000E+01  0.500000000000E+01  0.400000000000E+01  0.200000000000E+01  0.300000000000E+01
  0.100000000000E+01  0.000000000000E+00  0.500000000000E+01  0.400000000000E+01  0.200000000000E+01  0.300000000000E+01  0.100000000000E+01
  0.000000000000E+00  0.500000000000E+01  0.400000000000E+01  0.200000000000E+01  0.300000000000E+01  0.100000000000E+01  0.000000000000E+00
  0.500000000000E+01  0.400000000000E+01  0.200000000000E+01  0.300000000000E+01  0.100000000000E+01  0.000000000000E+00  0.400000000000E+01
  0.200000000000E+01  0.300000000000E+01  0.100000000000E+01  0.000000000000E+00  0.100000000000E+01  0.000000000000E+00  0.000000000000E+00
  0.100000000000E+01  0.100000000000E+01  0.100000000000E+01  0.100000000000E+01  0.100000000000E+01  0.100000000000E+01  0.100000000000E+01
  0.100000000000E+01  0.100000000000E+01  0.100000000000E+01  0.100000000000E+01  0.100000000000E+01  0.100000000000E+01  0.100000000000E+01
  0.100000000000E+01  0.100000000000E+01  0.100000000000E+01  0.100000000000E+01  0.100000000000E+01  0.100000000000E+01  0.100000000000E+01
  0.100000000000E+01  0.100000000000E+01  0.100000000000E+01  0.100000000000E+01  0.100000000000E+01  0.100000000000E+01  0.100000000000E+01
  0.100000000000E+01  0.100000000000E+01  0.100000000000E+01  0.100000000000E+01  0.100000000000E+01  0.100000000000E+01  0.100000000000E+01
  0.100000000000E+01  0.100000000000E+01  0.100000000000E+01  0.100000000000E+01  0.100000000000E+01  0.100000000000E+01  0.100000000000E+01
  0.500000000000E+00  0.500000000000E+00  0.500000000000E+00  0.500000000000E+00  0.500000000000E+00  0.500000000000E+00  0.500000000000E+00
  0.500000000000E+00  0.500000000000E+00  0.500000000000E+00  0.500000000000E+00  0.500000000000E+00  0.500000000000E+00  0.500000000000E+00
  0.500000000000E+00  0.500000000000E+00  0.500000000000E+00  0.500000000000E+00  0.500000000000E+00  0.500000000000E+00  0.500000000000E+00
  0.500000000000E+00  0.500000000000E+00  0.500000000000E+00  0.500000000000E+00  0.500000000000E+00  0.500000000000E+00  0.500000000000E+00
  0.500000000000E+00  0.500000000000E+00  0.500000000000E+00  0.500000000000E+00  0.500000000000E+00  0.500000000000E+00  0.500000000000E+00
  0.500000000000E+00  0.500000000000E+00  0.500000000000E+00  0.500000000000E+00  0.500000000000E+00  0.500000000000E+00  0.500000000000E+00
  0.000000000000E+00  0.282917485393E-15  0.000000000000E+00  0.000000000000E+00  0.000000000000E+00  0.679708561246E-16 -0.105984521289E-15
 -0.106421876576E-15 -0.167785584458E-15  0.000000000000E+00  0.102297419287E-15 -0.118258386894E-15 -0.182727907434E-15 -0.691375126960E-16
  0.881042442229E-16  0.000000000000E+00 -0.127703338089E-15  0.765901400769E-16 -0.279242863643E-16  0.174735213606E-15  0.105939376004E-15
 -0.902892957077E-16 -0.265908039765E-15  0.283412497135E-15 -0.231740739864E-15  0.157580819270E-16 -0.139637813648E-15 -0.256789731403E-16
  0.000000000000E+00  0.121963316336E-15 -0.422383798980E-16  0.206426603041E-16 -0.128969992411E-15 -0.722458803464E-16  0.000000000000E+00
  0.000000000000E+00  0.000000000000E+00 -0.269024954692E-16 -0.160738874194E-15  0.000000000000E+00  0.192109791347E-15  0.000000000000E+00
  0.118994690135E-15 -0.225372536773E-15  0.147528051278E-15  0.214254436028E-15  0.221987235832E-15  0.149351538442E-15 -0.158662240783E-15
  0.928065522834E-16  0.505359641750E-16 -0.174622412702E-15  0.198673938772E-16 -0.255791434315E-15  0.116920858358E-15  0.473045231401E-16
  0.277011864510E-16 -0.138003885579E-15  0.239381839919E-15 -0.289481452391E-15  0.110600313733E-15  0.143912569289E-16  0.253914147033E-16
 -0.632621954389E-16  0.438624920443E-15 -0.333310514918E-16  0.140480969797E-15  0.858921400532E-16 -0.152226934536E-15 -0.897746553173E-16
  0.382685132078E-15 -0.593736080867E-16  0.550282495180E-16 -0.139579404448E-15 -0.365199959148E-15  0.229506073044E-15  0.294204014274E-15
  0.253060937314E-15  0.119042023594E-15  0.151193590578E-15 -0.321114521502E-15 -0.121525660530E-15  0.347068112663E-15 -0.122700827727E-14
  0.714285714286E+00  0.714285714286E+00  0.714285714286E+00  0.714285714286E+00  0.714285714286E+00  0.714285714286E+00  0.714285714286E+00
  0.714285714286E+00  0.714285714286E+00  0.714285714286E+00  0.714285714286E+00  0.714285714286E+00  0.714285714286E+00  0.714285714286E+00
  0.714285714286E+00  0.714285714286E+00  0.714285714286E+00  0.714285714286E+00  0.714285714286E+00  0.714285714286E+00  0.714285714286E+00
  0.714285714286E+00  0.714285714286E+00  0.714285714286E+00  0.714285714286E+00  0.714285714286E+00  0.714285714286E+00  0.714285714286E+00
  0.714285714286E+00  0.714285714286E+00  0.714285714286E+00  0.714285714286E+00  0.714285714286E+00  0.714285714286E+00  0.714285714286E+00
  0.714285714286E+00  0.714285714286E+00  0.714285714286E+00  0.714285714286E+00  0.714285714286E+00  0.714285714286E+00  0.714285714286E+00
  0.500000000000E+00  0.500000000000E+00  0.500000000000E+00  0.500000000000E+00  0.500000000000E+00  0.500000000000E+00  0.500000000000E+00
  0.500000000000E+00  0.500000000000E+00  0.500000000000E+00  0.500000000000E+00  0.500000000000E+00  0.500000000000E+00  0.500000000000E+00
  0.500000000000E+00  0.500000000000E+00  0.500000000000E+00  0.500000000000E+00  0.500000000000E+00  0.500000000000E+00  0.500000000000E+00
  0.500000000000E+00  0.500000000000E+00  0.500000000000E+00  0.500000000000E+00  0.500000000000E+00  0.500000000000E+00  0.500000000000E+00
  0.500000000000E+00  0.500000000000E+00  0.500000000000E+00  0.500000000000E+00  0.500000000000E+00  0.500000000000E+00  0.500000000000E+00
  0.500000000000E+00  0.500000000000E+00  0.500000000000E+00  0.500000000000E+00  0.500000000000E+00  0.500000000000E+00  0.500000000000E+00
  0.100000000000E+01  0.100000000000E+01  0.100000000000E+01  0.100000000000E+01  0.100000000000E+01  0.100000000000E+01  0.100000000000E+01
  0.100000000000E+01  0.100000000000E+01  0.100000000000E+01  0.100000000000E+01  0.100000000000E+01  0.100000000000E+01  0.100000000000E+01
  0.100000000000E+01  0.100000000000E+01  0.100000000000E+01  0.100000000000E+01  0.100000000000E+01  0.100000000000E+01  0.100000000000E+01
  0.100000000000E+01  0.100000000000E+01  0.100000000000E+01  0.100000000000E+01  0.100000000000E+01  0.100000000000E+01  0.100000000000E+01
  0.100000000000E+01  0.100000000000E+01  0.100000000000E+01  0.100000000000E+01  0.100000000000E+01  0.100000000000E+01  0.100000000000E+01
  0.100000000000E+01  0.100000000000E+01  0.100000000000E+01  0.100000000000E+01  0.100000000000E+01  0.100000000000E+01  0.100000000000E+01
         2         7         3         1
         7         9         5         3
         9         8         4         5
         8        15        10         4
        15        22        16        10
         6        12         7         2
        12        14         9         7
        14        13         8         9
        13        21        15         8
        21        28        22        15
        11        18        12         6
        18        20        14        12
        20        19        13        14
        19        27        21        13
        27        34        28        21
        17        24        18        11
        24        26        20        18
        26        25        19        20
        25        33        27        19
        33        39        34        27
        23        30        24        17
        30        32        26        24
        32        31        25        26
        31        38        33        25
        38        41        39        33
        29        35        30        23
        35        37        32        30
        37        36        31        32
        36        40        38        31
        40        42        41        38
zone t="boundary 2 bc-2", solutiontime= 0.2000000E+02, strandid=1002, i=50, j=78, f=feblock
  0.500000000000E+01  0.400000000000E+01  0.500000000000E+01  0.432205072469E+01  0.300000000000E+01  0.339985167428E+01  0.500000000000E+01
  0.414352482062E+01  0.200000000000E+01  0.238772260472E+01  0.328766614337E+01  0.253053942594E+01  0.500000000000E+01  0.437470683547E+01
  0.355186041251E+01  0.100000000000E+01  0.148474164412E+01  0.182006405350E+01  0.265208498144E+01  0.158439218620E+01  0.500000000000E+01
  0.421824364393E+01  0.356601661300E+01  0.279151482472E+01  0.000000000000E+00  0.691584087487E+00  0.102677755985E+01  0.203910647352E+01
  0.786163368796E+00  0.130062434092E+01  0.579883387792E+00  0.500000000000E+01  0.439593351493E+01  0.365358382485E+01  0.222719085292E+01
  0.294979435250E+01  0.181898636514E+01  0.000000000000E+00  0.000000000000E+00  0.608717331133E+00  0.956798945949E+00  0.000000000000E+00
  0.400000000000E+01  0.200000000000E+01  0.160059523280E+01  0.300000000000E+01  0.000000000000E+00  0.482256655205E+00  0.100000000000E+01
  0.000000000000E+00
 -0.500000000000E+01 -0.500000000000E+01 -0.500000000000E+01 -0.500000000000E+01 -0.500000000000E+01 -0.500000000000E+01 -0.500000000000E+01
 -0.500000000000E+01 -0.500000000000E+01 -0.500000000000E+01 -0.500000000000E+01 -0.500000000000E+01 -0.500000000000E+01 -0.500000000000E+01
 -0.500000000000E+01 -0.500000000000E+01 -0.500000000000E+01 -0.500000000000E+01 -0.500000000000E+01 -0.500000000000E+01 -0.500000000000E+01
 -0.500000000000E+01 -0.500000000000E+01 -0.500000000000E+01 -0.500000000000E+01 -0.500000000000E+01 -0.500000000000E+01 -0.500000000000E+01
 -0.500000000000E+01 -0.500000000000E+01 -0.500000000000E+01 -0.500000000000E+01 -0.500000000000E+01 -0.500000000000E+01 -0.500000000000E+01
 -0.500000000000E+01 -0.500000000000E+01 -0.500000000000E+01 -0.500000000000E+01 -0.500000000000E+01 -0.500000000000E+01 -0.500000000000E+01
 -0.500000000000E+01 -0.500000000000E+01 -0.500000000000E+01 -0.500000000000E+01 -0.500000000000E+01 -0.500000000000E+01 -0.500000000000E+01
 -0.500000000000E+01
  0.500000000000E+01  0.500000000000E+01  0.400000000000E+01  0.427284776458E+01  0.500000000000E+01  0.409791606955E+01  0.300000000000E+01
  0.334954216394E+01  0.500000000000E+01  0.428961258157E+01  0.317389756208E+01  0.342579600005E+01  0.200000000000E+01  0.245604909385E+01
  0.233993022181E+01  0.500000000000E+01  0.436396516571E+01  0.369973104758E+01  0.256908373316E+01  0.279597472668E+01  0.100000000000E+01
  0.157729503259E+01  0.159701071514E+01  0.152167522831E+01  0.500000000000E+01  0.441213888848E+01  0.370665089386E+01  0.199896920986E+01
  0.224835513052E+01  0.181406525358E+01  0.296809553468E+01  0.000000000000E+00  0.696815730569E+00  0.990157383601E+00  0.787866207738E+00
  0.548147595005E+00  0.128672970530E+01  0.400000000000E+01  0.200000000000E+01  0.160443740745E+01  0.959766653149E+00  0.300000000000E+01
  0.000000000000E+00  0.000000000000E+00  0.606872513237E+00  0.000000000000E+00  0.100000000000E+01  0.486991412371E+00  0.000000000000E+00
  0.000000000000E+00
  0.100000000000E+01  0.100000000000E+01  0.100000000000E+01  0.100000000000E+01  0.100000000000E+01  0.100000000000E+01  0.100000000000E+01
  0.100000000000E+01  0.100000000000E+01  0.100000000000E+01  0.100000000000E+01  0.100000000000E+01  0.100000000000E+01  0.100000000000E+01
  0.100000000000E+01  0.100000000000E+01  0.100000000000E+01  0.100000000000E+01  0.100000000000E+01  0.100000000000E+01  0.100000000000E+01
  0.100000000000E+01  0.100000000000E+01  0.100000000000E+01  0.100000000000E+01  0.100000000000E+01  0.100000000000E+01  0.100000000000E+01
  0.100000000000E+01  0.100000000000E+01  0.100000000000E+01  0.100000000000E+01  0.100000000000E+01  0.100000000000E+01  0.100000000000E+01
  0.100000000000E+01  0.100000000000E+01  0.100000000000E+01  0.100000000000E+01  0.100000000000E+01  0.100000000000E+01  0.100000000000E+01
  0.100000000000E+01  0.100000000000E+01  0.100000000000E+01  0.100000000000E+01  0.100000000000E+01  0.100000000000E+01  0.100000000000E+01
  0.100000000000E+01
  0.500000000000E+00  0.500000000000E+00  0.500000000000E+00  0.500000000000E+00  0.500000000000E+00  0.500000000000E+00  0.500000000000E+00
  0.500000000000E+00  0.500000000000E+00  0.500000000000E+00  0.500000000000E+00  0.500000000000E+00  0.500000000000E+00  0.500000000000E+00
  0.500000000000E+00  0.500000000000E+00  0.500000000000E+00  0.500000000000E+00  0.500000000000E+00  0.500000000000E+00  0.500000000000E+00
  0.500000000000E+00  0.500000000000E+00  0.500000000000E+00  0.500000000000E+00  0.500000000000E+00  0.500000000000E+00  0.500000000000E+00
  0.500000000000E+00  0.500000000000E+00  0.500000000000E+00  0.500000000000E+00  0.500000000000E+00  0.500000000000E+00  0.500000000000E+00
  0.500000000000E+00  0.500000000000E+00  0.500000000000E+00  0.500000000000E+00  0.500000000000E+00  0.500000000000E+00  0.500000000000E+00
  0.500000000000E+00  0.500000000000E+00  0.500000000000E+00  0.500000000000E+00  0.500000000000E+00  0.500000000000E+00  0.500000000000E+00
  0.500000000000E+00
  0.000000000000E+00  0.000000000000E+00  0.000000000000E+00  0.000000000000E+00  0.000000000000E+00  0.000000000000E+00  0.000000000000E+00
  0.000000000000E+00  0.000000000000E+00  0.000000000000E+00  0.000000000000E+00  0.000000000000E+00  0.000000000000E+00  0.000000000000E+00
  0.000000000000E+00  0.000000000000E+00  0.000000000000E+00  0.000000000000E+00  0.000000000000E+00  0.000000000000E+00  0.000000000000E+00
  0.000000000000E+00  0.000000000000E+00  0.000000000000E+00  0.000000000000E+00  0.000000000000E+00  0.000000000000E+00  0.000000000000E+00
  0.000000000000E+00  0.000000000000E+00  0.000000000000E+00  0.000000000000E+00  0.000000000000E+00  0.000000000000E+00  0.000000000000E+00
  0.000000000000E+00  0.000000000000E+00  0.000000000000E+00  0.000000000000E+00  0.000000000000E+00  0.000000000000E+00  0.000000000000E+00
  0.000000000000E+00  0.000000000000E+00  0.000000000000E+00  0.000000000000E+00  0.000000000000E+00  0.000000000000E+00  0.000000000000E+00
  0.000000000000E+00
  0.220771071074E-15 -0.346457605909E-15 -0.338874196751E-17  0.134772590073E-16 -0.969856410887E-16  0.301878713438E-15  0.189063425299E-16
  0.725389634116E-16 -0.159858032485E-15  0.448967086069E-17  0.213632356172E-15  0.245170328437E-15  0.196823755690E-16  0.180200357791E-15
 -0.211042186508E-15  0.536749062066E-15 -0.309389976317E-15 -0.186078426403E-15 -0.823779582811E-16 -0.144324534402E-16  0.224155884219E-16
 -0.373415306241E-16 -0.600574156871E-16 -0.206619208867E-15  0.382685132078E-15  0.925523876409E-16  0.236680721620E-15 -0.190379822277E-15
 -0.192121385098E-15 -0.142968815864E-16  0.183218529666E-16 -0.112090574570E-14 -0.548421323920E-17 -0.434489205280E-16 -0.104890987057E-15
  0.425015199528E-15 -0.245495020732E-15  0.294204014274E-15  0.253060937314E-15 -0.247902393147E-16  0.862039674132E-16  0.119042023594E-15
 -0.157478891059E-14 -0.158942239252E-14  0.435281675364E-15 -0.132948174931E-14 -0.121525660530E-15  0.244617563394E-15 -0.149016645723E-14
 -0.122700827727E-14
  0.714285714286E+00  0.714285714286E+00  0.714285714286E+00  0.714285714286E+00  0.714285714286E+00  0.714285714286E+00  0.714285714286E+00
  0.714285714286E+00  0.714285714286E+00  0.714285714286E+00  0.714285714286E+00  0.714285714286E+00  0.714285714286E+00  0.714285714286E+00
  0.714285714286E+00  0.714285714286E+00  0.714285714286E+00  0.714285714286E+00  0.714285714286E+00  0.714285714286E+00  0.714285714286E+00
  0.714285714286E+00  0.714285714286E+00  0.714285714286E+00  0.714285714286E+00  0.714285714286E+00  0.714285714286E+00  0.714285714286E+00
  0.714285714286E+00  0.714285714286E+00  0.714285714286E+00  0.714285714286E+00  0.714285714286E+00  0.714285714286E+00  0.714285714286E+00
  0.714285714286E+00  0.714285714286E+00  0.714285714286E+00  0.714285714286E+00  0.714285714286E+00  0.714285714286E+00  0.714285714286E+00
  0.714285714286E+00  0.714285714286E+00  0.714285714286E+00  0.714285714286E+00  0.714285714286E+00  0.714285714286E+00  0.714285714286E+00
  0.714285714286E+00
  0.500000000000E+00  0.500000000000E+00  0.500000000000E+00  0.500000000000E+00  0.500000000000E+00  0.500000000000E+00  0.500000000000E+00
  0.500000000000E+00  0.500000000000E+00  0.500000000000E+00  0.500000000000E+00  0.500000000000E+00  0.500000000000E+00  0.500000000000E+00
  0.500000000000E+00  0.500000000000E+00  0.500000000000E+00  0.500000000000E+00  0.500000000000E+00  0.500000000000E+00  0.500000000000E+00
  0.500000000000E+00  0.500000000000E+00  0.500000000000E+00  0.500000000000E+00  0.500000000000E+00  0.500000000000E+00  0.500000000000E+00
  0.500000000000E+00  0.500000000000E+00  0.500000000000E+00  0.500000000000E+00  0.500000000000E+00  0.500000000000E+00  0.500000000000E+00
  0.500000000000E+00  0.500000000000E+00  0.500000000000E+00  0.500000000000E+00  0.500000000000E+00  0.500000000000E+00  0.500000000000E+00
  0.500000000000E+00  0.500000000000E+00  0.500000000000E+00  0.500000000000E+00  0.500000000000E+00  0.500000000000E+00  0.500000000000E+00
  0.500000000000E+00
  0.100000000000E+01  0.100000000000E+01  0.100000000000E+01  0.100000000000E+01  0.100000000000E+01  0.100000000000E+01  0.100000000000E+01
  0.100000000000E+01  0.100000000000E+01  0.100000000000E+01  0.100000000000E+01  0.100000000000E+01  0.100000000000E+01  0.100000000000E+01
  0.100000000000E+01  0.100000000000E+01  0.100000000000E+01  0.100000000000E+01  0.100000000000E+01  0.100000000000E+01  0.100000000000E+01
  0.100000000000E+01  0.100000000000E+01  0.100000000000E+01  0.100000000000E+01  0.100000000000E+01  0.100000000000E+01  0.100000000000E+01
  0.100000000000E+01  0.100000000000E+01  0.100000000000E+01  0.100000000000E+01  0.100000000000E+01  0.100000000000E+01  0.100000000000E+01
  0.100000000000E+01  0.100000000000E+01  0.100000000000E+01  0.100000000000E+01  0.100000000000E+01  0.100000000000E+01  0.100000000000E+01
  0.100000000000E+01  0.100000000000E+01  0.100000000000E+01  0.100000000000E+01  0.100000000000E+01  0.100000000000E+01  0.100000000000E+01
  0.100000000000E+01
        44        35        36        36
        24        34        36        36
        38        27        31        31
        20        29        31        31
        24        23        34        34
        15        22        23        23
        24        35        37        37
        41        30        37        37
        27        18        20        20
        17        18        27        27
        15        19        11        11
        12         6        11        11
         8         7        14        14
        13        14         7         7
        41        40        30        30
        47        39        40        40
        17         9        10        10
         5        10         9         9
        44        45        35        35
        49        41        45        45
        19        15        24        24
        36        35        24        24
        37        45        41        41
        40        39        29        29
        30        29        20        20
        12        18        10        10
        20        12        19        19
        11         8        15        15
        20        18        12        12
        27        20        31        31
        28        20        19        19
        23        24        15        15
        23        22        34        34
        28        24        37        37
        11        19        12        12
        11         6         8         8
        28        19        24        24
        40        41        47        47
        30        40        29        29
        45        44        49        49
        37        35        45        45
        16        26        25        25
        27        38        26        26
        47        48        50        50
        43        33        32        32
        22        21        33        33
         3         4         1         1
         6         2         4         4
        10         5         6         6
        14        13        22        22
         4         3         8         8
         7         8         3         3
        42        38        31        31
         9        17        16        16
        33        43        34        34
        36        34        43        43
        41        48        47        47
        15         8        14        14
        28        30        20        20
        18        17        10        10
        42        31        39        39
        26        16        17        17
         8         6         4         4
        34        22        33        33
        37        30        28        28
        27        26        17        17
        49        48        41        41
        46        36        43        43
        31        29        39        39
        36        46        44        44
        22        13        21        21
        15        14        22        22
         6         5         2         2
        12        10         6         6
        26        38        25        25
        48        49        50        50
        33        21        32        32
         4         2         1         1
zone t="boundary 3 bc-3", solutiontime= 0.2000000E+02, strandid=1003, i=50, j=78, f=feblock
  0.500000000000E+01  0.400000000000E+01  0.500000000000E+01  0.432205072469E+01  0.300000000000E+01  0.339985167428E+01  0.500000000000E+01
  0.414352482062E+01  0.200000000000E+01  0.238772260472E+01  0.328766614337E+01  0.253053942594E+01  0.500000000000E+01  0.437470683547E+01
  0.355186041251E+01  0.100000000000E+01  0.148474164412E+01  0.182006405350E+01  0.265208498144E+01  0.158439218620E+01  0.500000000000E+01
  0.421824364393E+01  0.356601661300E+01  0.279151482472E+01  0.000000000000E+00  0.691584087487E+00  0.102677755985E+01  0.203910647352E+01
  0.786163368796E+00  0.130062434092E+01  0.579883387792E+00  0.500000000000E+01  0.439593351493E+01  0.365358382485E+01  0.222719085292E+01
  0.294979435250E+01  0.181898636514E+01  0.000000000000E+00  0.000000000000E+00  0.608717331133E+00  0.956798945949E+00  0.000000000000E+00
  0.400000000000E+01  0.200000000000E+01  0.160059523280E+01  0.300000000000E+01  0.000000000000E+00  0.482256655205E+00  0.100000000000E+01
  0.000000000000E+00
  0.000000000000E+00  0.000000000000E+00  0.000000000000E+00  0.000000000000E+00  0.000000000000E+00  0.000000000000E+00  0.000000000000E+00
  0.000000000000E+00  0.000000000000E+00  0.000000000000E+00  0.000000000000E+00  0.000000000000E+00  0.000000000000E+00  0.000000000000E+00
  0.000000000000E+00  0.000000000000E+00  0.000000000000E+00  0.000000000000E+00  0.000000000000E+00  0.000000000000E+00  0.000000000000E+00
  0.000000000000E+00  0.000000000000E+00  0.000000000000E+00  0.000000000000E+00  0.000000000000E+00  0.000000000000E+00  0.000000000000E+00
  0.000000000000E+00  0.000000000000E+00  0.000000000000E+00  0.000000000000E+00  0.000000000000E+00  0.000000000000E+00  0.000000000000E+00
  0.000000000000E+00  0.000000000000E+00  0.000000000000E+00  0.000000000000E+00  0.000000000000E+00  0.000000000000E+00  0.000000000000E+00
  0.000000000000E+00  0.000000000000E+00  0.000000000000E+00  0.000000000000E+00  0.000000000000E+00  0.000000000000E+00  0.000000000000E+00
  0.000000000000E+00
  0.500000000000E+01  0.500000000000E+01  0.400000000000E+01  0.427284776458E+01  0.500000000000E+01  0.409791606955E+01  0.300000000000E+01
  0.334954216394E+01  0.500000000000E+01  0.428961258157E+01  0.317389756208E+01  0.342579600005E+01  0.200000000000E+01  0.245604909385E+01
  0.233993022181E+01  0.500000000000E+01  0.436396516571E+01  0.369973104758E+01  0.256908373316E+01  0.279597472668E+01  0.100000000000E+01
  0.157729503259E+01  0.159701071514E+01  0.152167522831E+01  0.500000000000E+01  0.441213888848E+01  0.370665089386E+01  0.199896920986E+01
  0.224835513052E+01  0.181406525358E+01  0.296809553468E+01  0.000000000000E+00  0.696815730569E+00  0.990157383601E+00  0.787866207738E+00
  0.548147595005E+00  0.128672970530E+01  0.400000000000E+01  0.200000000000E+01  0.160443740745E+01  0.959766653149E+00  0.300000000000E+01
  0.000000000000E+00  0.000000000000E+00  0.606872513237E+00  0.000000000000E+00  0.100000000000E+01  0.486991412371E+00  0.000000000000E+00
  0.000000000000E+00
  0.100000000000E+01  0.100000000000E+01  0.100000000000E+01  0.100000000000E+01  0.100000000000E+01  0.100000000000E+01  0.100000000000E+01
  0.100000000000E+01  0.100000000000E+01  0.100000000000E+01  0.100000000000E+01  0.100000000000E+01  0.100000000000E+01  0.100000000000E+01
  0.100000000000E+01  0.100000000000E+01  0.100000000000E+01  0.100000000000E+01  0.100000000000E+01  0.100000000000E+01  0.100000000000E+01
  0.100000000000E+01  0.100000000000E+01  0.100000000000E+01  0.100000000000E+01  0.100000000000E+01  0.100000000000E+01  0.100000000000E+01
  0.100000000000E+01  0.100000000000E+01  0.100000000000E+01  0.100000000000E+01  0.100000000000E+01  0.100000000000E+01  0.100000000000E+01
  0.100000000000E+01  0.100000000000E+01  0.100000000000E+01  0.100000000000E+01  0.100000000000E+01  0.100000000000E+01  0.100000000000E+01
  0.100000000000E+01  0.100000000000E+01  0.100000000000E+01  0.100000000000E+01  0.100000000000E+01  0.100000000000E+01  0.100000000000E+01
  0.100000000000E+01
  0.500000000000E+00  0.500000000000E+00  0.500000000000E+00  0.500000000000E+00  0.500000000000E+00  0.500000000000E+00  0.500000000000E+00
  0.500000000000E+00  0.500000000000E+00  0.500000000000E+00  0.500000000000E+00  0.500000000000E+00  0.500000000000E+00  0.500000000000E+00
  0.500000000000E+00  0.500000000000E+00  0.500000000000E+00  0.500000000000E+00  0.500000000000E+00  0.500000000000E+00  0.500000000000E+00
  0.500000000000E+00  0.500000000000E+00  0.500000000000E+00  0.500000000000E+00  0.500000000000E+00  0.500000000000E+00  0.500000000000E+00
  0.500000000000E+00  0.500000000000E+00  0.500000000000E+00  0.500000000000E+00  0.500000000000E+00  0.500000000000E+00  0.500000000000E+00
  0.500000000000E+00  0.500000000000E+00  0.500000000000E+00  0.500000000000E+00  0.500000000000E+00  0.500000000000E+00  0.500000000000E+00
  0.500000000000E+00  0.500000000000E+00  0.500000000000E+00  0.500000000000E+00  0.500000000000E+00  0.500000000000E+00  0.500000000000E+00
  0.500000000000E+00
  0.000000000000E+00  0.000000000000E+00  0.000000000000E+00  0.000000000000E+00  0.000000000000E+00  0.000000000000E+00  0.000000000000E+00
  0.000000000000E+00  0.000000000000E+00  0.000000000000E+00  0.000000000000E+00  0.000000000000E+00  0.000000000000E+00  0.000000000000E+00
  0.000000000000E+00  0.000000000000E+00  0.000000000000E+00  0.000000000000E+00  0.000000000000E+00  0.000000000000E+00  0.000000000000E+00
  0.000000000000E+00  0.000000000000E+00  0.000000000000E+00  0.000000000000E+00  0.000000000000E+00  0.000000000000E+00  0.000000000000E+00
  0.000000000000E+00  0.000000000000E+00  0.000000000000E+00  0.000000000000E+00  0.000000000000E+00  0.000000000000E+00  0.000000000000E+00
  0.000000000000E+00  0.000000000000E+00  0.000000000000E+00  0.000000000000E+00  0.000000000000E+00  0.000000000000E+00  0.000000000000E+00
  0.000000000000E+00  0.000000000000E+00  0.000000000000E+00  0.000000000000E+00  0.000000000000E+00  0.000000000000E+00  0.000000000000E+00
  0.000000000000E+00
  0.217569312956E-15 -0.216092446403E-15 -0.324184728206E-15 -0.330552773204E-15 -0.137477184914E-15 -0.333781212014E-17 -0.178631401256E-15
 -0.829099678497E-16 -0.703467051657E-15 -0.202427048702E-15 -0.389328181853E-16  0.361805209323E-16 -0.191067560475E-16 -0.175147427978E-15
 -0.143340229048E-15 -0.888940419296E-17 -0.397700472931E-15 -0.302081909415E-15 -0.201910087894E-15 -0.205303317863E-16  0.693730064109E-16
  0.147958243561E-15  0.739000931493E-16 -0.984042519511E-16  0.118994690135E-15 -0.502738212524E-16 -0.165453808275E-15 -0.756136403763E-16
 -0.905578554887E-16 -0.143637122620E-15 -0.195470293754E-15 -0.647089962771E-16 -0.219001983247E-15  0.409568122766E-16  0.167441347540E-15
 -0.249938066901E-15 -0.538570739530E-16  0.147528051278E-15  0.214254436028E-15 -0.307481357351E-15  0.706482990418E-16  0.221987235832E-15
  0.104812902295E-15 -0.242335462830E-15 -0.175453712963E-15 -0.140951813109E-15 -0.174622412702E-15  0.104511327695E-15 -0.153476510470E-15
 -0.138003885579E-15
  0.714285714286E+00  0.714285714286E+00  0.714285714286E+00  0.714285714286E+00  0.714285714286E+00  0.714285714286E+00  0.714285714286E+00
  0.714285714286E+00  0.714285714286E+00  0.714285714286E+00  0.714285714286E+00  0.714285714286E+00  0.714285714286E+00  0.714285714286E+00
  0.714285714286E+00  0.714285714286E+00  0.714285714286E+00  0.714285714286E+00  0.714285714286E+00  0.714285714286E+00  0.714285714286E+00
  0.714285714286E+00  0.714285714286E+00  0.714285714286E+00  0.714285714286E+00  0.714285714286E+00  0.714285714286E+00  0.714285714286E+00
  0.714285714286E+00  0.714285714286E+00  0.714285714286E+00  0.714285714286E+00  0.714285714286E+00  0.714285714286E+00  0.714285714286E+00
  0.714285714286E+00  0.714285714286E+00  0.714285714286E+00  0.714285714286E+00  0.714285714286E+00  0.714285714286E+00  0.714285714286E+00
  0.714285714286E+00  0.714285714286E+00  0.714285714286E+00  0.714285714286E+00  0.714285714286E+00  0.714285714286E+00  0.714285714286E+00
  0.714285714286E+00
  0.500000000000E+00  0.500000000000E+00  0.500000000000E+00  0.500000000000E+00  0.500000000000E+00  0.500000000000E+00  0.500000000000E+00
  0.500000000000E+00  0.500000000000E+00  0.500000000000E+00  0.500000000000E+00  0.500000000000E+00  0.500000000000E+00  0.500000000000E+00
  0.500000000000E+00  0.500000000000E+00  0.500000000000E+00  0.500000000000E+00  0.500000000000E+00  0.500000000000E+00  0.500000000000E+00
  0.500000000000E+00  0.500000000000E+00  0.500000000000E+00  0.500000000000E+00  0.500000000000E+00  0.500000000000E+00  0.500000000000E+00
  0.500000000000E+00  0.500000000000E+00  0.500000000000E+00  0.500000000000E+00  0.500000000000E+00  0.500000000000E+00  0.500000000000E+00
  0.500000000000E+00  0.500000000000E+00  0.500000000000E+00  0.500000000000E+00  0.500000000000E+00  0.500000000000E+00  0.500000000000E+00
  0.500000000000E+00  0.500000000000E+00  0.500000000000E+00  0.500000000000E+00  0.500000000000E+00  0.500000000000E+00  0.500000000000E+00
  0.500000000000E+00
  0.100000000000E+01  0.100000000000E+01  0.100000000000E+01  0.100000000000E+01  0.100000000000E+01  0.100000000000E+01  0.100000000000E+01
  0.100000000000E+01  0.100000000000E+01  0.100000000000E+01  0.100000000000E+01  0.100000000000E+01  0.100000000000E+01  0.100000000000E+01
  0.100000000000E+01  0.100000000000E+01  0.100000000000E+01  0.100000000000E+01  0.100000000000E+01  0.100000000000E+01  0.100000000000E+01
  0.100000000000E+01  0.100000000000E+01  0.100000000000E+01  0.100000000000E+01  0.100000000000E+01  0.100000000000E+01  0.100000000000E+01
  0.100000000000E+01  0.100000000000E+01  0.100000000000E+01  0.100000000000E+01  0.100000000000E+01  0.100000000000E+01  0.100000000000E+01
  0.100000000000E+01  0.100000000000E+01  0.100000000000E+01  0.100000000000E+01  0.100000000000E+01  0.100000000000E+01  0.100000000000E+01
  0.100000000000E+01  0.100000000000E+01  0.100000000000E+01  0.100000000000E+01  0.100000000000E+01  0.100000000000E+01  0.100000000000E+01
  0.100000000000E+01
        36        35        44        44
        36        34        24        24
        31        27        38        38
        31        29        20        20
        34        23        24        24
        23        22        15        15
        37        35        24        24
        37        30        41        41
        20        18        27        27
        27        18        17        17
        11        19        15        15
        11         6        12        12
        14         7         8         8
         7        14        13        13
        30        40        41        41
        40        39        47        47
        10         9        17        17
         9        10         5         5
        35        45        44        44
        45        41        49        49
        24        15        19        19
        24        35        36        36
        41        45        37        37
        29        39        40        40
        20        29        30        30
        10        18        12        12
        19        12        20        20
        15         8        11        11
        12        18        20        20
        31        20        27        27
        19        20        28        28
        15        24        23        23
        34        22        23        23
        37        24        28        28
        12        19        11        11
         8         6        11        11
        24        19        28        28
        47        41        40        40
        29        40        30        30
        49        44        45        45
        45        35        37        37
        25        26        16        16
        26        38        27        27
        50        48        47        47
        32        33        43        43
        33        21        22        22
         1         4         3         3
         4         2         6         6
         6         5        10        10
        22        13        14        14
         8         3         4         4
         3         8         7         7
        31        38        42        42
        16        17         9         9
        34        43        33        33
        43        34        36        36
        47        48        41        41
        14         8        15        15
        20        30        28        28
        10        17        18        18
        39        31        42        42
        17        16        26        26
         4         6         8         8
        33        22        34        34
        28        30        37        37
        17        26        27        27
        41        48        49        49
        43        36        46        46
        39        29        31        31
        44        46        36        36
        21        13        22        22
        22        14        15        15
         2         5         6         6
         6        10        12        12
        25        38        26        26
        50        49        48        48
        32        21        33        33
         1         2         4         4
zone t="boundary 4 bc-4", solutiontime= 0.2000000E+02, strandid=1004, i=42, j=30, f=feblock
  0.500000000000E+01  0.400000000000E+01  0.500000000000E+01  0.300000000000E+01  0.400000000000E+01  0.500000000000E+01  0.200000000000E+01
  0.300000000000E+01  0.400000000000E+01  0.500000000000E+01  0.100000000000E+01  0.200000000000E+01  0.300000000000E+01  0.400000000000E+01
  0.500000000000E+01  0.000000000000E+00  0.100000000000E+01  0.200000000000E+01  0.300000000000E+01  0.400000000000E+01  0.500000000000E+01
  0.000000000000E+00  0.100000000000E+01  0.200000000000E+01  0.300000000000E+01  0.400000000000E+01  0.500000000000E+01  0.000000000000E+00
  0.100000000000E+01  0.200000000000E+01  0.300000000000E+01  0.400000000000E+01  0.000000000000E+00  0.100000000000E+01  0.200000000000E+01
  0.300000000000E+01  0.000000000000E+00  0.100000000000E+01  0.200000000000E+01  0.000000000000E+00  0.100000000000E+01  0.000000000000E+00
  0.000000000000E+00  0.000000000000E+00 -0.833333333333E+00  0.000000000000E+00 -0.833333333333E+00 -0.166666666667E+01  0.000000000000E+00
 -0.833333333333E+00 -0.166666666667E+01 -0.250000000000E+01  0.000000000000E+00 -0.833333333333E+00 -0.166666666667E+01 -0.250000000000E+01
 -0.333333333333E+01  0.000000000000E+00 -0.833333333333E+00 -0.166666666667E+01 -0.250000000000E+01 -0.333333333333E+01 -0.416666666667E+01
 -0.833333333333E+00 -0.166666666667E+01 -0.250000000000E+01 -0.333333333333E+01 -0.416666666667E+01 -0.500000000000E+01 -0.166666666667E+01
 -0.250000000000E+01 -0.333333333333E+01 -0.416666666667E+01 -0.500000000000E+01 -0.250000000000E+01 -0.333333333333E+01 -0.416666666667E+01
 -0.500000000000E+01 -0.333333333333E+01 -0.416666666667E+01 -0.500000000000E+01 -0.416666666667E+01 -0.500000000000E+01 -0.500000000000E+01
  0.500000000000E+01  0.500000000000E+01  0.500000000000E+01  0.500000000000E+01  0.500000000000E+01  0.500000000000E+01  0.500000000000E+01
  0.500000000000E+01  0.500000000000E+01  0.500000000000E+01  0.500000000000E+01  0.500000000000E+01  0.500000000000E+01  0.500000000000E+01
  0.500000000000E+01  0.500000000000E+01  0.500000000000E+01  0.500000000000E+01  0.500000000000E+01  0.500000000000E+01  0.500000000000E+01
  0.500000000000E+01  0.500000000000E+01  0.500000000000E+01  0.500000000000E+01  0.500000000000E+01  0.500000000000E+01  0.500000000000E+01
  0.500000000000E+01  0.500000000000E+01  0.500000000000E+01  0.500000000000E+01  0.500000000000E+01  0.500000000000E+01  0.500000000000E+01
  0.500000000000E+01  0.500000000000E+01  0.500000000000E+01  0.500000000000E+01  0.500000000000E+01  0.500000000000E+01  0.500000000000E+01
  0.100000000000E+01  0.100000000000E+01  0.100000000000E+01  0.100000000000E+01  0.100000000000E+01  0.100000000000E+01  0.100000000000E+01
  0.100000000000E+01  0.100000000000E+01  0.100000000000E+01  0.100000000000E+01  0.100000000000E+01  0.100000000000E+01  0.100000000000E+01
  0.100000000000E+01  0.100000000000E+01  0.100000000000E+01  0.100000000000E+01  0.100000000000E+01  0.100000000000E+01  0.100000000000E+01
  0.100000000000E+01  0.100000000000E+01  0.100000000000E+01  0.100000000000E+01  0.100000000000E+01  0.100000000000E+01  0.100000000000E+01
  0.100000000000E+01  0.100000000000E+01  0.100000000000E+01  0.100000000000E+01  0.100000000000E+01  0.100000000000E+01  0.100000000000E+01
  0.100000000000E+01  0.100000000000E+01  0.100000000000E+01  0.100000000000E+01  0.100000000000E+01  0.100000000000E+01  0.100000000000E+01
  0.500000000000E+00  0.500000000000E+00  0.500000000000E+00  0.500000000000E+00  0.500000000000E+00  0.500000000000E+00  0.500000000000E+00
  0.500000000000E+00  0.500000000000E+00  0.500000000000E+00  0.500000000000E+00  0.500000000000E+00  0.500000000000E+00  0.500000000000E+00
  0.500000000000E+00  0.500000000000E+00  0.500000000000E+00  0.500000000000E+00  0.500000000000E+00  0.500000000000E+00  0.500000000000E+00
  0.500000000000E+00  0.500000000000E+00  0.500000000000E+00  0.500000000000E+00  0.500000000000E+00  0.500000000000E+00  0.500000000000E+00
  0.500000000000E+00  0.500000000000E+00  0.500000000000E+00  0.500000000000E+00  0.500000000000E+00  0.500000000000E+00  0.500000000000E+00
  0.500000000000E+00  0.500000000000E+00  0.500000000000E+00  0.500000000000E+00  0.500000000000E+00  0.500000000000E+00  0.500000000000E+00
  0.000000000000E+00  0.000000000000E+00  0.201838879348E-15  0.000000000000E+00  0.210783957312E-15  0.278397609914E-17  0.000000000000E+00
  0.129972180777E-15 -0.799840933139E-16  0.142504308811E-15  0.000000000000E+00 -0.268775963393E-15  0.337042657229E-15 -0.276616750739E-15
 -0.916596686042E-16  0.000000000000E+00 -0.161228860359E-15 -0.823266902419E-16 -0.123601924877E-15 -0.384809426150E-15 -0.455241070938E-16
  0.282917485393E-15 -0.206186346339E-15 -0.464263082532E-15 -0.187484228380E-16 -0.902629948983E-16  0.000000000000E+00  0.679708561246E-16
  0.664740789432E-16 -0.122855300995E-15  0.179967911206E-15  0.000000000000E+00  0.102297419287E-15  0.263600688089E-15  0.388155476327E-15
  0.000000000000E+00 -0.127703338089E-15 -0.110252999788E-15  0.000000000000E+00 -0.265908039765E-15  0.000000000000E+00  0.000000000000E+00
  0.217569312956E-15 -0.216092446403E-15  0.202504872594E-15 -0.137477184914E-15  0.184506814549E-15  0.419152757889E-15 -0.703467051657E-15
 -0.406720167876E-15 -0.418197962330E-17  0.809100495049E-16 -0.888940419296E-17 -0.838212273791E-15 -0.448067114614E-15 -0.524831055575E-16
  0.323884722608E-15  0.118994690135E-15  0.355505081934E-15  0.528187012625E-16  0.121193520623E-15  0.210968446993E-15  0.745262127465E-17
 -0.225372536773E-15  0.143804772467E-15  0.541115285662E-15 -0.221479001792E-15 -0.153621485616E-16  0.220771071074E-15  0.149351538442E-15
  0.117474633451E-15  0.161373852816E-15  0.767337329245E-15 -0.346457605909E-15  0.198673938772E-16  0.411027568303E-15 -0.250388701875E-15
 -0.969856410887E-16  0.239381839919E-15  0.298844881740E-15 -0.159858032485E-15  0.438624920443E-15  0.536749062066E-15  0.382685132078E-15
  0.714285714286E+00  0.714285714286E+00  0.714285714286E+00  0.714285714286E+00  0.714285714286E+00  0.714285714286E+00  0.714285714286E+00
  0.714285714286E+00  0.714285714286E+00  0.714285714286E+00  0.714285714286E+00  0.714285714286E+00  0.714285714286E+00  0.714285714286E+00
  0.714285714286E+00  0.714285714286E+00  0.714285714286E+00  0.714285714286E+00  0.714285714286E+00  0.714285714286E+00  0.714285714286E+00
  0.714285714286E+00  0.714285714286E+00  0.714285714286E+00  0.714285714286E+00  0.714285714286E+00  0.714285714286E+00  0.714285714286E+00
  0.714285714286E+00  0.714285714286E+00  0.714285714286E+00  0.714285714286E+00  0.714285714286E+00  0.714285714286E+00  0.714285714286E+00
  0.714285714286E+00  0.714285714286E+00  0.714285714286E+00  0.714285714286E+00  0.714285714286E+00  0.714285714286E+00  0.714285714286E+00
  0.500000000000E+00  0.500000000000E+00  0.500000000000E+00  0.500000000000E+00  0.500000000000E+00  0.500000000000E+00  0.500000000000E+00
  0.500000000000E+00  0.500000000000E+00  0.500000000000E+00  0.500000000000E+00  0.500000000000E+00  0.500000000000E+00  0.500000000000E+00
  0.500000000000E+00  0.500000000000E+00  0.500000000000E+00  0.500000000000E+00  0.500000000000E+00  0.500000000000E+00  0.500000000000E+00
  0.500000000000E+00  0.500000000000E+00  0.500000000000E+00  0.500000000000E+00  0.500000000000E+00  0.500000000000E+00  0.500000000000E+00
  0.500000000000E+00  0.500000000000E+00  0.500000000000E+00  0.500000000000E+00  0.500000000000E+00  0.500000000000E+00  0.500000000000E+00
  0.500000000000E+00  0.500000000000E+00  0.500000000000E+00  0.500000000000E+00  0.500000000000E+00  0.500000000000E+00  0.500000000000E+00
  0.100000000000E+01  0.100000000000E+01  0.100000000000E+01  0.100000000000E+01  0.100000000000E+01  0.100000000000E+01  0.100000000000E+01
  0.100000000000E+01  0.100000000000E+01  0.100000000000E+01  0.100000000000E+01  0.100000000000E+01  0.100000000000E+01  0.100000000000E+01
  0.100000000000E+01  0.100000000000E+01  0.100000000000E+01  0.100000000000E+01  0.100000000000E+01  0.100000000000E+01  0.100000000000E+01
  0.100000000000E+01  0.100000000000E+01  0.100000000000E+01  0.100000000000E+01  0.100000000000E+01  0.100000000000E+01  0.100000000000E+01
  0.100000000000E+01  0.100000000000E+01  0.100000000000E+01  0.100000000000E+01  0.100000000000E+01  0.100000000000E+01  0.100000000000E+01
  0.100000000000E+01  0.100000000000E+01  0.100000000000E+01  0.100000000000E+01  0.100000000000E+01  0.100000000000E+01  0.100000000000E+01
         3         5         2         1
         5         8         4         2
         8        12         7         4
        12        17        11         7
        17        22        16        11
         6         9         5         3
         9        13         8         5
        13        18        12         8
        18        23        17        12
        23        28        22        17
        10        14         9         6
        14        19        13         9
        19        24        18        13
        24        29        23        18
        29        33        28        23
        15        20        14        10
        20        25        19        14
        25        30        24        19
        30        34        29        24
        34        37        33        29
        21        26        20        15
        26        31        25        20
        31        35        30        25
        35        38        34        30
        38        40        37        34
        27        32        26        21
        32        36        31        26
        36        39        35        31
        39        41        38        35
        41        42        40        38
zone t="boundary 5 bc-5", solutiontime= 0.2000000E+02, strandid=1005, i=42, j=30, f=feblock
  0.500000000000E+01  0.500000000000E+01  0.500000000000E+01  0.500000000000E+01  0.500000000000E+01  0.500000000000E+01  0.500000000000E+01
  0.500000000000E+01  0.500000000000E+01  0.500000000000E+01  0.500000000000E+01  0.500000000000E+01  0.500000000000E+01  0.500000000000E+01
  0.500000000000E+01  0.500000000000E+01  0.500000000000E+01  0.500000000000E+01  0.500000000000E+01  0.500000000000E+01  0.500000000000E+01
  0.500000000000E+01  0.500000000000E+01  0.500000000000E+01  0.500000000000E+01  0.500000000000E+01  0.500000000000E+01  0.500000000000E+01
  0.500000000000E+01  0.500000000000E+01  0.500000000000E+01  0.500000000000E+01  0.500000000000E+01  0.500000000000E+01  0.500000000000E+01
  0.500000000000E+01  0.500000000000E+01  0.500000000000E+01  0.500000000000E+01  0.500000000000E+01  0.500000000000E+01  0.500000000000E+01
  0.000000000000E+00  0.000000000000E+00 -0.833333333333E+00  0.000000000000E+00 -0.833333333333E+00 -0.166666666667E+01  0.000000000000E+00
 -0.833333333333E+00 -0.166666666667E+01 -0.250000000000E+01  0.000000000000E+00 -0.833333333333E+00 -0.166666666667E+01 -0.250000000000E+01
 -0.333333333333E+01  0.000000000000E+00 -0.833333333333E+00 -0.166666666667E+01 -0.250000000000E+01 -0.333333333333E+01 -0.416666666667E+01
 -0.833333333333E+00 -0.166666666667E+01 -0.250000000000E+01 -0.333333333333E+01 -0.416666666667E+01 -0.500000000000E+01 -0.166666666667E+01
 -0.250000000000E+01 -0.333333333333E+01 -0.416666666667E+01 -0.500000000000E+01 -0.250000000000E+01 -0.333333333333E+01 -0.416666666667E+01
 -0.500000000000E+01 -0.333333333333E+01 -0.416666666667E+01 -0.500000000000E+01 -0.416666666667E+01 -0.500000000000E+01 -0.500000000000E+01
  0.500000000000E+01  0.400000000000E+01  0.500000000000E+01  0.300000000000E+01  0.400000000000E+01  0.500000000000E+01  0.200000000000E+01
  0.300000000000E+01  0.400000000000E+01  0.500000000000E+01  0.100000000000E+01  0.200000000000E+01  0.300000000000E+01  0.400000000000E+01
  0.500000000000E+01  0.000000000000E+00  0.100000000000E+01  0.200000000000E+01  0.300000000000E+01  0.400000000000E+01  0.500000000000E+01
  0.000000000000E+00  0.100000000000E+01  0.200000000000E+01  0.300000000000E+01  0.400000000000E+01  0.500000000000E+01  0.000000000000E+00
  0.100000000000E+01  0.200000000000E+01  0.300000000000E+01  0.400000000000E+01  0.000000000000E+00  0.100000000000E+01  0.200000000000E+01
  0.300000000000E+01  0.000000000000E+00  0.100000000000E+01  0.200000000000E+01  0.000000000000E+00  0.100000000000E+01  0.000000000000E+00
  0.100000000000E+01  0.100000000000E+01  0.100000000000E+01  0.100000000000E+01  0.100000000000E+01  0.100000000000E+01  0.100000000000E+01
  0.100000000000E+01  0.100000000000E+01  0.100000000000E+01  0.100000000000E+01  0.100000000000E+01  0.100000000000E+01  0.100000000000E+01
  0.100000000000E+01  0.100000000000E+01  0.100000000000E+01  0.100000000000E+01  0.100000000000E+01  0.100000000000E+01  0.100000000000E+01
  0.100000000000E+01  0.100000000000E+01  0.100000000000E+01  0.100000000000E+01  0.100000000000E+01  0.100000000000E+01  0.100000000000E+01
  0.100000000000E+01  0.100000000000E+01  0.100000000000E+01  0.100000000000E+01  0.100000000000E+01  0.100000000000E+01  0.100000000000E+01
  0.100000000000E+01  0.100000000000E+01  0.100000000000E+01  0.100000000000E+01  0.100000000000E+01  0.100000000000E+01  0.100000000000E+01
  0.500000000000E+00  0.500000000000E+00  0.500000000000E+00  0.500000000000E+00  0.500000000000E+00  0.500000000000E+00  0.500000000000E+00
  0.500000000000E+00  0.500000000000E+00  0.500000000000E+00  0.500000000000E+00  0.500000000000E+00  0.500000000000E+00  0.500000000000E+00
  0.500000000000E+00  0.500000000000E+00  0.500000000000E+00  0.500000000000E+00  0.500000000000E+00  0.500000000000E+00  0.500000000000E+00
  0.500000000000E+00  0.500000000000E+00  0.500000000000E+00  0.500000000000E+00  0.500000000000E+00  0.500000000000E+00  0.500000000000E+00
  0.500000000000E+00  0.500000000000E+00  0.500000000000E+00  0.500000000000E+00  0.500000000000E+00  0.500000000000E+00  0.500000000000E+00
  0.500000000000E+00  0.500000000000E+00  0.500000000000E+00  0.500000000000E+00  0.500000000000E+00  0.500000000000E+00  0.500000000000E+00
  0.000000000000E+00  0.000000000000E+00  0.201838879348E-15  0.000000000000E+00  0.225388608087E-15  0.278397609914E-17  0.000000000000E+00
 -0.148301958672E-16  0.111447003070E-15  0.142504308811E-15  0.000000000000E+00  0.331747628732E-15  0.187175193966E-15  0.193826550437E-15
 -0.916596686042E-16  0.000000000000E+00  0.112704811895E-15  0.205998596008E-16  0.194876988482E-15  0.423923202908E-15 -0.455241070938E-16
 -0.236014060766E-15 -0.714566085564E-16 -0.195791976951E-15  0.128802825769E-15  0.588571943985E-16  0.000000000000E+00  0.719267282895E-16
 -0.301410703081E-15 -0.106368537839E-15 -0.845054528725E-16  0.000000000000E+00  0.263633274559E-15 -0.732142988881E-16 -0.213385457439E-15
  0.000000000000E+00 -0.622063525527E-17 -0.127699780635E-15  0.000000000000E+00  0.209987329843E-15  0.000000000000E+00  0.000000000000E+00
  0.217569312956E-15 -0.324184728206E-15  0.202504872594E-15 -0.178631401256E-15 -0.264994257596E-15  0.419152757889E-15 -0.191067560475E-16
 -0.517205445125E-16 -0.500168949345E-16  0.809100495049E-16  0.693730064109E-16 -0.484362807583E-16 -0.955901128105E-16 -0.179744579714E-16
  0.323884722608E-15 -0.647089962771E-16  0.816265796260E-16 -0.158837858830E-15  0.721480644946E-16 -0.940980772404E-16  0.745262127465E-17
  0.565008272396E-16 -0.767947218856E-16 -0.150436819717E-15  0.101512609575E-15  0.146260359455E-15  0.220771071074E-15  0.235194520199E-15
  0.152112166575E-15 -0.264345189873E-15  0.468532095355E-16 -0.338874196751E-17  0.838973064196E-16 -0.647324898377E-16  0.309746385162E-16
  0.189063425299E-16 -0.436146043999E-15 -0.764603026926E-16  0.196823755690E-16  0.936514509872E-15  0.224155884219E-16 -0.112090574570E-14
  0.714285714286E+00  0.714285714286E+00  0.714285714286E+00  0.714285714286E+00  0.714285714286E+00  0.714285714286E+00  0.714285714286E+00
  0.714285714286E+00  0.714285714286E+00  0.714285714286E+00  0.714285714286E+00  0.714285714286E+00  0.714285714286E+00  0.714285714286E+00
  0.714285714286E+00  0.714285714286E+00  0.714285714286E+00  0.714285714286E+00  0.714285714286E+00  0.714285714286E+00  0.714285714286E+00
  0.714285714286E+00  0.714285714286E+00  0.714285714286E+00  0.714285714286E+00  0.714285714286E+00  0.714285714286E+00  0.714285714286E+00
  0.714285714286E+00  0.714285714286E+00  0.714285714286E+00  0.714285714286E+00  0.714285714286E+00  0.714285714286E+00  0.714285714286E+00
  0.714285714286E+00  0.714285714286E+00  0.714285714286E+00  0.714285714286E+00  0.714285714286E+00  0.714285714286E+00  0.714285714286E+00
  0.500000000000E+00  0.500000000000E+00  0.500000000000E+00  0.500000000000E+00  0.500000000000E+00  0.500000000000E+00  0.500000000000E+00
  0.500000000000E+00  0.500000000000E+00  0.500000000000E+00  0.500000000000E+00  0.500000000000E+00  0.500000000000E+00  0.500000000000E+00
  0.500000000000E+00  0.500000000000E+00  0.500000000000E+00  0.500000000000E+00  0.500000000000E+00  0.500000000000E+00  0.500000000000E+00
  0.500000000000E+00  0.500000000000E+00  0.500000000000E+00  0.500000000000E+00  0.500000000000E+00  0.500000000000E+00  0.500000000000E+00
  0.500000000000E+00  0.500000000000E+00  0.500000000000E+00  0.500000000000E+00  0.500000000000E+00  0.500000000000E+00  0.500000000000E+00
  0.500000000000E+00  0.500000000000E+00  0.500000000000E+00  0.500000000000E+00  0.500000000000E+00  0.500000000000E+00  0.500000000000E+00
  0.100000000000E+01  0.100000000000E+01  0.100000000000E+01  0.100000000000E+01  0.100000000000E+01  0.100000000000E+01  0.100000000000E+01
  0.100000000000E+01  0.100000000000E+01  0.100000000000E+01  0.100000000000E+01  0.100000000000E+01  0.100000000000E+01  0.100000000000E+01
  0.100000000000E+01  0.100000000000E+01  0.100000000000E+01  0.100000000000E+01  0.100000000000E+01  0.100000000000E+01  0.100000000000E+01
  0.100000000000E+01  0.100000000000E+01  0.100000000000E+01  0.100000000000E+01  0.100000000000E+01  0.100000000000E+01  0.100000000000E+01
  0.100000000000E+01  0.100000000000E+01  0.100000000000E+01  0.100000000000E+01  0.100000000000E+01  0.100000000000E+01  0.100000000000E+01
  0.100000000000E+01  0.100000000000E+01  0.100000000000E+01  0.100000000000E+01  0.100000000000E+01  0.100000000000E+01  0.100000000000E+01
        22        17        11        16
        17        12         7        11
        12         8         4         7
         8         5         2         4
         5         3         1         2
        28        23        17        22
        23        18        12        17
        18        13         8        12
        13         9         5         8
         9         6         3         5
        33        29        23        28
        29        24        18        23
        24        19        13        18
        19        14         9        13
        14        10         6         9
        37        34        29        33
        34        30        24        29
        30        25        19        24
        25        20        14        19
        20        15        10        14
        40        38        34        37
        38        35        30        34
        35        31        25        30
        31        26        20        25
        26        21        15        20
        42        41        38        40
        41        39        35        38
        39        36        31        35
        36        32        26        31
        32        27        21        26
zone t="boundary 6 bc-6", solutiontime= 0.2000000E+02, strandid=1006, i=42, j=30, f=feblock
  0.500000000000E+01  0.500000000000E+01  0.400000000000E+01  0.200000000000E+01  0.300000000000E+01  0.100000000000E+01  0.500000000000E+01
  0.400000000000E+01  0.200000000000E+01  0.300000000000E+01  0.100000000000E+01  0.000000000000E+00  0.500000000000E+01  0.400000000000E+01
  0.200000000000E+01  0.300000000000E+01  0.100000000000E+01  0.000000000000E+00  0.500000000000E+01  0.400000000000E+01  0.200000000000E+01
  0.300000000000E+01  0.100000000000E+01  0.000000000000E+00  0.500000000000E+01  0.400000000000E+01  0.200000000000E+01  0.300000000000E+01
  0.100000000000E+01  0.000000000000E+00  0.500000000000E+01  0.400000000000E+01  0.200000000000E+01  0.300000000000E+01  0.100000000000E+01
  0.000000000000E+00  0.400000000000E+01  0.200000000000E+01  0.300000000000E+01  0.100000000000E+01  0.000000000000E+00  0.000000000000E+00
  0.000000000000E+00 -0.833333333333E+00  0.000000000000E+00  0.000000000000E+00  0.000000000000E+00  0.000000000000E+00 -0.166666666667E+01
 -0.833333333333E+00 -0.833333333333E+00 -0.833333333333E+00 -0.833333333333E+00  0.000000000000E+00 -0.250000000000E+01 -0.166666666667E+01
 -0.166666666667E+01 -0.166666666667E+01 -0.166666666667E+01 -0.833333333333E+00 -0.333333333333E+01 -0.250000000000E+01 -0.250000000000E+01
 -0.250000000000E+01 -0.250000000000E+01 -0.166666666667E+01 -0.416666666667E+01 -0.333333333333E+01 -0.333333333333E+01 -0.333333333333E+01
 -0.333333333333E+01 -0.250000000000E+01 -0.500000000000E+01 -0.416666666667E+01 -0.416666666667E+01 -0.416666666667E+01 -0.416666666667E+01
 -0.333333333333E+01 -0.500000000000E+01 -0.500000000000E+01 -0.500000000000E+01 -0.500000000000E+01 -0.416666666667E+01 -0.500000000000E+01
  0.000000000000E+00  0.000000000000E+00  0.000000000000E+00  0.000000000000E+00  0.000000000000E+00  0.000000000000E+00  0.000000000000E+00
  0.000000000000E+00  0.000000000000E+00  0.000000000000E+00  0.000000000000E+00  0.000000000000E+00  0.000000000000E+00  0.000000000000E+00
  0.000000000000E+00  0.000000000000E+00  0.000000000000E+00  0.000000000000E+00  0.000000000000E+00  0.000000000000E+00  0.000000000000E+00
  0.000000000000E+00  0.000000000000E+00  0.000000000000E+00  0.000000000000E+00  0.000000000000E+00  0.000000000000E+00  0.000000000000E+00
  0.000000000000E+00  0.000000000000E+00  0.000000000000E+00  0.000000000000E+00  0.000000000000E+00  0.000000000000E+00  0.000000000000E+00
  0.000000000000E+00  0.000000000000E+00  0.000000000000E+00  0.000000000000E+00  0.000000000000E+00  0.000000000000E+00  0.000000000000E+00
  0.100000000000E+01  0.100000000000E+01  0.100000000000E+01  0.100000000000E+01  0.100000000000E+01  0.100000000000E+01  0.100000000000E+01
  0.100000000000E+01  0.100000000000E+01  0.100000000000E+01  0.100000000000E+01  0.100000000000E+01  0.100000000000E+01  0.100000000000E+01
  0.100000000000E+01  0.100000000000E+01  0.100000000000E+01  0.100000000000E+01  0.100000000000E+01  0.100000000000E+01  0.100000000000E+01
  0.100000000000E+01  0.100000000000E+01  0.100000000000E+01  0.100000000000E+01  0.100000000000E+01  0.100000000000E+01  0.100000000000E+01
  0.100000000000E+01  0.100000000000E+01  0.100000000000E+01  0.100000000000E+01  0.100000000000E+01  0.100000000000E+01  0.100000000000E+01
  0.100000000000E+01  0.100000000000E+01  0.100000000000E+01  0.100000000000E+01  0.100000000000E+01  0.100000000000E+01  0.100000000000E+01
  0.500000000000E+00  0.500000000000E+00  0.500000000000E+00  0.500000000000E+00  0.500000000000E+00  0.500000000000E+00  0.500000000000E+00
  0.500000000000E+00  0.500000000000E+00  0.500000000000E+00  0.500000000000E+00  0.500000000000E+00  0.500000000000E+00  0.500000000000E+00
  0.500000000000E+00  0.500000000000E+00  0.500000000000E+00  0.500000000000E+00  0.500000000000E+00  0.500000000000E+00  0.500000000000E+00
  0.500000000000E+00  0.500000000000E+00  0.500000000000E+00  0.500000000000E+00  0.500000000000E+00  0.500000000000E+00  0.500000000000E+00
  0.500000000000E+00  0.500000000000E+00  0.500000000000E+00  0.500000000000E+00  0.500000000000E+00  0.500000000000E+00  0.500000000000E+00
  0.500000000000E+00  0.500000000000E+00  0.500000000000E+00  0.500000000000E+00  0.500000000000E+00  0.500000000000E+00  0.500000000000E+00
  0.000000000000E+00 -0.236014060766E-15  0.000000000000E+00  0.000000000000E+00  0.000000000000E+00  0.000000000000E+00  0.719267282895E-16
 -0.348117231495E-15 -0.316910857045E-15 -0.449584302525E-15 -0.250255117114E-15  0.000000000000E+00  0.263633274559E-15  0.106279106636E-15
 -0.460659897684E-16  0.589501785178E-18 -0.230669699061E-15 -0.902892957077E-16 -0.622063525527E-17  0.477711923782E-15  0.210366143230E-15
  0.429905181126E-15  0.113319303450E-15 -0.256789731403E-16  0.209987329843E-15 -0.947224135352E-17 -0.334606565507E-15 -0.500782319290E-15
 -0.208641212767E-15 -0.722458803464E-16  0.000000000000E+00  0.310670347209E-15  0.480285541668E-15  0.737377788638E-15  0.303363655272E-15
 -0.160738874194E-15  0.000000000000E+00  0.000000000000E+00  0.000000000000E+00  0.000000000000E+00  0.192109791347E-15  0.000000000000E+00
 -0.647089962771E-16  0.565008272396E-16  0.104812902295E-15 -0.242335462830E-15 -0.140951813109E-15 -0.153476510470E-15  0.235194520199E-15
  0.529394453620E-15 -0.280960395179E-15 -0.101377192847E-15 -0.287976622924E-15 -0.138003885579E-15  0.838973064196E-16  0.755311050846E-15
  0.413203218391E-15 -0.511578023601E-17  0.441950265172E-15 -0.632621954389E-16 -0.436146043999E-15 -0.566274297200E-16  0.365751888025E-16
 -0.245451313683E-15  0.229029002963E-15 -0.897746553173E-16  0.936514509872E-15 -0.753013701686E-15 -0.513008100884E-15 -0.411922606241E-15
 -0.466397146045E-15  0.229506073044E-15 -0.112090574570E-14  0.889475056758E-15  0.889958850763E-15  0.532347992646E-15  0.919657603950E-15
 -0.321114521502E-15 -0.157478891059E-14 -0.158942239252E-14 -0.132948174931E-14 -0.149016645723E-14  0.347068112663E-15 -0.122700827727E-14
  0.714285714286E+00  0.714285714286E+00  0.714285714286E+00  0.714285714286E+00  0.714285714286E+00  0.714285714286E+00  0.714285714286E+00
  0.714285714286E+00  0.714285714286E+00  0.714285714286E+00  0.714285714286E+00  0.714285714286E+00  0.714285714286E+00  0.714285714286E+00
  0.714285714286E+00  0.714285714286E+00  0.714285714286E+00  0.714285714286E+00  0.714285714286E+00  0.714285714286E+00  0.714285714286E+00
  0.714285714286E+00  0.714285714286E+00  0.714285714286E+00  0.714285714286E+00  0.714285714286E+00  0.714285714286E+00  0.714285714286E+00
  0.714285714286E+00  0.714285714286E+00  0.714285714286E+00  0.714285714286E+00  0.714285714286E+00  0.714285714286E+00  0.714285714286E+00
  0.714285714286E+00  0.714285714286E+00  0.714285714286E+00  0.714285714286E+00  0.714285714286E+00  0.714285714286E+00  0.714285714286E+00
  0.500000000000E+00  0.500000000000E+00  0.500000000000E+00  0.500000000000E+00  0.500000000000E+00  0.500000000000E+00  0.500000000000E+00
  0.500000000000E+00  0.500000000000E+00  0.500000000000E+00  0.500000000000E+00  0.500000000000E+00  0.500000000000E+00  0.500000000000E+00
  0.500000000000E+00  0.500000000000E+00  0.500000000000E+00  0.500000000000E+00  0.500000000000E+00  0.500000000000E+00  0.500000000000E+00
  0.500000000000E+00  0.500000000000E+00  0.500000000000E+00  0.500000000000E+00  0.500000000000E+00  0.500000000000E+00  0.500000000000E+00
  0.500000000000E+00  0.500000000000E+00  0.500000000000E+00  0.500000000000E+00  0.500000000000E+00  0.500000000000E+00  0.500000000000E+00
  0.500000000000E+00  0.500000000000E+00  0.500000000000E+00  0.500000000000E+00  0.500000000000E+00  0.500000000000E+00  0.500000000000E+00
  0.100000000000E+01  0.100000000000E+01  0.100000000000E+01  0.100000000000E+01  0.100000000000E+01  0.100000000000E+01  0.100000000000E+01
  0.100000000000E+01  0.100000000000E+01  0.100000000000E+01  0.100000000000E+01  0.100000000000E+01  0.100000000000E+01  0.100000000000E+01
  0.100000000000E+01  0.100000000000E+01  0.100000000000E+01  0.100000000000E+01  0.100000000000E+01  0.100000000000E+01  0.100000000000E+01
  0.100000000000E+01  0.100000000000E+01  0.100000000000E+01  0.100000000000E+01  0.100000000000E+01  0.100000000000E+01  0.100000000000E+01
  0.100000000000E+01  0.100000000000E+01  0.100000000000E+01  0.100000000000E+01  0.100000000000E+01  0.100000000000E+01  0.100000000000E+01
  0.100000000000E+01  0.100000000000E+01  0.100000000000E+01  0.100000000000E+01  0.100000000000E+01  0.100000000000E+01  0.100000000000E+01
        18        11         6        12
        11         9         4         6
         9        10         5         4
        10         8         3         5
         8         2         1         3
        24        17        11        18
        17        15         9        11
        15        16        10         9
        16        14         8        10
        14         7         2         8
        30        23        17        24
        23        21        15        17
        21        22        16        15
        22        20        14        16
        20        13         7        14
        36        29        23        30
        29        27        21        23
        27        28        22        21
        28        26        20        22
        26        19        13        20
        41        35        29        36
        35        33        27        29
        33        34        28        27
        34        32        26        28
        32        25        19        26
        42        40        35        41
        40        38        33        35
        38        39        34        33
        39        37        32        34
        37        31        25        32
