title="tecplot geometry and solution file"
variables = x y z rho u v w p mach temperature
zone t="boundary 1 bc-1", solutiontime= 0.4000000E+02, strandid=1001, i=42, j=30, f=feblock
  0.000000000000E+00  0.000000000000E+00  0.000000000000E+00  0.000000000000E+00  0.000000000000E+00  0.000000000000E+00  0.000000000000E+00
  0.000000000000E+00  0.000000000000E+00  0.000000000000E+00  0.000000000000E+00  0.000000000000E+00  0.000000000000E+00  0.000000000000E+00
  0.000000000000E+00  0.000000000000E+00  0.000000000000E+00  0.000000000000E+00  0.000000000000E+00  0.000000000000E+00  0.000000000000E+00
  0.000000000000E+00  0.000000000000E+00  0.000000000000E+00  0.000000000000E+00  0.000000000000E+00  0.000000000000E+00  0.000000000000E+00
  0.000000000000E+00  0.000000000000E+00  0.000000000000E+00  0.000000000000E+00  0.000000000000E+00  0.000000000000E+00  0.000000000000E+00
  0.000000000000E+00  0.000000000000E+00  0.000000000000E+00  0.000000000000E+00  0.000000000000E+00  0.000000000000E+00  0.000000000000E+00
  0.000000000000E+00 -0.833333333333E+00  0.000000000000E+00  0.000000000000E+00  0.000000000000E+00 -0.166666666667E+01 -0.833333333333E+00
 -0.833333333333E+00 -0.833333333333E+00  0.000000000000E+00 -0.250000000000E+01 -0.166666666667E+01 -0.166666666667E+01 -0.166666666667E+01
 -0.833333333333E+00  0.000000000000E+00 -0.333333333333E+01 -0.250000000000E+01 -0.250000000000E+01 -0.250000000000E+01 -0.166666666667E+01
 -0.833333333333E+00 -0.416666666667E+01 -0.333333333333E+01 -0.333333333333E+01 -0.333333333333E+01 -0.250000000000E+01 -0.166666666667E+01
 -0.500000000000E+01 -0.416666666667E+01 -0.416666666667E+01 -0.416666666667E+01 -0.333333333333E+01 -0.250000000000E+01 -0.500000000000E+01
 -0.500000000000E+01 -0.500000000000E+01 -0.416666666667E+01 -0.333333333333E+01 -0.500000000000E+01 -0.416666666667E+01 -0.500000000000E+01
  0.500000000000E+01  0.500000000000E+01  0.400000000000E+01  0.200000000000E+01  0.300000000000E+01  0.500000000000E+01  0.400000000000E+01
  0.200000000000E+01  0.300000000000E+01  0.100000000000E+01  0.500000000000E+01  0.400000000000E+01  0.200000000000E+01  0.300000000000E+01
  0.100000000000E+01  0.000000000000E+00  0.500000000000E+01  0.400000000000E+01  0.200000000000E+01  0.300000000000E+01  0.100000000000E+01
  0.000000000000E+00  0.500000000000E+01  0.400000000000E+01  0.200000000000E+01  0.300000000000E+01  0.100000000000E+01  0.000000000000E+00
  0.500000000000E+01  0.400000000000E+01  0.200000000000E+01  0.300000000000E+01  0.100000000000E+01  0.000000000000E+00  0.400000000000E+01
  0.200000000000E+01  0.300000000000E+01  0.100000000000E+01  0.000000000000E+00  0.100000000000E+01  0.000000000000E+00  0.000000000000E+00
  0.100000000000E+01  0.100000000000E+01  0.100000000000E+01  0.100000000000E+01  0.100000000000E+01  0.100000000000E+01  0.100000000000E+01
  0.100000000000E+01  0.100000000000E+01  0.100000000000E+01  0.100000000000E+01  0.100000000000E+01  0.100000000000E+01  0.100000000000E+01
  0.100000000000E+01  0.100000000000E+01  0.100000000000E+01  0.100000000000E+01  0.100000000000E+01  0.100000000000E+01  0.100000000000E+01
  0.100000000000E+01  0.100000000000E+01  0.100000000000E+01  0.100000000000E+01  0.100000000000E+01  0.100000000000E+01  0.100000000000E+01
  0.100000000000E+01  0.100000000000E+01  0.100000000000E+01  0.100000000000E+01  0.100000000000E+01  0.100000000000E+01  0.100000000000E+01
  0.100000000000E+01  0.100000000000E+01  0.100000000000E+01  0.100000000000E+01  0.100000000000E+01  0.100000000000E+01  0.100000000000E+01
  0.500000000000E+00  0.500000000000E+00  0.500000000000E+00  0.500000000000E+00  0.500000000000E+00  0.500000000000E+00  0.500000000000E+00
  0.500000000000E+00  0.500000000000E+00  0.500000000000E+00  0.500000000000E+00  0.500000000000E+00  0.500000000000E+00  0.500000000000E+00
  0.500000000000E+00  0.500000000000E+00  0.500000000000E+00  0.500000000000E+00  0.500000000000E+00  0.500000000000E+00  0.500000000000E+00
  0.500000000000E+00  0.500000000000E+00  0.500000000000E+00  0.500000000000E+00  0.500000000000E+00  0.500000000000E+00  0.500000000000E+00
  0.500000000000E+00  0.500000000000E+00  0.500000000000E+00  0.500000000000E+00  0.500000000000E+00  0.500000000000E+00  0.500000000000E+00
  0.500000000000E+00  0.500000000000E+00  0.500000000000E+00  0.500000000000E+00  0.500000000000E+00  0.500000000000E+00  0.500000000000E+00
  0.000000000000E+00  0.398932060070E-15  0.000000000000E+00  0.000000000000E+00  0.000000000000E+00  0.229485044158E-15  0.163626101631E-15
 -0.719311439851E-16  0.129895283280E-15  0.000000000000E+00 -0.366561344525E-16  0.965396954966E-17  0.690198367050E-17 -0.117711093488E-15
 -0.904767796583E-16  0.000000000000E+00 -0.109356960758E-15  0.206651697584E-15  0.297153302428E-15  0.141030031767E-15 -0.391551460398E-15
 -0.270022371651E-16 -0.959477335039E-16  0.530979501797E-16  0.420147984942E-16  0.303242837189E-15  0.184299227211E-15 -0.141657932129E-15
  0.000000000000E+00 -0.226580986014E-16 -0.344933978224E-15 -0.626842189255E-16  0.407516438307E-15 -0.111316877968E-16  0.000000000000E+00
  0.000000000000E+00  0.000000000000E+00  0.702002788171E-16  0.471776123642E-17  0.000000000000E+00  0.282715871198E-15  0.000000000000E+00
  0.599440753842E-15  0.329241265611E-15  0.142205921900E-15  0.237549375601E-15  0.216309655174E-15  0.771610647439E-15  0.394050053288E-17
  0.136475506100E-15 -0.629083417567E-16 -0.800825967621E-16  0.141661241267E-15 -0.106205239148E-15  0.698266200698E-16  0.337747366060E-16
 -0.612478043193E-16 -0.209617574853E-15 -0.112982331500E-15 -0.287290555882E-15 -0.154573651058E-16 -0.677657102025E-16  0.597113888547E-16
 -0.453072575154E-15  0.353110719319E-15  0.853546877523E-16  0.334287668439E-16  0.521651072709E-16 -0.180899941248E-15 -0.253237184793E-15
  0.491551047743E-16  0.513242800792E-16 -0.248075853695E-16 -0.630843750699E-16 -0.431494504619E-15  0.599057221288E-16  0.173978020472E-16
  0.301397176465E-15 -0.202669263013E-16 -0.542681113291E-18 -0.302081451967E-15  0.310552158536E-16  0.688455667869E-15 -0.885085822342E-15
  0.714285714286E+00  0.714285714286E+00  0.714285714286E+00  0.714285714286E+00  0.714285714286E+00  0.714285714286E+00  0.714285714286E+00
  0.714285714286E+00  0.714285714286E+00  0.714285714286E+00  0.714285714286E+00  0.714285714286E+00  0.714285714286E+00  0.714285714286E+00
  0.714285714286E+00  0.714285714286E+00  0.714285714286E+00  0.714285714286E+00  0.714285714286E+00  0.714285714286E+00  0.714285714286E+00
  0.714285714286E+00  0.714285714286E+00  0.714285714286E+00  0.714285714286E+00  0.714285714286E+00  0.714285714286E+00  0.714285714286E+00
  0.714285714286E+00  0.714285714286E+00  0.714285714286E+00  0.714285714286E+00  0.714285714286E+00  0.714285714286E+00  0.714285714286E+00
  0.714285714286E+00  0.714285714286E+00  0.714285714286E+00  0.714285714286E+00  0.714285714286E+00  0.714285714286E+00  0.714285714286E+00
  0.500000000000E+00  0.500000000000E+00  0.500000000000E+00  0.500000000000E+00  0.500000000000E+00  0.500000000000E+00  0.500000000000E+00
  0.500000000000E+00  0.500000000000E+00  0.500000000000E+00  0.500000000000E+00  0.500000000000E+00  0.500000000000E+00  0.500000000000E+00
  0.500000000000E+00  0.500000000000E+00  0.500000000000E+00  0.500000000000E+00  0.500000000000E+00  0.500000000000E+00  0.500000000000E+00
  0.500000000000E+00  0.500000000000E+00  0.500000000000E+00  0.500000000000E+00  0.500000000000E+00  0.500000000000E+00  0.500000000000E+00
  0.500000000000E+00  0.500000000000E+00  0.500000000000E+00  0.500000000000E+00  0.500000000000E+00  0.500000000000E+00  0.500000000000E+00
  0.500000000000E+00  0.500000000000E+00  0.500000000000E+00  0.500000000000E+00  0.500000000000E+00  0.500000000000E+00  0.500000000000E+00
  0.100000000000E+01  0.100000000000E+01  0.100000000000E+01  0.100000000000E+01  0.100000000000E+01  0.100000000000E+01  0.100000000000E+01
  0.100000000000E+01  0.100000000000E+01  0.100000000000E+01  0.100000000000E+01  0.100000000000E+01  0.100000000000E+01  0.100000000000E+01
  0.100000000000E+01  0.100000000000E+01  0.100000000000E+01  0.100000000000E+01  0.100000000000E+01  0.100000000000E+01  0.100000000000E+01
  0.100000000000E+01  0.100000000000E+01  0.100000000000E+01  0.100000000000E+01  0.100000000000E+01  0.100000000000E+01  0.100000000000E+01
  0.100000000000E+01  0.100000000000E+01  0.100000000000E+01  0.100000000000E+01  0.100000000000E+01  0.100000000000E+01  0.100000000000E+01
  0.100000000000E+01  0.100000000000E+01  0.100000000000E+01  0.100000000000E+01  0.100000000000E+01  0.100000000000E+01  0.100000000000E+01
         2         7         3         1
         7         9         5         3
         9         8         4         5
         8        15        10         4
        15        22        16        10
         6        12         7         2
        12        14         9         7
        14        13         8         9
        13        21        15         8
        21        28        22        15
        11        18        12         6
        18        20        14        12
        20        19        13        14
        19        27        21        13
        27        34        28        21
        17        24        18        11
        24        26        20        18
        26        25        19        20
        25        33        27        19
        33        39        34        27
        23        30        24        17
        30        32        26        24
        32        31        25        26
        31        38        33        25
        38        41        39        33
        29        35        30        23
        35        37        32        30
        37        36        31        32
        36        40        38        31
        40        42        41        38
zone t="boundary 2 bc-2", solutiontime= 0.4000000E+02, strandid=1002, i=50, j=78, f=feblock
  0.500000000000E+01  0.400000000000E+01  0.500000000000E+01  0.432205072469E+01  0.300000000000E+01  0.339985167428E+01  0.500000000000E+01
  0.414352482062E+01  0.200000000000E+01  0.238772260472E+01  0.328766614337E+01  0.253053942594E+01  0.500000000000E+01  0.437470683547E+01
  0.355186041251E+01  0.100000000000E+01  0.148474164412E+01  0.182006405350E+01  0.265208498144E+01  0.158439218620E+01  0.500000000000E+01
  0.421824364393E+01  0.356601661300E+01  0.279151482472E+01  0.000000000000E+00  0.691584087487E+00  0.102677755985E+01  0.203910647352E+01
  0.786163368796E+00  0.130062434092E+01  0.579883387792E+00  0.500000000000E+01  0.439593351493E+01  0.365358382485E+01  0.222719085292E+01
  0.294979435250E+01  0.181898636514E+01  0.000000000000E+00  0.000000000000E+00  0.608717331133E+00  0.956798945949E+00  0.000000000000E+00
  0.400000000000E+01  0.200000000000E+01  0.160059523280E+01  0.300000000000E+01  0.000000000000E+00  0.482256655205E+00  0.100000000000E+01
  0.000000000000E+00
 -0.500000000000E+01 -0.500000000000E+01 -0.500000000000E+01 -0.500000000000E+01 -0.500000000000E+01 -0.500000000000E+01 -0.500000000000E+01
 -0.500000000000E+01 -0.500000000000E+01 -0.500000000000E+01 -0.500000000000E+01 -0.500000000000E+01 -0.500000000000E+01 -0.500000000000E+01
 -0.500000000000E+01 -0.500000000000E+01 -0.500000000000E+01 -0.500000000000E+01 -0.500000000000E+01 -0.500000000000E+01 -0.500000000000E+01
 -0.500000000000E+01 -0.500000000000E+01 -0.500000000000E+01 -0.500000000000E+01 -0.500000000000E+01 -0.500000000000E+01 -0.500000000000E+01
 -0.500000000000E+01 -0.500000000000E+01 -0.500000000000E+01 -0.500000000000E+01 -0.500000000000E+01 -0.500000000000E+01 -0.500000000000E+01
 -0.500000000000E+01 -0.500000000000E+01 -0.500000000000E+01 -0.500000000000E+01 -0.500000000000E+01 -0.500000000000E+01 -0.500000000000E+01
 -0.500000000000E+01 -0.500000000000E+01 -0.500000000000E+01 -0.500000000000E+01 -0.500000000000E+01 -0.500000000000E+01 -0.500000000000E+01
 -0.500000000000E+01
  0.500000000000E+01  0.500000000000E+01  0.400000000000E+01  0.427284776458E+01  0.500000000000E+01  0.409791606955E+01  0.300000000000E+01
  0.334954216394E+01  0.500000000000E+01  0.428961258157E+01  0.317389756208E+01  0.342579600005E+01  0.200000000000E+01  0.245604909385E+01
  0.233993022181E+01  0.500000000000E+01  0.436396516571E+01  0.369973104758E+01  0.256908373316E+01  0.279597472668E+01  0.100000000000E+01
  0.157729503259E+01  0.159701071514E+01  0.152167522831E+01  0.500000000000E+01  0.441213888848E+01  0.370665089386E+01  0.199896920986E+01
  0.224835513052E+01  0.181406525358E+01  0.296809553468E+01  0.000000000000E+00  0.696815730569E+00  0.990157383601E+00  0.787866207738E+00
  0.548147595005E+00  0.128672970530E+01  0.400000000000E+01  0.200000000000E+01  0.160443740745E+01  0.959766653149E+00  0.300000000000E+01
  0.000000000000E+00  0.000000000000E+00  0.606872513237E+00  0.000000000000E+00  0.100000000000E+01  0.486991412371E+00  0.000000000000E+00
  0.000000000000E+00
  0.100000000000E+01  0.100000000000E+01  0.100000000000E+01  0.100000000000E+01  0.100000000000E+01  0.100000000000E+01  0.100000000000E+01
  0.100000000000E+01  0.100000000000E+01  0.100000000000E+01  0.100000000000E+01  0.100000000000E+01  0.100000000000E+01  0.100000000000E+01
  0.100000000000E+01  0.100000000000E+01  0.100000000000E+01  0.100000000000E+01  0.100000000000E+01  0.100000000000E+01  0.100000000000E+01
  0.100000000000E+01  0.100000000000E+01  0.100000000000E+01  0.100000000000E+01  0.100000000000E+01  0.100000000000E+01  0.100000000000E+01
  0.100000000000E+01  0.100000000000E+01  0.100000000000E+01  0.100000000000E+01  0.100000000000E+01  0.100000000000E+01  0.100000000000E+01
  0.100000000000E+01  0.100000000000E+01  0.100000000000E+01  0.100000000000E+01  0.100000000000E+01  0.100000000000E+01  0.100000000000E+01
  0.100000000000E+01  0.100000000000E+01  0.100000000000E+01  0.100000000000E+01  0.100000000000E+01  0.100000000000E+01  0.100000000000E+01
  0.100000000000E+01
  0.500000000000E+00  0.500000000000E+00  0.500000000000E+00  0.500000000000E+00  0.500000000000E+00  0.500000000000E+00  0.500000000000E+00
  0.500000000000E+00  0.500000000000E+00  0.500000000000E+00  0.500000000000E+00  0.500000000000E+00  0.500000000000E+00  0.500000000000E+00
  0.500000000000E+00  0.500000000000E+00  0.500000000000E+00  0.500000000000E+00  0.500000000000E+00  0.500000000000E+00  0.500000000000E+00
  0.500000000000E+00  0.500000000000E+00  0.500000000000E+00  0.500000000000E+00  0.500000000000E+00  0.500000000000E+00  0.500000000000E+00
  0.500000000000E+00  0.500000000000E+00  0.500000000000E+00  0.500000000000E+00  0.500000000000E+00  0.500000000000E+00  0.500000000000E+00
  0.500000000000E+00  0.500000000000E+00  0.500000000000E+00  0.500000000000E+00  0.500000000000E+00  0.500000000000E+00  0.500000000000E+00
  0.500000000000E+00  0.500000000000E+00  0.500000000000E+00  0.500000000000E+00  0.500000000000E+00  0.500000000000E+00  0.500000000000E+00
  0.500000000000E+00
  0.000000000000E+00  0.000000000000E+00  0.000000000000E+00  0.000000000000E+00  0.000000000000E+00  0.000000000000E+00  0.000000000000E+00
  0.000000000000E+00  0.000000000000E+00  0.000000000000E+00  0.000000000000E+00  0.000000000000E+00  0.000000000000E+00  0.000000000000E+00
  0.000000000000E+00  0.000000000000E+00  0.000000000000E+00  0.000000000000E+00  0.000000000000E+00  0.000000000000E+00  0.000000000000E+00
  0.000000000000E+00  0.000000000000E+00  0.000000000000E+00  0.000000000000E+00  0.000000000000E+00  0.000000000000E+00  0.000000000000E+00
  0.000000000000E+00  0.000000000000E+00  0.000000000000E+00  0.000000000000E+00  0.000000000000E+00  0.000000000000E+00  0.000000000000E+00
  0.000000000000E+00  0.000000000000E+00  0.000000000000E+00  0.000000000000E+00  0.000000000000E+00  0.000000000000E+00  0.000000000000E+00
  0.000000000000E+00  0.000000000000E+00  0.000000000000E+00  0.000000000000E+00  0.000000000000E+00  0.000000000000E+00  0.000000000000E+00
  0.000000000000E+00
  0.144577934249E-15  0.323897607854E-16  0.172626471911E-15  0.210970134192E-15  0.431850816381E-15  0.553135067176E-15 -0.435623930561E-16
  0.128430539249E-15  0.517594734674E-15  0.110788478810E-15  0.243989109578E-15  0.358923426558E-15 -0.128097941154E-15 -0.241263919601E-16
 -0.337996007980E-15  0.527972992610E-16 -0.151759166925E-15  0.403383543805E-16 -0.756795953968E-16 -0.220286318965E-17 -0.616614970352E-16
 -0.186042819677E-15 -0.150385206779E-15 -0.275717491328E-15  0.491551047743E-16 -0.790734563352E-16  0.218872325512E-15 -0.150867774367E-15
 -0.164554940504E-15 -0.884642643090E-16 -0.180772619137E-17 -0.117344960629E-14  0.357039195454E-16 -0.253267295021E-16 -0.122230079607E-15
  0.450284112094E-15 -0.414477931540E-15  0.173978020472E-16  0.301397176465E-15 -0.140059436704E-15  0.623144186397E-16 -0.202669263013E-16
 -0.152925060875E-14 -0.176610958133E-14  0.390826244678E-15 -0.133199055859E-14  0.310552158536E-16  0.377238431864E-15 -0.144944626344E-14
 -0.885085822342E-15
  0.714285714286E+00  0.714285714286E+00  0.714285714286E+00  0.714285714286E+00  0.714285714286E+00  0.714285714286E+00  0.714285714286E+00
  0.714285714286E+00  0.714285714286E+00  0.714285714286E+00  0.714285714286E+00  0.714285714286E+00  0.714285714286E+00  0.714285714286E+00
  0.714285714286E+00  0.714285714286E+00  0.714285714286E+00  0.714285714286E+00  0.714285714286E+00  0.714285714286E+00  0.714285714286E+00
  0.714285714286E+00  0.714285714286E+00  0.714285714286E+00  0.714285714286E+00  0.714285714286E+00  0.714285714286E+00  0.714285714286E+00
  0.714285714286E+00  0.714285714286E+00  0.714285714286E+00  0.714285714286E+00  0.714285714286E+00  0.714285714286E+00  0.714285714286E+00
  0.714285714286E+00  0.714285714286E+00  0.714285714286E+00  0.714285714286E+00  0.714285714286E+00  0.714285714286E+00  0.714285714286E+00
  0.714285714286E+00  0.714285714286E+00  0.714285714286E+00  0.714285714286E+00  0.714285714286E+00  0.714285714286E+00  0.714285714286E+00
  0.714285714286E+00
  0.500000000000E+00  0.500000000000E+00  0.500000000000E+00  0.500000000000E+00  0.500000000000E+00  0.500000000000E+00  0.500000000000E+00
  0.500000000000E+00  0.500000000000E+00  0.500000000000E+00  0.500000000000E+00  0.500000000000E+00  0.500000000000E+00  0.500000000000E+00
  0.500000000000E+00  0.500000000000E+00  0.500000000000E+00  0.500000000000E+00  0.500000000000E+00  0.500000000000E+00  0.500000000000E+00
  0.500000000000E+00  0.500000000000E+00  0.500000000000E+00  0.500000000000E+00  0.500000000000E+00  0.500000000000E+00  0.500000000000E+00
  0.500000000000E+00  0.500000000000E+00  0.500000000000E+00  0.500000000000E+00  0.500000000000E+00  0.500000000000E+00  0.500000000000E+00
  0.500000000000E+00  0.500000000000E+00  0.500000000000E+00  0.500000000000E+00  0.500000000000E+00  0.500000000000E+00  0.500000000000E+00
  0.500000000000E+00  0.500000000000E+00  0.500000000000E+00  0.500000000000E+00  0.500000000000E+00  0.500000000000E+00  0.500000000000E+00
  0.500000000000E+00
  0.100000000000E+01  0.100000000000E+01  0.100000000000E+01  0.100000000000E+01  0.100000000000E+01  0.100000000000E+01  0.100000000000E+01
  0.100000000000E+01  0.100000000000E+01  0.100000000000E+01  0.100000000000E+01  0.100000000000E+01  0.100000000000E+01  0.100000000000E+01
  0.100000000000E+01  0.100000000000E+01  0.100000000000E+01  0.100000000000E+01  0.100000000000E+01  0.100000000000E+01  0.100000000000E+01
  0.100000000000E+01  0.100000000000E+01  0.100000000000E+01  0.100000000000E+01  0.100000000000E+01  0.100000000000E+01  0.100000000000E+01
  0.100000000000E+01  0.100000000000E+01  0.100000000000E+01  0.100000000000E+01  0.100000000000E+01  0.100000000000E+01  0.100000000000E+01
  0.100000000000E+01  0.100000000000E+01  0.100000000000E+01  0.100000000000E+01  0.100000000000E+01  0.100000000000E+01  0.100000000000E+01
  0.100000000000E+01  0.100000000000E+01  0.100000000000E+01  0.100000000000E+01  0.100000000000E+01  0.100000000000E+01  0.100000000000E+01
  0.100000000000E+01
        44        35        36        36
        24        34        36        36
        38        27        31        31
        20        29        31        31
        24        23        34        34
        15        22        23        23
        24        35        37        37
        41        30        37        37
        27        18        20        20
        17        18        27        27
        15        19        11        11
        12         6        11        11
         8         7        14        14
        13        14         7         7
        41        40        30        30
        47        39        40        40
        17         9        10        10
         5        10         9         9
        44        45        35        35
        49        41        45        45
        19        15        24        24
        36        35        24        24
        37        45        41        41
        40        39        29        29
        30        29        20        20
        12        18        10        10
        20        12        19        19
        11         8        15        15
        20        18        12        12
        27        20        31        31
        28        20        19        19
        23        24        15        15
        23        22        34        34
        28        24        37        37
        11        19        12        12
        11         6         8         8
        28        19        24        24
        40        41        47        47
        30        40        29        29
        45        44        49        49
        37        35        45        45
        16        26        25        25
        27        38        26        26
        47        48        50        50
        43        33        32        32
        22        21        33        33
         3         4         1         1
         6         2         4         4
        10         5         6         6
        14        13        22        22
         4         3         8         8
         7         8         3         3
        42        38        31        31
         9        17        16        16
        33        43        34        34
        36        34        43        43
        41        48        47        47
        15         8        14        14
        28        30        20        20
        18        17        10        10
        42        31        39        39
        26        16        17        17
         8         6         4         4
        34        22        33        33
        37        30        28        28
        27        26        17        17
        49        48        41        41
        46        36        43        43
        31        29        39        39
        36        46        44        44
        22        13        21        21
        15        14        22        22
         6         5         2         2
        12        10         6         6
        26        38        25        25
        48        49        50        50
        33        21        32        32
         4         2         1         1
zone t="boundary 3 bc-3", solutiontime= 0.4000000E+02, strandid=1003, i=50, j=78, f=feblock
  0.500000000000E+01  0.400000000000E+01  0.500000000000E+01  0.432205072469E+01  0.300000000000E+01  0.339985167428E+01  0.500000000000E+01
  0.414352482062E+01  0.200000000000E+01  0.238772260472E+01  0.328766614337E+01  0.253053942594E+01  0.500000000000E+01  0.437470683547E+01
  0.355186041251E+01  0.100000000000E+01  0.148474164412E+01  0.182006405350E+01  0.265208498144E+01  0.158439218620E+01  0.500000000000E+01
  0.421824364393E+01  0.356601661300E+01  0.279151482472E+01  0.000000000000E+00  0.691584087487E+00  0.102677755985E+01  0.203910647352E+01
  0.786163368796E+00  0.130062434092E+01  0.579883387792E+00  0.500000000000E+01  0.439593351493E+01  0.365358382485E+01  0.222719085292E+01
  0.294979435250E+01  0.181898636514E+01  0.000000000000E+00  0.000000000000E+00  0.608717331133E+00  0.956798945949E+00  0.000000000000E+00
  0.400000000000E+01  0.200000000000E+01  0.160059523280E+01  0.300000000000E+01  0.000000000000E+00  0.482256655205E+00  0.100000000000E+01
  0.000000000000E+00
  0.000000000000E+00  0.000000000000E+00  0.000000000000E+00  0.000000000000E+00  0.000000000000E+00  0.000000000000E+00  0.000000000000E+00
  0.000000000000E+00  0.000000000000E+00  0.000000000000E+00  0.000000000000E+00  0.000000000000E+00  0.000000000000E+00  0.000000000000E+00
  0.000000000000E+00  0.000000000000E+00  0.000000000000E+00  0.000000000000E+00  0.000000000000E+00  0.000000000000E+00  0.000000000000E+00
  0.000000000000E+00  0.000000000000E+00  0.000000000000E+00  0.000000000000E+00  0.000000000000E+00  0.000000000000E+00  0.000000000000E+00
  0.000000000000E+00  0.000000000000E+00  0.000000000000E+00  0.000000000000E+00  0.000000000000E+00  0.000000000000E+00  0.000000000000E+00
  0.000000000000E+00  0.000000000000E+00  0.000000000000E+00  0.000000000000E+00  0.000000000000E+00  0.000000000000E+00  0.000000000000E+00
  0.000000000000E+00  0.000000000000E+00  0.000000000000E+00  0.000000000000E+00  0.000000000000E+00  0.000000000000E+00  0.000000000000E+00
  0.000000000000E+00
  0.500000000000E+01  0.500000000000E+01  0.400000000000E+01  0.427284776458E+01  0.500000000000E+01  0.409791606955E+01  0.300000000000E+01
  0.334954216394E+01  0.500000000000E+01  0.428961258157E+01  0.317389756208E+01  0.342579600005E+01  0.200000000000E+01  0.245604909385E+01
  0.233993022181E+01  0.500000000000E+01  0.436396516571E+01  0.369973104758E+01  0.256908373316E+01  0.279597472668E+01  0.100000000000E+01
  0.157729503259E+01  0.159701071514E+01  0.152167522831E+01  0.500000000000E+01  0.441213888848E+01  0.370665089386E+01  0.199896920986E+01
  0.224835513052E+01  0.181406525358E+01  0.296809553468E+01  0.000000000000E+00  0.696815730569E+00  0.990157383601E+00  0.787866207738E+00
  0.548147595005E+00  0.128672970530E+01  0.400000000000E+01  0.200000000000E+01  0.160443740745E+01  0.959766653149E+00  0.300000000000E+01
  0.000000000000E+00  0.000000000000E+00  0.606872513237E+00  0.000000000000E+00  0.100000000000E+01  0.486991412371E+00  0.000000000000E+00
  0.000000000000E+00
  0.100000000000E+01  0.100000000000E+01  0.100000000000E+01  0.100000000000E+01  0.100000000000E+01  0.100000000000E+01  0.100000000000E+01
  0.100000000000E+01  0.100000000000E+01  0.100000000000E+01  0.100000000000E+01  0.100000000000E+01  0.100000000000E+01  0.100000000000E+01
  0.100000000000E+01  0.100000000000E+01  0.100000000000E+01  0.100000000000E+01  0.100000000000E+01  0.100000000000E+01  0.100000000000E+01
  0.100000000000E+01  0.100000000000E+01  0.100000000000E+01  0.100000000000E+01  0.100000000000E+01  0.100000000000E+01  0.100000000000E+01
  0.100000000000E+01  0.100000000000E+01  0.100000000000E+01  0.100000000000E+01  0.100000000000E+01  0.100000000000E+01  0.100000000000E+01
  0.100000000000E+01  0.100000000000E+01  0.100000000000E+01  0.100000000000E+01  0.100000000000E+01  0.100000000000E+01  0.100000000000E+01
  0.100000000000E+01  0.100000000000E+01  0.100000000000E+01  0.100000000000E+01  0.100000000000E+01  0.100000000000E+01  0.100000000000E+01
  0.100000000000E+01
  0.500000000000E+00  0.500000000000E+00  0.500000000000E+00  0.500000000000E+00  0.500000000000E+00  0.500000000000E+00  0.500000000000E+00
  0.500000000000E+00  0.500000000000E+00  0.500000000000E+00  0.500000000000E+00  0.500000000000E+00  0.500000000000E+00  0.500000000000E+00
  0.500000000000E+00  0.500000000000E+00  0.500000000000E+00  0.500000000000E+00  0.500000000000E+00  0.500000000000E+00  0.500000000000E+00
  0.500000000000E+00  0.500000000000E+00  0.500000000000E+00  0.500000000000E+00  0.500000000000E+00  0.500000000000E+00  0.500000000000E+00
  0.500000000000E+00  0.500000000000E+00  0.500000000000E+00  0.500000000000E+00  0.500000000000E+00  0.500000000000E+00  0.500000000000E+00
  0.500000000000E+00  0.500000000000E+00  0.500000000000E+00  0.500000000000E+00  0.500000000000E+00  0.500000000000E+00  0.500000000000E+00
  0.500000000000E+00  0.500000000000E+00  0.500000000000E+00  0.500000000000E+00  0.500000000000E+00  0.500000000000E+00  0.500000000000E+00
  0.500000000000E+00
  0.000000000000E+00  0.000000000000E+00  0.000000000000E+00  0.000000000000E+00  0.000000000000E+00  0.000000000000E+00  0.000000000000E+00
  0.000000000000E+00  0.000000000000E+00  0.000000000000E+00  0.000000000000E+00  0.000000000000E+00  0.000000000000E+00  0.000000000000E+00
  0.000000000000E+00  0.000000000000E+00  0.000000000000E+00  0.000000000000E+00  0.000000000000E+00  0.000000000000E+00  0.000000000000E+00
  0.000000000000E+00  0.000000000000E+00  0.000000000000E+00  0.000000000000E+00  0.000000000000E+00  0.000000000000E+00  0.000000000000E+00
  0.000000000000E+00  0.000000000000E+00  0.000000000000E+00  0.000000000000E+00  0.000000000000E+00  0.000000000000E+00  0.000000000000E+00
  0.000000000000E+00  0.000000000000E+00  0.000000000000E+00  0.000000000000E+00  0.000000000000E+00  0.000000000000E+00  0.000000000000E+00
  0.000000000000E+00  0.000000000000E+00  0.000000000000E+00  0.000000000000E+00  0.000000000000E+00  0.000000000000E+00  0.000000000000E+00
  0.000000000000E+00
 -0.751510321286E-15 -0.117298325796E-15 -0.324064200128E-15 -0.346053521045E-15  0.126003313407E-15  0.852797983033E-16 -0.829723266302E-16
  0.115415252229E-15 -0.615878696381E-15  0.120640833670E-15  0.228284675758E-15  0.280598985368E-15  0.211871309548E-16  0.271142342397E-16
  0.314793473926E-16 -0.291017910642E-15  0.452141888749E-16  0.163302082250E-15 -0.156401235911E-17  0.488438610627E-16  0.246272061110E-16
  0.274202565440E-15  0.221459439742E-15  0.651492543403E-16  0.599440753842E-15  0.266165614067E-16 -0.176476719324E-16  0.194592959729E-16
 -0.114509168528E-15 -0.223391667885E-16 -0.104645165318E-15 -0.320121636336E-15 -0.299668977988E-15  0.127822898333E-16  0.869453421586E-16
 -0.731540981800E-16 -0.150420894233E-15  0.142205921900E-15  0.237549375601E-15 -0.367062459508E-15 -0.618141035300E-16  0.216309655174E-15
 -0.664704264223E-16 -0.316818747784E-15 -0.323752531145E-15 -0.184685371589E-15 -0.800825967621E-16 -0.153256487208E-15 -0.545651154359E-16
 -0.209617574853E-15
  0.714285714286E+00  0.714285714286E+00  0.714285714286E+00  0.714285714286E+00  0.714285714286E+00  0.714285714286E+00  0.714285714286E+00
  0.714285714286E+00  0.714285714286E+00  0.714285714286E+00  0.714285714286E+00  0.714285714286E+00  0.714285714286E+00  0.714285714286E+00
  0.714285714286E+00  0.714285714286E+00  0.714285714286E+00  0.714285714286E+00  0.714285714286E+00  0.714285714286E+00  0.714285714286E+00
  0.714285714286E+00  0.714285714286E+00  0.714285714286E+00  0.714285714286E+00  0.714285714286E+00  0.714285714286E+00  0.714285714286E+00
  0.714285714286E+00  0.714285714286E+00  0.714285714286E+00  0.714285714286E+00  0.714285714286E+00  0.714285714286E+00  0.714285714286E+00
  0.714285714286E+00  0.714285714286E+00  0.714285714286E+00  0.714285714286E+00  0.714285714286E+00  0.714285714286E+00  0.714285714286E+00
  0.714285714286E+00  0.714285714286E+00  0.714285714286E+00  0.714285714286E+00  0.714285714286E+00  0.714285714286E+00  0.714285714286E+00
  0.714285714286E+00
  0.500000000000E+00  0.500000000000E+00  0.500000000000E+00  0.500000000000E+00  0.500000000000E+00  0.500000000000E+00  0.500000000000E+00
  0.500000000000E+00  0.500000000000E+00  0.500000000000E+00  0.500000000000E+00  0.500000000000E+00  0.500000000000E+00  0.500000000000E+00
  0.500000000000E+00  0.500000000000E+00  0.500000000000E+00  0.500000000000E+00  0.500000000000E+00  0.500000000000E+00  0.500000000000E+00
  0.500000000000E+00  0.500000000000E+00  0.500000000000E+00  0.500000000000E+00  0.500000000000E+00  0.500000000000E+00  0.500000000000E+00
  0.500000000000E+00  0.500000000000E+00  0.500000000000E+00  0.500000000000E+00  0.500000000000E+00  0.500000000000E+00  0.500000000000E+00
  0.500000000000E+00  0.500000000000E+00  0.500000000000E+00  0.500000000000E+00  0.500000000000E+00  0.500000000000E+00  0.500000000000E+00
  0.500000000000E+00  0.500000000000E+00  0.500000000000E+00  0.500000000000E+00  0.500000000000E+00  0.500000000000E+00  0.500000000000E+00
  0.500000000000E+00
  0.100000000000E+01  0.100000000000E+01  0.100000000000E+01  0.100000000000E+01  0.100000000000E+01  0.100000000000E+01  0.100000000000E+01
  0.100000000000E+01  0.100000000000E+01  0.100000000000E+01  0.100000000000E+01  0.100000000000E+01  0.100000000000E+01  0.100000000000E+01
  0.100000000000E+01  0.100000000000E+01  0.100000000000E+01  0.100000000000E+01  0.100000000000E+01  0.100000000000E+01  0.100000000000E+01
  0.100000000000E+01  0.100000000000E+01  0.100000000000E+01  0.100000000000E+01  0.100000000000E+01  0.100000000000E+01  0.100000000000E+01
  0.100000000000E+01  0.100000000000E+01  0.100000000000E+01  0.100000000000E+01  0.100000000000E+01  0.100000000000E+01  0.100000000000E+01
  0.100000000000E+01  0.100000000000E+01  0.100000000000E+01  0.100000000000E+01  0.100000000000E+01  0.100000000000E+01  0.100000000000E+01
  0.100000000000E+01  0.100000000000E+01  0.100000000000E+01  0.100000000000E+01  0.100000000000E+01  0.100000000000E+01  0.100000000000E+01
  0.100000000000E+01
        36        35        44        44
        36        34        24        24
        31        27        38        38
        31        29        20        20
        34        23        24        24
        23        22        15        15
        37        35        24        24
        37        30        41        41
        20        18        27        27
        27        18        17        17
        11        19        15        15
        11         6        12        12
        14         7         8         8
         7        14        13        13
        30        40        41        41
        40        39        47        47
        10         9        17        17
         9        10         5         5
        35        45        44        44
        45        41        49        49
        24        15        19        19
        24        35        36        36
        41        45        37        37
        29        39        40        40
        20        29        30        30
        10        18        12        12
        19        12        20        20
        15         8        11        11
        12        18        20        20
        31        20        27        27
        19        20        28        28
        15        24        23        23
        34        22        23        23
        37        24        28        28
        12        19        11        11
         8         6        11        11
        24        19        28        28
        47        41        40        40
        29        40        30        30
        49        44        45        45
        45        35        37        37
        25        26        16        16
        26        38        27        27
        50        48        47        47
        32        33        43        43
        33        21        22        22
         1         4         3         3
         4         2         6         6
         6         5        10        10
        22        13        14        14
         8         3         4         4
         3         8         7         7
        31        38        42        42
        16        17         9         9
        34        43        33        33
        43        34        36        36
        47        48        41        41
        14         8        15        15
        20        30        28        28
        10        17        18        18
        39        31        42        42
        17        16        26        26
         4         6         8         8
        33        22        34        34
        28        30        37        37
        17        26        27        27
        41        48        49        49
        43        36        46        46
        39        29        31        31
        44        46        36        36
        21        13        22        22
        22        14        15        15
         2         5         6         6
         6        10        12        12
        25        38        26        26
        50        49        48        48
        32        21        33        33
         1         2         4         4
zone t="boundary 4 bc-4", solutiontime= 0.4000000E+02, strandid=1004, i=42, j=30, f=feblock
  0.500000000000E+01  0.400000000000E+01  0.500000000000E+01  0.300000000000E+01  0.400000000000E+01  0.500000000000E+01  0.200000000000E+01
  0.300000000000E+01  0.400000000000E+01  0.500000000000E+01  0.100000000000E+01  0.200000000000E+01  0.300000000000E+01  0.400000000000E+01
  0.500000000000E+01  0.000000000000E+00  0.100000000000E+01  0.200000000000E+01  0.300000000000E+01  0.400000000000E+01  0.500000000000E+01
  0.000000000000E+00  0.100000000000E+01  0.200000000000E+01  0.300000000000E+01  0.400000000000E+01  0.500000000000E+01  0.000000000000E+00
  0.100000000000E+01  0.200000000000E+01  0.300000000000E+01  0.400000000000E+01  0.000000000000E+00  0.100000000000E+01  0.200000000000E+01
  0.300000000000E+01  0.000000000000E+00  0.100000000000E+01  0.200000000000E+01  0.000000000000E+00  0.100000000000E+01  0.000000000000E+00
  0.000000000000E+00  0.000000000000E+00 -0.833333333333E+00  0.000000000000E+00 -0.833333333333E+00 -0.166666666667E+01  0.000000000000E+00
 -0.833333333333E+00 -0.166666666667E+01 -0.250000000000E+01  0.000000000000E+00 -0.833333333333E+00 -0.166666666667E+01 -0.250000000000E+01
 -0.333333333333E+01  0.000000000000E+00 -0.833333333333E+00 -0.166666666667E+01 -0.250000000000E+01 -0.333333333333E+01 -0.416666666667E+01
 -0.833333333333E+00 -0.166666666667E+01 -0.250000000000E+01 -0.333333333333E+01 -0.416666666667E+01 -0.500000000000E+01 -0.166666666667E+01
 -0.250000000000E+01 -0.333333333333E+01 -0.416666666667E+01 -0.500000000000E+01 -0.250000000000E+01 -0.333333333333E+01 -0.416666666667E+01
 -0.500000000000E+01 -0.333333333333E+01 -0.416666666667E+01 -0.500000000000E+01 -0.416666666667E+01 -0.500000000000E+01 -0.500000000000E+01
  0.500000000000E+01  0.500000000000E+01  0.500000000000E+01  0.500000000000E+01  0.500000000000E+01  0.500000000000E+01  0.500000000000E+01
  0.500000000000E+01  0.500000000000E+01  0.500000000000E+01  0.500000000000E+01  0.500000000000E+01  0.500000000000E+01  0.500000000000E+01
  0.500000000000E+01  0.500000000000E+01  0.500000000000E+01  0.500000000000E+01  0.500000000000E+01  0.500000000000E+01  0.500000000000E+01
  0.500000000000E+01  0.500000000000E+01  0.500000000000E+01  0.500000000000E+01  0.500000000000E+01  0.500000000000E+01  0.500000000000E+01
  0.500000000000E+01  0.500000000000E+01  0.500000000000E+01  0.500000000000E+01  0.500000000000E+01  0.500000000000E+01  0.500000000000E+01
  0.500000000000E+01  0.500000000000E+01  0.500000000000E+01  0.500000000000E+01  0.500000000000E+01  0.500000000000E+01  0.500000000000E+01
  0.100000000000E+01  0.100000000000E+01  0.100000000000E+01  0.100000000000E+01  0.100000000000E+01  0.100000000000E+01  0.100000000000E+01
  0.100000000000E+01  0.100000000000E+01  0.100000000000E+01  0.100000000000E+01  0.100000000000E+01  0.100000000000E+01  0.100000000000E+01
  0.100000000000E+01  0.100000000000E+01  0.100000000000E+01  0.100000000000E+01  0.100000000000E+01  0.100000000000E+01  0.100000000000E+01
  0.100000000000E+01  0.100000000000E+01  0.100000000000E+01  0.100000000000E+01  0.100000000000E+01  0.100000000000E+01  0.100000000000E+01
  0.100000000000E+01  0.100000000000E+01  0.100000000000E+01  0.100000000000E+01  0.100000000000E+01  0.100000000000E+01  0.100000000000E+01
  0.100000000000E+01  0.100000000000E+01  0.100000000000E+01  0.100000000000E+01  0.100000000000E+01  0.100000000000E+01  0.100000000000E+01
  0.500000000000E+00  0.500000000000E+00  0.500000000000E+00  0.500000000000E+00  0.500000000000E+00  0.500000000000E+00  0.500000000000E+00
  0.500000000000E+00  0.500000000000E+00  0.500000000000E+00  0.500000000000E+00  0.500000000000E+00  0.500000000000E+00  0.500000000000E+00
  0.500000000000E+00  0.500000000000E+00  0.500000000000E+00  0.500000000000E+00  0.500000000000E+00  0.500000000000E+00  0.500000000000E+00
  0.500000000000E+00  0.500000000000E+00  0.500000000000E+00  0.500000000000E+00  0.500000000000E+00  0.500000000000E+00  0.500000000000E+00
  0.500000000000E+00  0.500000000000E+00  0.500000000000E+00  0.500000000000E+00  0.500000000000E+00  0.500000000000E+00  0.500000000000E+00
  0.500000000000E+00  0.500000000000E+00  0.500000000000E+00  0.500000000000E+00  0.500000000000E+00  0.500000000000E+00  0.500000000000E+00
  0.000000000000E+00  0.000000000000E+00 -0.152600118611E-15  0.000000000000E+00 -0.356378319533E-16 -0.830539260158E-16  0.000000000000E+00
  0.135470898346E-16 -0.302966328537E-15 -0.117030264601E-15  0.000000000000E+00  0.823588517253E-16  0.333517593133E-16 -0.594863036518E-15
 -0.158056174654E-16  0.000000000000E+00  0.133858064129E-15 -0.454745952354E-15 -0.796051017818E-16  0.119814585211E-15 -0.934214660581E-16
  0.398932060070E-15  0.933558923466E-16 -0.401243500089E-15  0.849391074700E-16  0.402274179571E-16  0.000000000000E+00  0.229485044158E-15
 -0.285373403354E-16  0.414304046690E-16 -0.446516188730E-17  0.000000000000E+00 -0.366561344525E-16 -0.100502879137E-15 -0.676393097137E-16
  0.000000000000E+00 -0.109356960758E-15 -0.267085681456E-15  0.000000000000E+00 -0.959477335039E-16  0.000000000000E+00  0.000000000000E+00
 -0.751510321286E-15 -0.117298325796E-15  0.247098692721E-15  0.126003313407E-15  0.252707406922E-15  0.502590641381E-15 -0.615878696381E-15
 -0.127768280521E-16  0.390415347313E-15  0.925551596720E-16 -0.291017910642E-15 -0.101050092583E-15 -0.186972343070E-15 -0.463888644365E-15
  0.225108128411E-15  0.599440753842E-15 -0.954179849207E-16  0.972838608544E-15  0.145052013850E-15 -0.615066309761E-15  0.504985211351E-15
  0.329241265611E-15  0.301404043252E-15  0.240119285923E-15 -0.426284672883E-15  0.646037524076E-15  0.144577934249E-15  0.771610647439E-15
  0.594929064593E-15 -0.135018911794E-15  0.218518496317E-15  0.323897607854E-16  0.141661241267E-15  0.735754624803E-16  0.471682474370E-15
  0.431850816381E-15 -0.112982331500E-15  0.324609426956E-15  0.517594734674E-15  0.353110719319E-15  0.527972992610E-16  0.491551047743E-16
  0.714285714286E+00  0.714285714286E+00  0.714285714286E+00  0.714285714286E+00  0.714285714286E+00  0.714285714286E+00  0.714285714286E+00
  0.714285714286E+00  0.714285714286E+00  0.714285714286E+00  0.714285714286E+00  0.714285714286E+00  0.714285714286E+00  0.714285714286E+00
  0.714285714286E+00  0.714285714286E+00  0.714285714286E+00  0.714285714286E+00  0.714285714286E+00  0.714285714286E+00  0.714285714286E+00
  0.714285714286E+00  0.714285714286E+00  0.714285714286E+00  0.714285714286E+00  0.714285714286E+00  0.714285714286E+00  0.714285714286E+00
  0.714285714286E+00  0.714285714286E+00  0.714285714286E+00  0.714285714286E+00  0.714285714286E+00  0.714285714286E+00  0.714285714286E+00
  0.714285714286E+00  0.714285714286E+00  0.714285714286E+00  0.714285714286E+00  0.714285714286E+00  0.714285714286E+00  0.714285714286E+00
  0.500000000000E+00  0.500000000000E+00  0.500000000000E+00  0.500000000000E+00  0.500000000000E+00  0.500000000000E+00  0.500000000000E+00
  0.500000000000E+00  0.500000000000E+00  0.500000000000E+00  0.500000000000E+00  0.500000000000E+00  0.500000000000E+00  0.500000000000E+00
  0.500000000000E+00  0.500000000000E+00  0.500000000000E+00  0.500000000000E+00  0.500000000000E+00  0.500000000000E+00  0.500000000000E+00
  0.500000000000E+00  0.500000000000E+00  0.500000000000E+00  0.500000000000E+00  0.500000000000E+00  0.500000000000E+00  0.500000000000E+00
  0.500000000000E+00  0.500000000000E+00  0.500000000000E+00  0.500000000000E+00  0.500000000000E+00  0.500000000000E+00  0.500000000000E+00
  0.500000000000E+00  0.500000000000E+00  0.500000000000E+00  0.500000000000E+00  0.500000000000E+00  0.500000000000E+00  0.500000000000E+00
  0.100000000000E+01  0.100000000000E+01  0.100000000000E+01  0.100000000000E+01  0.100000000000E+01  0.100000000000E+01  0.100000000000E+01
  0.100000000000E+01  0.100000000000E+01  0.100000000000E+01  0.100000000000E+01  0.100000000000E+01  0.100000000000E+01  0.100000000000E+01
  0.100000000000E+01  0.100000000000E+01  0.100000000000E+01  0.100000000000E+01  0.100000000000E+01  0.100000000000E+01  0.100000000000E+01
  0.100000000000E+01  0.100000000000E+01  0.100000000000E+01  0.100000000000E+01  0.100000000000E+01  0.100000000000E+01  0.100000000000E+01
  0.100000000000E+01  0.100000000000E+01  0.100000000000E+01  0.100000000000E+01  0.100000000000E+01  0.100000000000E+01  0.100000000000E+01
  0.100000000000E+01  0.100000000000E+01  0.100000000000E+01  0.100000000000E+01  0.100000000000E+01  0.100000000000E+01  0.100000000000E+01
         3         5         2         1
         5         8         4         2
         8        12         7         4
        12        17        11         7
        17        22        16        11
         6         9         5         3
         9        13         8         5
        13        18        12         8
        18        23        17        12
        23        28        22        17
        10        14         9         6
        14        19        13         9
        19        24        18        13
        24        29        23        18
        29        33        28        23
        15        20        14        10
        20        25        19        14
        25        30        24        19
        30        34        29        24
        34        37        33        29
        21        26        20        15
        26        31        25        20
        31        35        30        25
        35        38        34        30
        38        40        37        34
        27        32        26        21
        32        36        31        26
        36        39        35        31
        39        41        38        35
        41        42        40        38
zone t="boundary 5 bc-5", solutiontime= 0.4000000E+02, strandid=1005, i=42, j=30, f=feblock
  0.500000000000E+01  0.500000000000E+01  0.500000000000E+01  0.500000000000E+01  0.500000000000E+01  0.500000000000E+01  0.500000000000E+01
  0.500000000000E+01  0.500000000000E+01  0.500000000000E+01  0.500000000000E+01  0.500000000000E+01  0.500000000000E+01  0.500000000000E+01
  0.500000000000E+01  0.500000000000E+01  0.500000000000E+01  0.500000000000E+01  0.500000000000E+01  0.500000000000E+01  0.500000000000E+01
  0.500000000000E+01  0.500000000000E+01  0.500000000000E+01  0.500000000000E+01  0.500000000000E+01  0.500000000000E+01  0.500000000000E+01
  0.500000000000E+01  0.500000000000E+01  0.500000000000E+01  0.500000000000E+01  0.500000000000E+01  0.500000000000E+01  0.500000000000E+01
  0.500000000000E+01  0.500000000000E+01  0.500000000000E+01  0.500000000000E+01  0.500000000000E+01  0.500000000000E+01  0.500000000000E+01
  0.000000000000E+00  0.000000000000E+00 -0.833333333333E+00  0.000000000000E+00 -0.833333333333E+00 -0.166666666667E+01  0.000000000000E+00
 -0.833333333333E+00 -0.166666666667E+01 -0.250000000000E+01  0.000000000000E+00 -0.833333333333E+00 -0.166666666667E+01 -0.250000000000E+01
 -0.333333333333E+01  0.000000000000E+00 -0.833333333333E+00 -0.166666666667E+01 -0.250000000000E+01 -0.333333333333E+01 -0.416666666667E+01
 -0.833333333333E+00 -0.166666666667E+01 -0.250000000000E+01 -0.333333333333E+01 -0.416666666667E+01 -0.500000000000E+01 -0.166666666667E+01
 -0.250000000000E+01 -0.333333333333E+01 -0.416666666667E+01 -0.500000000000E+01 -0.250000000000E+01 -0.333333333333E+01 -0.416666666667E+01
 -0.500000000000E+01 -0.333333333333E+01 -0.416666666667E+01 -0.500000000000E+01 -0.416666666667E+01 -0.500000000000E+01 -0.500000000000E+01
  0.500000000000E+01  0.400000000000E+01  0.500000000000E+01  0.300000000000E+01  0.400000000000E+01  0.500000000000E+01  0.200000000000E+01
  0.300000000000E+01  0.400000000000E+01  0.500000000000E+01  0.100000000000E+01  0.200000000000E+01  0.300000000000E+01  0.400000000000E+01
  0.500000000000E+01  0.000000000000E+00  0.100000000000E+01  0.200000000000E+01  0.300000000000E+01  0.400000000000E+01  0.500000000000E+01
  0.000000000000E+00  0.100000000000E+01  0.200000000000E+01  0.300000000000E+01  0.400000000000E+01  0.500000000000E+01  0.000000000000E+00
  0.100000000000E+01  0.200000000000E+01  0.300000000000E+01  0.400000000000E+01  0.000000000000E+00  0.100000000000E+01  0.200000000000E+01
  0.300000000000E+01  0.000000000000E+00  0.100000000000E+01  0.200000000000E+01  0.000000000000E+00  0.100000000000E+01  0.000000000000E+00
  0.100000000000E+01  0.100000000000E+01  0.100000000000E+01  0.100000000000E+01  0.100000000000E+01  0.100000000000E+01  0.100000000000E+01
  0.100000000000E+01  0.100000000000E+01  0.100000000000E+01  0.100000000000E+01  0.100000000000E+01  0.100000000000E+01  0.100000000000E+01
  0.100000000000E+01  0.100000000000E+01  0.100000000000E+01  0.100000000000E+01  0.100000000000E+01  0.100000000000E+01  0.100000000000E+01
  0.100000000000E+01  0.100000000000E+01  0.100000000000E+01  0.100000000000E+01  0.100000000000E+01  0.100000000000E+01  0.100000000000E+01
  0.100000000000E+01  0.100000000000E+01  0.100000000000E+01  0.100000000000E+01  0.100000000000E+01  0.100000000000E+01  0.100000000000E+01
  0.100000000000E+01  0.100000000000E+01  0.100000000000E+01  0.100000000000E+01  0.100000000000E+01  0.100000000000E+01  0.100000000000E+01
  0.500000000000E+00  0.500000000000E+00  0.500000000000E+00  0.500000000000E+00  0.500000000000E+00  0.500000000000E+00  0.500000000000E+00
  0.500000000000E+00  0.500000000000E+00  0.500000000000E+00  0.500000000000E+00  0.500000000000E+00  0.500000000000E+00  0.500000000000E+00
  0.500000000000E+00  0.500000000000E+00  0.500000000000E+00  0.500000000000E+00  0.500000000000E+00  0.500000000000E+00  0.500000000000E+00
  0.500000000000E+00  0.500000000000E+00  0.500000000000E+00  0.500000000000E+00  0.500000000000E+00  0.500000000000E+00  0.500000000000E+00
  0.500000000000E+00  0.500000000000E+00  0.500000000000E+00  0.500000000000E+00  0.500000000000E+00  0.500000000000E+00  0.500000000000E+00
  0.500000000000E+00  0.500000000000E+00  0.500000000000E+00  0.500000000000E+00  0.500000000000E+00  0.500000000000E+00  0.500000000000E+00
  0.000000000000E+00  0.000000000000E+00 -0.152600118611E-15  0.000000000000E+00  0.670188965725E-16 -0.830539260158E-16  0.000000000000E+00
  0.182612288510E-15  0.378041688275E-15 -0.117030264601E-15  0.000000000000E+00 -0.951217185094E-16  0.296160727877E-15  0.408905224516E-15
 -0.158056174654E-16  0.000000000000E+00  0.283660856341E-15  0.149420407940E-15  0.885128145237E-16 -0.117115470974E-15 -0.934214660581E-16
  0.430298644467E-17 -0.396451530152E-16  0.234878224987E-15 -0.331658571210E-15 -0.121757922120E-16  0.000000000000E+00  0.311595073708E-16
 -0.161593867998E-15  0.918481965209E-16 -0.214368748246E-15  0.000000000000E+00  0.367359947721E-15  0.117607106251E-15 -0.102639978877E-15
  0.000000000000E+00  0.331344277421E-16 -0.844350279929E-16  0.000000000000E+00  0.300323512632E-15  0.000000000000E+00  0.000000000000E+00
 -0.751510321286E-15 -0.324064200128E-15  0.247098692721E-15 -0.829723266302E-16 -0.200379333620E-15  0.502590641381E-15  0.211871309548E-16
 -0.986331244672E-18 -0.195154405194E-15  0.925551596720E-16  0.246272061110E-16 -0.961842424647E-16 -0.141673774896E-15  0.164396389879E-15
  0.225108128411E-15 -0.320121636336E-15  0.680084803507E-16 -0.189884871348E-15 -0.225532783962E-16 -0.440285147137E-16  0.504985211351E-15
  0.631405412848E-16  0.122207862740E-15 -0.295783237292E-15  0.139561415371E-15 -0.112782973029E-15  0.144577934249E-15  0.404002572667E-15
  0.794200110340E-16 -0.229900228814E-16  0.133381074404E-15  0.172626471911E-15  0.144878029700E-15  0.136676898748E-15  0.946293778156E-16
 -0.435623930561E-16 -0.561882643066E-15 -0.654056732169E-16 -0.128097941154E-15  0.112853429521E-14 -0.616614970352E-16 -0.117344960629E-14
  0.714285714286E+00  0.714285714286E+00  0.714285714286E+00  0.714285714286E+00  0.714285714286E+00  0.714285714286E+00  0.714285714286E+00
  0.714285714286E+00  0.714285714286E+00  0.714285714286E+00  0.714285714286E+00  0.714285714286E+00  0.714285714286E+00  0.714285714286E+00
  0.714285714286E+00  0.714285714286E+00  0.714285714286E+00  0.714285714286E+00  0.714285714286E+00  0.714285714286E+00  0.714285714286E+00
  0.714285714286E+00  0.714285714286E+00  0.714285714286E+00  0.714285714286E+00  0.714285714286E+00  0.714285714286E+00  0.714285714286E+00
  0.714285714286E+00  0.714285714286E+00  0.714285714286E+00  0.714285714286E+00  0.714285714286E+00  0.714285714286E+00  0.714285714286E+00
  0.714285714286E+00  0.714285714286E+00  0.714285714286E+00  0.714285714286E+00  0.714285714286E+00  0.714285714286E+00  0.714285714286E+00
  0.500000000000E+00  0.500000000000E+00  0.500000000000E+00  0.500000000000E+00  0.500000000000E+00  0.500000000000E+00  0.500000000000E+00
  0.500000000000E+00  0.500000000000E+00  0.500000000000E+00  0.500000000000E+00  0.500000000000E+00  0.500000000000E+00  0.500000000000E+00
  0.500000000000E+00  0.500000000000E+00  0.500000000000E+00  0.500000000000E+00  0.500000000000E+00  0.500000000000E+00  0.500000000000E+00
  0.500000000000E+00  0.500000000000E+00  0.500000000000E+00  0.500000000000E+00  0.500000000000E+00  0.500000000000E+00  0.500000000000E+00
  0.500000000000E+00  0.500000000000E+00  0.500000000000E+00  0.500000000000E+00  0.500000000000E+00  0.500000000000E+00  0.500000000000E+00
  0.500000000000E+00  0.500000000000E+00  0.500000000000E+00  0.500000000000E+00  0.500000000000E+00  0.500000000000E+00  0.500000000000E+00
  0.100000000000E+01  0.100000000000E+01  0.100000000000E+01  0.100000000000E+01  0.100000000000E+01  0.100000000000E+01  0.100000000000E+01
  0.100000000000E+01  0.100000000000E+01  0.100000000000E+01  0.100000000000E+01  0.100000000000E+01  0.100000000000E+01  0.100000000000E+01
  0.100000000000E+01  0.100000000000E+01  0.100000000000E+01  0.100000000000E+01  0.100000000000E+01  0.100000000000E+01  0.100000000000E+01
  0.100000000000E+01  0.100000000000E+01  0.100000000000E+01  0.100000000000E+01  0.100000000000E+01  0.100000000000E+01  0.100000000000E+01
  0.100000000000E+01  0.100000000000E+01  0.100000000000E+01  0.100000000000E+01  0.100000000000E+01  0.100000000000E+01  0.100000000000E+01
  0.100000000000E+01  0.100000000000E+01  0.100000000000E+01  0.100000000000E+01  0.100000000000E+01  0.100000000000E+01  0.100000000000E+01
        22        17        11        16
        17        12         7        11
        12         8         4         7
         8         5         2         4
         5         3         1         2
        28        23        17        22
        23        18        12        17
        18        13         8        12
        13         9         5         8
         9         6         3         5
        33        29        23        28
        29        24        18        23
        24        19        13        18
        19        14         9        13
        14        10         6         9
        37        34        29        33
        34        30        24        29
        30        25        19        24
        25        20        14        19
        20        15        10        14
        40        38        34        37
        38        35        30        34
        35        31        25        30
        31        26        20        25
        26        21        15        20
        42        41        38        40
        41        39        35        38
        39        36        31        35
        36        32        26        31
        32        27        21        26
zone t="boundary 6 bc-6", solutiontime= 0.4000000E+02, strandid=1006, i=42, j=30, f=feblock
  0.500000000000E+01  0.500000000000E+01  0.400000000000E+01  0.200000000000E+01  0.300000000000E+01  0.100000000000E+01  0.500000000000E+01
  0.400000000000E+01  0.200000000000E+01  0.300000000000E+01  0.100000000000E+01  0.000000000000E+00  0.500000000000E+01  0.400000000000E+01
  0.200000000000E+01  0.300000000000E+01  0.100000000000E+01  0.000000000000E+00  0.500000000000E+01  0.400000000000E+01  0.200000000000E+01
  0.300000000000E+01  0.100000000000E+01  0.000000000000E+00  0.500000000000E+01  0.400000000000E+01  0.200000000000E+01  0.300000000000E+01
  0.100000000000E+01  0.000000000000E+00  0.500000000000E+01  0.400000000000E+01  0.200000000000E+01  0.300000000000E+01  0.100000000000E+01
  0.000000000000E+00  0.400000000000E+01  0.200000000000E+01  0.300000000000E+01  0.100000000000E+01  0.000000000000E+00  0.000000000000E+00
  0.000000000000E+00 -0.833333333333E+00  0.000000000000E+00  0.000000000000E+00  0.000000000000E+00  0.000000000000E+00 -0.166666666667E+01
 -0.833333333333E+00 -0.833333333333E+00 -0.833333333333E+00 -0.833333333333E+00  0.000000000000E+00 -0.250000000000E+01 -0.166666666667E+01
 -0.166666666667E+01 -0.166666666667E+01 -0.166666666667E+01 -0.833333333333E+00 -0.333333333333E+01 -0.250000000000E+01 -0.250000000000E+01
 -0.250000000000E+01 -0.250000000000E+01 -0.166666666667E+01 -0.416666666667E+01 -0.333333333333E+01 -0.333333333333E+01 -0.333333333333E+01
 -0.333333333333E+01 -0.250000000000E+01 -0.500000000000E+01 -0.416666666667E+01 -0.416666666667E+01 -0.416666666667E+01 -0.416666666667E+01
 -0.333333333333E+01 -0.500000000000E+01 -0.500000000000E+01 -0.500000000000E+01 -0.500000000000E+01 -0.416666666667E+01 -0.500000000000E+01
  0.000000000000E+00  0.000000000000E+00  0.000000000000E+00  0.000000000000E+00  0.000000000000E+00  0.000000000000E+00  0.000000000000E+00
  0.000000000000E+00  0.000000000000E+00  0.000000000000E+00  0.000000000000E+00  0.000000000000E+00  0.000000000000E+00  0.000000000000E+00
  0.000000000000E+00  0.000000000000E+00  0.000000000000E+00  0.000000000000E+00  0.000000000000E+00  0.000000000000E+00  0.000000000000E+00
  0.000000000000E+00  0.000000000000E+00  0.000000000000E+00  0.000000000000E+00  0.000000000000E+00  0.000000000000E+00  0.000000000000E+00
  0.000000000000E+00  0.000000000000E+00  0.000000000000E+00  0.000000000000E+00  0.000000000000E+00  0.000000000000E+00  0.000000000000E+00
  0.000000000000E+00  0.000000000000E+00  0.000000000000E+00  0.000000000000E+00  0.000000000000E+00  0.000000000000E+00  0.000000000000E+00
  0.100000000000E+01  0.100000000000E+01  0.100000000000E+01  0.100000000000E+01  0.100000000000E+01  0.100000000000E+01  0.100000000000E+01
  0.100000000000E+01  0.100000000000E+01  0.100000000000E+01  0.100000000000E+01  0.100000000000E+01  0.100000000000E+01  0.100000000000E+01
  0.100000000000E+01  0.100000000000E+01  0.100000000000E+01  0.100000000000E+01  0.100000000000E+01  0.100000000000E+01  0.100000000000E+01
  0.100000000000E+01  0.100000000000E+01  0.100000000000E+01  0.100000000000E+01  0.100000000000E+01  0.100000000000E+01  0.100000000000E+01
  0.100000000000E+01  0.100000000000E+01  0.100000000000E+01  0.100000000000E+01  0.100000000000E+01  0.100000000000E+01  0.100000000000E+01
  0.100000000000E+01  0.100000000000E+01  0.100000000000E+01  0.100000000000E+01  0.100000000000E+01  0.100000000000E+01  0.100000000000E+01
  0.500000000000E+00  0.500000000000E+00  0.500000000000E+00  0.500000000000E+00  0.500000000000E+00  0.500000000000E+00  0.500000000000E+00
  0.500000000000E+00  0.500000000000E+00  0.500000000000E+00  0.500000000000E+00  0.500000000000E+00  0.500000000000E+00  0.500000000000E+00
  0.500000000000E+00  0.500000000000E+00  0.500000000000E+00  0.500000000000E+00  0.500000000000E+00  0.500000000000E+00  0.500000000000E+00
  0.500000000000E+00  0.500000000000E+00  0.500000000000E+00  0.500000000000E+00  0.500000000000E+00  0.500000000000E+00  0.500000000000E+00
  0.500000000000E+00  0.500000000000E+00  0.500000000000E+00  0.500000000000E+00  0.500000000000E+00  0.500000000000E+00  0.500000000000E+00
  0.500000000000E+00  0.500000000000E+00  0.500000000000E+00  0.500000000000E+00  0.500000000000E+00  0.500000000000E+00  0.500000000000E+00
  0.000000000000E+00  0.430298644467E-17  0.000000000000E+00  0.000000000000E+00  0.000000000000E+00  0.000000000000E+00  0.311595073708E-16
 -0.322159791730E-15 -0.186392147211E-15 -0.535557008802E-15 -0.203828344994E-15  0.000000000000E+00  0.367359947721E-15  0.264941026595E-15
  0.130307100103E-15  0.179729483742E-15 -0.182914460543E-15 -0.270022371651E-16  0.331344277421E-16  0.557190214953E-15  0.300924444503E-15
  0.742435990022E-15  0.142337810851E-15 -0.141657932129E-15  0.300323512632E-15  0.278256118950E-16 -0.366222698810E-15 -0.397150922839E-15
 -0.109021893482E-15 -0.111316877968E-16  0.000000000000E+00  0.441155174183E-15  0.355313138867E-15  0.949566562566E-15  0.231891618059E-15
  0.471776123642E-17  0.000000000000E+00  0.000000000000E+00  0.000000000000E+00  0.000000000000E+00  0.282715871198E-15  0.000000000000E+00
 -0.320121636336E-15  0.631405412848E-16 -0.664704264223E-16 -0.316818747784E-15 -0.184685371589E-15 -0.545651154359E-16  0.404002572667E-15
  0.468381380036E-15 -0.100660467543E-15 -0.198006724605E-15  0.762270447567E-16 -0.209617574853E-15  0.144878029700E-15  0.812752111902E-15
  0.516563015531E-15  0.241652869547E-17  0.333814607339E-15 -0.453072575154E-15 -0.561882643066E-15 -0.182713546560E-16 -0.131961795136E-15
 -0.339206096403E-15  0.116705377826E-15 -0.253237184793E-15  0.112853429521E-14 -0.504520035688E-15 -0.453159002834E-15 -0.328140747713E-15
 -0.408698528938E-15  0.599057221288E-16 -0.117344960629E-14  0.873222072778E-15  0.943382489051E-15  0.590803595639E-15  0.767224264755E-15
 -0.302081451967E-15 -0.152925060875E-14 -0.176610958133E-14 -0.133199055859E-14 -0.144944626344E-14  0.688455667869E-15 -0.885085822342E-15
  0.714285714286E+00  0.714285714286E+00  0.714285714286E+00  0.714285714286E+00  0.714285714286E+00  0.714285714286E+00  0.714285714286E+00
  0.714285714286E+00  0.714285714286E+00  0.714285714286E+00  0.714285714286E+00  0.714285714286E+00  0.714285714286E+00  0.714285714286E+00
  0.714285714286E+00  0.714285714286E+00  0.714285714286E+00  0.714285714286E+00  0.714285714286E+00  0.714285714286E+00  0.714285714286E+00
  0.714285714286E+00  0.714285714286E+00  0.714285714286E+00  0.714285714286E+00  0.714285714286E+00  0.714285714286E+00  0.714285714286E+00
  0.714285714286E+00  0.714285714286E+00  0.714285714286E+00  0.714285714286E+00  0.714285714286E+00  0.714285714286E+00  0.714285714286E+00
  0.714285714286E+00  0.714285714286E+00  0.714285714286E+00  0.714285714286E+00  0.714285714286E+00  0.714285714286E+00  0.714285714286E+00
  0.500000000000E+00  0.500000000000E+00  0.500000000000E+00  0.500000000000E+00  0.500000000000E+00  0.500000000000E+00  0.500000000000E+00
  0.500000000000E+00  0.500000000000E+00  0.500000000000E+00  0.500000000000E+00  0.500000000000E+00  0.500000000000E+00  0.500000000000E+00
  0.500000000000E+00  0.500000000000E+00  0.500000000000E+00  0.500000000000E+00  0.500000000000E+00  0.500000000000E+00  0.500000000000E+00
  0.500000000000E+00  0.500000000000E+00  0.500000000000E+00  0.500000000000E+00  0.500000000000E+00  0.500000000000E+00  0.500000000000E+00
  0.500000000000E+00  0.500000000000E+00  0.500000000000E+00  0.500000000000E+00  0.500000000000E+00  0.500000000000E+00  0.500000000000E+00
  0.500000000000E+00  0.500000000000E+00  0.500000000000E+00  0.500000000000E+00  0.500000000000E+00  0.500000000000E+00  0.500000000000E+00
  0.100000000000E+01  0.100000000000E+01  0.100000000000E+01  0.100000000000E+01  0.100000000000E+01  0.100000000000E+01  0.100000000000E+01
  0.100000000000E+01  0.100000000000E+01  0.100000000000E+01  0.100000000000E+01  0.100000000000E+01  0.100000000000E+01  0.100000000000E+01
  0.100000000000E+01  0.100000000000E+01  0.100000000000E+01  0.100000000000E+01  0.100000000000E+01  0.100000000000E+01  0.100000000000E+01
  0.100000000000E+01  0.100000000000E+01  0.100000000000E+01  0.100000000000E+01  0.100000000000E+01  0.100000000000E+01  0.100000000000E+01
  0.100000000000E+01  0.100000000000E+01  0.100000000000E+01  0.100000000000E+01  0.100000000000E+01  0.100000000000E+01  0.100000000000E+01
  0.100000000000E+01  0.100000000000E+01  0.100000000000E+01  0.100000000000E+01  0.100000000000E+01  0.100000000000E+01  0.100000000000E+01
        18        11         6        12
        11         9         4         6
         9        10         5         4
        10         8         3         5
         8         2         1         3
        24        17        11        18
        17        15         9        11
        15        16        10         9
        16        14         8        10
        14         7         2         8
        30        23        17        24
        23        21        15        17
        21        22        16        15
        22        20        14        16
        20        13         7        14
        36        29        23        30
        29        27        21        23
        27        28        22        21
        28        26        20        22
        26        19        13        20
        41        35        29        36
        35        33        27        29
        33        34        28        27
        34        32        26        28
        32        25        19        26
        42        40        35        41
        40        38        33        35
        38        39        34        33
        39        37        32        34
        37        31        25        32
