title="tecplot geometry and solution file"
variables = x y z rho u v w p mach temperature
zone t="boundary 1 bc-1", solutiontime= 0.5000000E+02, strandid=1001, i=42, j=30, f=feblock
  0.000000000000E+00  0.000000000000E+00  0.000000000000E+00  0.000000000000E+00  0.000000000000E+00  0.000000000000E+00  0.000000000000E+00
  0.000000000000E+00  0.000000000000E+00  0.000000000000E+00  0.000000000000E+00  0.000000000000E+00  0.000000000000E+00  0.000000000000E+00
  0.000000000000E+00  0.000000000000E+00  0.000000000000E+00  0.000000000000E+00  0.000000000000E+00  0.000000000000E+00  0.000000000000E+00
  0.000000000000E+00  0.000000000000E+00  0.000000000000E+00  0.000000000000E+00  0.000000000000E+00  0.000000000000E+00  0.000000000000E+00
  0.000000000000E+00  0.000000000000E+00  0.000000000000E+00  0.000000000000E+00  0.000000000000E+00  0.000000000000E+00  0.000000000000E+00
  0.000000000000E+00  0.000000000000E+00  0.000000000000E+00  0.000000000000E+00  0.000000000000E+00  0.000000000000E+00  0.000000000000E+00
  0.000000000000E+00 -0.833333333333E+00  0.000000000000E+00  0.000000000000E+00  0.000000000000E+00 -0.166666666667E+01 -0.833333333333E+00
 -0.833333333333E+00 -0.833333333333E+00  0.000000000000E+00 -0.250000000000E+01 -0.166666666667E+01 -0.166666666667E+01 -0.166666666667E+01
 -0.833333333333E+00  0.000000000000E+00 -0.333333333333E+01 -0.250000000000E+01 -0.250000000000E+01 -0.250000000000E+01 -0.166666666667E+01
 -0.833333333333E+00 -0.416666666667E+01 -0.333333333333E+01 -0.333333333333E+01 -0.333333333333E+01 -0.250000000000E+01 -0.166666666667E+01
 -0.500000000000E+01 -0.416666666667E+01 -0.416666666667E+01 -0.416666666667E+01 -0.333333333333E+01 -0.250000000000E+01 -0.500000000000E+01
 -0.500000000000E+01 -0.500000000000E+01 -0.416666666667E+01 -0.333333333333E+01 -0.500000000000E+01 -0.416666666667E+01 -0.500000000000E+01
  0.500000000000E+01  0.500000000000E+01  0.400000000000E+01  0.200000000000E+01  0.300000000000E+01  0.500000000000E+01  0.400000000000E+01
  0.200000000000E+01  0.300000000000E+01  0.100000000000E+01  0.500000000000E+01  0.400000000000E+01  0.200000000000E+01  0.300000000000E+01
  0.100000000000E+01  0.000000000000E+00  0.500000000000E+01  0.400000000000E+01  0.200000000000E+01  0.300000000000E+01  0.100000000000E+01
  0.000000000000E+00  0.500000000000E+01  0.400000000000E+01  0.200000000000E+01  0.300000000000E+01  0.100000000000E+01  0.000000000000E+00
  0.500000000000E+01  0.400000000000E+01  0.200000000000E+01  0.300000000000E+01  0.100000000000E+01  0.000000000000E+00  0.400000000000E+01
  0.200000000000E+01  0.300000000000E+01  0.100000000000E+01  0.000000000000E+00  0.100000000000E+01  0.000000000000E+00  0.000000000000E+00
  0.100000000000E+01  0.100000000000E+01  0.100000000000E+01  0.100000000000E+01  0.100000000000E+01  0.100000000000E+01  0.100000000000E+01
  0.100000000000E+01  0.100000000000E+01  0.100000000000E+01  0.100000000000E+01  0.100000000000E+01  0.100000000000E+01  0.100000000000E+01
  0.100000000000E+01  0.100000000000E+01  0.100000000000E+01  0.100000000000E+01  0.100000000000E+01  0.100000000000E+01  0.100000000000E+01
  0.100000000000E+01  0.100000000000E+01  0.100000000000E+01  0.100000000000E+01  0.100000000000E+01  0.100000000000E+01  0.100000000000E+01
  0.100000000000E+01  0.100000000000E+01  0.100000000000E+01  0.100000000000E+01  0.100000000000E+01  0.100000000000E+01  0.100000000000E+01
  0.100000000000E+01  0.100000000000E+01  0.100000000000E+01  0.100000000000E+01  0.100000000000E+01  0.100000000000E+01  0.100000000000E+01
  0.500000000000E+00  0.500000000000E+00  0.500000000000E+00  0.500000000000E+00  0.500000000000E+00  0.500000000000E+00  0.500000000000E+00
  0.500000000000E+00  0.500000000000E+00  0.500000000000E+00  0.500000000000E+00  0.500000000000E+00  0.500000000000E+00  0.500000000000E+00
  0.500000000000E+00  0.500000000000E+00  0.500000000000E+00  0.500000000000E+00  0.500000000000E+00  0.500000000000E+00  0.500000000000E+00
  0.500000000000E+00  0.500000000000E+00  0.500000000000E+00  0.500000000000E+00  0.500000000000E+00  0.500000000000E+00  0.500000000000E+00
  0.500000000000E+00  0.500000000000E+00  0.500000000000E+00  0.500000000000E+00  0.500000000000E+00  0.500000000000E+00  0.500000000000E+00
  0.500000000000E+00  0.500000000000E+00  0.500000000000E+00  0.500000000000E+00  0.500000000000E+00  0.500000000000E+00  0.500000000000E+00
  0.000000000000E+00  0.827052977162E-16  0.000000000000E+00  0.000000000000E+00  0.000000000000E+00 -0.121354117645E-15  0.359415635616E-15
  0.830463112927E-16  0.582011928802E-16  0.000000000000E+00  0.646248514103E-16 -0.909291864732E-17 -0.782785698358E-17 -0.169103681363E-16
  0.262527464141E-15  0.000000000000E+00 -0.320460858515E-16  0.157138949421E-15  0.145617169635E-15 -0.260044449280E-16  0.201110839185E-15
  0.926340051355E-17 -0.698926029464E-16  0.231869270928E-15 -0.154777316839E-15  0.198081367240E-15  0.296395921619E-15  0.147023345628E-15
  0.000000000000E+00  0.791983252532E-16 -0.113181942896E-15  0.201288741926E-15 -0.542232671965E-16  0.336504955589E-16  0.000000000000E+00
  0.000000000000E+00  0.000000000000E+00 -0.109048243756E-15 -0.325129530335E-15  0.000000000000E+00  0.172489134032E-15  0.000000000000E+00
 -0.358922720919E-15 -0.550510546395E-15 -0.191447036361E-16  0.106105904909E-15  0.268955960529E-15  0.118037085026E-15 -0.303385518889E-15
  0.238980466452E-15 -0.439289973160E-16 -0.961799324959E-17 -0.444892938984E-15 -0.151330096942E-15 -0.532435278200E-16  0.841842498850E-17
  0.124641795141E-15 -0.147008478020E-15 -0.492814629767E-15 -0.188079895568E-15  0.167770854257E-15  0.333520334641E-16 -0.854807665032E-16
 -0.332686853745E-15  0.347172686436E-15 -0.662565092789E-16  0.325989821409E-15  0.934385383187E-16 -0.383102486640E-16 -0.454428714270E-15
  0.310205037507E-15  0.952782372541E-16  0.172701637177E-15 -0.135125843101E-15 -0.362849828392E-15  0.318914024116E-15  0.333087243209E-15
  0.184348222891E-15  0.763144815863E-16  0.635669366440E-17 -0.365292831883E-15 -0.187928625443E-15  0.549600803876E-15 -0.129000215404E-14
  0.714285714286E+00  0.714285714286E+00  0.714285714286E+00  0.714285714286E+00  0.714285714286E+00  0.714285714286E+00  0.714285714286E+00
  0.714285714286E+00  0.714285714286E+00  0.714285714286E+00  0.714285714286E+00  0.714285714286E+00  0.714285714286E+00  0.714285714286E+00
  0.714285714286E+00  0.714285714286E+00  0.714285714286E+00  0.714285714286E+00  0.714285714286E+00  0.714285714286E+00  0.714285714286E+00
  0.714285714286E+00  0.714285714286E+00  0.714285714286E+00  0.714285714286E+00  0.714285714286E+00  0.714285714286E+00  0.714285714286E+00
  0.714285714286E+00  0.714285714286E+00  0.714285714286E+00  0.714285714286E+00  0.714285714286E+00  0.714285714286E+00  0.714285714286E+00
  0.714285714286E+00  0.714285714286E+00  0.714285714286E+00  0.714285714286E+00  0.714285714286E+00  0.714285714286E+00  0.714285714286E+00
  0.500000000000E+00  0.500000000000E+00  0.500000000000E+00  0.500000000000E+00  0.500000000000E+00  0.500000000000E+00  0.500000000000E+00
  0.500000000000E+00  0.500000000000E+00  0.500000000000E+00  0.500000000000E+00  0.500000000000E+00  0.500000000000E+00  0.500000000000E+00
  0.500000000000E+00  0.500000000000E+00  0.500000000000E+00  0.500000000000E+00  0.500000000000E+00  0.500000000000E+00  0.500000000000E+00
  0.500000000000E+00  0.500000000000E+00  0.500000000000E+00  0.500000000000E+00  0.500000000000E+00  0.500000000000E+00  0.500000000000E+00
  0.500000000000E+00  0.500000000000E+00  0.500000000000E+00  0.500000000000E+00  0.500000000000E+00  0.500000000000E+00  0.500000000000E+00
  0.500000000000E+00  0.500000000000E+00  0.500000000000E+00  0.500000000000E+00  0.500000000000E+00  0.500000000000E+00  0.500000000000E+00
  0.100000000000E+01  0.100000000000E+01  0.100000000000E+01  0.100000000000E+01  0.100000000000E+01  0.100000000000E+01  0.100000000000E+01
  0.100000000000E+01  0.100000000000E+01  0.100000000000E+01  0.100000000000E+01  0.100000000000E+01  0.100000000000E+01  0.100000000000E+01
  0.100000000000E+01  0.100000000000E+01  0.100000000000E+01  0.100000000000E+01  0.100000000000E+01  0.100000000000E+01  0.100000000000E+01
  0.100000000000E+01  0.100000000000E+01  0.100000000000E+01  0.100000000000E+01  0.100000000000E+01  0.100000000000E+01  0.100000000000E+01
  0.100000000000E+01  0.100000000000E+01  0.100000000000E+01  0.100000000000E+01  0.100000000000E+01  0.100000000000E+01  0.100000000000E+01
  0.100000000000E+01  0.100000000000E+01  0.100000000000E+01  0.100000000000E+01  0.100000000000E+01  0.100000000000E+01  0.100000000000E+01
         2         7         3         1
         7         9         5         3
         9         8         4         5
         8        15        10         4
        15        22        16        10
         6        12         7         2
        12        14         9         7
        14        13         8         9
        13        21        15         8
        21        28        22        15
        11        18        12         6
        18        20        14        12
        20        19        13        14
        19        27        21        13
        27        34        28        21
        17        24        18        11
        24        26        20        18
        26        25        19        20
        25        33        27        19
        33        39        34        27
        23        30        24        17
        30        32        26        24
        32        31        25        26
        31        38        33        25
        38        41        39        33
        29        35        30        23
        35        37        32        30
        37        36        31        32
        36        40        38        31
        40        42        41        38
zone t="boundary 2 bc-2", solutiontime= 0.5000000E+02, strandid=1002, i=50, j=78, f=feblock
  0.500000000000E+01  0.400000000000E+01  0.500000000000E+01  0.432205072469E+01  0.300000000000E+01  0.339985167428E+01  0.500000000000E+01
  0.414352482062E+01  0.200000000000E+01  0.238772260472E+01  0.328766614337E+01  0.253053942594E+01  0.500000000000E+01  0.437470683547E+01
  0.355186041251E+01  0.100000000000E+01  0.148474164412E+01  0.182006405350E+01  0.265208498144E+01  0.158439218620E+01  0.500000000000E+01
  0.421824364393E+01  0.356601661300E+01  0.279151482472E+01  0.000000000000E+00  0.691584087487E+00  0.102677755985E+01  0.203910647352E+01
  0.786163368796E+00  0.130062434092E+01  0.579883387792E+00  0.500000000000E+01  0.439593351493E+01  0.365358382485E+01  0.222719085292E+01
  0.294979435250E+01  0.181898636514E+01  0.000000000000E+00  0.000000000000E+00  0.608717331133E+00  0.956798945949E+00  0.000000000000E+00
  0.400000000000E+01  0.200000000000E+01  0.160059523280E+01  0.300000000000E+01  0.000000000000E+00  0.482256655205E+00  0.100000000000E+01
  0.000000000000E+00
 -0.500000000000E+01 -0.500000000000E+01 -0.500000000000E+01 -0.500000000000E+01 -0.500000000000E+01 -0.500000000000E+01 -0.500000000000E+01
 -0.500000000000E+01 -0.500000000000E+01 -0.500000000000E+01 -0.500000000000E+01 -0.500000000000E+01 -0.500000000000E+01 -0.500000000000E+01
 -0.500000000000E+01 -0.500000000000E+01 -0.500000000000E+01 -0.500000000000E+01 -0.500000000000E+01 -0.500000000000E+01 -0.500000000000E+01
 -0.500000000000E+01 -0.500000000000E+01 -0.500000000000E+01 -0.500000000000E+01 -0.500000000000E+01 -0.500000000000E+01 -0.500000000000E+01
 -0.500000000000E+01 -0.500000000000E+01 -0.500000000000E+01 -0.500000000000E+01 -0.500000000000E+01 -0.500000000000E+01 -0.500000000000E+01
 -0.500000000000E+01 -0.500000000000E+01 -0.500000000000E+01 -0.500000000000E+01 -0.500000000000E+01 -0.500000000000E+01 -0.500000000000E+01
 -0.500000000000E+01 -0.500000000000E+01 -0.500000000000E+01 -0.500000000000E+01 -0.500000000000E+01 -0.500000000000E+01 -0.500000000000E+01
 -0.500000000000E+01
  0.500000000000E+01  0.500000000000E+01  0.400000000000E+01  0.427284776458E+01  0.500000000000E+01  0.409791606955E+01  0.300000000000E+01
  0.334954216394E+01  0.500000000000E+01  0.428961258157E+01  0.317389756208E+01  0.342579600005E+01  0.200000000000E+01  0.245604909385E+01
  0.233993022181E+01  0.500000000000E+01  0.436396516571E+01  0.369973104758E+01  0.256908373316E+01  0.279597472668E+01  0.100000000000E+01
  0.157729503259E+01  0.159701071514E+01  0.152167522831E+01  0.500000000000E+01  0.441213888848E+01  0.370665089386E+01  0.199896920986E+01
  0.224835513052E+01  0.181406525358E+01  0.296809553468E+01  0.000000000000E+00  0.696815730569E+00  0.990157383601E+00  0.787866207738E+00
  0.548147595005E+00  0.128672970530E+01  0.400000000000E+01  0.200000000000E+01  0.160443740745E+01  0.959766653149E+00  0.300000000000E+01
  0.000000000000E+00  0.000000000000E+00  0.606872513237E+00  0.000000000000E+00  0.100000000000E+01  0.486991412371E+00  0.000000000000E+00
  0.000000000000E+00
  0.100000000000E+01  0.100000000000E+01  0.100000000000E+01  0.100000000000E+01  0.100000000000E+01  0.100000000000E+01  0.100000000000E+01
  0.100000000000E+01  0.100000000000E+01  0.100000000000E+01  0.100000000000E+01  0.100000000000E+01  0.100000000000E+01  0.100000000000E+01
  0.100000000000E+01  0.100000000000E+01  0.100000000000E+01  0.100000000000E+01  0.100000000000E+01  0.100000000000E+01  0.100000000000E+01
  0.100000000000E+01  0.100000000000E+01  0.100000000000E+01  0.100000000000E+01  0.100000000000E+01  0.100000000000E+01  0.100000000000E+01
  0.100000000000E+01  0.100000000000E+01  0.100000000000E+01  0.100000000000E+01  0.100000000000E+01  0.100000000000E+01  0.100000000000E+01
  0.100000000000E+01  0.100000000000E+01  0.100000000000E+01  0.100000000000E+01  0.100000000000E+01  0.100000000000E+01  0.100000000000E+01
  0.100000000000E+01  0.100000000000E+01  0.100000000000E+01  0.100000000000E+01  0.100000000000E+01  0.100000000000E+01  0.100000000000E+01
  0.100000000000E+01
  0.500000000000E+00  0.500000000000E+00  0.500000000000E+00  0.500000000000E+00  0.500000000000E+00  0.500000000000E+00  0.500000000000E+00
  0.500000000000E+00  0.500000000000E+00  0.500000000000E+00  0.500000000000E+00  0.500000000000E+00  0.500000000000E+00  0.500000000000E+00
  0.500000000000E+00  0.500000000000E+00  0.500000000000E+00  0.500000000000E+00  0.500000000000E+00  0.500000000000E+00  0.500000000000E+00
  0.500000000000E+00  0.500000000000E+00  0.500000000000E+00  0.500000000000E+00  0.500000000000E+00  0.500000000000E+00  0.500000000000E+00
  0.500000000000E+00  0.500000000000E+00  0.500000000000E+00  0.500000000000E+00  0.500000000000E+00  0.500000000000E+00  0.500000000000E+00
  0.500000000000E+00  0.500000000000E+00  0.500000000000E+00  0.500000000000E+00  0.500000000000E+00  0.500000000000E+00  0.500000000000E+00
  0.500000000000E+00  0.500000000000E+00  0.500000000000E+00  0.500000000000E+00  0.500000000000E+00  0.500000000000E+00  0.500000000000E+00
  0.500000000000E+00
  0.000000000000E+00  0.000000000000E+00  0.000000000000E+00  0.000000000000E+00  0.000000000000E+00  0.000000000000E+00  0.000000000000E+00
  0.000000000000E+00  0.000000000000E+00  0.000000000000E+00  0.000000000000E+00  0.000000000000E+00  0.000000000000E+00  0.000000000000E+00
  0.000000000000E+00  0.000000000000E+00  0.000000000000E+00  0.000000000000E+00  0.000000000000E+00  0.000000000000E+00  0.000000000000E+00
  0.000000000000E+00  0.000000000000E+00  0.000000000000E+00  0.000000000000E+00  0.000000000000E+00  0.000000000000E+00  0.000000000000E+00
  0.000000000000E+00  0.000000000000E+00  0.000000000000E+00  0.000000000000E+00  0.000000000000E+00  0.000000000000E+00  0.000000000000E+00
  0.000000000000E+00  0.000000000000E+00  0.000000000000E+00  0.000000000000E+00  0.000000000000E+00  0.000000000000E+00  0.000000000000E+00
  0.000000000000E+00  0.000000000000E+00  0.000000000000E+00  0.000000000000E+00  0.000000000000E+00  0.000000000000E+00  0.000000000000E+00
  0.000000000000E+00
 -0.340836243000E-16  0.215208146186E-16  0.166066521659E-15 -0.560186015782E-16 -0.290261012477E-15  0.164867070387E-15 -0.283969222760E-16
  0.162734620456E-15  0.271299198862E-15 -0.163997571738E-15  0.511773562113E-16  0.643420229166E-16 -0.217042402246E-15 -0.119962454299E-15
 -0.493790964347E-15  0.380267968241E-15 -0.721874282844E-16 -0.226686758734E-15 -0.232879179966E-15 -0.281860979174E-16 -0.244396303971E-15
 -0.361261647523E-15 -0.162487240978E-15 -0.115479567965E-15  0.310205037507E-15  0.125821245733E-15  0.209379386578E-15 -0.110291361702E-15
 -0.948926023328E-16 -0.509957765504E-16  0.115181523835E-15 -0.124443849324E-14 -0.379228988554E-16  0.831754311956E-17 -0.991817843643E-16
  0.556359884907E-15 -0.252397032361E-15  0.333087243209E-15  0.184348222891E-15 -0.186313982336E-15  0.503296633349E-16  0.763144815863E-16
 -0.160103755335E-14 -0.167215827588E-14  0.424790233178E-15 -0.128728139451E-14 -0.187928625443E-15  0.143797574117E-15 -0.130549751093E-14
 -0.129000215404E-14
  0.714285714286E+00  0.714285714286E+00  0.714285714286E+00  0.714285714286E+00  0.714285714286E+00  0.714285714286E+00  0.714285714286E+00
  0.714285714286E+00  0.714285714286E+00  0.714285714286E+00  0.714285714286E+00  0.714285714286E+00  0.714285714286E+00  0.714285714286E+00
  0.714285714286E+00  0.714285714286E+00  0.714285714286E+00  0.714285714286E+00  0.714285714286E+00  0.714285714286E+00  0.714285714286E+00
  0.714285714286E+00  0.714285714286E+00  0.714285714286E+00  0.714285714286E+00  0.714285714286E+00  0.714285714286E+00  0.714285714286E+00
  0.714285714286E+00  0.714285714286E+00  0.714285714286E+00  0.714285714286E+00  0.714285714286E+00  0.714285714286E+00  0.714285714286E+00
  0.714285714286E+00  0.714285714286E+00  0.714285714286E+00  0.714285714286E+00  0.714285714286E+00  0.714285714286E+00  0.714285714286E+00
  0.714285714286E+00  0.714285714286E+00  0.714285714286E+00  0.714285714286E+00  0.714285714286E+00  0.714285714286E+00  0.714285714286E+00
  0.714285714286E+00
  0.500000000000E+00  0.500000000000E+00  0.500000000000E+00  0.500000000000E+00  0.500000000000E+00  0.500000000000E+00  0.500000000000E+00
  0.500000000000E+00  0.500000000000E+00  0.500000000000E+00  0.500000000000E+00  0.500000000000E+00  0.500000000000E+00  0.500000000000E+00
  0.500000000000E+00  0.500000000000E+00  0.500000000000E+00  0.500000000000E+00  0.500000000000E+00  0.500000000000E+00  0.500000000000E+00
  0.500000000000E+00  0.500000000000E+00  0.500000000000E+00  0.500000000000E+00  0.500000000000E+00  0.500000000000E+00  0.500000000000E+00
  0.500000000000E+00  0.500000000000E+00  0.500000000000E+00  0.500000000000E+00  0.500000000000E+00  0.500000000000E+00  0.500000000000E+00
  0.500000000000E+00  0.500000000000E+00  0.500000000000E+00  0.500000000000E+00  0.500000000000E+00  0.500000000000E+00  0.500000000000E+00
  0.500000000000E+00  0.500000000000E+00  0.500000000000E+00  0.500000000000E+00  0.500000000000E+00  0.500000000000E+00  0.500000000000E+00
  0.500000000000E+00
  0.100000000000E+01  0.100000000000E+01  0.100000000000E+01  0.100000000000E+01  0.100000000000E+01  0.100000000000E+01  0.100000000000E+01
  0.100000000000E+01  0.100000000000E+01  0.100000000000E+01  0.100000000000E+01  0.100000000000E+01  0.100000000000E+01  0.100000000000E+01
  0.100000000000E+01  0.100000000000E+01  0.100000000000E+01  0.100000000000E+01  0.100000000000E+01  0.100000000000E+01  0.100000000000E+01
  0.100000000000E+01  0.100000000000E+01  0.100000000000E+01  0.100000000000E+01  0.100000000000E+01  0.100000000000E+01  0.100000000000E+01
  0.100000000000E+01  0.100000000000E+01  0.100000000000E+01  0.100000000000E+01  0.100000000000E+01  0.100000000000E+01  0.100000000000E+01
  0.100000000000E+01  0.100000000000E+01  0.100000000000E+01  0.100000000000E+01  0.100000000000E+01  0.100000000000E+01  0.100000000000E+01
  0.100000000000E+01  0.100000000000E+01  0.100000000000E+01  0.100000000000E+01  0.100000000000E+01  0.100000000000E+01  0.100000000000E+01
  0.100000000000E+01
        44        35        36        36
        24        34        36        36
        38        27        31        31
        20        29        31        31
        24        23        34        34
        15        22        23        23
        24        35        37        37
        41        30        37        37
        27        18        20        20
        17        18        27        27
        15        19        11        11
        12         6        11        11
         8         7        14        14
        13        14         7         7
        41        40        30        30
        47        39        40        40
        17         9        10        10
         5        10         9         9
        44        45        35        35
        49        41        45        45
        19        15        24        24
        36        35        24        24
        37        45        41        41
        40        39        29        29
        30        29        20        20
        12        18        10        10
        20        12        19        19
        11         8        15        15
        20        18        12        12
        27        20        31        31
        28        20        19        19
        23        24        15        15
        23        22        34        34
        28        24        37        37
        11        19        12        12
        11         6         8         8
        28        19        24        24
        40        41        47        47
        30        40        29        29
        45        44        49        49
        37        35        45        45
        16        26        25        25
        27        38        26        26
        47        48        50        50
        43        33        32        32
        22        21        33        33
         3         4         1         1
         6         2         4         4
        10         5         6         6
        14        13        22        22
         4         3         8         8
         7         8         3         3
        42        38        31        31
         9        17        16        16
        33        43        34        34
        36        34        43        43
        41        48        47        47
        15         8        14        14
        28        30        20        20
        18        17        10        10
        42        31        39        39
        26        16        17        17
         8         6         4         4
        34        22        33        33
        37        30        28        28
        27        26        17        17
        49        48        41        41
        46        36        43        43
        31        29        39        39
        36        46        44        44
        22        13        21        21
        15        14        22        22
         6         5         2         2
        12        10         6         6
        26        38        25        25
        48        49        50        50
        33        21        32        32
         4         2         1         1
zone t="boundary 3 bc-3", solutiontime= 0.5000000E+02, strandid=1003, i=50, j=78, f=feblock
  0.500000000000E+01  0.400000000000E+01  0.500000000000E+01  0.432205072469E+01  0.300000000000E+01  0.339985167428E+01  0.500000000000E+01
  0.414352482062E+01  0.200000000000E+01  0.238772260472E+01  0.328766614337E+01  0.253053942594E+01  0.500000000000E+01  0.437470683547E+01
  0.355186041251E+01  0.100000000000E+01  0.148474164412E+01  0.182006405350E+01  0.265208498144E+01  0.158439218620E+01  0.500000000000E+01
  0.421824364393E+01  0.356601661300E+01  0.279151482472E+01  0.000000000000E+00  0.691584087487E+00  0.102677755985E+01  0.203910647352E+01
  0.786163368796E+00  0.130062434092E+01  0.579883387792E+00  0.500000000000E+01  0.439593351493E+01  0.365358382485E+01  0.222719085292E+01
  0.294979435250E+01  0.181898636514E+01  0.000000000000E+00  0.000000000000E+00  0.608717331133E+00  0.956798945949E+00  0.000000000000E+00
  0.400000000000E+01  0.200000000000E+01  0.160059523280E+01  0.300000000000E+01  0.000000000000E+00  0.482256655205E+00  0.100000000000E+01
  0.000000000000E+00
  0.000000000000E+00  0.000000000000E+00  0.000000000000E+00  0.000000000000E+00  0.000000000000E+00  0.000000000000E+00  0.000000000000E+00
  0.000000000000E+00  0.000000000000E+00  0.000000000000E+00  0.000000000000E+00  0.000000000000E+00  0.000000000000E+00  0.000000000000E+00
  0.000000000000E+00  0.000000000000E+00  0.000000000000E+00  0.000000000000E+00  0.000000000000E+00  0.000000000000E+00  0.000000000000E+00
  0.000000000000E+00  0.000000000000E+00  0.000000000000E+00  0.000000000000E+00  0.000000000000E+00  0.000000000000E+00  0.000000000000E+00
  0.000000000000E+00  0.000000000000E+00  0.000000000000E+00  0.000000000000E+00  0.000000000000E+00  0.000000000000E+00  0.000000000000E+00
  0.000000000000E+00  0.000000000000E+00  0.000000000000E+00  0.000000000000E+00  0.000000000000E+00  0.000000000000E+00  0.000000000000E+00
  0.000000000000E+00  0.000000000000E+00  0.000000000000E+00  0.000000000000E+00  0.000000000000E+00  0.000000000000E+00  0.000000000000E+00
  0.000000000000E+00
  0.500000000000E+01  0.500000000000E+01  0.400000000000E+01  0.427284776458E+01  0.500000000000E+01  0.409791606955E+01  0.300000000000E+01
  0.334954216394E+01  0.500000000000E+01  0.428961258157E+01  0.317389756208E+01  0.342579600005E+01  0.200000000000E+01  0.245604909385E+01
  0.233993022181E+01  0.500000000000E+01  0.436396516571E+01  0.369973104758E+01  0.256908373316E+01  0.279597472668E+01  0.100000000000E+01
  0.157729503259E+01  0.159701071514E+01  0.152167522831E+01  0.500000000000E+01  0.441213888848E+01  0.370665089386E+01  0.199896920986E+01
  0.224835513052E+01  0.181406525358E+01  0.296809553468E+01  0.000000000000E+00  0.696815730569E+00  0.990157383601E+00  0.787866207738E+00
  0.548147595005E+00  0.128672970530E+01  0.400000000000E+01  0.200000000000E+01  0.160443740745E+01  0.959766653149E+00  0.300000000000E+01
  0.000000000000E+00  0.000000000000E+00  0.606872513237E+00  0.000000000000E+00  0.100000000000E+01  0.486991412371E+00  0.000000000000E+00
  0.000000000000E+00
  0.100000000000E+01  0.100000000000E+01  0.100000000000E+01  0.100000000000E+01  0.100000000000E+01  0.100000000000E+01  0.100000000000E+01
  0.100000000000E+01  0.100000000000E+01  0.100000000000E+01  0.100000000000E+01  0.100000000000E+01  0.100000000000E+01  0.100000000000E+01
  0.100000000000E+01  0.100000000000E+01  0.100000000000E+01  0.100000000000E+01  0.100000000000E+01  0.100000000000E+01  0.100000000000E+01
  0.100000000000E+01  0.100000000000E+01  0.100000000000E+01  0.100000000000E+01  0.100000000000E+01  0.100000000000E+01  0.100000000000E+01
  0.100000000000E+01  0.100000000000E+01  0.100000000000E+01  0.100000000000E+01  0.100000000000E+01  0.100000000000E+01  0.100000000000E+01
  0.100000000000E+01  0.100000000000E+01  0.100000000000E+01  0.100000000000E+01  0.100000000000E+01  0.100000000000E+01  0.100000000000E+01
  0.100000000000E+01  0.100000000000E+01  0.100000000000E+01  0.100000000000E+01  0.100000000000E+01  0.100000000000E+01  0.100000000000E+01
  0.100000000000E+01
  0.500000000000E+00  0.500000000000E+00  0.500000000000E+00  0.500000000000E+00  0.500000000000E+00  0.500000000000E+00  0.500000000000E+00
  0.500000000000E+00  0.500000000000E+00  0.500000000000E+00  0.500000000000E+00  0.500000000000E+00  0.500000000000E+00  0.500000000000E+00
  0.500000000000E+00  0.500000000000E+00  0.500000000000E+00  0.500000000000E+00  0.500000000000E+00  0.500000000000E+00  0.500000000000E+00
  0.500000000000E+00  0.500000000000E+00  0.500000000000E+00  0.500000000000E+00  0.500000000000E+00  0.500000000000E+00  0.500000000000E+00
  0.500000000000E+00  0.500000000000E+00  0.500000000000E+00  0.500000000000E+00  0.500000000000E+00  0.500000000000E+00  0.500000000000E+00
  0.500000000000E+00  0.500000000000E+00  0.500000000000E+00  0.500000000000E+00  0.500000000000E+00  0.500000000000E+00  0.500000000000E+00
  0.500000000000E+00  0.500000000000E+00  0.500000000000E+00  0.500000000000E+00  0.500000000000E+00  0.500000000000E+00  0.500000000000E+00
  0.500000000000E+00
  0.000000000000E+00  0.000000000000E+00  0.000000000000E+00  0.000000000000E+00  0.000000000000E+00  0.000000000000E+00  0.000000000000E+00
  0.000000000000E+00  0.000000000000E+00  0.000000000000E+00  0.000000000000E+00  0.000000000000E+00  0.000000000000E+00  0.000000000000E+00
  0.000000000000E+00  0.000000000000E+00  0.000000000000E+00  0.000000000000E+00  0.000000000000E+00  0.000000000000E+00  0.000000000000E+00
  0.000000000000E+00  0.000000000000E+00  0.000000000000E+00  0.000000000000E+00  0.000000000000E+00  0.000000000000E+00  0.000000000000E+00
  0.000000000000E+00  0.000000000000E+00  0.000000000000E+00  0.000000000000E+00  0.000000000000E+00  0.000000000000E+00  0.000000000000E+00
  0.000000000000E+00  0.000000000000E+00  0.000000000000E+00  0.000000000000E+00  0.000000000000E+00  0.000000000000E+00  0.000000000000E+00
  0.000000000000E+00  0.000000000000E+00  0.000000000000E+00  0.000000000000E+00  0.000000000000E+00  0.000000000000E+00  0.000000000000E+00
  0.000000000000E+00
  0.331522210855E-16  0.229351447449E-15 -0.799456072371E-16 -0.605725588683E-16  0.235744887696E-16  0.691584187177E-17  0.556201460862E-16
  0.113089856905E-15 -0.298592326752E-15  0.113496500869E-15  0.624361069097E-16  0.177540967966E-15  0.332167188932E-19 -0.103239581629E-15
 -0.100736808818E-15  0.123604841628E-15  0.977785766135E-16 -0.129699307021E-15 -0.137168612556E-15 -0.141452376298E-15  0.133410074261E-15
  0.127998736924E-15  0.938653280781E-16 -0.468852846373E-16 -0.358922720919E-15 -0.240300993360E-15 -0.262130058053E-15 -0.252770996004E-16
 -0.165642510001E-15 -0.797566757465E-16 -0.117101499467E-15  0.506654218293E-17 -0.175514047998E-15 -0.108456090057E-15  0.731567012866E-16
 -0.279988622993E-15 -0.187459386198E-15 -0.191447036361E-16  0.106105904909E-15 -0.392107791653E-15 -0.628036771217E-16  0.268955960529E-15
 -0.630130332168E-16 -0.398901170724E-15 -0.150356488382E-15 -0.253022132483E-15 -0.961799324959E-17  0.646075115917E-16  0.372684295742E-17
 -0.147008478020E-15
  0.714285714286E+00  0.714285714286E+00  0.714285714286E+00  0.714285714286E+00  0.714285714286E+00  0.714285714286E+00  0.714285714286E+00
  0.714285714286E+00  0.714285714286E+00  0.714285714286E+00  0.714285714286E+00  0.714285714286E+00  0.714285714286E+00  0.714285714286E+00
  0.714285714286E+00  0.714285714286E+00  0.714285714286E+00  0.714285714286E+00  0.714285714286E+00  0.714285714286E+00  0.714285714286E+00
  0.714285714286E+00  0.714285714286E+00  0.714285714286E+00  0.714285714286E+00  0.714285714286E+00  0.714285714286E+00  0.714285714286E+00
  0.714285714286E+00  0.714285714286E+00  0.714285714286E+00  0.714285714286E+00  0.714285714286E+00  0.714285714286E+00  0.714285714286E+00
  0.714285714286E+00  0.714285714286E+00  0.714285714286E+00  0.714285714286E+00  0.714285714286E+00  0.714285714286E+00  0.714285714286E+00
  0.714285714286E+00  0.714285714286E+00  0.714285714286E+00  0.714285714286E+00  0.714285714286E+00  0.714285714286E+00  0.714285714286E+00
  0.714285714286E+00
  0.500000000000E+00  0.500000000000E+00  0.500000000000E+00  0.500000000000E+00  0.500000000000E+00  0.500000000000E+00  0.500000000000E+00
  0.500000000000E+00  0.500000000000E+00  0.500000000000E+00  0.500000000000E+00  0.500000000000E+00  0.500000000000E+00  0.500000000000E+00
  0.500000000000E+00  0.500000000000E+00  0.500000000000E+00  0.500000000000E+00  0.500000000000E+00  0.500000000000E+00  0.500000000000E+00
  0.500000000000E+00  0.500000000000E+00  0.500000000000E+00  0.500000000000E+00  0.500000000000E+00  0.500000000000E+00  0.500000000000E+00
  0.500000000000E+00  0.500000000000E+00  0.500000000000E+00  0.500000000000E+00  0.500000000000E+00  0.500000000000E+00  0.500000000000E+00
  0.500000000000E+00  0.500000000000E+00  0.500000000000E+00  0.500000000000E+00  0.500000000000E+00  0.500000000000E+00  0.500000000000E+00
  0.500000000000E+00  0.500000000000E+00  0.500000000000E+00  0.500000000000E+00  0.500000000000E+00  0.500000000000E+00  0.500000000000E+00
  0.500000000000E+00
  0.100000000000E+01  0.100000000000E+01  0.100000000000E+01  0.100000000000E+01  0.100000000000E+01  0.100000000000E+01  0.100000000000E+01
  0.100000000000E+01  0.100000000000E+01  0.100000000000E+01  0.100000000000E+01  0.100000000000E+01  0.100000000000E+01  0.100000000000E+01
  0.100000000000E+01  0.100000000000E+01  0.100000000000E+01  0.100000000000E+01  0.100000000000E+01  0.100000000000E+01  0.100000000000E+01
  0.100000000000E+01  0.100000000000E+01  0.100000000000E+01  0.100000000000E+01  0.100000000000E+01  0.100000000000E+01  0.100000000000E+01
  0.100000000000E+01  0.100000000000E+01  0.100000000000E+01  0.100000000000E+01  0.100000000000E+01  0.100000000000E+01  0.100000000000E+01
  0.100000000000E+01  0.100000000000E+01  0.100000000000E+01  0.100000000000E+01  0.100000000000E+01  0.100000000000E+01  0.100000000000E+01
  0.100000000000E+01  0.100000000000E+01  0.100000000000E+01  0.100000000000E+01  0.100000000000E+01  0.100000000000E+01  0.100000000000E+01
  0.100000000000E+01
        36        35        44        44
        36        34        24        24
        31        27        38        38
        31        29        20        20
        34        23        24        24
        23        22        15        15
        37        35        24        24
        37        30        41        41
        20        18        27        27
        27        18        17        17
        11        19        15        15
        11         6        12        12
        14         7         8         8
         7        14        13        13
        30        40        41        41
        40        39        47        47
        10         9        17        17
         9        10         5         5
        35        45        44        44
        45        41        49        49
        24        15        19        19
        24        35        36        36
        41        45        37        37
        29        39        40        40
        20        29        30        30
        10        18        12        12
        19        12        20        20
        15         8        11        11
        12        18        20        20
        31        20        27        27
        19        20        28        28
        15        24        23        23
        34        22        23        23
        37        24        28        28
        12        19        11        11
         8         6        11        11
        24        19        28        28
        47        41        40        40
        29        40        30        30
        49        44        45        45
        45        35        37        37
        25        26        16        16
        26        38        27        27
        50        48        47        47
        32        33        43        43
        33        21        22        22
         1         4         3         3
         4         2         6         6
         6         5        10        10
        22        13        14        14
         8         3         4         4
         3         8         7         7
        31        38        42        42
        16        17         9         9
        34        43        33        33
        43        34        36        36
        47        48        41        41
        14         8        15        15
        20        30        28        28
        10        17        18        18
        39        31        42        42
        17        16        26        26
         4         6         8         8
        33        22        34        34
        28        30        37        37
        17        26        27        27
        41        48        49        49
        43        36        46        46
        39        29        31        31
        44        46        36        36
        21        13        22        22
        22        14        15        15
         2         5         6         6
         6        10        12        12
        25        38        26        26
        50        49        48        48
        32        21        33        33
         1         2         4         4
zone t="boundary 4 bc-4", solutiontime= 0.5000000E+02, strandid=1004, i=42, j=30, f=feblock
  0.500000000000E+01  0.400000000000E+01  0.500000000000E+01  0.300000000000E+01  0.400000000000E+01  0.500000000000E+01  0.200000000000E+01
  0.300000000000E+01  0.400000000000E+01  0.500000000000E+01  0.100000000000E+01  0.200000000000E+01  0.300000000000E+01  0.400000000000E+01
  0.500000000000E+01  0.000000000000E+00  0.100000000000E+01  0.200000000000E+01  0.300000000000E+01  0.400000000000E+01  0.500000000000E+01
  0.000000000000E+00  0.100000000000E+01  0.200000000000E+01  0.300000000000E+01  0.400000000000E+01  0.500000000000E+01  0.000000000000E+00
  0.100000000000E+01  0.200000000000E+01  0.300000000000E+01  0.400000000000E+01  0.000000000000E+00  0.100000000000E+01  0.200000000000E+01
  0.300000000000E+01  0.000000000000E+00  0.100000000000E+01  0.200000000000E+01  0.000000000000E+00  0.100000000000E+01  0.000000000000E+00
  0.000000000000E+00  0.000000000000E+00 -0.833333333333E+00  0.000000000000E+00 -0.833333333333E+00 -0.166666666667E+01  0.000000000000E+00
 -0.833333333333E+00 -0.166666666667E+01 -0.250000000000E+01  0.000000000000E+00 -0.833333333333E+00 -0.166666666667E+01 -0.250000000000E+01
 -0.333333333333E+01  0.000000000000E+00 -0.833333333333E+00 -0.166666666667E+01 -0.250000000000E+01 -0.333333333333E+01 -0.416666666667E+01
 -0.833333333333E+00 -0.166666666667E+01 -0.250000000000E+01 -0.333333333333E+01 -0.416666666667E+01 -0.500000000000E+01 -0.166666666667E+01
 -0.250000000000E+01 -0.333333333333E+01 -0.416666666667E+01 -0.500000000000E+01 -0.250000000000E+01 -0.333333333333E+01 -0.416666666667E+01
 -0.500000000000E+01 -0.333333333333E+01 -0.416666666667E+01 -0.500000000000E+01 -0.416666666667E+01 -0.500000000000E+01 -0.500000000000E+01
  0.500000000000E+01  0.500000000000E+01  0.500000000000E+01  0.500000000000E+01  0.500000000000E+01  0.500000000000E+01  0.500000000000E+01
  0.500000000000E+01  0.500000000000E+01  0.500000000000E+01  0.500000000000E+01  0.500000000000E+01  0.500000000000E+01  0.500000000000E+01
  0.500000000000E+01  0.500000000000E+01  0.500000000000E+01  0.500000000000E+01  0.500000000000E+01  0.500000000000E+01  0.500000000000E+01
  0.500000000000E+01  0.500000000000E+01  0.500000000000E+01  0.500000000000E+01  0.500000000000E+01  0.500000000000E+01  0.500000000000E+01
  0.500000000000E+01  0.500000000000E+01  0.500000000000E+01  0.500000000000E+01  0.500000000000E+01  0.500000000000E+01  0.500000000000E+01
  0.500000000000E+01  0.500000000000E+01  0.500000000000E+01  0.500000000000E+01  0.500000000000E+01  0.500000000000E+01  0.500000000000E+01
  0.100000000000E+01  0.100000000000E+01  0.100000000000E+01  0.100000000000E+01  0.100000000000E+01  0.100000000000E+01  0.100000000000E+01
  0.100000000000E+01  0.100000000000E+01  0.100000000000E+01  0.100000000000E+01  0.100000000000E+01  0.100000000000E+01  0.100000000000E+01
  0.100000000000E+01  0.100000000000E+01  0.100000000000E+01  0.100000000000E+01  0.100000000000E+01  0.100000000000E+01  0.100000000000E+01
  0.100000000000E+01  0.100000000000E+01  0.100000000000E+01  0.100000000000E+01  0.100000000000E+01  0.100000000000E+01  0.100000000000E+01
  0.100000000000E+01  0.100000000000E+01  0.100000000000E+01  0.100000000000E+01  0.100000000000E+01  0.100000000000E+01  0.100000000000E+01
  0.100000000000E+01  0.100000000000E+01  0.100000000000E+01  0.100000000000E+01  0.100000000000E+01  0.100000000000E+01  0.100000000000E+01
  0.500000000000E+00  0.500000000000E+00  0.500000000000E+00  0.500000000000E+00  0.500000000000E+00  0.500000000000E+00  0.500000000000E+00
  0.500000000000E+00  0.500000000000E+00  0.500000000000E+00  0.500000000000E+00  0.500000000000E+00  0.500000000000E+00  0.500000000000E+00
  0.500000000000E+00  0.500000000000E+00  0.500000000000E+00  0.500000000000E+00  0.500000000000E+00  0.500000000000E+00  0.500000000000E+00
  0.500000000000E+00  0.500000000000E+00  0.500000000000E+00  0.500000000000E+00  0.500000000000E+00  0.500000000000E+00  0.500000000000E+00
  0.500000000000E+00  0.500000000000E+00  0.500000000000E+00  0.500000000000E+00  0.500000000000E+00  0.500000000000E+00  0.500000000000E+00
  0.500000000000E+00  0.500000000000E+00  0.500000000000E+00  0.500000000000E+00  0.500000000000E+00  0.500000000000E+00  0.500000000000E+00
  0.000000000000E+00  0.000000000000E+00  0.279548695639E-16  0.000000000000E+00 -0.998595492589E-16 -0.757995223974E-17  0.000000000000E+00
 -0.382722664886E-16  0.254586493172E-18 -0.499381803554E-17  0.000000000000E+00  0.106799010692E-15  0.127469036824E-16  0.230823653922E-15
  0.101568412251E-15  0.000000000000E+00 -0.212857619341E-15 -0.271485738629E-15  0.150039806141E-15 -0.247037273282E-15  0.872016477904E-16
  0.827052977162E-16 -0.174915323820E-15  0.248969584143E-16  0.367715972326E-16 -0.223157707405E-15  0.000000000000E+00 -0.121354117645E-15
  0.536619379818E-15  0.703473970728E-17 -0.190288145837E-15  0.000000000000E+00  0.646248514103E-16  0.244344510679E-15  0.735423795938E-16
  0.000000000000E+00 -0.320460858515E-16 -0.325893624833E-15  0.000000000000E+00 -0.698926029464E-16  0.000000000000E+00  0.000000000000E+00
  0.331522210855E-16  0.229351447449E-15  0.429613666905E-15  0.235744887696E-16 -0.977740937859E-16  0.743958759880E-15 -0.298592326752E-15
  0.299019393963E-15  0.116061026128E-15  0.208071013817E-15  0.123604841628E-15 -0.491012529910E-16 -0.399762694719E-15 -0.229550360571E-15
 -0.210317015648E-16 -0.358922720919E-15 -0.327544136229E-15 -0.416954681233E-16  0.696879976434E-17  0.537333326469E-15  0.552300099337E-16
 -0.550510546395E-15 -0.262902540236E-15 -0.102801564499E-15 -0.129279680376E-15 -0.161992881944E-15 -0.340836243000E-16  0.118037085026E-15
  0.544144078399E-15 -0.125082427921E-15  0.727538428776E-16  0.215208146186E-16 -0.444892938984E-15  0.368646691619E-15  0.589038161926E-16
 -0.290261012477E-15 -0.492814629767E-15  0.200717970720E-15  0.271299198862E-15  0.347172686436E-15  0.380267968241E-15  0.310205037507E-15
  0.714285714286E+00  0.714285714286E+00  0.714285714286E+00  0.714285714286E+00  0.714285714286E+00  0.714285714286E+00  0.714285714286E+00
  0.714285714286E+00  0.714285714286E+00  0.714285714286E+00  0.714285714286E+00  0.714285714286E+00  0.714285714286E+00  0.714285714286E+00
  0.714285714286E+00  0.714285714286E+00  0.714285714286E+00  0.714285714286E+00  0.714285714286E+00  0.714285714286E+00  0.714285714286E+00
  0.714285714286E+00  0.714285714286E+00  0.714285714286E+00  0.714285714286E+00  0.714285714286E+00  0.714285714286E+00  0.714285714286E+00
  0.714285714286E+00  0.714285714286E+00  0.714285714286E+00  0.714285714286E+00  0.714285714286E+00  0.714285714286E+00  0.714285714286E+00
  0.714285714286E+00  0.714285714286E+00  0.714285714286E+00  0.714285714286E+00  0.714285714286E+00  0.714285714286E+00  0.714285714286E+00
  0.500000000000E+00  0.500000000000E+00  0.500000000000E+00  0.500000000000E+00  0.500000000000E+00  0.500000000000E+00  0.500000000000E+00
  0.500000000000E+00  0.500000000000E+00  0.500000000000E+00  0.500000000000E+00  0.500000000000E+00  0.500000000000E+00  0.500000000000E+00
  0.500000000000E+00  0.500000000000E+00  0.500000000000E+00  0.500000000000E+00  0.500000000000E+00  0.500000000000E+00  0.500000000000E+00
  0.500000000000E+00  0.500000000000E+00  0.500000000000E+00  0.500000000000E+00  0.500000000000E+00  0.500000000000E+00  0.500000000000E+00
  0.500000000000E+00  0.500000000000E+00  0.500000000000E+00  0.500000000000E+00  0.500000000000E+00  0.500000000000E+00  0.500000000000E+00
  0.500000000000E+00  0.500000000000E+00  0.500000000000E+00  0.500000000000E+00  0.500000000000E+00  0.500000000000E+00  0.500000000000E+00
  0.100000000000E+01  0.100000000000E+01  0.100000000000E+01  0.100000000000E+01  0.100000000000E+01  0.100000000000E+01  0.100000000000E+01
  0.100000000000E+01  0.100000000000E+01  0.100000000000E+01  0.100000000000E+01  0.100000000000E+01  0.100000000000E+01  0.100000000000E+01
  0.100000000000E+01  0.100000000000E+01  0.100000000000E+01  0.100000000000E+01  0.100000000000E+01  0.100000000000E+01  0.100000000000E+01
  0.100000000000E+01  0.100000000000E+01  0.100000000000E+01  0.100000000000E+01  0.100000000000E+01  0.100000000000E+01  0.100000000000E+01
  0.100000000000E+01  0.100000000000E+01  0.100000000000E+01  0.100000000000E+01  0.100000000000E+01  0.100000000000E+01  0.100000000000E+01
  0.100000000000E+01  0.100000000000E+01  0.100000000000E+01  0.100000000000E+01  0.100000000000E+01  0.100000000000E+01  0.100000000000E+01
         3         5         2         1
         5         8         4         2
         8        12         7         4
        12        17        11         7
        17        22        16        11
         6         9         5         3
         9        13         8         5
        13        18        12         8
        18        23        17        12
        23        28        22        17
        10        14         9         6
        14        19        13         9
        19        24        18        13
        24        29        23        18
        29        33        28        23
        15        20        14        10
        20        25        19        14
        25        30        24        19
        30        34        29        24
        34        37        33        29
        21        26        20        15
        26        31        25        20
        31        35        30        25
        35        38        34        30
        38        40        37        34
        27        32        26        21
        32        36        31        26
        36        39        35        31
        39        41        38        35
        41        42        40        38
zone t="boundary 5 bc-5", solutiontime= 0.5000000E+02, strandid=1005, i=42, j=30, f=feblock
  0.500000000000E+01  0.500000000000E+01  0.500000000000E+01  0.500000000000E+01  0.500000000000E+01  0.500000000000E+01  0.500000000000E+01
  0.500000000000E+01  0.500000000000E+01  0.500000000000E+01  0.500000000000E+01  0.500000000000E+01  0.500000000000E+01  0.500000000000E+01
  0.500000000000E+01  0.500000000000E+01  0.500000000000E+01  0.500000000000E+01  0.500000000000E+01  0.500000000000E+01  0.500000000000E+01
  0.500000000000E+01  0.500000000000E+01  0.500000000000E+01  0.500000000000E+01  0.500000000000E+01  0.500000000000E+01  0.500000000000E+01
  0.500000000000E+01  0.500000000000E+01  0.500000000000E+01  0.500000000000E+01  0.500000000000E+01  0.500000000000E+01  0.500000000000E+01
  0.500000000000E+01  0.500000000000E+01  0.500000000000E+01  0.500000000000E+01  0.500000000000E+01  0.500000000000E+01  0.500000000000E+01
  0.000000000000E+00  0.000000000000E+00 -0.833333333333E+00  0.000000000000E+00 -0.833333333333E+00 -0.166666666667E+01  0.000000000000E+00
 -0.833333333333E+00 -0.166666666667E+01 -0.250000000000E+01  0.000000000000E+00 -0.833333333333E+00 -0.166666666667E+01 -0.250000000000E+01
 -0.333333333333E+01  0.000000000000E+00 -0.833333333333E+00 -0.166666666667E+01 -0.250000000000E+01 -0.333333333333E+01 -0.416666666667E+01
 -0.833333333333E+00 -0.166666666667E+01 -0.250000000000E+01 -0.333333333333E+01 -0.416666666667E+01 -0.500000000000E+01 -0.166666666667E+01
 -0.250000000000E+01 -0.333333333333E+01 -0.416666666667E+01 -0.500000000000E+01 -0.250000000000E+01 -0.333333333333E+01 -0.416666666667E+01
 -0.500000000000E+01 -0.333333333333E+01 -0.416666666667E+01 -0.500000000000E+01 -0.416666666667E+01 -0.500000000000E+01 -0.500000000000E+01
  0.500000000000E+01  0.400000000000E+01  0.500000000000E+01  0.300000000000E+01  0.400000000000E+01  0.500000000000E+01  0.200000000000E+01
  0.300000000000E+01  0.400000000000E+01  0.500000000000E+01  0.100000000000E+01  0.200000000000E+01  0.300000000000E+01  0.400000000000E+01
  0.500000000000E+01  0.000000000000E+00  0.100000000000E+01  0.200000000000E+01  0.300000000000E+01  0.400000000000E+01  0.500000000000E+01
  0.000000000000E+00  0.100000000000E+01  0.200000000000E+01  0.300000000000E+01  0.400000000000E+01  0.500000000000E+01  0.000000000000E+00
  0.100000000000E+01  0.200000000000E+01  0.300000000000E+01  0.400000000000E+01  0.000000000000E+00  0.100000000000E+01  0.200000000000E+01
  0.300000000000E+01  0.000000000000E+00  0.100000000000E+01  0.200000000000E+01  0.000000000000E+00  0.100000000000E+01  0.000000000000E+00
  0.100000000000E+01  0.100000000000E+01  0.100000000000E+01  0.100000000000E+01  0.100000000000E+01  0.100000000000E+01  0.100000000000E+01
  0.100000000000E+01  0.100000000000E+01  0.100000000000E+01  0.100000000000E+01  0.100000000000E+01  0.100000000000E+01  0.100000000000E+01
  0.100000000000E+01  0.100000000000E+01  0.100000000000E+01  0.100000000000E+01  0.100000000000E+01  0.100000000000E+01  0.100000000000E+01
  0.100000000000E+01  0.100000000000E+01  0.100000000000E+01  0.100000000000E+01  0.100000000000E+01  0.100000000000E+01  0.100000000000E+01
  0.100000000000E+01  0.100000000000E+01  0.100000000000E+01  0.100000000000E+01  0.100000000000E+01  0.100000000000E+01  0.100000000000E+01
  0.100000000000E+01  0.100000000000E+01  0.100000000000E+01  0.100000000000E+01  0.100000000000E+01  0.100000000000E+01  0.100000000000E+01
  0.500000000000E+00  0.500000000000E+00  0.500000000000E+00  0.500000000000E+00  0.500000000000E+00  0.500000000000E+00  0.500000000000E+00
  0.500000000000E+00  0.500000000000E+00  0.500000000000E+00  0.500000000000E+00  0.500000000000E+00  0.500000000000E+00  0.500000000000E+00
  0.500000000000E+00  0.500000000000E+00  0.500000000000E+00  0.500000000000E+00  0.500000000000E+00  0.500000000000E+00  0.500000000000E+00
  0.500000000000E+00  0.500000000000E+00  0.500000000000E+00  0.500000000000E+00  0.500000000000E+00  0.500000000000E+00  0.500000000000E+00
  0.500000000000E+00  0.500000000000E+00  0.500000000000E+00  0.500000000000E+00  0.500000000000E+00  0.500000000000E+00  0.500000000000E+00
  0.500000000000E+00  0.500000000000E+00  0.500000000000E+00  0.500000000000E+00  0.500000000000E+00  0.500000000000E+00  0.500000000000E+00
  0.000000000000E+00  0.000000000000E+00  0.279548695639E-16  0.000000000000E+00 -0.435574795234E-16 -0.757995223974E-17  0.000000000000E+00
 -0.885853962096E-16  0.165479200799E-15 -0.499381803554E-17  0.000000000000E+00  0.757530218207E-16  0.683230222424E-16  0.224923214832E-15
  0.101568412251E-15  0.000000000000E+00  0.157008379489E-15  0.170110721193E-15  0.571076592831E-16  0.928481104112E-16  0.872016477904E-16
 -0.339244747837E-15 -0.350598819661E-16 -0.649699510640E-16 -0.225903872794E-15 -0.378546080320E-16  0.000000000000E+00  0.476431593667E-16
 -0.344894175648E-15 -0.265377630306E-15 -0.196867940342E-15  0.000000000000E+00  0.394291423309E-15 -0.717115638705E-16  0.535209163152E-16
  0.000000000000E+00 -0.248042354934E-16 -0.901217895992E-16  0.000000000000E+00  0.302871453645E-15  0.000000000000E+00  0.000000000000E+00
  0.331522210855E-16 -0.799456072371E-16  0.429613666905E-15  0.556201460862E-16 -0.119237706598E-15  0.743958759880E-15  0.332167188932E-19
  0.115778680637E-15  0.461563864840E-16  0.208071013817E-15  0.133410074261E-15 -0.855842634765E-16  0.143065548769E-15  0.107384577264E-15
 -0.210317015648E-16  0.506654218293E-17 -0.706066417334E-17 -0.372583981807E-16  0.163082213060E-15  0.695489484489E-17  0.552300099337E-16
  0.220428035270E-16  0.160064702765E-16 -0.997398646474E-16  0.155083950853E-15 -0.171044519396E-15 -0.340836243000E-16  0.414436944637E-15
  0.116189052710E-16 -0.806643354259E-17  0.377346344956E-16  0.166066521659E-15 -0.464477002074E-16  0.826099477117E-16  0.141766282626E-15
 -0.283969222760E-16 -0.555516867589E-15 -0.455479284286E-16 -0.217042402246E-15  0.967793716332E-15 -0.244396303971E-15 -0.124443849324E-14
  0.714285714286E+00  0.714285714286E+00  0.714285714286E+00  0.714285714286E+00  0.714285714286E+00  0.714285714286E+00  0.714285714286E+00
  0.714285714286E+00  0.714285714286E+00  0.714285714286E+00  0.714285714286E+00  0.714285714286E+00  0.714285714286E+00  0.714285714286E+00
  0.714285714286E+00  0.714285714286E+00  0.714285714286E+00  0.714285714286E+00  0.714285714286E+00  0.714285714286E+00  0.714285714286E+00
  0.714285714286E+00  0.714285714286E+00  0.714285714286E+00  0.714285714286E+00  0.714285714286E+00  0.714285714286E+00  0.714285714286E+00
  0.714285714286E+00  0.714285714286E+00  0.714285714286E+00  0.714285714286E+00  0.714285714286E+00  0.714285714286E+00  0.714285714286E+00
  0.714285714286E+00  0.714285714286E+00  0.714285714286E+00  0.714285714286E+00  0.714285714286E+00  0.714285714286E+00  0.714285714286E+00
  0.500000000000E+00  0.500000000000E+00  0.500000000000E+00  0.500000000000E+00  0.500000000000E+00  0.500000000000E+00  0.500000000000E+00
  0.500000000000E+00  0.500000000000E+00  0.500000000000E+00  0.500000000000E+00  0.500000000000E+00  0.500000000000E+00  0.500000000000E+00
  0.500000000000E+00  0.500000000000E+00  0.500000000000E+00  0.500000000000E+00  0.500000000000E+00  0.500000000000E+00  0.500000000000E+00
  0.500000000000E+00  0.500000000000E+00  0.500000000000E+00  0.500000000000E+00  0.500000000000E+00  0.500000000000E+00  0.500000000000E+00
  0.500000000000E+00  0.500000000000E+00  0.500000000000E+00  0.500000000000E+00  0.500000000000E+00  0.500000000000E+00  0.500000000000E+00
  0.500000000000E+00  0.500000000000E+00  0.500000000000E+00  0.500000000000E+00  0.500000000000E+00  0.500000000000E+00  0.500000000000E+00
  0.100000000000E+01  0.100000000000E+01  0.100000000000E+01  0.100000000000E+01  0.100000000000E+01  0.100000000000E+01  0.100000000000E+01
  0.100000000000E+01  0.100000000000E+01  0.100000000000E+01  0.100000000000E+01  0.100000000000E+01  0.100000000000E+01  0.100000000000E+01
  0.100000000000E+01  0.100000000000E+01  0.100000000000E+01  0.100000000000E+01  0.100000000000E+01  0.100000000000E+01  0.100000000000E+01
  0.100000000000E+01  0.100000000000E+01  0.100000000000E+01  0.100000000000E+01  0.100000000000E+01  0.100000000000E+01  0.100000000000E+01
  0.100000000000E+01  0.100000000000E+01  0.100000000000E+01  0.100000000000E+01  0.100000000000E+01  0.100000000000E+01  0.100000000000E+01
  0.100000000000E+01  0.100000000000E+01  0.100000000000E+01  0.100000000000E+01  0.100000000000E+01  0.100000000000E+01  0.100000000000E+01
        22        17        11        16
        17        12         7        11
        12         8         4         7
         8         5         2         4
         5         3         1         2
        28        23        17        22
        23        18        12        17
        18        13         8        12
        13         9         5         8
         9         6         3         5
        33        29        23        28
        29        24        18        23
        24        19        13        18
        19        14         9        13
        14        10         6         9
        37        34        29        33
        34        30        24        29
        30        25        19        24
        25        20        14        19
        20        15        10        14
        40        38        34        37
        38        35        30        34
        35        31        25        30
        31        26        20        25
        26        21        15        20
        42        41        38        40
        41        39        35        38
        39        36        31        35
        36        32        26        31
        32        27        21        26
zone t="boundary 6 bc-6", solutiontime= 0.5000000E+02, strandid=1006, i=42, j=30, f=feblock
  0.500000000000E+01  0.500000000000E+01  0.400000000000E+01  0.200000000000E+01  0.300000000000E+01  0.100000000000E+01  0.500000000000E+01
  0.400000000000E+01  0.200000000000E+01  0.300000000000E+01  0.100000000000E+01  0.000000000000E+00  0.500000000000E+01  0.400000000000E+01
  0.200000000000E+01  0.300000000000E+01  0.100000000000E+01  0.000000000000E+00  0.500000000000E+01  0.400000000000E+01  0.200000000000E+01
  0.300000000000E+01  0.100000000000E+01  0.000000000000E+00  0.500000000000E+01  0.400000000000E+01  0.200000000000E+01  0.300000000000E+01
  0.100000000000E+01  0.000000000000E+00  0.500000000000E+01  0.400000000000E+01  0.200000000000E+01  0.300000000000E+01  0.100000000000E+01
  0.000000000000E+00  0.400000000000E+01  0.200000000000E+01  0.300000000000E+01  0.100000000000E+01  0.000000000000E+00  0.000000000000E+00
  0.000000000000E+00 -0.833333333333E+00  0.000000000000E+00  0.000000000000E+00  0.000000000000E+00  0.000000000000E+00 -0.166666666667E+01
 -0.833333333333E+00 -0.833333333333E+00 -0.833333333333E+00 -0.833333333333E+00  0.000000000000E+00 -0.250000000000E+01 -0.166666666667E+01
 -0.166666666667E+01 -0.166666666667E+01 -0.166666666667E+01 -0.833333333333E+00 -0.333333333333E+01 -0.250000000000E+01 -0.250000000000E+01
 -0.250000000000E+01 -0.250000000000E+01 -0.166666666667E+01 -0.416666666667E+01 -0.333333333333E+01 -0.333333333333E+01 -0.333333333333E+01
 -0.333333333333E+01 -0.250000000000E+01 -0.500000000000E+01 -0.416666666667E+01 -0.416666666667E+01 -0.416666666667E+01 -0.416666666667E+01
 -0.333333333333E+01 -0.500000000000E+01 -0.500000000000E+01 -0.500000000000E+01 -0.500000000000E+01 -0.416666666667E+01 -0.500000000000E+01
  0.000000000000E+00  0.000000000000E+00  0.000000000000E+00  0.000000000000E+00  0.000000000000E+00  0.000000000000E+00  0.000000000000E+00
  0.000000000000E+00  0.000000000000E+00  0.000000000000E+00  0.000000000000E+00  0.000000000000E+00  0.000000000000E+00  0.000000000000E+00
  0.000000000000E+00  0.000000000000E+00  0.000000000000E+00  0.000000000000E+00  0.000000000000E+00  0.000000000000E+00  0.000000000000E+00
  0.000000000000E+00  0.000000000000E+00  0.000000000000E+00  0.000000000000E+00  0.000000000000E+00  0.000000000000E+00  0.000000000000E+00
  0.000000000000E+00  0.000000000000E+00  0.000000000000E+00  0.000000000000E+00  0.000000000000E+00  0.000000000000E+00  0.000000000000E+00
  0.000000000000E+00  0.000000000000E+00  0.000000000000E+00  0.000000000000E+00  0.000000000000E+00  0.000000000000E+00  0.000000000000E+00
  0.100000000000E+01  0.100000000000E+01  0.100000000000E+01  0.100000000000E+01  0.100000000000E+01  0.100000000000E+01  0.100000000000E+01
  0.100000000000E+01  0.100000000000E+01  0.100000000000E+01  0.100000000000E+01  0.100000000000E+01  0.100000000000E+01  0.100000000000E+01
  0.100000000000E+01  0.100000000000E+01  0.100000000000E+01  0.100000000000E+01  0.100000000000E+01  0.100000000000E+01  0.100000000000E+01
  0.100000000000E+01  0.100000000000E+01  0.100000000000E+01  0.100000000000E+01  0.100000000000E+01  0.100000000000E+01  0.100000000000E+01
  0.100000000000E+01  0.100000000000E+01  0.100000000000E+01  0.100000000000E+01  0.100000000000E+01  0.100000000000E+01  0.100000000000E+01
  0.100000000000E+01  0.100000000000E+01  0.100000000000E+01  0.100000000000E+01  0.100000000000E+01  0.100000000000E+01  0.100000000000E+01
  0.500000000000E+00  0.500000000000E+00  0.500000000000E+00  0.500000000000E+00  0.500000000000E+00  0.500000000000E+00  0.500000000000E+00
  0.500000000000E+00  0.500000000000E+00  0.500000000000E+00  0.500000000000E+00  0.500000000000E+00  0.500000000000E+00  0.500000000000E+00
  0.500000000000E+00  0.500000000000E+00  0.500000000000E+00  0.500000000000E+00  0.500000000000E+00  0.500000000000E+00  0.500000000000E+00
  0.500000000000E+00  0.500000000000E+00  0.500000000000E+00  0.500000000000E+00  0.500000000000E+00  0.500000000000E+00  0.500000000000E+00
  0.500000000000E+00  0.500000000000E+00  0.500000000000E+00  0.500000000000E+00  0.500000000000E+00  0.500000000000E+00  0.500000000000E+00
  0.500000000000E+00  0.500000000000E+00  0.500000000000E+00  0.500000000000E+00  0.500000000000E+00  0.500000000000E+00  0.500000000000E+00
  0.000000000000E+00 -0.339244747837E-15  0.000000000000E+00  0.000000000000E+00  0.000000000000E+00  0.000000000000E+00  0.476431593667E-16
 -0.393203862834E-15 -0.266221154441E-15 -0.682140674764E-15 -0.150512254350E-15  0.000000000000E+00  0.394291423309E-15  0.258032546444E-16
 -0.244979695094E-15 -0.343225972204E-15 -0.251942344700E-15  0.926340051355E-17 -0.248042354934E-16  0.588476953788E-15  0.682872667106E-16
  0.385753501663E-15  0.633246647173E-16  0.147023345628E-15  0.302871453645E-15  0.210532879712E-15 -0.294801415544E-15 -0.190457094554E-15
 -0.348451242716E-16  0.336504955589E-16  0.000000000000E+00  0.542325209043E-15  0.418751821853E-15  0.106281876324E-14  0.503907810328E-15
 -0.325129530335E-15  0.000000000000E+00  0.000000000000E+00  0.000000000000E+00  0.000000000000E+00  0.172489134032E-15  0.000000000000E+00
  0.506654218293E-17  0.220428035270E-16 -0.630130332168E-16 -0.398901170724E-15 -0.253022132483E-15  0.372684295742E-17  0.414436944637E-15
  0.480094228310E-15 -0.256644108537E-15 -0.383268546314E-15  0.190592650694E-15 -0.147008478020E-15 -0.464477002074E-16  0.810731365911E-15
  0.505045255037E-15  0.748419722672E-17  0.388534485472E-15 -0.332686853745E-15 -0.555516867589E-15  0.299135838676E-16 -0.768232823941E-16
 -0.123777581013E-15  0.181731923478E-15 -0.454428714270E-15  0.967793716332E-15 -0.624481934236E-15 -0.328476173179E-15 -0.273642611084E-15
 -0.287048782338E-15  0.318914024116E-15 -0.124443849324E-14  0.805583378738E-15  0.842199202830E-15  0.591560607931E-15  0.847451025491E-15
 -0.365292831883E-15 -0.160103755335E-14 -0.167215827588E-14 -0.128728139451E-14 -0.130549751093E-14  0.549600803876E-15 -0.129000215404E-14
  0.714285714286E+00  0.714285714286E+00  0.714285714286E+00  0.714285714286E+00  0.714285714286E+00  0.714285714286E+00  0.714285714286E+00
  0.714285714286E+00  0.714285714286E+00  0.714285714286E+00  0.714285714286E+00  0.714285714286E+00  0.714285714286E+00  0.714285714286E+00
  0.714285714286E+00  0.714285714286E+00  0.714285714286E+00  0.714285714286E+00  0.714285714286E+00  0.714285714286E+00  0.714285714286E+00
  0.714285714286E+00  0.714285714286E+00  0.714285714286E+00  0.714285714286E+00  0.714285714286E+00  0.714285714286E+00  0.714285714286E+00
  0.714285714286E+00  0.714285714286E+00  0.714285714286E+00  0.714285714286E+00  0.714285714286E+00  0.714285714286E+00  0.714285714286E+00
  0.714285714286E+00  0.714285714286E+00  0.714285714286E+00  0.714285714286E+00  0.714285714286E+00  0.714285714286E+00  0.714285714286E+00
  0.500000000000E+00  0.500000000000E+00  0.500000000000E+00  0.500000000000E+00  0.500000000000E+00  0.500000000000E+00  0.500000000000E+00
  0.500000000000E+00  0.500000000000E+00  0.500000000000E+00  0.500000000000E+00  0.500000000000E+00  0.500000000000E+00  0.500000000000E+00
  0.500000000000E+00  0.500000000000E+00  0.500000000000E+00  0.500000000000E+00  0.500000000000E+00  0.500000000000E+00  0.500000000000E+00
  0.500000000000E+00  0.500000000000E+00  0.500000000000E+00  0.500000000000E+00  0.500000000000E+00  0.500000000000E+00  0.500000000000E+00
  0.500000000000E+00  0.500000000000E+00  0.500000000000E+00  0.500000000000E+00  0.500000000000E+00  0.500000000000E+00  0.500000000000E+00
  0.500000000000E+00  0.500000000000E+00  0.500000000000E+00  0.500000000000E+00  0.500000000000E+00  0.500000000000E+00  0.500000000000E+00
  0.100000000000E+01  0.100000000000E+01  0.100000000000E+01  0.100000000000E+01  0.100000000000E+01  0.100000000000E+01  0.100000000000E+01
  0.100000000000E+01  0.100000000000E+01  0.100000000000E+01  0.100000000000E+01  0.100000000000E+01  0.100000000000E+01  0.100000000000E+01
  0.100000000000E+01  0.100000000000E+01  0.100000000000E+01  0.100000000000E+01  0.100000000000E+01  0.100000000000E+01  0.100000000000E+01
  0.100000000000E+01  0.100000000000E+01  0.100000000000E+01  0.100000000000E+01  0.100000000000E+01  0.100000000000E+01  0.100000000000E+01
  0.100000000000E+01  0.100000000000E+01  0.100000000000E+01  0.100000000000E+01  0.100000000000E+01  0.100000000000E+01  0.100000000000E+01
  0.100000000000E+01  0.100000000000E+01  0.100000000000E+01  0.100000000000E+01  0.100000000000E+01  0.100000000000E+01  0.100000000000E+01
        18        11         6        12
        11         9         4         6
         9        10         5         4
        10         8         3         5
         8         2         1         3
        24        17        11        18
        17        15         9        11
        15        16        10         9
        16        14         8        10
        14         7         2         8
        30        23        17        24
        23        21        15        17
        21        22        16        15
        22        20        14        16
        20        13         7        14
        36        29        23        30
        29        27        21        23
        27        28        22        21
        28        26        20        22
        26        19        13        20
        41        35        29        36
        35        33        27        29
        33        34        28        27
        34        32        26        28
        32        25        19        26
        42        40        35        41
        40        38        33        35
        38        39        34        33
        39        37        32        34
        37        31        25        32
