title="tecplot geometry and solution file"
variables = x y z rho u v w p mach temperature
zone t="boundary 1 bc-1", solutiontime= 0.3000000E+02, strandid=1001, i=42, j=30, f=feblock
  0.000000000000E+00  0.000000000000E+00  0.000000000000E+00  0.000000000000E+00  0.000000000000E+00  0.000000000000E+00  0.000000000000E+00
  0.000000000000E+00  0.000000000000E+00  0.000000000000E+00  0.000000000000E+00  0.000000000000E+00  0.000000000000E+00  0.000000000000E+00
  0.000000000000E+00  0.000000000000E+00  0.000000000000E+00  0.000000000000E+00  0.000000000000E+00  0.000000000000E+00  0.000000000000E+00
  0.000000000000E+00  0.000000000000E+00  0.000000000000E+00  0.000000000000E+00  0.000000000000E+00  0.000000000000E+00  0.000000000000E+00
  0.000000000000E+00  0.000000000000E+00  0.000000000000E+00  0.000000000000E+00  0.000000000000E+00  0.000000000000E+00  0.000000000000E+00
  0.000000000000E+00  0.000000000000E+00  0.000000000000E+00  0.000000000000E+00  0.000000000000E+00  0.000000000000E+00  0.000000000000E+00
  0.000000000000E+00 -0.833333333333E+00  0.000000000000E+00  0.000000000000E+00  0.000000000000E+00 -0.166666666667E+01 -0.833333333333E+00
 -0.833333333333E+00 -0.833333333333E+00  0.000000000000E+00 -0.250000000000E+01 -0.166666666667E+01 -0.166666666667E+01 -0.166666666667E+01
 -0.833333333333E+00  0.000000000000E+00 -0.333333333333E+01 -0.250000000000E+01 -0.250000000000E+01 -0.250000000000E+01 -0.166666666667E+01
 -0.833333333333E+00 -0.416666666667E+01 -0.333333333333E+01 -0.333333333333E+01 -0.333333333333E+01 -0.250000000000E+01 -0.166666666667E+01
 -0.500000000000E+01 -0.416666666667E+01 -0.416666666667E+01 -0.416666666667E+01 -0.333333333333E+01 -0.250000000000E+01 -0.500000000000E+01
 -0.500000000000E+01 -0.500000000000E+01 -0.416666666667E+01 -0.333333333333E+01 -0.500000000000E+01 -0.416666666667E+01 -0.500000000000E+01
  0.500000000000E+01  0.500000000000E+01  0.400000000000E+01  0.200000000000E+01  0.300000000000E+01  0.500000000000E+01  0.400000000000E+01
  0.200000000000E+01  0.300000000000E+01  0.100000000000E+01  0.500000000000E+01  0.400000000000E+01  0.200000000000E+01  0.300000000000E+01
  0.100000000000E+01  0.000000000000E+00  0.500000000000E+01  0.400000000000E+01  0.200000000000E+01  0.300000000000E+01  0.100000000000E+01
  0.000000000000E+00  0.500000000000E+01  0.400000000000E+01  0.200000000000E+01  0.300000000000E+01  0.100000000000E+01  0.000000000000E+00
  0.500000000000E+01  0.400000000000E+01  0.200000000000E+01  0.300000000000E+01  0.100000000000E+01  0.000000000000E+00  0.400000000000E+01
  0.200000000000E+01  0.300000000000E+01  0.100000000000E+01  0.000000000000E+00  0.100000000000E+01  0.000000000000E+00  0.000000000000E+00
  0.100000000000E+01  0.100000000000E+01  0.100000000000E+01  0.100000000000E+01  0.100000000000E+01  0.100000000000E+01  0.100000000000E+01
  0.100000000000E+01  0.100000000000E+01  0.100000000000E+01  0.100000000000E+01  0.100000000000E+01  0.100000000000E+01  0.100000000000E+01
  0.100000000000E+01  0.100000000000E+01  0.100000000000E+01  0.100000000000E+01  0.100000000000E+01  0.100000000000E+01  0.100000000000E+01
  0.100000000000E+01  0.100000000000E+01  0.100000000000E+01  0.100000000000E+01  0.100000000000E+01  0.100000000000E+01  0.100000000000E+01
  0.100000000000E+01  0.100000000000E+01  0.100000000000E+01  0.100000000000E+01  0.100000000000E+01  0.100000000000E+01  0.100000000000E+01
  0.100000000000E+01  0.100000000000E+01  0.100000000000E+01  0.100000000000E+01  0.100000000000E+01  0.100000000000E+01  0.100000000000E+01
  0.500000000000E+00  0.500000000000E+00  0.500000000000E+00  0.500000000000E+00  0.500000000000E+00  0.500000000000E+00  0.500000000000E+00
  0.500000000000E+00  0.500000000000E+00  0.500000000000E+00  0.500000000000E+00  0.500000000000E+00  0.500000000000E+00  0.500000000000E+00
  0.500000000000E+00  0.500000000000E+00  0.500000000000E+00  0.500000000000E+00  0.500000000000E+00  0.500000000000E+00  0.500000000000E+00
  0.500000000000E+00  0.500000000000E+00  0.500000000000E+00  0.500000000000E+00  0.500000000000E+00  0.500000000000E+00  0.500000000000E+00
  0.500000000000E+00  0.500000000000E+00  0.500000000000E+00  0.500000000000E+00  0.500000000000E+00  0.500000000000E+00  0.500000000000E+00
  0.500000000000E+00  0.500000000000E+00  0.500000000000E+00  0.500000000000E+00  0.500000000000E+00  0.500000000000E+00  0.500000000000E+00
  0.000000000000E+00  0.147886126408E-16  0.000000000000E+00  0.000000000000E+00  0.000000000000E+00 -0.220098042735E-15  0.194536741919E-15
 -0.237034829895E-16 -0.700536504763E-16  0.000000000000E+00 -0.182651481074E-15  0.193889581197E-15  0.937121073648E-16 -0.101461768186E-15
  0.448916654156E-16  0.000000000000E+00 -0.275909689890E-16  0.226159041364E-15 -0.610615354784E-21  0.857167980778E-16  0.166788448038E-16
 -0.395443432991E-16 -0.595693240914E-17  0.802528411827E-16  0.117839825892E-16  0.282508050816E-15  0.103129537211E-15 -0.348321271003E-16
  0.000000000000E+00  0.171884133927E-15 -0.912894447022E-16  0.234288199594E-15  0.195677121908E-15 -0.724072473569E-16  0.000000000000E+00
  0.000000000000E+00  0.000000000000E+00  0.286464440455E-15  0.716327042032E-17  0.000000000000E+00  0.321716207797E-15  0.000000000000E+00
 -0.189173222449E-15 -0.187312676949E-15 -0.195740328008E-15  0.182461806831E-15  0.189311373710E-15  0.404312003928E-15 -0.116568812075E-15
  0.179227619920E-15  0.550582762401E-16 -0.124542201724E-15  0.323820657780E-16 -0.152468466055E-15  0.114698912518E-15  0.688758094821E-16
 -0.828116587136E-16 -0.275971479157E-16 -0.319829446609E-16 -0.330263302058E-15  0.159232542307E-15 -0.758284619533E-16 -0.206095275435E-16
 -0.210969731771E-15  0.428070057999E-15  0.390935316728E-16  0.344707191680E-15  0.269277597435E-16 -0.806602284206E-16 -0.340992498829E-16
  0.289957457285E-16  0.988730407432E-16 -0.189914321923E-15 -0.896256425052E-17 -0.285180563658E-15 -0.951149296152E-16  0.149289460368E-15
  0.113880025836E-15 -0.711889891083E-16  0.511674570517E-16 -0.258246447037E-15 -0.771621145478E-16  0.604852397487E-15 -0.720080675071E-15
  0.714285714286E+00  0.714285714286E+00  0.714285714286E+00  0.714285714286E+00  0.714285714286E+00  0.714285714286E+00  0.714285714286E+00
  0.714285714286E+00  0.714285714286E+00  0.714285714286E+00  0.714285714286E+00  0.714285714286E+00  0.714285714286E+00  0.714285714286E+00
  0.714285714286E+00  0.714285714286E+00  0.714285714286E+00  0.714285714286E+00  0.714285714286E+00  0.714285714286E+00  0.714285714286E+00
  0.714285714286E+00  0.714285714286E+00  0.714285714286E+00  0.714285714286E+00  0.714285714286E+00  0.714285714286E+00  0.714285714286E+00
  0.714285714286E+00  0.714285714286E+00  0.714285714286E+00  0.714285714286E+00  0.714285714286E+00  0.714285714286E+00  0.714285714286E+00
  0.714285714286E+00  0.714285714286E+00  0.714285714286E+00  0.714285714286E+00  0.714285714286E+00  0.714285714286E+00  0.714285714286E+00
  0.500000000000E+00  0.500000000000E+00  0.500000000000E+00  0.500000000000E+00  0.500000000000E+00  0.500000000000E+00  0.500000000000E+00
  0.500000000000E+00  0.500000000000E+00  0.500000000000E+00  0.500000000000E+00  0.500000000000E+00  0.500000000000E+00  0.500000000000E+00
  0.500000000000E+00  0.500000000000E+00  0.500000000000E+00  0.500000000000E+00  0.500000000000E+00  0.500000000000E+00  0.500000000000E+00
  0.500000000000E+00  0.500000000000E+00  0.500000000000E+00  0.500000000000E+00  0.500000000000E+00  0.500000000000E+00  0.500000000000E+00
  0.500000000000E+00  0.500000000000E+00  0.500000000000E+00  0.500000000000E+00  0.500000000000E+00  0.500000000000E+00  0.500000000000E+00
  0.500000000000E+00  0.500000000000E+00  0.500000000000E+00  0.500000000000E+00  0.500000000000E+00  0.500000000000E+00  0.500000000000E+00
  0.100000000000E+01  0.100000000000E+01  0.100000000000E+01  0.100000000000E+01  0.100000000000E+01  0.100000000000E+01  0.100000000000E+01
  0.100000000000E+01  0.100000000000E+01  0.100000000000E+01  0.100000000000E+01  0.100000000000E+01  0.100000000000E+01  0.100000000000E+01
  0.100000000000E+01  0.100000000000E+01  0.100000000000E+01  0.100000000000E+01  0.100000000000E+01  0.100000000000E+01  0.100000000000E+01
  0.100000000000E+01  0.100000000000E+01  0.100000000000E+01  0.100000000000E+01  0.100000000000E+01  0.100000000000E+01  0.100000000000E+01
  0.100000000000E+01  0.100000000000E+01  0.100000000000E+01  0.100000000000E+01  0.100000000000E+01  0.100000000000E+01  0.100000000000E+01
  0.100000000000E+01  0.100000000000E+01  0.100000000000E+01  0.100000000000E+01  0.100000000000E+01  0.100000000000E+01  0.100000000000E+01
         2         7         3         1
         7         9         5         3
         9         8         4         5
         8        15        10         4
        15        22        16        10
         6        12         7         2
        12        14         9         7
        14        13         8         9
        13        21        15         8
        21        28        22        15
        11        18        12         6
        18        20        14        12
        20        19        13        14
        19        27        21        13
        27        34        28        21
        17        24        18        11
        24        26        20        18
        26        25        19        20
        25        33        27        19
        33        39        34        27
        23        30        24        17
        30        32        26        24
        32        31        25        26
        31        38        33        25
        38        41        39        33
        29        35        30        23
        35        37        32        30
        37        36        31        32
        36        40        38        31
        40        42        41        38
zone t="boundary 2 bc-2", solutiontime= 0.3000000E+02, strandid=1002, i=50, j=78, f=feblock
  0.500000000000E+01  0.400000000000E+01  0.500000000000E+01  0.432205072469E+01  0.300000000000E+01  0.339985167428E+01  0.500000000000E+01
  0.414352482062E+01  0.200000000000E+01  0.238772260472E+01  0.328766614337E+01  0.253053942594E+01  0.500000000000E+01  0.437470683547E+01
  0.355186041251E+01  0.100000000000E+01  0.148474164412E+01  0.182006405350E+01  0.265208498144E+01  0.158439218620E+01  0.500000000000E+01
  0.421824364393E+01  0.356601661300E+01  0.279151482472E+01  0.000000000000E+00  0.691584087487E+00  0.102677755985E+01  0.203910647352E+01
  0.786163368796E+00  0.130062434092E+01  0.579883387792E+00  0.500000000000E+01  0.439593351493E+01  0.365358382485E+01  0.222719085292E+01
  0.294979435250E+01  0.181898636514E+01  0.000000000000E+00  0.000000000000E+00  0.608717331133E+00  0.956798945949E+00  0.000000000000E+00
  0.400000000000E+01  0.200000000000E+01  0.160059523280E+01  0.300000000000E+01  0.000000000000E+00  0.482256655205E+00  0.100000000000E+01
  0.000000000000E+00
 -0.500000000000E+01 -0.500000000000E+01 -0.500000000000E+01 -0.500000000000E+01 -0.500000000000E+01 -0.500000000000E+01 -0.500000000000E+01
 -0.500000000000E+01 -0.500000000000E+01 -0.500000000000E+01 -0.500000000000E+01 -0.500000000000E+01 -0.500000000000E+01 -0.500000000000E+01
 -0.500000000000E+01 -0.500000000000E+01 -0.500000000000E+01 -0.500000000000E+01 -0.500000000000E+01 -0.500000000000E+01 -0.500000000000E+01
 -0.500000000000E+01 -0.500000000000E+01 -0.500000000000E+01 -0.500000000000E+01 -0.500000000000E+01 -0.500000000000E+01 -0.500000000000E+01
 -0.500000000000E+01 -0.500000000000E+01 -0.500000000000E+01 -0.500000000000E+01 -0.500000000000E+01 -0.500000000000E+01 -0.500000000000E+01
 -0.500000000000E+01 -0.500000000000E+01 -0.500000000000E+01 -0.500000000000E+01 -0.500000000000E+01 -0.500000000000E+01 -0.500000000000E+01
 -0.500000000000E+01 -0.500000000000E+01 -0.500000000000E+01 -0.500000000000E+01 -0.500000000000E+01 -0.500000000000E+01 -0.500000000000E+01
 -0.500000000000E+01
  0.500000000000E+01  0.500000000000E+01  0.400000000000E+01  0.427284776458E+01  0.500000000000E+01  0.409791606955E+01  0.300000000000E+01
  0.334954216394E+01  0.500000000000E+01  0.428961258157E+01  0.317389756208E+01  0.342579600005E+01  0.200000000000E+01  0.245604909385E+01
  0.233993022181E+01  0.500000000000E+01  0.436396516571E+01  0.369973104758E+01  0.256908373316E+01  0.279597472668E+01  0.100000000000E+01
  0.157729503259E+01  0.159701071514E+01  0.152167522831E+01  0.500000000000E+01  0.441213888848E+01  0.370665089386E+01  0.199896920986E+01
  0.224835513052E+01  0.181406525358E+01  0.296809553468E+01  0.000000000000E+00  0.696815730569E+00  0.990157383601E+00  0.787866207738E+00
  0.548147595005E+00  0.128672970530E+01  0.400000000000E+01  0.200000000000E+01  0.160443740745E+01  0.959766653149E+00  0.300000000000E+01
  0.000000000000E+00  0.000000000000E+00  0.606872513237E+00  0.000000000000E+00  0.100000000000E+01  0.486991412371E+00  0.000000000000E+00
  0.000000000000E+00
  0.100000000000E+01  0.100000000000E+01  0.100000000000E+01  0.100000000000E+01  0.100000000000E+01  0.100000000000E+01  0.100000000000E+01
  0.100000000000E+01  0.100000000000E+01  0.100000000000E+01  0.100000000000E+01  0.100000000000E+01  0.100000000000E+01  0.100000000000E+01
  0.100000000000E+01  0.100000000000E+01  0.100000000000E+01  0.100000000000E+01  0.100000000000E+01  0.100000000000E+01  0.100000000000E+01
  0.100000000000E+01  0.100000000000E+01  0.100000000000E+01  0.100000000000E+01  0.100000000000E+01  0.100000000000E+01  0.100000000000E+01
  0.100000000000E+01  0.100000000000E+01  0.100000000000E+01  0.100000000000E+01  0.100000000000E+01  0.100000000000E+01  0.100000000000E+01
  0.100000000000E+01  0.100000000000E+01  0.100000000000E+01  0.100000000000E+01  0.100000000000E+01  0.100000000000E+01  0.100000000000E+01
  0.100000000000E+01  0.100000000000E+01  0.100000000000E+01  0.100000000000E+01  0.100000000000E+01  0.100000000000E+01  0.100000000000E+01
  0.100000000000E+01
  0.500000000000E+00  0.500000000000E+00  0.500000000000E+00  0.500000000000E+00  0.500000000000E+00  0.500000000000E+00  0.500000000000E+00
  0.500000000000E+00  0.500000000000E+00  0.500000000000E+00  0.500000000000E+00  0.500000000000E+00  0.500000000000E+00  0.500000000000E+00
  0.500000000000E+00  0.500000000000E+00  0.500000000000E+00  0.500000000000E+00  0.500000000000E+00  0.500000000000E+00  0.500000000000E+00
  0.500000000000E+00  0.500000000000E+00  0.500000000000E+00  0.500000000000E+00  0.500000000000E+00  0.500000000000E+00  0.500000000000E+00
  0.500000000000E+00  0.500000000000E+00  0.500000000000E+00  0.500000000000E+00  0.500000000000E+00  0.500000000000E+00  0.500000000000E+00
  0.500000000000E+00  0.500000000000E+00  0.500000000000E+00  0.500000000000E+00  0.500000000000E+00  0.500000000000E+00  0.500000000000E+00
  0.500000000000E+00  0.500000000000E+00  0.500000000000E+00  0.500000000000E+00  0.500000000000E+00  0.500000000000E+00  0.500000000000E+00
  0.500000000000E+00
  0.000000000000E+00  0.000000000000E+00  0.000000000000E+00  0.000000000000E+00  0.000000000000E+00  0.000000000000E+00  0.000000000000E+00
  0.000000000000E+00  0.000000000000E+00  0.000000000000E+00  0.000000000000E+00  0.000000000000E+00  0.000000000000E+00  0.000000000000E+00
  0.000000000000E+00  0.000000000000E+00  0.000000000000E+00  0.000000000000E+00  0.000000000000E+00  0.000000000000E+00  0.000000000000E+00
  0.000000000000E+00  0.000000000000E+00  0.000000000000E+00  0.000000000000E+00  0.000000000000E+00  0.000000000000E+00  0.000000000000E+00
  0.000000000000E+00  0.000000000000E+00  0.000000000000E+00  0.000000000000E+00  0.000000000000E+00  0.000000000000E+00  0.000000000000E+00
  0.000000000000E+00  0.000000000000E+00  0.000000000000E+00  0.000000000000E+00  0.000000000000E+00  0.000000000000E+00  0.000000000000E+00
  0.000000000000E+00  0.000000000000E+00  0.000000000000E+00  0.000000000000E+00  0.000000000000E+00  0.000000000000E+00  0.000000000000E+00
  0.000000000000E+00
 -0.221438082756E-15  0.206117484886E-15  0.844563438505E-16  0.126749362215E-15  0.616715885499E-16  0.209773574097E-15  0.570465530170E-16
  0.130785983111E-15  0.201241618427E-15  0.511038005024E-16  0.206092265368E-15  0.256614381933E-15  0.157073155948E-16  0.188749458943E-15
 -0.727680267615E-16  0.294075960486E-15 -0.190618097242E-15 -0.455668512063E-16 -0.575186571300E-16  0.158280138077E-17 -0.203390851585E-15
  0.547184995086E-16  0.947566682283E-16 -0.449152286632E-16  0.289957457285E-16  0.207374167647E-15  0.284934295603E-15 -0.170959212231E-15
 -0.236680432070E-15 -0.161887890650E-15 -0.289465875391E-16 -0.159416261405E-14 -0.246433125170E-16  0.140791460307E-15 -0.134383216866E-15
  0.553080110992E-15 -0.288730705411E-15  0.149289460368E-15  0.113880025836E-15 -0.194743539880E-15  0.956865790482E-16 -0.711889891083E-16
 -0.152181722156E-14 -0.192386882814E-14  0.349015973758E-15 -0.142411479546E-14 -0.771621145478E-16  0.405210171019E-15 -0.142008568902E-14
 -0.720080675071E-15
  0.714285714286E+00  0.714285714286E+00  0.714285714286E+00  0.714285714286E+00  0.714285714286E+00  0.714285714286E+00  0.714285714286E+00
  0.714285714286E+00  0.714285714286E+00  0.714285714286E+00  0.714285714286E+00  0.714285714286E+00  0.714285714286E+00  0.714285714286E+00
  0.714285714286E+00  0.714285714286E+00  0.714285714286E+00  0.714285714286E+00  0.714285714286E+00  0.714285714286E+00  0.714285714286E+00
  0.714285714286E+00  0.714285714286E+00  0.714285714286E+00  0.714285714286E+00  0.714285714286E+00  0.714285714286E+00  0.714285714286E+00
  0.714285714286E+00  0.714285714286E+00  0.714285714286E+00  0.714285714286E+00  0.714285714286E+00  0.714285714286E+00  0.714285714286E+00
  0.714285714286E+00  0.714285714286E+00  0.714285714286E+00  0.714285714286E+00  0.714285714286E+00  0.714285714286E+00  0.714285714286E+00
  0.714285714286E+00  0.714285714286E+00  0.714285714286E+00  0.714285714286E+00  0.714285714286E+00  0.714285714286E+00  0.714285714286E+00
  0.714285714286E+00
  0.500000000000E+00  0.500000000000E+00  0.500000000000E+00  0.500000000000E+00  0.500000000000E+00  0.500000000000E+00  0.500000000000E+00
  0.500000000000E+00  0.500000000000E+00  0.500000000000E+00  0.500000000000E+00  0.500000000000E+00  0.500000000000E+00  0.500000000000E+00
  0.500000000000E+00  0.500000000000E+00  0.500000000000E+00  0.500000000000E+00  0.500000000000E+00  0.500000000000E+00  0.500000000000E+00
  0.500000000000E+00  0.500000000000E+00  0.500000000000E+00  0.500000000000E+00  0.500000000000E+00  0.500000000000E+00  0.500000000000E+00
  0.500000000000E+00  0.500000000000E+00  0.500000000000E+00  0.500000000000E+00  0.500000000000E+00  0.500000000000E+00  0.500000000000E+00
  0.500000000000E+00  0.500000000000E+00  0.500000000000E+00  0.500000000000E+00  0.500000000000E+00  0.500000000000E+00  0.500000000000E+00
  0.500000000000E+00  0.500000000000E+00  0.500000000000E+00  0.500000000000E+00  0.500000000000E+00  0.500000000000E+00  0.500000000000E+00
  0.500000000000E+00
  0.100000000000E+01  0.100000000000E+01  0.100000000000E+01  0.100000000000E+01  0.100000000000E+01  0.100000000000E+01  0.100000000000E+01
  0.100000000000E+01  0.100000000000E+01  0.100000000000E+01  0.100000000000E+01  0.100000000000E+01  0.100000000000E+01  0.100000000000E+01
  0.100000000000E+01  0.100000000000E+01  0.100000000000E+01  0.100000000000E+01  0.100000000000E+01  0.100000000000E+01  0.100000000000E+01
  0.100000000000E+01  0.100000000000E+01  0.100000000000E+01  0.100000000000E+01  0.100000000000E+01  0.100000000000E+01  0.100000000000E+01
  0.100000000000E+01  0.100000000000E+01  0.100000000000E+01  0.100000000000E+01  0.100000000000E+01  0.100000000000E+01  0.100000000000E+01
  0.100000000000E+01  0.100000000000E+01  0.100000000000E+01  0.100000000000E+01  0.100000000000E+01  0.100000000000E+01  0.100000000000E+01
  0.100000000000E+01  0.100000000000E+01  0.100000000000E+01  0.100000000000E+01  0.100000000000E+01  0.100000000000E+01  0.100000000000E+01
  0.100000000000E+01
        44        35        36        36
        24        34        36        36
        38        27        31        31
        20        29        31        31
        24        23        34        34
        15        22        23        23
        24        35        37        37
        41        30        37        37
        27        18        20        20
        17        18        27        27
        15        19        11        11
        12         6        11        11
         8         7        14        14
        13        14         7         7
        41        40        30        30
        47        39        40        40
        17         9        10        10
         5        10         9         9
        44        45        35        35
        49        41        45        45
        19        15        24        24
        36        35        24        24
        37        45        41        41
        40        39        29        29
        30        29        20        20
        12        18        10        10
        20        12        19        19
        11         8        15        15
        20        18        12        12
        27        20        31        31
        28        20        19        19
        23        24        15        15
        23        22        34        34
        28        24        37        37
        11        19        12        12
        11         6         8         8
        28        19        24        24
        40        41        47        47
        30        40        29        29
        45        44        49        49
        37        35        45        45
        16        26        25        25
        27        38        26        26
        47        48        50        50
        43        33        32        32
        22        21        33        33
         3         4         1         1
         6         2         4         4
        10         5         6         6
        14        13        22        22
         4         3         8         8
         7         8         3         3
        42        38        31        31
         9        17        16        16
        33        43        34        34
        36        34        43        43
        41        48        47        47
        15         8        14        14
        28        30        20        20
        18        17        10        10
        42        31        39        39
        26        16        17        17
         8         6         4         4
        34        22        33        33
        37        30        28        28
        27        26        17        17
        49        48        41        41
        46        36        43        43
        31        29        39        39
        36        46        44        44
        22        13        21        21
        15        14        22        22
         6         5         2         2
        12        10         6         6
        26        38        25        25
        48        49        50        50
        33        21        32        32
         4         2         1         1
zone t="boundary 3 bc-3", solutiontime= 0.3000000E+02, strandid=1003, i=50, j=78, f=feblock
  0.500000000000E+01  0.400000000000E+01  0.500000000000E+01  0.432205072469E+01  0.300000000000E+01  0.339985167428E+01  0.500000000000E+01
  0.414352482062E+01  0.200000000000E+01  0.238772260472E+01  0.328766614337E+01  0.253053942594E+01  0.500000000000E+01  0.437470683547E+01
  0.355186041251E+01  0.100000000000E+01  0.148474164412E+01  0.182006405350E+01  0.265208498144E+01  0.158439218620E+01  0.500000000000E+01
  0.421824364393E+01  0.356601661300E+01  0.279151482472E+01  0.000000000000E+00  0.691584087487E+00  0.102677755985E+01  0.203910647352E+01
  0.786163368796E+00  0.130062434092E+01  0.579883387792E+00  0.500000000000E+01  0.439593351493E+01  0.365358382485E+01  0.222719085292E+01
  0.294979435250E+01  0.181898636514E+01  0.000000000000E+00  0.000000000000E+00  0.608717331133E+00  0.956798945949E+00  0.000000000000E+00
  0.400000000000E+01  0.200000000000E+01  0.160059523280E+01  0.300000000000E+01  0.000000000000E+00  0.482256655205E+00  0.100000000000E+01
  0.000000000000E+00
  0.000000000000E+00  0.000000000000E+00  0.000000000000E+00  0.000000000000E+00  0.000000000000E+00  0.000000000000E+00  0.000000000000E+00
  0.000000000000E+00  0.000000000000E+00  0.000000000000E+00  0.000000000000E+00  0.000000000000E+00  0.000000000000E+00  0.000000000000E+00
  0.000000000000E+00  0.000000000000E+00  0.000000000000E+00  0.000000000000E+00  0.000000000000E+00  0.000000000000E+00  0.000000000000E+00
  0.000000000000E+00  0.000000000000E+00  0.000000000000E+00  0.000000000000E+00  0.000000000000E+00  0.000000000000E+00  0.000000000000E+00
  0.000000000000E+00  0.000000000000E+00  0.000000000000E+00  0.000000000000E+00  0.000000000000E+00  0.000000000000E+00  0.000000000000E+00
  0.000000000000E+00  0.000000000000E+00  0.000000000000E+00  0.000000000000E+00  0.000000000000E+00  0.000000000000E+00  0.000000000000E+00
  0.000000000000E+00  0.000000000000E+00  0.000000000000E+00  0.000000000000E+00  0.000000000000E+00  0.000000000000E+00  0.000000000000E+00
  0.000000000000E+00
  0.500000000000E+01  0.500000000000E+01  0.400000000000E+01  0.427284776458E+01  0.500000000000E+01  0.409791606955E+01  0.300000000000E+01
  0.334954216394E+01  0.500000000000E+01  0.428961258157E+01  0.317389756208E+01  0.342579600005E+01  0.200000000000E+01  0.245604909385E+01
  0.233993022181E+01  0.500000000000E+01  0.436396516571E+01  0.369973104758E+01  0.256908373316E+01  0.279597472668E+01  0.100000000000E+01
  0.157729503259E+01  0.159701071514E+01  0.152167522831E+01  0.500000000000E+01  0.441213888848E+01  0.370665089386E+01  0.199896920986E+01
  0.224835513052E+01  0.181406525358E+01  0.296809553468E+01  0.000000000000E+00  0.696815730569E+00  0.990157383601E+00  0.787866207738E+00
  0.548147595005E+00  0.128672970530E+01  0.400000000000E+01  0.200000000000E+01  0.160443740745E+01  0.959766653149E+00  0.300000000000E+01
  0.000000000000E+00  0.000000000000E+00  0.606872513237E+00  0.000000000000E+00  0.100000000000E+01  0.486991412371E+00  0.000000000000E+00
  0.000000000000E+00
  0.100000000000E+01  0.100000000000E+01  0.100000000000E+01  0.100000000000E+01  0.100000000000E+01  0.100000000000E+01  0.100000000000E+01
  0.100000000000E+01  0.100000000000E+01  0.100000000000E+01  0.100000000000E+01  0.100000000000E+01  0.100000000000E+01  0.100000000000E+01
  0.100000000000E+01  0.100000000000E+01  0.100000000000E+01  0.100000000000E+01  0.100000000000E+01  0.100000000000E+01  0.100000000000E+01
  0.100000000000E+01  0.100000000000E+01  0.100000000000E+01  0.100000000000E+01  0.100000000000E+01  0.100000000000E+01  0.100000000000E+01
  0.100000000000E+01  0.100000000000E+01  0.100000000000E+01  0.100000000000E+01  0.100000000000E+01  0.100000000000E+01  0.100000000000E+01
  0.100000000000E+01  0.100000000000E+01  0.100000000000E+01  0.100000000000E+01  0.100000000000E+01  0.100000000000E+01  0.100000000000E+01
  0.100000000000E+01  0.100000000000E+01  0.100000000000E+01  0.100000000000E+01  0.100000000000E+01  0.100000000000E+01  0.100000000000E+01
  0.100000000000E+01
  0.500000000000E+00  0.500000000000E+00  0.500000000000E+00  0.500000000000E+00  0.500000000000E+00  0.500000000000E+00  0.500000000000E+00
  0.500000000000E+00  0.500000000000E+00  0.500000000000E+00  0.500000000000E+00  0.500000000000E+00  0.500000000000E+00  0.500000000000E+00
  0.500000000000E+00  0.500000000000E+00  0.500000000000E+00  0.500000000000E+00  0.500000000000E+00  0.500000000000E+00  0.500000000000E+00
  0.500000000000E+00  0.500000000000E+00  0.500000000000E+00  0.500000000000E+00  0.500000000000E+00  0.500000000000E+00  0.500000000000E+00
  0.500000000000E+00  0.500000000000E+00  0.500000000000E+00  0.500000000000E+00  0.500000000000E+00  0.500000000000E+00  0.500000000000E+00
  0.500000000000E+00  0.500000000000E+00  0.500000000000E+00  0.500000000000E+00  0.500000000000E+00  0.500000000000E+00  0.500000000000E+00
  0.500000000000E+00  0.500000000000E+00  0.500000000000E+00  0.500000000000E+00  0.500000000000E+00  0.500000000000E+00  0.500000000000E+00
  0.500000000000E+00
  0.000000000000E+00  0.000000000000E+00  0.000000000000E+00  0.000000000000E+00  0.000000000000E+00  0.000000000000E+00  0.000000000000E+00
  0.000000000000E+00  0.000000000000E+00  0.000000000000E+00  0.000000000000E+00  0.000000000000E+00  0.000000000000E+00  0.000000000000E+00
  0.000000000000E+00  0.000000000000E+00  0.000000000000E+00  0.000000000000E+00  0.000000000000E+00  0.000000000000E+00  0.000000000000E+00
  0.000000000000E+00  0.000000000000E+00  0.000000000000E+00  0.000000000000E+00  0.000000000000E+00  0.000000000000E+00  0.000000000000E+00
  0.000000000000E+00  0.000000000000E+00  0.000000000000E+00  0.000000000000E+00  0.000000000000E+00  0.000000000000E+00  0.000000000000E+00
  0.000000000000E+00  0.000000000000E+00  0.000000000000E+00  0.000000000000E+00  0.000000000000E+00  0.000000000000E+00  0.000000000000E+00
  0.000000000000E+00  0.000000000000E+00  0.000000000000E+00  0.000000000000E+00  0.000000000000E+00  0.000000000000E+00  0.000000000000E+00
  0.000000000000E+00
  0.566799221740E-15  0.362509687585E-15 -0.183112383814E-15 -0.120612329550E-15 -0.102231098182E-15  0.659299334664E-16  0.110193083956E-15
 -0.135633148268E-16 -0.112966322051E-15  0.143603524600E-15  0.104389258775E-16  0.399239480058E-16  0.221589811930E-15 -0.814255880530E-16
 -0.110525165454E-15 -0.746863451974E-16  0.689538793244E-16 -0.187722768165E-15 -0.224407900665E-15 -0.130788446533E-16  0.169846742884E-15
  0.258690547568E-15  0.151491718258E-15 -0.857410201197E-16 -0.189173222449E-15 -0.202099345850E-15 -0.131195185680E-15  0.123686682575E-16
  0.443385327935E-16  0.307701183246E-16 -0.361061834079E-16  0.107664868824E-15 -0.250158366117E-15  0.549398479748E-17  0.141280025484E-15
 -0.157208194266E-15 -0.817545142410E-16 -0.195740328008E-15  0.182461806831E-15 -0.285661969504E-15 -0.226684654569E-16  0.189311373710E-15
 -0.436596154584E-16 -0.200332358719E-15 -0.169339356143E-15 -0.145605260591E-15 -0.124542201724E-15 -0.769268352507E-16 -0.130455021598E-16
 -0.275971479157E-16
  0.714285714286E+00  0.714285714286E+00  0.714285714286E+00  0.714285714286E+00  0.714285714286E+00  0.714285714286E+00  0.714285714286E+00
  0.714285714286E+00  0.714285714286E+00  0.714285714286E+00  0.714285714286E+00  0.714285714286E+00  0.714285714286E+00  0.714285714286E+00
  0.714285714286E+00  0.714285714286E+00  0.714285714286E+00  0.714285714286E+00  0.714285714286E+00  0.714285714286E+00  0.714285714286E+00
  0.714285714286E+00  0.714285714286E+00  0.714285714286E+00  0.714285714286E+00  0.714285714286E+00  0.714285714286E+00  0.714285714286E+00
  0.714285714286E+00  0.714285714286E+00  0.714285714286E+00  0.714285714286E+00  0.714285714286E+00  0.714285714286E+00  0.714285714286E+00
  0.714285714286E+00  0.714285714286E+00  0.714285714286E+00  0.714285714286E+00  0.714285714286E+00  0.714285714286E+00  0.714285714286E+00
  0.714285714286E+00  0.714285714286E+00  0.714285714286E+00  0.714285714286E+00  0.714285714286E+00  0.714285714286E+00  0.714285714286E+00
  0.714285714286E+00
  0.500000000000E+00  0.500000000000E+00  0.500000000000E+00  0.500000000000E+00  0.500000000000E+00  0.500000000000E+00  0.500000000000E+00
  0.500000000000E+00  0.500000000000E+00  0.500000000000E+00  0.500000000000E+00  0.500000000000E+00  0.500000000000E+00  0.500000000000E+00
  0.500000000000E+00  0.500000000000E+00  0.500000000000E+00  0.500000000000E+00  0.500000000000E+00  0.500000000000E+00  0.500000000000E+00
  0.500000000000E+00  0.500000000000E+00  0.500000000000E+00  0.500000000000E+00  0.500000000000E+00  0.500000000000E+00  0.500000000000E+00
  0.500000000000E+00  0.500000000000E+00  0.500000000000E+00  0.500000000000E+00  0.500000000000E+00  0.500000000000E+00  0.500000000000E+00
  0.500000000000E+00  0.500000000000E+00  0.500000000000E+00  0.500000000000E+00  0.500000000000E+00  0.500000000000E+00  0.500000000000E+00
  0.500000000000E+00  0.500000000000E+00  0.500000000000E+00  0.500000000000E+00  0.500000000000E+00  0.500000000000E+00  0.500000000000E+00
  0.500000000000E+00
  0.100000000000E+01  0.100000000000E+01  0.100000000000E+01  0.100000000000E+01  0.100000000000E+01  0.100000000000E+01  0.100000000000E+01
  0.100000000000E+01  0.100000000000E+01  0.100000000000E+01  0.100000000000E+01  0.100000000000E+01  0.100000000000E+01  0.100000000000E+01
  0.100000000000E+01  0.100000000000E+01  0.100000000000E+01  0.100000000000E+01  0.100000000000E+01  0.100000000000E+01  0.100000000000E+01
  0.100000000000E+01  0.100000000000E+01  0.100000000000E+01  0.100000000000E+01  0.100000000000E+01  0.100000000000E+01  0.100000000000E+01
  0.100000000000E+01  0.100000000000E+01  0.100000000000E+01  0.100000000000E+01  0.100000000000E+01  0.100000000000E+01  0.100000000000E+01
  0.100000000000E+01  0.100000000000E+01  0.100000000000E+01  0.100000000000E+01  0.100000000000E+01  0.100000000000E+01  0.100000000000E+01
  0.100000000000E+01  0.100000000000E+01  0.100000000000E+01  0.100000000000E+01  0.100000000000E+01  0.100000000000E+01  0.100000000000E+01
  0.100000000000E+01
        36        35        44        44
        36        34        24        24
        31        27        38        38
        31        29        20        20
        34        23        24        24
        23        22        15        15
        37        35        24        24
        37        30        41        41
        20        18        27        27
        27        18        17        17
        11        19        15        15
        11         6        12        12
        14         7         8         8
         7        14        13        13
        30        40        41        41
        40        39        47        47
        10         9        17        17
         9        10         5         5
        35        45        44        44
        45        41        49        49
        24        15        19        19
        24        35        36        36
        41        45        37        37
        29        39        40        40
        20        29        30        30
        10        18        12        12
        19        12        20        20
        15         8        11        11
        12        18        20        20
        31        20        27        27
        19        20        28        28
        15        24        23        23
        34        22        23        23
        37        24        28        28
        12        19        11        11
         8         6        11        11
        24        19        28        28
        47        41        40        40
        29        40        30        30
        49        44        45        45
        45        35        37        37
        25        26        16        16
        26        38        27        27
        50        48        47        47
        32        33        43        43
        33        21        22        22
         1         4         3         3
         4         2         6         6
         6         5        10        10
        22        13        14        14
         8         3         4         4
         3         8         7         7
        31        38        42        42
        16        17         9         9
        34        43        33        33
        43        34        36        36
        47        48        41        41
        14         8        15        15
        20        30        28        28
        10        17        18        18
        39        31        42        42
        17        16        26        26
         4         6         8         8
        33        22        34        34
        28        30        37        37
        17        26        27        27
        41        48        49        49
        43        36        46        46
        39        29        31        31
        44        46        36        36
        21        13        22        22
        22        14        15        15
         2         5         6         6
         6        10        12        12
        25        38        26        26
        50        49        48        48
        32        21        33        33
         1         2         4         4
zone t="boundary 4 bc-4", solutiontime= 0.3000000E+02, strandid=1004, i=42, j=30, f=feblock
  0.500000000000E+01  0.400000000000E+01  0.500000000000E+01  0.300000000000E+01  0.400000000000E+01  0.500000000000E+01  0.200000000000E+01
  0.300000000000E+01  0.400000000000E+01  0.500000000000E+01  0.100000000000E+01  0.200000000000E+01  0.300000000000E+01  0.400000000000E+01
  0.500000000000E+01  0.000000000000E+00  0.100000000000E+01  0.200000000000E+01  0.300000000000E+01  0.400000000000E+01  0.500000000000E+01
  0.000000000000E+00  0.100000000000E+01  0.200000000000E+01  0.300000000000E+01  0.400000000000E+01  0.500000000000E+01  0.000000000000E+00
  0.100000000000E+01  0.200000000000E+01  0.300000000000E+01  0.400000000000E+01  0.000000000000E+00  0.100000000000E+01  0.200000000000E+01
  0.300000000000E+01  0.000000000000E+00  0.100000000000E+01  0.200000000000E+01  0.000000000000E+00  0.100000000000E+01  0.000000000000E+00
  0.000000000000E+00  0.000000000000E+00 -0.833333333333E+00  0.000000000000E+00 -0.833333333333E+00 -0.166666666667E+01  0.000000000000E+00
 -0.833333333333E+00 -0.166666666667E+01 -0.250000000000E+01  0.000000000000E+00 -0.833333333333E+00 -0.166666666667E+01 -0.250000000000E+01
 -0.333333333333E+01  0.000000000000E+00 -0.833333333333E+00 -0.166666666667E+01 -0.250000000000E+01 -0.333333333333E+01 -0.416666666667E+01
 -0.833333333333E+00 -0.166666666667E+01 -0.250000000000E+01 -0.333333333333E+01 -0.416666666667E+01 -0.500000000000E+01 -0.166666666667E+01
 -0.250000000000E+01 -0.333333333333E+01 -0.416666666667E+01 -0.500000000000E+01 -0.250000000000E+01 -0.333333333333E+01 -0.416666666667E+01
 -0.500000000000E+01 -0.333333333333E+01 -0.416666666667E+01 -0.500000000000E+01 -0.416666666667E+01 -0.500000000000E+01 -0.500000000000E+01
  0.500000000000E+01  0.500000000000E+01  0.500000000000E+01  0.500000000000E+01  0.500000000000E+01  0.500000000000E+01  0.500000000000E+01
  0.500000000000E+01  0.500000000000E+01  0.500000000000E+01  0.500000000000E+01  0.500000000000E+01  0.500000000000E+01  0.500000000000E+01
  0.500000000000E+01  0.500000000000E+01  0.500000000000E+01  0.500000000000E+01  0.500000000000E+01  0.500000000000E+01  0.500000000000E+01
  0.500000000000E+01  0.500000000000E+01  0.500000000000E+01  0.500000000000E+01  0.500000000000E+01  0.500000000000E+01  0.500000000000E+01
  0.500000000000E+01  0.500000000000E+01  0.500000000000E+01  0.500000000000E+01  0.500000000000E+01  0.500000000000E+01  0.500000000000E+01
  0.500000000000E+01  0.500000000000E+01  0.500000000000E+01  0.500000000000E+01  0.500000000000E+01  0.500000000000E+01  0.500000000000E+01
  0.100000000000E+01  0.100000000000E+01  0.100000000000E+01  0.100000000000E+01  0.100000000000E+01  0.100000000000E+01  0.100000000000E+01
  0.100000000000E+01  0.100000000000E+01  0.100000000000E+01  0.100000000000E+01  0.100000000000E+01  0.100000000000E+01  0.100000000000E+01
  0.100000000000E+01  0.100000000000E+01  0.100000000000E+01  0.100000000000E+01  0.100000000000E+01  0.100000000000E+01  0.100000000000E+01
  0.100000000000E+01  0.100000000000E+01  0.100000000000E+01  0.100000000000E+01  0.100000000000E+01  0.100000000000E+01  0.100000000000E+01
  0.100000000000E+01  0.100000000000E+01  0.100000000000E+01  0.100000000000E+01  0.100000000000E+01  0.100000000000E+01  0.100000000000E+01
  0.100000000000E+01  0.100000000000E+01  0.100000000000E+01  0.100000000000E+01  0.100000000000E+01  0.100000000000E+01  0.100000000000E+01
  0.500000000000E+00  0.500000000000E+00  0.500000000000E+00  0.500000000000E+00  0.500000000000E+00  0.500000000000E+00  0.500000000000E+00
  0.500000000000E+00  0.500000000000E+00  0.500000000000E+00  0.500000000000E+00  0.500000000000E+00  0.500000000000E+00  0.500000000000E+00
  0.500000000000E+00  0.500000000000E+00  0.500000000000E+00  0.500000000000E+00  0.500000000000E+00  0.500000000000E+00  0.500000000000E+00
  0.500000000000E+00  0.500000000000E+00  0.500000000000E+00  0.500000000000E+00  0.500000000000E+00  0.500000000000E+00  0.500000000000E+00
  0.500000000000E+00  0.500000000000E+00  0.500000000000E+00  0.500000000000E+00  0.500000000000E+00  0.500000000000E+00  0.500000000000E+00
  0.500000000000E+00  0.500000000000E+00  0.500000000000E+00  0.500000000000E+00  0.500000000000E+00  0.500000000000E+00  0.500000000000E+00
  0.000000000000E+00  0.000000000000E+00 -0.375509293139E-15  0.000000000000E+00 -0.361087637023E-15 -0.145341989278E-16  0.000000000000E+00
  0.207398703373E-16 -0.305285771991E-15  0.122010544421E-15  0.000000000000E+00 -0.459014963513E-16  0.893948120158E-16 -0.256313902877E-15
  0.206568172715E-15  0.000000000000E+00  0.299425370706E-15 -0.142426276985E-15  0.160560494613E-15 -0.873404082150E-16 -0.121598310682E-15
  0.147886126408E-16 -0.204165628634E-16 -0.218764410731E-15  0.385217847764E-15  0.228438454282E-15  0.000000000000E+00 -0.220098042735E-15
  0.637629137114E-16 -0.295107520587E-16 -0.773353945581E-16  0.000000000000E+00 -0.182651481074E-15 -0.188270948453E-15 -0.192708007935E-15
  0.000000000000E+00 -0.275909689890E-16 -0.388150053239E-15  0.000000000000E+00 -0.595693240914E-17  0.000000000000E+00  0.000000000000E+00
  0.566799221740E-15  0.362509687585E-15  0.205720130053E-15 -0.102231098182E-15  0.881613652654E-15  0.225871028081E-15 -0.112966322051E-15
  0.639072761613E-16  0.603604739613E-16 -0.373844063760E-16 -0.746863451974E-16  0.168663209082E-15  0.218443042442E-15 -0.250800900692E-15
  0.260892053487E-15 -0.189173222449E-15  0.623998286100E-15 -0.176865381613E-15  0.249229716419E-15 -0.810437462338E-15  0.847844161173E-16
 -0.187312676949E-15  0.564048986128E-15  0.318730236787E-15 -0.322227384353E-15 -0.162555479016E-15 -0.221438082756E-15  0.404312003928E-15
  0.323680174363E-15 -0.294254100599E-15  0.549649196109E-15  0.206117484886E-15  0.323820657780E-16  0.158464468460E-15 -0.978596644245E-16
  0.616715885499E-16 -0.319829446609E-16 -0.124204280411E-15  0.201241618427E-15  0.428070057999E-15  0.294075960486E-15  0.289957457285E-16
  0.714285714286E+00  0.714285714286E+00  0.714285714286E+00  0.714285714286E+00  0.714285714286E+00  0.714285714286E+00  0.714285714286E+00
  0.714285714286E+00  0.714285714286E+00  0.714285714286E+00  0.714285714286E+00  0.714285714286E+00  0.714285714286E+00  0.714285714286E+00
  0.714285714286E+00  0.714285714286E+00  0.714285714286E+00  0.714285714286E+00  0.714285714286E+00  0.714285714286E+00  0.714285714286E+00
  0.714285714286E+00  0.714285714286E+00  0.714285714286E+00  0.714285714286E+00  0.714285714286E+00  0.714285714286E+00  0.714285714286E+00
  0.714285714286E+00  0.714285714286E+00  0.714285714286E+00  0.714285714286E+00  0.714285714286E+00  0.714285714286E+00  0.714285714286E+00
  0.714285714286E+00  0.714285714286E+00  0.714285714286E+00  0.714285714286E+00  0.714285714286E+00  0.714285714286E+00  0.714285714286E+00
  0.500000000000E+00  0.500000000000E+00  0.500000000000E+00  0.500000000000E+00  0.500000000000E+00  0.500000000000E+00  0.500000000000E+00
  0.500000000000E+00  0.500000000000E+00  0.500000000000E+00  0.500000000000E+00  0.500000000000E+00  0.500000000000E+00  0.500000000000E+00
  0.500000000000E+00  0.500000000000E+00  0.500000000000E+00  0.500000000000E+00  0.500000000000E+00  0.500000000000E+00  0.500000000000E+00
  0.500000000000E+00  0.500000000000E+00  0.500000000000E+00  0.500000000000E+00  0.500000000000E+00  0.500000000000E+00  0.500000000000E+00
  0.500000000000E+00  0.500000000000E+00  0.500000000000E+00  0.500000000000E+00  0.500000000000E+00  0.500000000000E+00  0.500000000000E+00
  0.500000000000E+00  0.500000000000E+00  0.500000000000E+00  0.500000000000E+00  0.500000000000E+00  0.500000000000E+00  0.500000000000E+00
  0.100000000000E+01  0.100000000000E+01  0.100000000000E+01  0.100000000000E+01  0.100000000000E+01  0.100000000000E+01  0.100000000000E+01
  0.100000000000E+01  0.100000000000E+01  0.100000000000E+01  0.100000000000E+01  0.100000000000E+01  0.100000000000E+01  0.100000000000E+01
  0.100000000000E+01  0.100000000000E+01  0.100000000000E+01  0.100000000000E+01  0.100000000000E+01  0.100000000000E+01  0.100000000000E+01
  0.100000000000E+01  0.100000000000E+01  0.100000000000E+01  0.100000000000E+01  0.100000000000E+01  0.100000000000E+01  0.100000000000E+01
  0.100000000000E+01  0.100000000000E+01  0.100000000000E+01  0.100000000000E+01  0.100000000000E+01  0.100000000000E+01  0.100000000000E+01
  0.100000000000E+01  0.100000000000E+01  0.100000000000E+01  0.100000000000E+01  0.100000000000E+01  0.100000000000E+01  0.100000000000E+01
         3         5         2         1
         5         8         4         2
         8        12         7         4
        12        17        11         7
        17        22        16        11
         6         9         5         3
         9        13         8         5
        13        18        12         8
        18        23        17        12
        23        28        22        17
        10        14         9         6
        14        19        13         9
        19        24        18        13
        24        29        23        18
        29        33        28        23
        15        20        14        10
        20        25        19        14
        25        30        24        19
        30        34        29        24
        34        37        33        29
        21        26        20        15
        26        31        25        20
        31        35        30        25
        35        38        34        30
        38        40        37        34
        27        32        26        21
        32        36        31        26
        36        39        35        31
        39        41        38        35
        41        42        40        38
zone t="boundary 5 bc-5", solutiontime= 0.3000000E+02, strandid=1005, i=42, j=30, f=feblock
  0.500000000000E+01  0.500000000000E+01  0.500000000000E+01  0.500000000000E+01  0.500000000000E+01  0.500000000000E+01  0.500000000000E+01
  0.500000000000E+01  0.500000000000E+01  0.500000000000E+01  0.500000000000E+01  0.500000000000E+01  0.500000000000E+01  0.500000000000E+01
  0.500000000000E+01  0.500000000000E+01  0.500000000000E+01  0.500000000000E+01  0.500000000000E+01  0.500000000000E+01  0.500000000000E+01
  0.500000000000E+01  0.500000000000E+01  0.500000000000E+01  0.500000000000E+01  0.500000000000E+01  0.500000000000E+01  0.500000000000E+01
  0.500000000000E+01  0.500000000000E+01  0.500000000000E+01  0.500000000000E+01  0.500000000000E+01  0.500000000000E+01  0.500000000000E+01
  0.500000000000E+01  0.500000000000E+01  0.500000000000E+01  0.500000000000E+01  0.500000000000E+01  0.500000000000E+01  0.500000000000E+01
  0.000000000000E+00  0.000000000000E+00 -0.833333333333E+00  0.000000000000E+00 -0.833333333333E+00 -0.166666666667E+01  0.000000000000E+00
 -0.833333333333E+00 -0.166666666667E+01 -0.250000000000E+01  0.000000000000E+00 -0.833333333333E+00 -0.166666666667E+01 -0.250000000000E+01
 -0.333333333333E+01  0.000000000000E+00 -0.833333333333E+00 -0.166666666667E+01 -0.250000000000E+01 -0.333333333333E+01 -0.416666666667E+01
 -0.833333333333E+00 -0.166666666667E+01 -0.250000000000E+01 -0.333333333333E+01 -0.416666666667E+01 -0.500000000000E+01 -0.166666666667E+01
 -0.250000000000E+01 -0.333333333333E+01 -0.416666666667E+01 -0.500000000000E+01 -0.250000000000E+01 -0.333333333333E+01 -0.416666666667E+01
 -0.500000000000E+01 -0.333333333333E+01 -0.416666666667E+01 -0.500000000000E+01 -0.416666666667E+01 -0.500000000000E+01 -0.500000000000E+01
  0.500000000000E+01  0.400000000000E+01  0.500000000000E+01  0.300000000000E+01  0.400000000000E+01  0.500000000000E+01  0.200000000000E+01
  0.300000000000E+01  0.400000000000E+01  0.500000000000E+01  0.100000000000E+01  0.200000000000E+01  0.300000000000E+01  0.400000000000E+01
  0.500000000000E+01  0.000000000000E+00  0.100000000000E+01  0.200000000000E+01  0.300000000000E+01  0.400000000000E+01  0.500000000000E+01
  0.000000000000E+00  0.100000000000E+01  0.200000000000E+01  0.300000000000E+01  0.400000000000E+01  0.500000000000E+01  0.000000000000E+00
  0.100000000000E+01  0.200000000000E+01  0.300000000000E+01  0.400000000000E+01  0.000000000000E+00  0.100000000000E+01  0.200000000000E+01
  0.300000000000E+01  0.000000000000E+00  0.100000000000E+01  0.200000000000E+01  0.000000000000E+00  0.100000000000E+01  0.000000000000E+00
  0.100000000000E+01  0.100000000000E+01  0.100000000000E+01  0.100000000000E+01  0.100000000000E+01  0.100000000000E+01  0.100000000000E+01
  0.100000000000E+01  0.100000000000E+01  0.100000000000E+01  0.100000000000E+01  0.100000000000E+01  0.100000000000E+01  0.100000000000E+01
  0.100000000000E+01  0.100000000000E+01  0.100000000000E+01  0.100000000000E+01  0.100000000000E+01  0.100000000000E+01  0.100000000000E+01
  0.100000000000E+01  0.100000000000E+01  0.100000000000E+01  0.100000000000E+01  0.100000000000E+01  0.100000000000E+01  0.100000000000E+01
  0.100000000000E+01  0.100000000000E+01  0.100000000000E+01  0.100000000000E+01  0.100000000000E+01  0.100000000000E+01  0.100000000000E+01
  0.100000000000E+01  0.100000000000E+01  0.100000000000E+01  0.100000000000E+01  0.100000000000E+01  0.100000000000E+01  0.100000000000E+01
  0.500000000000E+00  0.500000000000E+00  0.500000000000E+00  0.500000000000E+00  0.500000000000E+00  0.500000000000E+00  0.500000000000E+00
  0.500000000000E+00  0.500000000000E+00  0.500000000000E+00  0.500000000000E+00  0.500000000000E+00  0.500000000000E+00  0.500000000000E+00
  0.500000000000E+00  0.500000000000E+00  0.500000000000E+00  0.500000000000E+00  0.500000000000E+00  0.500000000000E+00  0.500000000000E+00
  0.500000000000E+00  0.500000000000E+00  0.500000000000E+00  0.500000000000E+00  0.500000000000E+00  0.500000000000E+00  0.500000000000E+00
  0.500000000000E+00  0.500000000000E+00  0.500000000000E+00  0.500000000000E+00  0.500000000000E+00  0.500000000000E+00  0.500000000000E+00
  0.500000000000E+00  0.500000000000E+00  0.500000000000E+00  0.500000000000E+00  0.500000000000E+00  0.500000000000E+00  0.500000000000E+00
  0.000000000000E+00  0.000000000000E+00 -0.375509293139E-15  0.000000000000E+00  0.114350298519E-15 -0.145341989278E-16  0.000000000000E+00
  0.305582575757E-16  0.267830047395E-15  0.122010544421E-15  0.000000000000E+00  0.449299673642E-16  0.352019434886E-15  0.270746899608E-15
  0.206568172715E-15  0.000000000000E+00  0.164262978519E-17  0.117534379922E-15  0.359240027393E-15  0.402172118150E-15 -0.121598310682E-15
 -0.361457338149E-15  0.455141716383E-17  0.416229156666E-16  0.144244407547E-15  0.404654213496E-16  0.000000000000E+00 -0.886084544651E-17
 -0.824105634375E-16 -0.936483409922E-16 -0.982608098125E-16  0.000000000000E+00  0.353800157503E-15  0.240238016971E-16 -0.130556818805E-15
  0.000000000000E+00  0.868491035441E-17 -0.172318735722E-15  0.000000000000E+00  0.174028649700E-15  0.000000000000E+00  0.000000000000E+00
  0.566799221740E-15 -0.183112383814E-15  0.205720130053E-15  0.110193083956E-15  0.178361387575E-16  0.225871028081E-15  0.221589811930E-15
  0.177192996978E-15 -0.240566288200E-15 -0.373844063760E-16  0.169846742884E-15  0.107062691078E-15 -0.735684978770E-16  0.127356211438E-15
  0.260892053487E-15  0.107664868824E-15  0.120339987418E-15  0.188347136181E-16  0.295712250622E-15 -0.173645813910E-15  0.847844161173E-16
 -0.463495955769E-16  0.100618965272E-15 -0.580468620340E-16  0.776258923990E-16 -0.371276974683E-16 -0.221438082756E-15  0.302462110474E-15
  0.155123978797E-15 -0.366933809897E-16  0.681313368585E-16  0.844563438505E-16  0.513020109497E-16  0.115071116680E-15  0.931619672723E-16
  0.570465530170E-16 -0.520815019789E-15 -0.112550741109E-15  0.157073155948E-16  0.862826130922E-15 -0.203390851585E-15 -0.159416261405E-14
  0.714285714286E+00  0.714285714286E+00  0.714285714286E+00  0.714285714286E+00  0.714285714286E+00  0.714285714286E+00  0.714285714286E+00
  0.714285714286E+00  0.714285714286E+00  0.714285714286E+00  0.714285714286E+00  0.714285714286E+00  0.714285714286E+00  0.714285714286E+00
  0.714285714286E+00  0.714285714286E+00  0.714285714286E+00  0.714285714286E+00  0.714285714286E+00  0.714285714286E+00  0.714285714286E+00
  0.714285714286E+00  0.714285714286E+00  0.714285714286E+00  0.714285714286E+00  0.714285714286E+00  0.714285714286E+00  0.714285714286E+00
  0.714285714286E+00  0.714285714286E+00  0.714285714286E+00  0.714285714286E+00  0.714285714286E+00  0.714285714286E+00  0.714285714286E+00
  0.714285714286E+00  0.714285714286E+00  0.714285714286E+00  0.714285714286E+00  0.714285714286E+00  0.714285714286E+00  0.714285714286E+00
  0.500000000000E+00  0.500000000000E+00  0.500000000000E+00  0.500000000000E+00  0.500000000000E+00  0.500000000000E+00  0.500000000000E+00
  0.500000000000E+00  0.500000000000E+00  0.500000000000E+00  0.500000000000E+00  0.500000000000E+00  0.500000000000E+00  0.500000000000E+00
  0.500000000000E+00  0.500000000000E+00  0.500000000000E+00  0.500000000000E+00  0.500000000000E+00  0.500000000000E+00  0.500000000000E+00
  0.500000000000E+00  0.500000000000E+00  0.500000000000E+00  0.500000000000E+00  0.500000000000E+00  0.500000000000E+00  0.500000000000E+00
  0.500000000000E+00  0.500000000000E+00  0.500000000000E+00  0.500000000000E+00  0.500000000000E+00  0.500000000000E+00  0.500000000000E+00
  0.500000000000E+00  0.500000000000E+00  0.500000000000E+00  0.500000000000E+00  0.500000000000E+00  0.500000000000E+00  0.500000000000E+00
  0.100000000000E+01  0.100000000000E+01  0.100000000000E+01  0.100000000000E+01  0.100000000000E+01  0.100000000000E+01  0.100000000000E+01
  0.100000000000E+01  0.100000000000E+01  0.100000000000E+01  0.100000000000E+01  0.100000000000E+01  0.100000000000E+01  0.100000000000E+01
  0.100000000000E+01  0.100000000000E+01  0.100000000000E+01  0.100000000000E+01  0.100000000000E+01  0.100000000000E+01  0.100000000000E+01
  0.100000000000E+01  0.100000000000E+01  0.100000000000E+01  0.100000000000E+01  0.100000000000E+01  0.100000000000E+01  0.100000000000E+01
  0.100000000000E+01  0.100000000000E+01  0.100000000000E+01  0.100000000000E+01  0.100000000000E+01  0.100000000000E+01  0.100000000000E+01
  0.100000000000E+01  0.100000000000E+01  0.100000000000E+01  0.100000000000E+01  0.100000000000E+01  0.100000000000E+01  0.100000000000E+01
        22        17        11        16
        17        12         7        11
        12         8         4         7
         8         5         2         4
         5         3         1         2
        28        23        17        22
        23        18        12        17
        18        13         8        12
        13         9         5         8
         9         6         3         5
        33        29        23        28
        29        24        18        23
        24        19        13        18
        19        14         9        13
        14        10         6         9
        37        34        29        33
        34        30        24        29
        30        25        19        24
        25        20        14        19
        20        15        10        14
        40        38        34        37
        38        35        30        34
        35        31        25        30
        31        26        20        25
        26        21        15        20
        42        41        38        40
        41        39        35        38
        39        36        31        35
        36        32        26        31
        32        27        21        26
zone t="boundary 6 bc-6", solutiontime= 0.3000000E+02, strandid=1006, i=42, j=30, f=feblock
  0.500000000000E+01  0.500000000000E+01  0.400000000000E+01  0.200000000000E+01  0.300000000000E+01  0.100000000000E+01  0.500000000000E+01
  0.400000000000E+01  0.200000000000E+01  0.300000000000E+01  0.100000000000E+01  0.000000000000E+00  0.500000000000E+01  0.400000000000E+01
  0.200000000000E+01  0.300000000000E+01  0.100000000000E+01  0.000000000000E+00  0.500000000000E+01  0.400000000000E+01  0.200000000000E+01
  0.300000000000E+01  0.100000000000E+01  0.000000000000E+00  0.500000000000E+01  0.400000000000E+01  0.200000000000E+01  0.300000000000E+01
  0.100000000000E+01  0.000000000000E+00  0.500000000000E+01  0.400000000000E+01  0.200000000000E+01  0.300000000000E+01  0.100000000000E+01
  0.000000000000E+00  0.400000000000E+01  0.200000000000E+01  0.300000000000E+01  0.100000000000E+01  0.000000000000E+00  0.000000000000E+00
  0.000000000000E+00 -0.833333333333E+00  0.000000000000E+00  0.000000000000E+00  0.000000000000E+00  0.000000000000E+00 -0.166666666667E+01
 -0.833333333333E+00 -0.833333333333E+00 -0.833333333333E+00 -0.833333333333E+00  0.000000000000E+00 -0.250000000000E+01 -0.166666666667E+01
 -0.166666666667E+01 -0.166666666667E+01 -0.166666666667E+01 -0.833333333333E+00 -0.333333333333E+01 -0.250000000000E+01 -0.250000000000E+01
 -0.250000000000E+01 -0.250000000000E+01 -0.166666666667E+01 -0.416666666667E+01 -0.333333333333E+01 -0.333333333333E+01 -0.333333333333E+01
 -0.333333333333E+01 -0.250000000000E+01 -0.500000000000E+01 -0.416666666667E+01 -0.416666666667E+01 -0.416666666667E+01 -0.416666666667E+01
 -0.333333333333E+01 -0.500000000000E+01 -0.500000000000E+01 -0.500000000000E+01 -0.500000000000E+01 -0.416666666667E+01 -0.500000000000E+01
  0.000000000000E+00  0.000000000000E+00  0.000000000000E+00  0.000000000000E+00  0.000000000000E+00  0.000000000000E+00  0.000000000000E+00
  0.000000000000E+00  0.000000000000E+00  0.000000000000E+00  0.000000000000E+00  0.000000000000E+00  0.000000000000E+00  0.000000000000E+00
  0.000000000000E+00  0.000000000000E+00  0.000000000000E+00  0.000000000000E+00  0.000000000000E+00  0.000000000000E+00  0.000000000000E+00
  0.000000000000E+00  0.000000000000E+00  0.000000000000E+00  0.000000000000E+00  0.000000000000E+00  0.000000000000E+00  0.000000000000E+00
  0.000000000000E+00  0.000000000000E+00  0.000000000000E+00  0.000000000000E+00  0.000000000000E+00  0.000000000000E+00  0.000000000000E+00
  0.000000000000E+00  0.000000000000E+00  0.000000000000E+00  0.000000000000E+00  0.000000000000E+00  0.000000000000E+00  0.000000000000E+00
  0.100000000000E+01  0.100000000000E+01  0.100000000000E+01  0.100000000000E+01  0.100000000000E+01  0.100000000000E+01  0.100000000000E+01
  0.100000000000E+01  0.100000000000E+01  0.100000000000E+01  0.100000000000E+01  0.100000000000E+01  0.100000000000E+01  0.100000000000E+01
  0.100000000000E+01  0.100000000000E+01  0.100000000000E+01  0.100000000000E+01  0.100000000000E+01  0.100000000000E+01  0.100000000000E+01
  0.100000000000E+01  0.100000000000E+01  0.100000000000E+01  0.100000000000E+01  0.100000000000E+01  0.100000000000E+01  0.100000000000E+01
  0.100000000000E+01  0.100000000000E+01  0.100000000000E+01  0.100000000000E+01  0.100000000000E+01  0.100000000000E+01  0.100000000000E+01
  0.100000000000E+01  0.100000000000E+01  0.100000000000E+01  0.100000000000E+01  0.100000000000E+01  0.100000000000E+01  0.100000000000E+01
  0.500000000000E+00  0.500000000000E+00  0.500000000000E+00  0.500000000000E+00  0.500000000000E+00  0.500000000000E+00  0.500000000000E+00
  0.500000000000E+00  0.500000000000E+00  0.500000000000E+00  0.500000000000E+00  0.500000000000E+00  0.500000000000E+00  0.500000000000E+00
  0.500000000000E+00  0.500000000000E+00  0.500000000000E+00  0.500000000000E+00  0.500000000000E+00  0.500000000000E+00  0.500000000000E+00
  0.500000000000E+00  0.500000000000E+00  0.500000000000E+00  0.500000000000E+00  0.500000000000E+00  0.500000000000E+00  0.500000000000E+00
  0.500000000000E+00  0.500000000000E+00  0.500000000000E+00  0.500000000000E+00  0.500000000000E+00  0.500000000000E+00  0.500000000000E+00
  0.500000000000E+00  0.500000000000E+00  0.500000000000E+00  0.500000000000E+00  0.500000000000E+00  0.500000000000E+00  0.500000000000E+00
  0.000000000000E+00 -0.361457338149E-15  0.000000000000E+00  0.000000000000E+00  0.000000000000E+00  0.000000000000E+00 -0.886084544651E-17
 -0.278988996882E-15 -0.384126046034E-15 -0.413451738347E-15 -0.231138683389E-15  0.000000000000E+00  0.353800157503E-15  0.290213672326E-15
  0.115386223692E-15  0.710577957481E-16 -0.201905728640E-15 -0.395443432991E-16  0.868491035441E-17  0.542793940110E-15  0.421124427386E-15
  0.463628474983E-15  0.206080197414E-15 -0.348321271003E-16  0.174028649700E-15  0.141727989230E-15 -0.242376888765E-15 -0.372470521430E-15
 -0.673431589832E-16 -0.724072473569E-16  0.000000000000E+00  0.486163416653E-15  0.588043695827E-15  0.105834404052E-14  0.315343395238E-15
  0.716327042032E-17  0.000000000000E+00  0.000000000000E+00  0.000000000000E+00  0.000000000000E+00  0.321716207797E-15  0.000000000000E+00
  0.107664868824E-15 -0.463495955769E-16 -0.436596154584E-16 -0.200332358719E-15 -0.145605260591E-15 -0.130455021598E-16  0.302462110474E-15
  0.410065602256E-15 -0.249937530075E-15 -0.247228393782E-15  0.182005300379E-16 -0.275971479157E-16  0.513020109497E-16  0.989680047002E-15
  0.647336418186E-15 -0.485500895656E-16  0.337321644664E-15 -0.210969731771E-15 -0.520815019789E-15  0.781648045423E-16 -0.995951995846E-16
 -0.262902913766E-15  0.149122166219E-15 -0.340992498829E-16  0.862826130922E-15 -0.319149753159E-15 -0.616642091294E-15 -0.320448954626E-15
 -0.361343552743E-15 -0.951149296152E-16 -0.159416261405E-14  0.992252249321E-15  0.995821437827E-15  0.598897160805E-15  0.757662085010E-15
 -0.258246447037E-15 -0.152181722156E-14 -0.192386882814E-14 -0.142411479546E-14 -0.142008568902E-14  0.604852397487E-15 -0.720080675071E-15
  0.714285714286E+00  0.714285714286E+00  0.714285714286E+00  0.714285714286E+00  0.714285714286E+00  0.714285714286E+00  0.714285714286E+00
  0.714285714286E+00  0.714285714286E+00  0.714285714286E+00  0.714285714286E+00  0.714285714286E+00  0.714285714286E+00  0.714285714286E+00
  0.714285714286E+00  0.714285714286E+00  0.714285714286E+00  0.714285714286E+00  0.714285714286E+00  0.714285714286E+00  0.714285714286E+00
  0.714285714286E+00  0.714285714286E+00  0.714285714286E+00  0.714285714286E+00  0.714285714286E+00  0.714285714286E+00  0.714285714286E+00
  0.714285714286E+00  0.714285714286E+00  0.714285714286E+00  0.714285714286E+00  0.714285714286E+00  0.714285714286E+00  0.714285714286E+00
  0.714285714286E+00  0.714285714286E+00  0.714285714286E+00  0.714285714286E+00  0.714285714286E+00  0.714285714286E+00  0.714285714286E+00
  0.500000000000E+00  0.500000000000E+00  0.500000000000E+00  0.500000000000E+00  0.500000000000E+00  0.500000000000E+00  0.500000000000E+00
  0.500000000000E+00  0.500000000000E+00  0.500000000000E+00  0.500000000000E+00  0.500000000000E+00  0.500000000000E+00  0.500000000000E+00
  0.500000000000E+00  0.500000000000E+00  0.500000000000E+00  0.500000000000E+00  0.500000000000E+00  0.500000000000E+00  0.500000000000E+00
  0.500000000000E+00  0.500000000000E+00  0.500000000000E+00  0.500000000000E+00  0.500000000000E+00  0.500000000000E+00  0.500000000000E+00
  0.500000000000E+00  0.500000000000E+00  0.500000000000E+00  0.500000000000E+00  0.500000000000E+00  0.500000000000E+00  0.500000000000E+00
  0.500000000000E+00  0.500000000000E+00  0.500000000000E+00  0.500000000000E+00  0.500000000000E+00  0.500000000000E+00  0.500000000000E+00
  0.100000000000E+01  0.100000000000E+01  0.100000000000E+01  0.100000000000E+01  0.100000000000E+01  0.100000000000E+01  0.100000000000E+01
  0.100000000000E+01  0.100000000000E+01  0.100000000000E+01  0.100000000000E+01  0.100000000000E+01  0.100000000000E+01  0.100000000000E+01
  0.100000000000E+01  0.100000000000E+01  0.100000000000E+01  0.100000000000E+01  0.100000000000E+01  0.100000000000E+01  0.100000000000E+01
  0.100000000000E+01  0.100000000000E+01  0.100000000000E+01  0.100000000000E+01  0.100000000000E+01  0.100000000000E+01  0.100000000000E+01
  0.100000000000E+01  0.100000000000E+01  0.100000000000E+01  0.100000000000E+01  0.100000000000E+01  0.100000000000E+01  0.100000000000E+01
  0.100000000000E+01  0.100000000000E+01  0.100000000000E+01  0.100000000000E+01  0.100000000000E+01  0.100000000000E+01  0.100000000000E+01
        18        11         6        12
        11         9         4         6
         9        10         5         4
        10         8         3         5
         8         2         1         3
        24        17        11        18
        17        15         9        11
        15        16        10         9
        16        14         8        10
        14         7         2         8
        30        23        17        24
        23        21        15        17
        21        22        16        15
        22        20        14        16
        20        13         7        14
        36        29        23        30
        29        27        21        23
        27        28        22        21
        28        26        20        22
        26        19        13        20
        41        35        29        36
        35        33        27        29
        33        34        28        27
        34        32        26        28
        32        25        19        26
        42        40        35        41
        40        38        33        35
        38        39        34        33
        39        37        32        34
        37        31        25        32
