title="tecplot geometry and solution file"
variables = x y z mach temperature lambda1 lambda2 lambda3 lambda4 lambda5
zone t="boundary 1 bc-1", solutiontime= 0.9000000E+02, strandid=1001, i=32, j=46, f=feblock
 -0.547468544169E-02  0.000000000000E+00 -0.567606031243E-02  0.000000000000E+00  0.000000000000E+00  0.000000000000E+00 -0.525159244851E-02
 -0.425776897977E-02  0.000000000000E+00  0.000000000000E+00  0.000000000000E+00  0.000000000000E+00  0.000000000000E+00  0.000000000000E+00
  0.000000000000E+00  0.000000000000E+00 -0.338395986572E-02  0.000000000000E+00  0.000000000000E+00  0.000000000000E+00  0.000000000000E+00
  0.000000000000E+00  0.000000000000E+00  0.000000000000E+00  0.000000000000E+00  0.000000000000E+00  0.000000000000E+00  0.000000000000E+00
  0.000000000000E+00  0.000000000000E+00  0.000000000000E+00  0.000000000000E+00
  0.250494197117E+01  0.250494197117E+01  0.127822156907E+01  0.146289271009E+01  0.157686156160E+01  0.308372018325E+00  0.261948602442E-01
 -0.122573481164E+01 -0.600232012419E+00  0.250494197117E+01  0.477386199275E+00  0.742988685424E+00 -0.739814786992E+00  0.177790177481E+01
  0.155830813274E+01  0.250494197117E+01 -0.249658903664E+01 -0.154800130438E+01 -0.487811078581E+00  0.250494197117E+01  0.627766083140E+00
 -0.345533899378E+00 -0.178862290564E+01 -0.158811787973E+01  0.125000000000E+01 -0.249658903664E+01 -0.144524380962E+01  0.000000000000E+00
 -0.125000000000E+01 -0.249658903664E+01 -0.249658903664E+01 -0.249658903664E+01
  0.803813859867E-04  0.125000000000E+01  0.822460170215E-04  0.103724302461E+01  0.219251206392E+01  0.922061490191E+00  0.103872438719E-03
  0.341545874230E-04  0.715990576545E+00  0.250000000000E+01  0.202479342020E+01  0.324151231464E+01  0.175434191980E+01  0.310152362409E+01
  0.404200324774E+01  0.375000000000E+01  0.810725962649E-04  0.930412228790E+00  0.299062775774E+01  0.500000000000E+01  0.429310310915E+01
  0.409252726285E+01  0.187029682677E+01  0.284428995242E+01  0.500000000000E+01  0.125000000000E+01  0.394624082883E+01  0.500000000000E+01
  0.500000000000E+01  0.250000000000E+01  0.375000000000E+01  0.500000000000E+01
  0.000000000000E+00  0.440666214091E+00  0.000000000000E+00  0.474617251435E+00  0.460123126357E+00  0.468636774984E+00  0.000000000000E+00
  0.000000000000E+00  0.402549872254E+00  0.469884091894E+00  0.464193478194E+00  0.478749614938E+00  0.489549465334E+00  0.483128669053E+00
  0.488002259909E+00  0.489034104323E+00  0.000000000000E+00  0.465240564346E+00  0.473760502823E+00  0.495364297290E+00  0.490293371229E+00
  0.486277598054E+00  0.445854520604E+00  0.464358879564E+00  0.496127933522E+00  0.443900347073E+00  0.486930056481E+00  0.497248722542E+00
  0.496055921459E+00  0.467744048732E+00  0.488189258165E+00  0.495091099977E+00
  0.999990300362E+00  0.102983027301E+01  0.999990762612E+00  0.104241479569E+01  0.101187755093E+01  0.102516586953E+01  0.999991420552E+00
  0.999992171067E+00  0.103882587599E+01  0.100825880510E+01  0.101253541373E+01  0.100301664923E+01  0.102705528947E+01  0.100604152563E+01
  0.100244540576E+01  0.100354834274E+01  0.999992724186E+00  0.103209927148E+01  0.100459382920E+01  0.100178631734E+01  0.100260315206E+01
  0.100234717451E+01  0.101657069468E+01  0.100620508927E+01  0.100168367826E+01  0.104024762909E+01  0.100303428499E+01  0.100118707696E+01
  0.100134422954E+01  0.100976315298E+01  0.100405567247E+01  0.100176392267E+01
  0.110917636277E+01  0.572992187934E+01  0.155545558144E+01  0.711975990005E+01  0.427523239562E+01  0.364296199039E+01  0.496698265284E+01
  0.445829684636E+01 -0.951478127301E+00  0.189426410681E+01  0.654596807798E+01  0.319538125631E+01  0.883127280672E+01  0.125954992869E+01
  0.145684781594E+02  0.112457131002E+02  0.625412506140E+01  0.319695122550E+01  0.252582969580E+01  0.752172141381E+02  0.221060644722E+02
  0.125587353310E+02  0.734280971418E+01  0.211993715369E+01  0.773457152290E+02  0.945603862446E+01  0.108606477101E+02  0.852079314310E+02
  0.759278720510E+02  0.272003879330E+01  0.104518697990E+02  0.712328865590E+02
  0.533733180872E+00  0.229177665462E+01  0.850201136539E+00  0.256668212187E+01  0.178279824073E+01  0.327274300012E+01  0.695405905377E+00
  0.139159266037E+01  0.263588066572E+01  0.122365923257E+01  0.206845611078E+01  0.107684223601E+01  0.249260005952E+01  0.788893975011E+00
  0.294520192798E+01  0.246603935177E+01  0.950025145994E+00  0.292821565617E+01  0.951786242390E+00  0.155139928243E+02  0.449247466812E+01
  0.249759181936E+01  0.226510224364E+01  0.899428867779E+00  0.161823504115E+02  0.223684666001E+01  0.221439285725E+01  0.178548817535E+02
  0.158654500278E+02  0.115993598253E+01  0.239163222244E+01  0.148241773559E+02
  0.520911130564E-01  0.684209142251E-01 -0.216565060122E+00 -0.307761091742E+00 -0.432662157931E+00 -0.756181125224E+00  0.634793836962E-01
 -0.462627827647E+00  0.215680876058E+00  0.741957649370E-02 -0.633340208643E+00 -0.182290674292E+00 -0.433978806276E+00 -0.934300098874E-01
  0.152931122483E+00  0.202299876097E-01 -0.340807019081E+00 -0.968766678815E+00 -0.188929053005E+00 -0.467305028355E-02  0.416553087970E-01
 -0.841533687536E-01  0.724110676794E-01 -0.122539747036E+00 -0.145398401175E+00 -0.180875743619E+00 -0.724927099355E-01 -0.227190319719E-01
  0.113572735753E-01 -0.126081901953E-01 -0.339793288979E-01 -0.561516059584E-02
 -0.111191017922E+01 -0.366884636161E+01 -0.192992469354E+01 -0.411685438310E+01 -0.401262056618E+01 -0.918327330047E+01 -0.161589902179E+01
 -0.250346688352E+01 -0.120433525035E+02 -0.402332414225E+01 -0.415883820952E+01 -0.341301638303E+01 -0.394034356145E+01 -0.362702486651E+01
 -0.242181868312E+01 -0.272832006925E+01 -0.179820898046E+01 -0.104172025283E+02 -0.382730974297E+01 -0.105280319305E+01 -0.221051828403E+01
 -0.256832489090E+01 -0.492049734875E+01 -0.417651128390E+01 -0.999269560183E+00 -0.751956190568E+01 -0.263798941329E+01 -0.929031066613E+00
 -0.115702797426E+01 -0.500093214304E+01 -0.286998602615E+01 -0.116352095630E+01
 -0.472957736208E+00 -0.233080992859E+01 -0.678226668868E+00 -0.286844222850E+01 -0.152120818247E+01 -0.204674629414E+01 -0.720773781983E+00
 -0.905071120937E+00 -0.446602899548E+00 -0.522227002273E+00 -0.225756934063E+01 -0.107390380209E+01 -0.296600747710E+01 -0.258187559534E+00
 -0.570789525418E+01 -0.438114564580E+01 -0.117410288335E+01 -0.187700068421E+01 -0.802211016764E+00 -0.312386738986E+02 -0.886042944710E+01
 -0.485679141699E+01 -0.243291535634E+01 -0.605038243599E+00 -0.321655154418E+02 -0.359435937081E+01 -0.413670290844E+01 -0.355366385680E+02
 -0.315946043098E+02 -0.713860233763E+00 -0.404087321978E+01 -0.295629986728E+02
        12        19        11        11
        11         5        12        12
        10        14         5         5
        19        13        11        11
        19        24        13        13
        30        23        24        24
        19        12        22        22
        28        22        21        21
        11        13         6         6
         7         6         9         9
        15        12        14        14
        18        13        23        23
        15        25        21        21
        27        19        22        22
        18         8         9         9
        27        31        24        24
         4        11         6         6
         5        14        12        12
         4         2         5         5
        21        12        15        15
        14        16        15        15
        24        19        27        27
        22        29        27        27
        23        26        18        18
        17         8        18        18
         5        11         4         4
         6         3         4         4
        26        23        30        30
         5         2        10        10
        16        14        10        10
         3         6         7         7
        21        25        28        28
        29        22        28        28
         6        13         9         9
         2         4         1         1
        31        27        32        32
        25        15        20        20
        24        23        13        13
         8         7         9         9
        13        18         9         9
        31        30        24        24
        12        21        22        22
        29        32        27        27
         3         1         4         4
        26        17        18        18
        16        20        15        15
zone t="boundary 2 bc-2", solutiontime= 0.9000000E+02, strandid=1002, i=33, j=48, f=feblock
  0.500195253374E+01  0.375034811161E+01  0.249861146299E+01  0.288036674177E+01  0.124717526933E+01  0.190856698521E+01  0.326577190273E+01
  0.201394856120E+01 -0.338395986572E-02  0.962374249381E+00  0.500000000000E+01  0.403430190008E+01  0.423029563807E+01  0.500000000000E+01
  0.385439188940E+01  0.500000000000E+01  0.398133433176E+01  0.315200081417E+01  0.266958028869E+01  0.154798029824E+01  0.218327860466E+01
  0.893688440338E+00  0.000000000000E+00  0.699009761768E+00  0.964460899052E+00  0.310303671659E+01  0.000000000000E+00  0.000000000000E+00
  0.125000000000E+01  0.500000000000E+01  0.375000000000E+01  0.250000000000E+01  0.000000000000E+00
 -0.249658903664E+01 -0.249658903664E+01 -0.249658903664E+01 -0.249658903664E+01 -0.249658903664E+01 -0.249658903664E+01 -0.249658903664E+01
 -0.249658903664E+01 -0.249658903664E+01 -0.249658903664E+01 -0.249658903664E+01 -0.249658903664E+01 -0.249658903664E+01 -0.249658903664E+01
 -0.249658903664E+01 -0.249658903664E+01 -0.249658903664E+01 -0.249658903664E+01 -0.249658903664E+01 -0.249658903664E+01 -0.249658903664E+01
 -0.249658903664E+01 -0.249658903664E+01 -0.249658903664E+01 -0.249658903664E+01 -0.249658903664E+01 -0.249658903664E+01 -0.249658903664E+01
 -0.249658903664E+01 -0.249658903664E+01 -0.249658903664E+01 -0.249658903664E+01 -0.249658903664E+01
  0.108225889030E-03  0.145875369682E-03  0.100893326425E-03  0.901663374396E+00  0.110858761917E-03  0.714928318829E+00  0.188140648011E+01
  0.175892165504E+01  0.810725962649E-04  0.957504300331E+00  0.125000000000E+01  0.100596698996E+01  0.191313519089E+01  0.250000000000E+01
  0.292898096716E+01  0.375000000000E+01  0.406883369524E+01  0.363389289944E+01  0.284756860985E+01  0.292582308120E+01  0.395754054931E+01
  0.205027256979E+01  0.125000000000E+01  0.306703272692E+01  0.397155766662E+01  0.433068622168E+01  0.250000000000E+01  0.375000000000E+01
  0.500000000000E+01  0.500000000000E+01  0.500000000000E+01  0.500000000000E+01  0.500000000000E+01
  0.000000000000E+00  0.000000000000E+00  0.000000000000E+00  0.380610262149E+00  0.000000000000E+00  0.343302163911E+00  0.585285498568E+00
  0.579523873721E+00  0.000000000000E+00  0.500979747332E+00  0.508782814017E+00  0.434361560749E+00  0.572843977212E+00  0.537166654001E+00
  0.569106490033E+00  0.515013352172E+00  0.508252450097E+00  0.527349030424E+00  0.567655252726E+00  0.531857855076E+00  0.506012444339E+00
  0.521051129094E+00  0.443900347073E+00  0.490706184896E+00  0.492149786373E+00  0.501385664791E+00  0.467744048732E+00  0.488189258165E+00
  0.489961991134E+00  0.491321546659E+00  0.486017931588E+00  0.489981935261E+00  0.495091099977E+00
  0.999993488485E+00  0.999993690942E+00  0.999993544242E+00  0.989581137391E+00  0.999993139053E+00  0.985581489207E+00  0.989839349776E+00
  0.991729030504E+00  0.999992724186E+00  0.984216351929E+00  0.985140607796E+00  0.984808793931E+00  0.990067211347E+00  0.100292629404E+01
  0.999859927063E+00  0.100487346357E+01  0.100122739133E+01  0.100057008832E+01  0.997888967161E+00  0.100350843654E+01  0.100059307424E+01
  0.101090476404E+01  0.104024762909E+01  0.100327844767E+01  0.100254887617E+01  0.100046793890E+01  0.100976315298E+01  0.100405567247E+01
  0.100192580062E+01  0.100045822703E+01  0.100058944082E+01  0.100110055989E+01  0.100176392267E+01
  0.747985597953E+01  0.791926087138E+01  0.701124893301E+01  0.827197971090E+01  0.949808620683E+01  0.805693243077E+01  0.964091205656E+01
  0.864076427641E+01  0.625412506140E+01  0.891898400537E+01  0.115716156914E+02  0.959376587065E+01  0.105932487138E+02  0.873092788327E+01
  0.688778838240E+01  0.602428647495E+01  0.450034042266E+01  0.541792975752E+01  0.694667291119E+01  0.403030027211E+01  0.702054613748E+01
  0.660073430339E+01  0.945603862446E+01  0.335905720533E+01  0.115265596625E+02  0.843645944766E+01  0.272003879330E+01  0.104518697990E+02
  0.636598536084E+02  0.706113512210E+01  0.280454735688E+02  0.549494246315E+02  0.712328865590E+02
 -0.150458129959E+01  0.288862018977E+00  0.165960655653E+00  0.285637074131E+01 -0.119733834514E+00  0.160237075096E+01 -0.160648025879E+01
  0.728580307453E-01  0.950025145994E+00  0.254481987479E+01 -0.254948205945E+01  0.720685737257E-01 -0.246217565538E+01 -0.227057981287E+01
 -0.209202643923E+01 -0.141423915188E+01 -0.193213117201E+01 -0.181560989209E+01 -0.180145169676E+01 -0.117454032670E+01 -0.949535639588E+00
  0.542486454811E+00  0.223684666001E+01 -0.119221190246E+00  0.107446358662E+01 -0.108929758304E+01  0.115993598253E+01  0.239163222244E+01
  0.113392875399E+02 -0.386050574628E+00  0.274198066224E+01  0.841075286403E+01  0.148241773559E+02
 -0.174971562103E+00 -0.308010610789E+00  0.144351073019E+00  0.387836529832E+00  0.261861838500E+00  0.882747607778E+00 -0.122499909001E+00
 -0.246682356166E+00 -0.340807019081E+00  0.294322223468E+00 -0.714374715304E-01 -0.209128541518E+00  0.527429084795E-01 -0.151944648888E-01
 -0.786025586097E-02  0.225566535647E-01 -0.271938060092E-01  0.154701042907E-01  0.662259554492E-01  0.989667648214E-01 -0.942657828799E-02
 -0.166125480573E-01 -0.180875743619E+00 -0.366153980008E-01 -0.549906703574E-01  0.526081170332E-02 -0.126081901953E-01 -0.339793288979E-01
 -0.405449642252E-02  0.336316919875E-02  0.235210620315E-02 -0.981938614149E-02 -0.561516059584E-02
 -0.103492792855E+01 -0.172812153387E+01 -0.136261021887E+01 -0.700114938417E+01 -0.248935806886E+01 -0.107334594442E+02 -0.183257619508E+01
 -0.353373674802E+01 -0.179820898046E+01 -0.775180691002E+01 -0.584196638961E+00 -0.282038961935E+01 -0.796624443943E+00 -0.342113072218E+00
 -0.132859238154E+01 -0.423485579098E+00 -0.133843681647E+01 -0.203657241626E+01 -0.248694915822E+01 -0.346879701185E+01 -0.241247464127E+01
 -0.433210392128E+01 -0.751956190568E+01 -0.359584728270E+01 -0.259314760088E+01 -0.201671018302E+01 -0.500093214304E+01 -0.286998602615E+01
 -0.160904754040E+01 -0.752552638379E+00 -0.172654394857E+01 -0.192616331689E+01 -0.116352095630E+01
 -0.974861236905E+00 -0.390819094055E-02  0.466988269424E-02 -0.321448744142E+01  0.148663264136E-02 -0.338857088811E+01 -0.206294158067E+01
 -0.211082926730E+01 -0.117410288335E+01 -0.358346132710E+01 -0.258772750715E+01 -0.262380108434E+01 -0.225442853437E+01 -0.166239561780E+01
 -0.119104599980E+01 -0.121586341669E+01 -0.534197932869E+00 -0.873468687433E+00 -0.137131092828E+01 -0.601507713909E+00 -0.175700966279E+01
 -0.178345999403E+01 -0.359435937081E+01 -0.758243272325E+00 -0.404508305922E+01 -0.222937516366E+01 -0.713860233763E+00 -0.404087321978E+01
 -0.258305432621E+02 -0.212079675018E+01 -0.104995445549E+02 -0.218114485292E+02 -0.295629986728E+02
        15         7        19        19
         8        20        19        19
        18        19        21        21
         7         4         8         8
         3         6         4         4
        19         7         8         8
        19        18        15        15
        14        13        15        15
         8        22        20        20
        27        24        22        22
        19        20        21        21
        32        26        21        21
        17        18        26        26
        17        16        15        15
        25        29        21        21
        12         7        13        13
        10         8         6         6
        25        20        24        24
         4         6         8         8
        12         2         4         4
        10        23        22        22
        26        31        17        17
        30        16        17        17
         4         7        12        12
        13        11        12        12
        21        20        25        25
        24        28        25        25
        22         8        10        10
         6         5        10        10
        31        26        32        32
         4         2         3         3
         5         6         3         3
        11        13        14        14
        22        23        27        27
        28        24        27        27
        15        13         7         7
         2        12         1         1
        29        25        33        33
        23        10         9         9
        21        26        18        18
        16        14        15        15
        18        17        15        15
        29        32        21        21
        22        24        20        20
        28        33        25        25
        11         1        12        12
        31        30        17        17
         5         9        10        10
zone t="boundary 3 bc-3", solutiontime= 0.9000000E+02, strandid=1003, i=33, j=48, f=feblock
  0.375059096892E+01  0.249769609313E+01  0.500322133174E+01  0.403612218725E+01  0.287976772365E+01  0.124541910518E+01  0.190552237404E+01
  0.500000000000E+01  0.326671104552E+01  0.423253755448E+01  0.201271136506E+01 -0.547468544169E-02  0.958895643487E+00  0.500000000000E+01
  0.266968147299E+01  0.385584487271E+01  0.890374214836E+00  0.154654013699E+01  0.000000000000E+00  0.500000000000E+01  0.315261136744E+01
  0.218304199515E+01  0.398195307895E+01  0.000000000000E+00  0.697379952124E+00  0.963757277315E+00  0.125000000000E+01  0.000000000000E+00
  0.500000000000E+01  0.310330738524E+01  0.250000000000E+01  0.375000000000E+01  0.000000000000E+00
  0.250494197117E+01  0.250494197117E+01  0.250494197117E+01  0.250494197117E+01  0.250494197117E+01  0.250494197117E+01  0.250494197117E+01
  0.250494197117E+01  0.250494197117E+01  0.250494197117E+01  0.250494197117E+01  0.250494197117E+01  0.250494197117E+01  0.250494197117E+01
  0.250494197117E+01  0.250494197117E+01  0.250494197117E+01  0.250494197117E+01  0.250494197117E+01  0.250494197117E+01  0.250494197117E+01
  0.250494197117E+01  0.250494197117E+01  0.250494197117E+01  0.250494197117E+01  0.250494197117E+01  0.250494197117E+01  0.250494197117E+01
  0.250494197117E+01  0.250494197117E+01  0.250494197117E+01  0.250494197117E+01  0.250494197117E+01
  0.135649900494E-03  0.110129816467E-03  0.966887303890E-04  0.101756752009E+01  0.908094589218E+00  0.103942505801E-03  0.722629083213E+00
  0.125000000000E+01  0.188965661746E+01  0.191862696980E+01  0.176708239098E+01  0.803813859867E-04  0.969652551954E+00  0.250000000000E+01
  0.285339433501E+01  0.293325058812E+01  0.205656223819E+01  0.293157016932E+01  0.125000000000E+01  0.375000000000E+01  0.363766838842E+01
  0.396069444983E+01  0.407056385475E+01  0.250000000000E+01  0.307031995245E+01  0.397359820314E+01  0.500000000000E+01  0.375000000000E+01
  0.500000000000E+01  0.433260781310E+01  0.500000000000E+01  0.500000000000E+01  0.500000000000E+01
  0.000000000000E+00  0.000000000000E+00  0.000000000000E+00  0.444930326687E+00  0.402807304829E+00  0.000000000000E+00  0.379033816204E+00
  0.508818740007E+00  0.575701380330E+00  0.573472074602E+00  0.562547829758E+00  0.000000000000E+00  0.491637802825E+00  0.534336813543E+00
  0.556352181579E+00  0.564140551432E+00  0.522485305911E+00  0.521817734730E+00  0.440666214091E+00  0.517132977413E+00  0.524068294234E+00
  0.503616120436E+00  0.509419881731E+00  0.469884091894E+00  0.495645014420E+00  0.494503343531E+00  0.488630212220E+00  0.489034104323E+00
  0.492987209122E+00  0.498957573931E+00  0.486507800265E+00  0.484614058974E+00  0.495364297290E+00
  0.999989345567E+00  0.999989414891E+00  0.999989632591E+00  0.981380974378E+00  0.988680684584E+00  0.999989832933E+00  0.982276351823E+00
  0.984074897465E+00  0.990406099424E+00  0.990319064682E+00  0.994391010835E+00  0.999990300362E+00  0.988748587757E+00  0.100365238200E+01
  0.999773192633E+00  0.100117376381E+01  0.100830261588E+01  0.100251270964E+01  0.102983027301E+01  0.100441979611E+01  0.100199190108E+01
  0.100081961865E+01  0.100137906157E+01  0.100825880510E+01  0.100297440226E+01  0.100191721483E+01  0.100214792073E+01  0.100354834274E+01
  0.100047555022E+01  0.100056537700E+01  0.100126704333E+01  0.100066742194E+01  0.100178631734E+01
  0.893514290428E+01  0.479897228064E+01  0.744333147095E+01  0.910244378704E+01  0.864707128658E+01  0.369816766706E+01  0.774739343501E+01
  0.113027492494E+02  0.963495122277E+01  0.978104494294E+01  0.893621383777E+01  0.110917636277E+01  0.825210535325E+01  0.815624652412E+01
  0.693502250753E+01  0.738901812647E+01  0.669277544728E+01  0.432441193237E+01  0.572992187934E+01  0.601192388685E+01  0.512041854158E+01
  0.588247057183E+01  0.470005866911E+01  0.189426410681E+01  0.267345906099E+01  0.149432100433E+02  0.549871919396E+02  0.112457131002E+02
  0.584213516786E+01  0.755388654334E+01  0.504812000283E+02  0.266971133578E+02  0.752172141381E+02
  0.310560651705E+00  0.448177840224E+00 -0.160237147355E+01  0.119754234084E+01  0.342786040831E+01  0.407096733616E+00  0.339259176142E+01
 -0.245952687147E+01 -0.196882286476E+01 -0.259402476540E+01  0.238719260838E+00  0.533733180872E+00  0.320911304179E+01 -0.215378482361E+01
 -0.162103408301E+01 -0.191418793259E+01  0.146311457043E+01 -0.933313089977E+00  0.229177665462E+01 -0.149286443675E+01 -0.179973316930E+01
 -0.123792287984E+01 -0.181031950208E+01  0.122365923257E+01 -0.725990265554E-01  0.175346580616E+01  0.960909439314E+01  0.246603935177E+01
 -0.578399197586E+00 -0.122738576076E+01  0.758316302205E+01  0.251033776214E+01  0.155139928243E+02
 -0.100720538715E+00 -0.290586300463E-01  0.390126900178E-01 -0.635905864372E+00 -0.642264959470E+00 -0.111334604738E+00 -0.508158814849E-01
  0.485414585629E-01  0.146618937081E+00  0.280588884425E-01  0.138718996364E+00  0.520911130564E-01  0.600344058159E-01 -0.174513203165E-01
 -0.507816788231E-01  0.340618358990E-02 -0.417489178680E-01 -0.135703977208E+00  0.684209142251E-01 -0.215285985061E-01  0.386325603910E-02
  0.517789343242E-02  0.426628321214E-02  0.741957649370E-02  0.610227186829E-01  0.610951950150E-01 -0.148946813779E-01  0.202299876097E-01
 -0.125929940314E-01 -0.664340931306E-03 -0.473980508916E-02 -0.180814377958E-02 -0.467305028355E-02
 -0.179911953783E+01 -0.161253325220E+01 -0.788972630131E+00 -0.598316967713E+01 -0.667867923621E+01 -0.157947802385E+01 -0.652194463511E+01
 -0.288423261568E+00 -0.217159796962E+01 -0.796188468522E+00 -0.313247735176E+01 -0.111191017922E+01 -0.444497818948E+01 -0.376374994031E+00
 -0.244980171417E+01 -0.129941194456E+01 -0.383089760595E+01 -0.325581486227E+01 -0.366884636161E+01 -0.497820353278E+00 -0.189396156167E+01
 -0.238290238707E+01 -0.133209488344E+01 -0.402332414225E+01 -0.348583442559E+01 -0.250007028945E+01 -0.164630204516E+01 -0.272832006925E+01
 -0.675456089963E+00 -0.190148709421E+01 -0.191523012790E+01 -0.167675706934E+01 -0.105280319305E+01
 -0.360418450471E-02 -0.437060586165E-01 -0.870122583510E+00 -0.296242261131E+01 -0.344547415647E+01 -0.636019089408E-01 -0.343727899134E+01
 -0.254374952428E+01 -0.199892950502E+01 -0.192649492706E+01 -0.236506405086E+01 -0.472957736208E+00 -0.329986823327E+01 -0.154422340447E+01
 -0.144040121633E+01 -0.143990896334E+01 -0.215568024079E+01 -0.778324510876E+00 -0.233080992859E+01 -0.117603225401E+01 -0.774256746496E+00
 -0.127209400028E+01 -0.663375341119E+00 -0.522227002273E+00 -0.554051143102E+00 -0.548517816770E+01 -0.221768105890E+02 -0.438114564580E+01
 -0.163530181272E+01 -0.189157108492E+01 -0.199656698076E+02 -0.995175932997E+01 -0.312386738986E+02
        15         9        16        16
        15        18        11        11
        22        15        21        21
        11         5         9         9
         5         7         2         2
        11         9        15        15
        16        21        15        15
        16        10        14        14
        18        17        11        11
        17        25        24        24
        22        18        15        15
        22        30        31        31
        30        21        23        23
        16        20        23        23
        22        27        26        26
        10         9         4         4
         7        11        13        13
        25        18        26        26
        11         7         5         5
         5         1         4         4
        17        19        13        13
        23        32        30        30
        23        20        29        29
         4         9         5         5
         4         8        10        10
        26        18        22        22
        26        28        25        25
        13        11        17        17
        13         6         7         7
        31        30        32        32
         2         1         5         5
         2         7         6         6
        14        10         8         8
        24        19        17        17
        24        25        28        28
         9        10        16        16
         3         4         1         1
        33        26        27        27
        12        13        19        19
        21        30        22        22
        16        14        20        20
        16        23        21        21
        22        31        27        27
        18        25        17        17
        26        33        28        28
         4         3         8         8
        23        29        32        32
        13        12         6         6
zone t="boundary 4 bc-4", solutiontime= 0.9000000E+02, strandid=1004, i=32, j=46, f=feblock
  0.125000000000E+01  0.219251206392E+01  0.103724302461E+01  0.500000000000E+01  0.250000000000E+01  0.375000000000E+01  0.404200324774E+01
  0.500000000000E+01  0.000000000000E+00  0.310152362409E+01  0.202479342020E+01  0.324151231464E+01  0.922061490191E+00  0.000000000000E+00
  0.299062775774E+01  0.394624082883E+01  0.500000000000E+01  0.409252726285E+01  0.500000000000E+01  0.429310310915E+01  0.175434191980E+01
  0.284428995242E+01  0.000000000000E+00  0.000000000000E+00  0.715990576545E+00  0.930412228790E+00  0.125000000000E+01  0.187029682677E+01
  0.500000000000E+01  0.375000000000E+01  0.250000000000E+01  0.000000000000E+00
  0.250494197117E+01  0.157686156160E+01  0.146289271009E+01  0.250494197117E+01  0.250494197117E+01  0.250494197117E+01  0.155830813274E+01
  0.125000000000E+01  0.250494197117E+01  0.177790177481E+01  0.477386199275E+00  0.742988685424E+00  0.308372018325E+00  0.125000000000E+01
 -0.487811078581E+00 -0.144524380962E+01 -0.125000000000E+01 -0.345533899378E+00  0.000000000000E+00  0.627766083140E+00 -0.739814786992E+00
 -0.158811787973E+01  0.000000000000E+00 -0.125000000000E+01 -0.600232012419E+00 -0.154800130438E+01 -0.249658903664E+01 -0.178862290564E+01
 -0.249658903664E+01 -0.249658903664E+01 -0.249658903664E+01 -0.249658903664E+01
  0.500000000000E+01  0.500000000000E+01  0.500000000000E+01  0.500000000000E+01  0.500000000000E+01  0.500000000000E+01  0.500000000000E+01
  0.500000000000E+01  0.500000000000E+01  0.500000000000E+01  0.500000000000E+01  0.500000000000E+01  0.500000000000E+01  0.500000000000E+01
  0.500000000000E+01  0.500000000000E+01  0.500000000000E+01  0.500000000000E+01  0.500000000000E+01  0.500000000000E+01  0.500000000000E+01
  0.500000000000E+01  0.500000000000E+01  0.500000000000E+01  0.500000000000E+01  0.500000000000E+01  0.500000000000E+01  0.500000000000E+01
  0.500000000000E+01  0.500000000000E+01  0.500000000000E+01  0.500000000000E+01
  0.488630212220E+00  0.488908716439E+00  0.490613563023E+00  0.492987209122E+00  0.486507800265E+00  0.484614058974E+00  0.485349379989E+00
  0.494165072826E+00  0.495364297290E+00  0.486547191318E+00  0.487827844382E+00  0.487055837589E+00  0.494058544536E+00  0.496127933522E+00
  0.487591516691E+00  0.483167459327E+00  0.492383185910E+00  0.487198277340E+00  0.494738152002E+00  0.487948631654E+00  0.489652457880E+00
  0.487975472983E+00  0.497248722542E+00  0.496055921459E+00  0.494948818827E+00  0.492779385287E+00  0.489961991134E+00  0.489965023644E+00
  0.491321546659E+00  0.486017931588E+00  0.489981935261E+00  0.495091099977E+00
  0.100214792073E+01  0.100152366602E+01  0.100177921758E+01  0.100047555022E+01  0.100126704333E+01  0.100066742194E+01  0.100025486927E+01
  0.100050300652E+01  0.100178631734E+01  0.100112357820E+01  0.100132836583E+01  0.100072276399E+01  0.100164069721E+01  0.100168367826E+01
  0.100096358335E+01  0.100001091236E+01  0.100083203976E+01  0.100022366105E+01  0.100062122326E+01  0.100023363627E+01  0.100174700863E+01
  0.100098998959E+01  0.100118707696E+01  0.100134422954E+01  0.100132700903E+01  0.100179943015E+01  0.100192580062E+01  0.100163765934E+01
  0.100045822703E+01  0.100058944082E+01  0.100110055989E+01  0.100176392267E+01
  0.549871919396E+02  0.529472411749E+02  0.557592095444E+02  0.584213516786E+01  0.504812000283E+02  0.266971133578E+02  0.184563376598E+02
  0.578144134211E+01  0.752172141381E+02  0.413623491176E+02  0.569350374952E+02  0.391128954883E+02  0.684297415256E+02  0.773457152290E+02
  0.447163919749E+02  0.182049711401E+02  0.668441306269E+01  0.229577848708E+02  0.546854548338E+01  0.228044210127E+02  0.710878960347E+02
  0.426679189140E+02  0.852079314310E+02  0.759278720510E+02  0.799194065750E+02  0.635617235926E+02  0.636598536084E+02  0.666584771815E+02
  0.706113512210E+01  0.280454735688E+02  0.549494246315E+02  0.712328865590E+02
  0.960909439314E+01  0.839121364743E+01  0.989148404197E+01 -0.578399197586E+00  0.758316302205E+01  0.251033776214E+01  0.104481431324E+01
 -0.450110076885E+00  0.155139928243E+02  0.548185645470E+01  0.913005731681E+01  0.497944794818E+01  0.123387878988E+02  0.161823504115E+02
  0.614162455038E+01  0.102133472765E+01 -0.450728512763E+00  0.188833329604E+01 -0.462725302435E+00  0.188775625933E+01  0.121441548251E+02
  0.571383690271E+01  0.178548817535E+02  0.158654500278E+02  0.150524269643E+02  0.117009242783E+02  0.113392875399E+02  0.112341325139E+02
 -0.386050574628E+00  0.274198066224E+01  0.841075286403E+01  0.148241773559E+02
 -0.148946813779E-01 -0.282695769206E-01 -0.695767869019E-01 -0.125929940314E-01 -0.473980508916E-02 -0.180814377958E-02 -0.389650825761E-01
  0.169767351213E-01 -0.467305028355E-02 -0.157863255406E-01 -0.126907488029E+00 -0.286819470958E-01 -0.198470392021E+00 -0.145398401175E+00
 -0.198120617649E-01  0.748127100835E-02  0.129336557135E-01  0.105624503270E+00  0.346245873810E-02  0.671271461645E-02 -0.479711960241E-01
 -0.363516976637E-01 -0.227190319719E-01  0.113572735753E-01 -0.129043818457E-01  0.889773392716E-01 -0.405449642252E-02  0.713248587599E-01
  0.336316919875E-02  0.235210620315E-02 -0.981938614149E-02 -0.561516059584E-02
 -0.164630204516E+01 -0.188116770329E+01 -0.156535386947E+01 -0.675456089963E+00 -0.191523012790E+01 -0.167675706934E+01 -0.149938943066E+01
 -0.612267547545E+00 -0.105280319305E+01 -0.189029184379E+01 -0.183097443525E+01 -0.190498841808E+01 -0.150950997241E+01 -0.999269560183E+00
 -0.190452721207E+01 -0.154280767614E+01 -0.694060267276E+00 -0.153853506866E+01 -0.586189034607E+00 -0.139838143049E+01 -0.179673510244E+01
 -0.197206541275E+01 -0.929031066613E+00 -0.115702797426E+01 -0.129631277971E+01 -0.152032853157E+01 -0.160904754040E+01 -0.177716762362E+01
 -0.752552638379E+00 -0.172654394857E+01 -0.192616331689E+01 -0.116352095630E+01
 -0.221768105890E+02 -0.210648734340E+02 -0.225921362562E+02 -0.163530181272E+01 -0.199656698076E+02 -0.995175932997E+01 -0.655834721048E+01
 -0.167478226560E+01 -0.312386738986E+02 -0.160802151923E+02 -0.227311726831E+02 -0.151354151645E+02 -0.278946828366E+02 -0.321655154418E+02
 -0.174800509188E+02 -0.644746157916E+01 -0.196588749812E+01 -0.844414891615E+01 -0.156248061303E+01 -0.843123366621E+01 -0.286893277273E+02
 -0.166010650996E+02 -0.355366385680E+02 -0.315946043098E+02 -0.328547175331E+02 -0.259248533309E+02 -0.258305432621E+02 -0.268536209624E+02
 -0.212079675018E+01 -0.104995445549E+02 -0.218114485292E+02 -0.295629986728E+02
        12        15        11        11
        11         2        12        12
         5        10         2         2
        15        21        11        11
        15        22        21        21
        31        28        22        22
        15        12        18        18
        19        18        20        20
        11        21        13        13
        23        13        25        25
         7        12        10        10
        26        21        28        28
         7         8        20        20
        16        15        18        18
        26        24        25        25
        16        30        22        22
         3        11        13        13
         2        10        12        12
         3         1         2         2
        20        12         7         7
        10         6         7         7
        22        15        16        16
        18        17        16        16
        28        27        26        26
        32        24        26        26
         2        11         3         3
        13        14         3         3
        27        28        31        31
         2         1         5         5
         6        10         5         5
        14        13        23        23
        20         8        19        19
        17        18        19        19
        13        21        25        25
         1         3         9         9
        30        16        29        29
         8         7         4         4
        22        28        21        21
        24        23        25        25
        21        26        25        25
        30        31        22        22
        12        20        18        18
        17        29        16        16
        14         9         3         3
        27        32        26        26
         6         4         7         7
zone t="boundary 5 bc-5", solutiontime= 0.9000000E+02, strandid=1005, i=33, j=48, f=feblock
  0.500322133174E+01  0.500467668798E+01  0.500000000000E+01  0.500000000000E+01  0.500477267378E+01  0.500000000000E+01  0.500000000000E+01
  0.500000000000E+01  0.500000000000E+01  0.500000000000E+01  0.500358118334E+01  0.500000000000E+01  0.500000000000E+01  0.500000000000E+01
  0.500000000000E+01  0.500000000000E+01  0.500000000000E+01  0.500195253374E+01  0.500000000000E+01  0.500000000000E+01  0.500000000000E+01
  0.500000000000E+01  0.500000000000E+01  0.500000000000E+01  0.500000000000E+01  0.500000000000E+01  0.500000000000E+01  0.500000000000E+01
  0.500000000000E+01  0.500000000000E+01  0.500000000000E+01  0.500000000000E+01  0.500000000000E+01
  0.250494197117E+01  0.128129120217E+01  0.250494197117E+01  0.157899473280E+01  0.277507990648E-01  0.659350882208E+00  0.250494197117E+01
  0.173899611320E+01  0.825621401394E+00  0.132549389334E+01 -0.122585350888E+01 -0.322732261638E+00  0.250494197117E+01  0.490615021923E-01
 -0.873141960959E+00  0.350800286361E+00  0.145332269920E+01 -0.249658903664E+01 -0.147959633950E+01  0.250494197117E+01 -0.857924212153E+00
 -0.165007033378E+01  0.518568023061E+00 -0.461282870254E+00  0.125000000000E+01 -0.249658903664E+01 -0.183684615440E+01 -0.158398995423E+01
 -0.249658903664E+01 -0.249658903664E+01 -0.125000000000E+01  0.000000000000E+00 -0.249658903664E+01
  0.966887303890E-04  0.163805301938E-03  0.125000000000E+01  0.905837536509E+00  0.190347800845E-03  0.735450417037E+00  0.250000000000E+01
  0.182727219356E+01  0.162230260845E+01  0.280856328277E+01  0.160776520449E-03  0.109945440014E+01  0.375000000000E+01  0.227317933631E+01
  0.189599568386E+01  0.342819755379E+01  0.403384942830E+01  0.108225889030E-03  0.104050588738E+01  0.500000000000E+01  0.297954017413E+01
  0.214587157439E+01  0.430969386006E+01  0.408642231822E+01  0.500000000000E+01  0.125000000000E+01  0.304506426164E+01  0.398205049073E+01
  0.250000000000E+01  0.375000000000E+01  0.500000000000E+01  0.500000000000E+01  0.500000000000E+01
  0.000000000000E+00  0.000000000000E+00  0.508818740007E+00  0.471712425322E+00  0.000000000000E+00  0.480424704947E+00  0.534336813543E+00
  0.535531619250E+00  0.535217262723E+00  0.540680019904E+00  0.000000000000E+00  0.510273428527E+00  0.517132977413E+00  0.539182499878E+00
  0.543204092027E+00  0.529267297595E+00  0.511013649113E+00  0.000000000000E+00  0.495826128638E+00  0.492987209122E+00  0.531221672625E+00
  0.533997112617E+00  0.505620732074E+00  0.512014476594E+00  0.494165072826E+00  0.508782814017E+00  0.529626893995E+00  0.511930713562E+00
  0.537166654001E+00  0.515013352172E+00  0.492383185910E+00  0.494738152002E+00  0.491321546659E+00
  0.999989632591E+00  0.999990284980E+00  0.984074897465E+00  0.976466514671E+00  0.999991493230E+00  0.959091783848E+00  0.100365238200E+01
  0.994404490747E+00  0.991224200156E+00  0.100354018397E+01  0.999992822645E+00  0.971629385400E+00  0.100441979611E+01  0.100529955953E+01
  0.997231746294E+00  0.100663304702E+01  0.100304905544E+01  0.999993488485E+00  0.973552488429E+00  0.100047555022E+01  0.100766061326E+01
  0.100132074834E+01  0.100314075913E+01  0.100384124760E+01  0.100050300652E+01  0.985140607796E+00  0.100599387140E+01  0.100389539073E+01
  0.100292629404E+01  0.100487346357E+01  0.100083203976E+01  0.100062122326E+01  0.100045822703E+01
  0.744333147095E+01  0.795621632143E+01  0.113027492494E+02  0.114340132585E+02  0.837023797120E+01  0.103417060493E+02  0.815624652412E+01
  0.101145698933E+02  0.115800870296E+02  0.750162937401E+01  0.922169535568E+01  0.100591406145E+02  0.601192388685E+01  0.943261346499E+01
  0.109057449566E+02  0.627674104536E+01  0.487360216312E+01  0.747985597953E+01  0.102281421916E+02  0.584213516786E+01  0.748922264487E+01
  0.100274809007E+02  0.386935548144E+01  0.434895832669E+01  0.578144134211E+01  0.115716156914E+02  0.740973184491E+01  0.490901170324E+01
  0.873092788327E+01  0.602428647495E+01  0.668441306269E+01  0.546854548338E+01  0.706113512210E+01
 -0.160237147355E+01 -0.222444188403E+01 -0.245952687147E+01 -0.214816072280E+01 -0.230578523912E+01 -0.178193059981E+01 -0.215378482361E+01
 -0.251987918459E+01 -0.285497471727E+01 -0.200220138303E+01 -0.307418788460E+01 -0.209293574570E+01 -0.149286443675E+01 -0.250674848417E+01
 -0.286059759226E+01 -0.174820170114E+01 -0.151213908564E+01 -0.150458129959E+01 -0.204602757401E+01 -0.578399197586E+00 -0.198509432879E+01
 -0.257463622583E+01 -0.131845754006E+01 -0.156117322804E+01 -0.450110076885E+00 -0.254948205945E+01 -0.186441214061E+01 -0.158101539124E+01
 -0.227057981287E+01 -0.141423915188E+01 -0.450728512763E+00 -0.462725302435E+00 -0.386050574628E+00
  0.390126900178E-01  0.138862093628E-01  0.485414585629E-01  0.278098582480E-02 -0.403893198468E+00  0.868271049558E-01 -0.174513203165E-01
 -0.129280388605E+00 -0.214507645968E+00 -0.361994418206E-01  0.853303118910E-02 -0.220568099774E+00 -0.215285985061E-01 -0.273616221355E-01
  0.262296949200E-01 -0.268866455959E-01 -0.238082079287E-01 -0.174971562103E+00 -0.220018040117E-01 -0.125929940314E-01  0.291415693953E-01
  0.102969001128E+00 -0.118041941939E-01  0.262803868600E-02  0.169767351213E-01 -0.714374715304E-01  0.238694014155E-01  0.328588219962E-01
 -0.151944648888E-01  0.225566535647E-01  0.129336557135E-01  0.346245873810E-02  0.336316919875E-02
 -0.788972630131E+00 -0.891719856161E+00 -0.288423261568E+00 -0.628142726856E+00 -0.115407922305E+01 -0.293277639127E+01 -0.376374994031E+00
 -0.207504807379E+00 -0.266194195026E+00 -0.478481749207E+00 -0.103344246856E+01 -0.229517614533E+01 -0.497820353278E+00 -0.334187122440E+00
 -0.226484617184E+00 -0.357376400624E+00 -0.570940717315E+00 -0.103492792855E+01 -0.252135090099E+01 -0.675456089963E+00 -0.359751830154E+00
 -0.202261943029E+00 -0.425946252668E+00 -0.511412545861E+00 -0.612267547545E+00 -0.584196638961E+00 -0.300887387052E+00 -0.516561906055E+00
 -0.342113072218E+00 -0.423485579098E+00 -0.694060267276E+00 -0.586189034607E+00 -0.752552638379E+00
 -0.870122583510E+00 -0.114650380276E+01 -0.254374952428E+01 -0.283657418932E+01 -0.137763184776E+01 -0.270624317333E+01 -0.154422340447E+01
 -0.203167750841E+01 -0.240259058907E+01 -0.139623130378E+01 -0.183215975011E+01 -0.241046175417E+01 -0.117603225401E+01 -0.178631757618E+01
 -0.211171513116E+01 -0.113234288156E+01 -0.833210317711E+00 -0.974861236905E+00 -0.246714809031E+01 -0.163530181272E+01 -0.140060857907E+01
 -0.194074903332E+01 -0.591518356281E+00 -0.637661493618E+00 -0.167478226560E+01 -0.258772750715E+01 -0.143059420126E+01 -0.818577713172E+00
 -0.166239561780E+01 -0.121586341669E+01 -0.196588749812E+01 -0.156248061303E+01 -0.212079675018E+01
        12        15        14        14
        21        16        14        14
         9        14        10        10
        15        22        21        21
        29        27        22        22
        14        16        10        10
         7         8        10        10
        14        15        21        21
        14         9        12        12
         5        12         6         6
        21        24        16        16
        32        23        24        24
        28        21        27        27
        17        16        23        23
        28        31        24        24
        19        15        12        12
         4         2         6         6
         4         9         8         8
        10         8         9         9
        17        13        10        10
        19        26        22        22
        10        16        17        17
        23        25        17        17
        22        15        19        19
        12        11        19        19
        27        30        28        28
        33        31        28        28
         6         9         4         4
         8         3         4         4
        25        23        32        32
        10        13         7         7
         3         8         7         7
        30        27        29        29
         6         2         5         5
        11        12         5         5
        24        23        16        16
        13        17        20        20
        26        19        18        18
         2         4         1         1
        22        27        21        21
        31        32        24        24
        21        28        24        24
        26        29        22        22
         9         6        12        12
        11        18        19        19
        25        20        17        17
        30        33        28        28
         3         1         4         4
zone t="boundary 6 bc-6", solutiontime= 0.9000000E+02, strandid=1006, i=33, j=48, f=feblock
  0.375059096892E+01  0.249769609313E+01  0.500322133174E+01  0.403560203922E+01  0.280631115217E+01  0.124541910518E+01  0.182303273760E+01
  0.500467668798E+01  0.431322535535E+01  0.342786661481E+01  0.226876920017E+01  0.161701865931E+01 -0.547468544169E-02  0.900320961795E+00
  0.500477267378E+01  0.408884044540E+01  0.297791651125E+01  0.189186087594E+01  0.109435348063E+01  0.729840026748E+00 -0.567606031243E-02
  0.500358118334E+01  0.398317221069E+01  0.304409324138E+01  0.214319966288E+01  0.103661372330E+01 -0.525159244851E-02 -0.425776897977E-02
  0.500195253374E+01  0.375034811161E+01  0.249861146299E+01  0.124717526933E+01 -0.338395986572E-02
  0.250494197117E+01  0.250494197117E+01  0.250494197117E+01  0.148676003042E+01  0.135862937360E+01  0.250494197117E+01  0.177126519354E+01
  0.128129120217E+01  0.548913337634E+00  0.381390483997E+00  0.772369181920E-01  0.855320802494E+00  0.250494197117E+01  0.160897911228E+01
  0.277507990648E-01 -0.435104782594E+00 -0.833499148309E+00 -0.848131036561E+00 -0.296462201067E+00  0.687468474672E+00  0.127822156907E+01
 -0.122585350888E+01 -0.156121190484E+01 -0.181436122511E+01 -0.162712850922E+01 -0.145562642992E+01  0.261948602442E-01 -0.122573481164E+01
 -0.249658903664E+01 -0.249658903664E+01 -0.249658903664E+01 -0.249658903664E+01 -0.249658903664E+01
  0.135649900494E-03  0.110129816467E-03  0.966887303890E-04  0.171331286211E-03  0.194349216398E-03  0.103942505801E-03  0.183620288715E-03
  0.163805301938E-03  0.231300957359E-03  0.293695548343E-03  0.207230778309E-03  0.152981090497E-03  0.803813859867E-04  0.870414072768E-04
  0.190347800845E-03  0.271993329411E-03  0.224559693186E-03  0.167064550182E-03  0.126059023692E-03  0.104459864054E-03  0.822460170215E-04
  0.160776520449E-03  0.175711672037E-03  0.161700011242E-03  0.160617042523E-03  0.104718930153E-03  0.103872438719E-03  0.341545874230E-04
  0.108225889030E-03  0.145875369682E-03  0.100893326425E-03  0.110858761917E-03  0.810725962649E-04
  0.000000000000E+00  0.000000000000E+00  0.000000000000E+00  0.000000000000E+00  0.000000000000E+00  0.000000000000E+00  0.000000000000E+00
  0.000000000000E+00  0.000000000000E+00  0.000000000000E+00  0.000000000000E+00  0.000000000000E+00  0.000000000000E+00  0.000000000000E+00
  0.000000000000E+00  0.000000000000E+00  0.000000000000E+00  0.000000000000E+00  0.000000000000E+00  0.000000000000E+00  0.000000000000E+00
  0.000000000000E+00  0.000000000000E+00  0.000000000000E+00  0.000000000000E+00  0.000000000000E+00  0.000000000000E+00  0.000000000000E+00
  0.000000000000E+00  0.000000000000E+00  0.000000000000E+00  0.000000000000E+00  0.000000000000E+00
  0.999989345567E+00  0.999989414891E+00  0.999989632591E+00  0.999989603432E+00  0.999989623160E+00  0.999989832933E+00  0.999989802182E+00
  0.999990284980E+00  0.999990687105E+00  0.999990492890E+00  0.999991232882E+00  0.999990584619E+00  0.999990300362E+00  0.999990374872E+00
  0.999991493230E+00  0.999992142608E+00  0.999992690497E+00  0.999992319604E+00  0.999991647213E+00  0.999990921527E+00  0.999990762612E+00
  0.999992822645E+00  0.999993396492E+00  0.999993479934E+00  0.999993154372E+00  0.999992520805E+00  0.999991420552E+00  0.999992171067E+00
  0.999993488485E+00  0.999993690942E+00  0.999993544242E+00  0.999993139053E+00  0.999992724186E+00
  0.893514290428E+01  0.479897228064E+01  0.744333147095E+01  0.781253298827E+01  0.513436925954E+01  0.369816766706E+01  0.555061321899E+01
  0.795621632143E+01  0.857913433036E+01  0.693410073084E+01  0.580969345474E+01  0.507558451576E+01  0.110917636277E+01  0.534403885341E+01
  0.837023797120E+01  0.906367420004E+01  0.642124909369E+01  0.625193035798E+01  0.607215214708E+01  0.671483305724E+01  0.155545558144E+01
  0.922169535568E+01  0.883561533442E+01  0.572308069844E+01  0.528348011029E+01  0.652750795476E+01  0.496698265284E+01  0.445829684636E+01
  0.747985597953E+01  0.791926087138E+01  0.701124893301E+01  0.949808620683E+01  0.625412506140E+01
  0.310560651705E+00  0.448177840224E+00 -0.160237147355E+01  0.985656130859E+00  0.108738304301E+01  0.407096733616E+00  0.382810022655E+00
 -0.222444188403E+01  0.215399514066E+00  0.812242874720E+00  0.330917618506E+00  0.348422538636E+00  0.533733180872E+00  0.831207263720E+00
 -0.230578523912E+01  0.114549745414E+01  0.753253297911E+00 -0.476650182755E+00  0.168407507247E+01  0.710094292579E+00  0.850201136539E+00
 -0.307418788460E+01  0.140311605860E+01  0.312907549300E+00  0.205576115689E+00  0.116208639003E+01  0.695405905377E+00  0.139159266037E+01
 -0.150458129959E+01  0.288862018977E+00  0.165960655653E+00 -0.119733834514E+00  0.950025145994E+00
 -0.100720538715E+00 -0.290586300463E-01  0.390126900178E-01  0.358814042570E-01  0.150938348680E+00 -0.111334604738E+00 -0.421003012878E+00
  0.138862093628E-01  0.212179121982E+00 -0.376562653239E-01 -0.144302399608E+00 -0.173648598810E+00  0.520911130564E-01 -0.296858738055E+00
 -0.403893198468E+00 -0.752058069978E+00 -0.424562776707E+00 -0.555808441592E+00 -0.796765265991E+00 -0.719436725355E+00 -0.216565060122E+00
  0.853303118910E-02  0.672493188086E+00  0.162745316777E+00  0.388229096869E+00 -0.189049422474E+00  0.634793836962E-01 -0.462627827647E+00
 -0.174971562103E+00 -0.308010610789E+00  0.144351073019E+00  0.261861838500E+00 -0.340807019081E+00
 -0.179911953783E+01 -0.161253325220E+01 -0.788972630131E+00 -0.374686647751E+01 -0.411631865734E+01 -0.157947802385E+01 -0.219105905053E+01
 -0.891719856161E+00 -0.289775202946E+01 -0.399260962101E+01 -0.394253427349E+01 -0.413511910594E+01 -0.111191017922E+01 -0.290667219354E+01
 -0.115407922305E+01 -0.411799634770E+01 -0.395628407928E+01 -0.337706219408E+01 -0.513363349252E+01 -0.259901226657E+01 -0.192992469354E+01
 -0.103344246856E+01 -0.376461924336E+01 -0.249107759024E+01 -0.319291488636E+01 -0.557613111536E+01 -0.161589902179E+01 -0.250346688352E+01
 -0.103492792855E+01 -0.172812153387E+01 -0.136261021887E+01 -0.248935806886E+01 -0.179820898046E+01
 -0.360418450471E-02 -0.437060586165E-01 -0.870122583510E+00 -0.197683278557E-01 -0.143274802663E+00 -0.636019089408E-01 -0.103773282794E-01
 -0.114650380276E+01 -0.843337973271E-02 -0.447020344889E-01 -0.556506798715E-01 -0.411942807892E-01 -0.472957736208E+00 -0.102417391413E+00
 -0.137763184776E+01 -0.794120874601E-02 -0.649025789331E-01 -0.445271660876E-01 -0.450306124639E+00 -0.125405208791E+00 -0.678226668868E+00
 -0.183215975011E+01 -0.185505352685E-01 -0.762307812737E-01 -0.591727276166E-01 -0.254979909145E+00 -0.720773781983E+00 -0.905071120937E+00
 -0.974861236905E+00 -0.390819094055E-02  0.466988269424E-02  0.148663264136E-02 -0.117410288335E+01
        19        18        11        11
        17        10        11        11
        12        11         5         5
        18        25        17        17
        31        24        25        25
        11        10         5         5
         2         7         5         5
        11        18        17        17
        11        12        19        19
        27        19        20        20
        17        16        10        10
        15         9        16        16
        23        17        24        24
         4        10         9         9
        23        22        16        16
        26        18        19        19
        14        21        20        20
        14        12         7         7
         5         7        12        12
         4         1         5         5
        26        32        25        25
         5        10         4         4
         9         8         4         4
        25        18        26        26
        19        28        26        26
        24        30        23        23
        29        22        23        23
        20        12        14        14
         7         6        14        14
         8         9        15        15
         5         1         2         2
         6         7         2         2
        30        24        31        31
        20        21        27        27
        28        19        27        27
        16         9        10        10
         1         4         3         3
        32        26        33        33
        21        14        13        13
        25        24        17        17
        22        15        16        16
        17        23        16        16
        32        31        25        25
        12        20        19        19
        28        33        26        26
         8         3         4         4
        30        29        23        23
         6        13        14        14
