title="tecplot geometry and solution file"
variables = x y z mach temperature lambda1 lambda2 lambda3 lambda4 lambda5
zone t="boundary 1 bc-1", solutiontime= 0.5000000E+02, strandid=1001, i=32, j=46, f=feblock
 -0.547468544169E-02  0.000000000000E+00 -0.567606031243E-02  0.000000000000E+00  0.000000000000E+00  0.000000000000E+00 -0.525159244851E-02
 -0.425776897977E-02  0.000000000000E+00  0.000000000000E+00  0.000000000000E+00  0.000000000000E+00  0.000000000000E+00  0.000000000000E+00
  0.000000000000E+00  0.000000000000E+00 -0.338395986572E-02  0.000000000000E+00  0.000000000000E+00  0.000000000000E+00  0.000000000000E+00
  0.000000000000E+00  0.000000000000E+00  0.000000000000E+00  0.000000000000E+00  0.000000000000E+00  0.000000000000E+00  0.000000000000E+00
  0.000000000000E+00  0.000000000000E+00  0.000000000000E+00  0.000000000000E+00
  0.250494197117E+01  0.250494197117E+01  0.127822156907E+01  0.146289271009E+01  0.157686156160E+01  0.308372018325E+00  0.261948602442E-01
 -0.122573481164E+01 -0.600232012419E+00  0.250494197117E+01  0.477386199275E+00  0.742988685424E+00 -0.739814786992E+00  0.177790177481E+01
  0.155830813274E+01  0.250494197117E+01 -0.249658903664E+01 -0.154800130438E+01 -0.487811078581E+00  0.250494197117E+01  0.627766083140E+00
 -0.345533899378E+00 -0.178862290564E+01 -0.158811787973E+01  0.125000000000E+01 -0.249658903664E+01 -0.144524380962E+01  0.000000000000E+00
 -0.125000000000E+01 -0.249658903664E+01 -0.249658903664E+01 -0.249658903664E+01
  0.803813859867E-04  0.125000000000E+01  0.822460170215E-04  0.103724302461E+01  0.219251206392E+01  0.922061490191E+00  0.103872438719E-03
  0.341545874230E-04  0.715990576545E+00  0.250000000000E+01  0.202479342020E+01  0.324151231464E+01  0.175434191980E+01  0.310152362409E+01
  0.404200324774E+01  0.375000000000E+01  0.810725962649E-04  0.930412228790E+00  0.299062775774E+01  0.500000000000E+01  0.429310310915E+01
  0.409252726285E+01  0.187029682677E+01  0.284428995242E+01  0.500000000000E+01  0.125000000000E+01  0.394624082883E+01  0.500000000000E+01
  0.500000000000E+01  0.250000000000E+01  0.375000000000E+01  0.500000000000E+01
  0.000000000000E+00  0.440666214091E+00  0.000000000000E+00  0.474617251435E+00  0.460123126357E+00  0.468636774984E+00  0.000000000000E+00
  0.000000000000E+00  0.402549872254E+00  0.469884091894E+00  0.464193478194E+00  0.478749614938E+00  0.489549465334E+00  0.483128669053E+00
  0.488002259909E+00  0.489034104323E+00  0.000000000000E+00  0.465240564346E+00  0.473760502823E+00  0.495364297290E+00  0.490293371229E+00
  0.486277598054E+00  0.445854520604E+00  0.464358879564E+00  0.496127933522E+00  0.443900347073E+00  0.486930056481E+00  0.497248722542E+00
  0.496055921459E+00  0.467744048732E+00  0.488189258165E+00  0.495091099977E+00
  0.999990300362E+00  0.102983027301E+01  0.999990762612E+00  0.104241479569E+01  0.101187755093E+01  0.102516586953E+01  0.999991420552E+00
  0.999992171067E+00  0.103882587599E+01  0.100825880510E+01  0.101253541373E+01  0.100301664923E+01  0.102705528947E+01  0.100604152563E+01
  0.100244540576E+01  0.100354834274E+01  0.999992724186E+00  0.103209927148E+01  0.100459382920E+01  0.100178631734E+01  0.100260315206E+01
  0.100234717451E+01  0.101657069468E+01  0.100620508927E+01  0.100168367826E+01  0.104024762909E+01  0.100303428499E+01  0.100118707696E+01
  0.100134422954E+01  0.100976315298E+01  0.100405567247E+01  0.100176392267E+01
  0.110917635431E+01  0.572992131563E+01  0.155545572782E+01  0.711975950977E+01  0.427523239573E+01  0.364296254212E+01  0.496698261179E+01
  0.445829679787E+01 -0.951478704729E+00  0.189426449883E+01  0.654596785808E+01  0.319538275942E+01  0.883127123671E+01  0.125954980374E+01
  0.145684763833E+02  0.112457128105E+02  0.625412499007E+01  0.319695007620E+01  0.252583149753E+01  0.752172171000E+02  0.221060599205E+02
  0.125587326214E+02  0.734281011133E+01  0.211993692939E+01  0.773457199987E+02  0.945604202476E+01  0.108606463025E+02  0.852079390021E+02
  0.759278738779E+02  0.272003897573E+01  0.104518688086E+02  0.712328892007E+02
  0.533733183803E+00  0.229177651705E+01  0.850201135225E+00  0.256668201473E+01  0.178279820276E+01  0.327274319607E+01  0.695405913780E+00
  0.139159266280E+01  0.263588061953E+01  0.122365926727E+01  0.206845607835E+01  0.107684255914E+01  0.249259972995E+01  0.788893924302E+00
  0.294520159051E+01  0.246603925671E+01  0.950025142896E+00  0.292821547169E+01  0.951786635160E+00  0.155139933770E+02  0.449247353735E+01
  0.249759099662E+01  0.226510229229E+01  0.899428835230E+00  0.161823513643E+02  0.223684722520E+01  0.221439267792E+01  0.178548834024E+02
  0.158654503189E+02  0.115993599206E+01  0.239163207079E+01  0.148241777160E+02
  0.520910990969E-01  0.684209119102E-01 -0.216565061565E+00 -0.307761197244E+00 -0.432662234389E+00 -0.756181177601E+00  0.634794009778E-01
 -0.462627821627E+00  0.215680809701E+00  0.741957269617E-02 -0.633340217181E+00 -0.182290625242E+00 -0.433978760101E+00 -0.934300346239E-01
  0.152931078397E+00  0.202299729900E-01 -0.340807011788E+00 -0.968766597756E+00 -0.188928998045E+00 -0.467305927543E-02  0.416551962056E-01
 -0.841533601761E-01  0.724111714491E-01 -0.122539723642E+00 -0.145398341909E+00 -0.180875736508E+00 -0.724926436867E-01 -0.227190830046E-01
  0.113572174048E-01 -0.126081928430E-01 -0.339793218003E-01 -0.561515524899E-02
 -0.111191017954E+01 -0.366884639840E+01 -0.192992473285E+01 -0.411685449672E+01 -0.401262066040E+01 -0.918327344361E+01 -0.161589902291E+01
 -0.250346688122E+01 -0.120433525613E+02 -0.402332415758E+01 -0.415883825880E+01 -0.341301622651E+01 -0.394034355266E+01 -0.362702480057E+01
 -0.242181867401E+01 -0.272832011519E+01 -0.179820897669E+01 -0.104172025576E+02 -0.382730968498E+01 -0.105280321035E+01 -0.221051846210E+01
 -0.256832497802E+01 -0.492049730670E+01 -0.417651121719E+01 -0.999269678089E+00 -0.751956183297E+01 -0.263798945708E+01 -0.929031275587E+00
 -0.115702803564E+01 -0.500093207856E+01 -0.286998614609E+01 -0.116352097310E+01
 -0.472957716304E+00 -0.233080968576E+01 -0.678226842144E+00 -0.286844206049E+01 -0.152120816844E+01 -0.204674653178E+01 -0.720773771698E+00
 -0.905071116797E+00 -0.446602673991E+00 -0.522227152869E+00 -0.225756923707E+01 -0.107390444395E+01 -0.296600681366E+01 -0.258187495981E+00
 -0.570789447655E+01 -0.438114550044E+01 -0.117410284741E+01 -0.187700021542E+01 -0.802211785981E+00 -0.312386751545E+02 -0.886042743019E+01
 -0.485679017578E+01 -0.243291551654E+01 -0.605038152574E+00 -0.321655174511E+02 -0.359436076734E+01 -0.413670231862E+01 -0.355366417844E+02
 -0.315946050802E+02 -0.713860302293E+00 -0.404087278809E+01 -0.295629997769E+02
        12        19        11        11
        11         5        12        12
        10        14         5         5
        19        13        11        11
        19        24        13        13
        30        23        24        24
        19        12        22        22
        28        22        21        21
        11        13         6         6
         7         6         9         9
        15        12        14        14
        18        13        23        23
        15        25        21        21
        27        19        22        22
        18         8         9         9
        27        31        24        24
         4        11         6         6
         5        14        12        12
         4         2         5         5
        21        12        15        15
        14        16        15        15
        24        19        27        27
        22        29        27        27
        23        26        18        18
        17         8        18        18
         5        11         4         4
         6         3         4         4
        26        23        30        30
         5         2        10        10
        16        14        10        10
         3         6         7         7
        21        25        28        28
        29        22        28        28
         6        13         9         9
         2         4         1         1
        31        27        32        32
        25        15        20        20
        24        23        13        13
         8         7         9         9
        13        18         9         9
        31        30        24        24
        12        21        22        22
        29        32        27        27
         3         1         4         4
        26        17        18        18
        16        20        15        15
zone t="boundary 2 bc-2", solutiontime= 0.5000000E+02, strandid=1002, i=33, j=48, f=feblock
  0.500195253374E+01  0.375034811161E+01  0.249861146299E+01  0.288036674177E+01  0.124717526933E+01  0.190856698521E+01  0.326577190273E+01
  0.201394856120E+01 -0.338395986572E-02  0.962374249381E+00  0.500000000000E+01  0.403430190008E+01  0.423029563807E+01  0.500000000000E+01
  0.385439188940E+01  0.500000000000E+01  0.398133433176E+01  0.315200081417E+01  0.266958028869E+01  0.154798029824E+01  0.218327860466E+01
  0.893688440338E+00  0.000000000000E+00  0.699009761768E+00  0.964460899052E+00  0.310303671659E+01  0.000000000000E+00  0.000000000000E+00
  0.125000000000E+01  0.500000000000E+01  0.375000000000E+01  0.250000000000E+01  0.000000000000E+00
 -0.249658903664E+01 -0.249658903664E+01 -0.249658903664E+01 -0.249658903664E+01 -0.249658903664E+01 -0.249658903664E+01 -0.249658903664E+01
 -0.249658903664E+01 -0.249658903664E+01 -0.249658903664E+01 -0.249658903664E+01 -0.249658903664E+01 -0.249658903664E+01 -0.249658903664E+01
 -0.249658903664E+01 -0.249658903664E+01 -0.249658903664E+01 -0.249658903664E+01 -0.249658903664E+01 -0.249658903664E+01 -0.249658903664E+01
 -0.249658903664E+01 -0.249658903664E+01 -0.249658903664E+01 -0.249658903664E+01 -0.249658903664E+01 -0.249658903664E+01 -0.249658903664E+01
 -0.249658903664E+01 -0.249658903664E+01 -0.249658903664E+01 -0.249658903664E+01 -0.249658903664E+01
  0.108225889030E-03  0.145875369682E-03  0.100893326425E-03  0.901663374396E+00  0.110858761917E-03  0.714928318829E+00  0.188140648011E+01
  0.175892165504E+01  0.810725962649E-04  0.957504300331E+00  0.125000000000E+01  0.100596698996E+01  0.191313519089E+01  0.250000000000E+01
  0.292898096716E+01  0.375000000000E+01  0.406883369524E+01  0.363389289944E+01  0.284756860985E+01  0.292582308120E+01  0.395754054931E+01
  0.205027256979E+01  0.125000000000E+01  0.306703272692E+01  0.397155766662E+01  0.433068622168E+01  0.250000000000E+01  0.375000000000E+01
  0.500000000000E+01  0.500000000000E+01  0.500000000000E+01  0.500000000000E+01  0.500000000000E+01
  0.000000000000E+00  0.000000000000E+00  0.000000000000E+00  0.380610262149E+00  0.000000000000E+00  0.343302163911E+00  0.585285498568E+00
  0.579523873721E+00  0.000000000000E+00  0.500979747332E+00  0.508782814017E+00  0.434361560749E+00  0.572843977212E+00  0.537166654001E+00
  0.569106490033E+00  0.515013352172E+00  0.508252450097E+00  0.527349030424E+00  0.567655252726E+00  0.531857855076E+00  0.506012444339E+00
  0.521051129094E+00  0.443900347073E+00  0.490706184896E+00  0.492149786373E+00  0.501385664791E+00  0.467744048732E+00  0.488189258165E+00
  0.489961991134E+00  0.491321546659E+00  0.486017931588E+00  0.489981935261E+00  0.495091099977E+00
  0.999993488485E+00  0.999993690942E+00  0.999993544242E+00  0.989581137391E+00  0.999993139053E+00  0.985581489207E+00  0.989839349776E+00
  0.991729030504E+00  0.999992724186E+00  0.984216351929E+00  0.985140607796E+00  0.984808793931E+00  0.990067211347E+00  0.100292629404E+01
  0.999859927063E+00  0.100487346357E+01  0.100122739133E+01  0.100057008832E+01  0.997888967161E+00  0.100350843654E+01  0.100059307424E+01
  0.101090476404E+01  0.104024762909E+01  0.100327844767E+01  0.100254887617E+01  0.100046793890E+01  0.100976315298E+01  0.100405567247E+01
  0.100192580062E+01  0.100045822703E+01  0.100058944082E+01  0.100110055989E+01  0.100176392267E+01
  0.747985599529E+01  0.791926088272E+01  0.701124895916E+01  0.827198003701E+01  0.949808617611E+01  0.805693155300E+01  0.964091208743E+01
  0.864076447888E+01  0.625412499007E+01  0.891898391781E+01  0.115716156864E+02  0.959376621737E+01  0.105932487092E+02  0.873092790408E+01
  0.688778840069E+01  0.602428645237E+01  0.450034052795E+01  0.541792973530E+01  0.694667325705E+01  0.403030066157E+01  0.702054568912E+01
  0.660073454769E+01  0.945604202476E+01  0.335905736606E+01  0.115265587093E+02  0.843645927181E+01  0.272003897573E+01  0.104518688086E+02
  0.636598541458E+02  0.706113516173E+01  0.280454735836E+02  0.549494244118E+02  0.712328892007E+02
 -0.150458130268E+01  0.288862019417E+00  0.165960658447E+00  0.285637078454E+01 -0.119733822750E+00  0.160237061210E+01 -0.160648027103E+01
  0.728580569344E-01  0.950025142896E+00  0.254481988083E+01 -0.254948207566E+01  0.720686332633E-01 -0.246217567083E+01 -0.227057981767E+01
 -0.209202644338E+01 -0.141423915876E+01 -0.193213114910E+01 -0.181560989351E+01 -0.180145163650E+01 -0.117454027001E+01 -0.949535712329E+00
  0.542486361837E+00  0.223684722520E+01 -0.119221194886E+00  0.107446344448E+01 -0.108929760537E+01  0.115993599206E+01  0.239163207079E+01
  0.113392877583E+02 -0.386050572109E+00  0.274198064081E+01  0.841075277636E+01  0.148241777160E+02
 -0.174971563337E+00 -0.308010611294E+00  0.144351073020E+00  0.387836534087E+00  0.261861843509E+00  0.882747606159E+00 -0.122499906681E+00
 -0.246682355623E+00 -0.340807011788E+00  0.294322215746E+00 -0.714374714889E-01 -0.209128538430E+00  0.527429083253E-01 -0.151944651740E-01
 -0.786025553792E-02  0.225566531762E-01 -0.271938039593E-01  0.154701050956E-01  0.662259575348E-01  0.989667652099E-01 -0.942658168434E-02
 -0.166125703915E-01 -0.180875736508E+00 -0.366154082374E-01 -0.549906669538E-01  0.526081192502E-02 -0.126081928430E-01 -0.339793218003E-01
 -0.405449195072E-02  0.336316944203E-02  0.235210666839E-02 -0.981938958113E-02 -0.561515524899E-02
 -0.103492792797E+01 -0.172812153317E+01 -0.136261022190E+01 -0.700114940768E+01 -0.248935806000E+01 -0.107334594878E+02 -0.183257620029E+01
 -0.353373674306E+01 -0.179820897669E+01 -0.775180690674E+01 -0.584196639260E+00 -0.282038963115E+01 -0.796624442620E+00 -0.342113073972E+00
 -0.132859238869E+01 -0.423485578448E+00 -0.133843681225E+01 -0.203657242200E+01 -0.248694915568E+01 -0.346879701065E+01 -0.241247465473E+01
 -0.433210399795E+01 -0.751956183297E+01 -0.359584729450E+01 -0.259314764751E+01 -0.201671019003E+01 -0.500093207856E+01 -0.286998614609E+01
 -0.160904753631E+01 -0.752552639144E+00 -0.172654395453E+01 -0.192616331908E+01 -0.116352097310E+01
 -0.974861241265E+00 -0.390818991815E-02  0.466986885815E-02 -0.321448757482E+01  0.148664246763E-02 -0.338857051695E+01 -0.206294158535E+01
 -0.211082934928E+01 -0.117410284741E+01 -0.358346130084E+01 -0.258772749777E+01 -0.262380122893E+01 -0.225442852595E+01 -0.166239562208E+01
 -0.119104600267E+01 -0.121586340565E+01 -0.534197976776E+00 -0.873468676924E+00 -0.137131107275E+01 -0.601507871459E+00 -0.175700947276E+01
 -0.178346005843E+01 -0.359436076734E+01 -0.758243334669E+00 -0.404508266106E+01 -0.222937508949E+01 -0.713860302293E+00 -0.404087278809E+01
 -0.258305435194E+02 -0.212079676425E+01 -0.104995445537E+02 -0.218114484284E+02 -0.295629997769E+02
        15         7        19        19
         8        20        19        19
        18        19        21        21
         7         4         8         8
         3         6         4         4
        19         7         8         8
        19        18        15        15
        14        13        15        15
         8        22        20        20
        27        24        22        22
        19        20        21        21
        32        26        21        21
        17        18        26        26
        17        16        15        15
        25        29        21        21
        12         7        13        13
        10         8         6         6
        25        20        24        24
         4         6         8         8
        12         2         4         4
        10        23        22        22
        26        31        17        17
        30        16        17        17
         4         7        12        12
        13        11        12        12
        21        20        25        25
        24        28        25        25
        22         8        10        10
         6         5        10        10
        31        26        32        32
         4         2         3         3
         5         6         3         3
        11        13        14        14
        22        23        27        27
        28        24        27        27
        15        13         7         7
         2        12         1         1
        29        25        33        33
        23        10         9         9
        21        26        18        18
        16        14        15        15
        18        17        15        15
        29        32        21        21
        22        24        20        20
        28        33        25        25
        11         1        12        12
        31        30        17        17
         5         9        10        10
zone t="boundary 3 bc-3", solutiontime= 0.5000000E+02, strandid=1003, i=33, j=48, f=feblock
  0.375059096892E+01  0.249769609313E+01  0.500322133174E+01  0.403612218725E+01  0.287976772365E+01  0.124541910518E+01  0.190552237404E+01
  0.500000000000E+01  0.326671104552E+01  0.423253755448E+01  0.201271136506E+01 -0.547468544169E-02  0.958895643487E+00  0.500000000000E+01
  0.266968147299E+01  0.385584487271E+01  0.890374214836E+00  0.154654013699E+01  0.000000000000E+00  0.500000000000E+01  0.315261136744E+01
  0.218304199515E+01  0.398195307895E+01  0.000000000000E+00  0.697379952124E+00  0.963757277315E+00  0.125000000000E+01  0.000000000000E+00
  0.500000000000E+01  0.310330738524E+01  0.250000000000E+01  0.375000000000E+01  0.000000000000E+00
  0.250494197117E+01  0.250494197117E+01  0.250494197117E+01  0.250494197117E+01  0.250494197117E+01  0.250494197117E+01  0.250494197117E+01
  0.250494197117E+01  0.250494197117E+01  0.250494197117E+01  0.250494197117E+01  0.250494197117E+01  0.250494197117E+01  0.250494197117E+01
  0.250494197117E+01  0.250494197117E+01  0.250494197117E+01  0.250494197117E+01  0.250494197117E+01  0.250494197117E+01  0.250494197117E+01
  0.250494197117E+01  0.250494197117E+01  0.250494197117E+01  0.250494197117E+01  0.250494197117E+01  0.250494197117E+01  0.250494197117E+01
  0.250494197117E+01  0.250494197117E+01  0.250494197117E+01  0.250494197117E+01  0.250494197117E+01
  0.135649900494E-03  0.110129816467E-03  0.966887303890E-04  0.101756752009E+01  0.908094589218E+00  0.103942505801E-03  0.722629083213E+00
  0.125000000000E+01  0.188965661746E+01  0.191862696980E+01  0.176708239098E+01  0.803813859867E-04  0.969652551954E+00  0.250000000000E+01
  0.285339433501E+01  0.293325058812E+01  0.205656223819E+01  0.293157016932E+01  0.125000000000E+01  0.375000000000E+01  0.363766838842E+01
  0.396069444983E+01  0.407056385475E+01  0.250000000000E+01  0.307031995245E+01  0.397359820314E+01  0.500000000000E+01  0.375000000000E+01
  0.500000000000E+01  0.433260781310E+01  0.500000000000E+01  0.500000000000E+01  0.500000000000E+01
  0.000000000000E+00  0.000000000000E+00  0.000000000000E+00  0.444930326687E+00  0.402807304829E+00  0.000000000000E+00  0.379033816204E+00
  0.508818740007E+00  0.575701380330E+00  0.573472074602E+00  0.562547829758E+00  0.000000000000E+00  0.491637802825E+00  0.534336813543E+00
  0.556352181579E+00  0.564140551432E+00  0.522485305911E+00  0.521817734730E+00  0.440666214091E+00  0.517132977413E+00  0.524068294234E+00
  0.503616120436E+00  0.509419881731E+00  0.469884091894E+00  0.495645014420E+00  0.494503343531E+00  0.488630212220E+00  0.489034104323E+00
  0.492987209122E+00  0.498957573931E+00  0.486507800265E+00  0.484614058974E+00  0.495364297290E+00
  0.999989345567E+00  0.999989414891E+00  0.999989632591E+00  0.981380974378E+00  0.988680684584E+00  0.999989832933E+00  0.982276351823E+00
  0.984074897465E+00  0.990406099424E+00  0.990319064682E+00  0.994391010835E+00  0.999990300362E+00  0.988748587757E+00  0.100365238200E+01
  0.999773192633E+00  0.100117376381E+01  0.100830261588E+01  0.100251270964E+01  0.102983027301E+01  0.100441979611E+01  0.100199190108E+01
  0.100081961865E+01  0.100137906157E+01  0.100825880510E+01  0.100297440226E+01  0.100191721483E+01  0.100214792073E+01  0.100354834274E+01
  0.100047555022E+01  0.100056537700E+01  0.100126704333E+01  0.100066742194E+01  0.100178631734E+01
  0.893514299826E+01  0.479897230223E+01  0.744333148204E+01  0.910244456945E+01  0.864707024957E+01  0.369816765814E+01  0.774739196829E+01
  0.113027491583E+02  0.963495152076E+01  0.978104484744E+01  0.893621397375E+01  0.110917635431E+01  0.825210464036E+01  0.815624657122E+01
  0.693502246854E+01  0.738901808730E+01  0.669277553894E+01  0.432441182050E+01  0.572992131563E+01  0.601192387583E+01  0.512041866497E+01
  0.588247025896E+01  0.470005875796E+01  0.189426449883E+01  0.267345931365E+01  0.149432101027E+02  0.549871918621E+02  0.112457128105E+02
  0.584213521571E+01  0.755388641582E+01  0.504812002460E+02  0.266971132250E+02  0.752172171000E+02
  0.310560657801E+00  0.448177855175E+00 -0.160237148467E+01  0.119754233399E+01  0.342786003752E+01  0.407096740832E+00  0.339259128646E+01
 -0.245952692005E+01 -0.196882279078E+01 -0.259402480973E+01  0.238719203453E+00  0.533733183803E+00  0.320911272948E+01 -0.215378482156E+01
 -0.162103408520E+01 -0.191418795673E+01  0.146311446006E+01 -0.933313091729E+00  0.229177651705E+01 -0.149286444692E+01 -0.179973315651E+01
 -0.123792296509E+01 -0.181031948942E+01  0.122365926727E+01 -0.725991163774E-01  0.175346583163E+01  0.960909456086E+01  0.246603925671E+01
 -0.578399189835E+00 -0.122738581443E+01  0.758316303837E+01  0.251033773150E+01  0.155139933770E+02
 -0.100720538419E+00 -0.290586305800E-01  0.390126861406E-01 -0.635905858167E+00 -0.642264940388E+00 -0.111334607895E+00 -0.508158707814E-01
  0.485414591990E-01  0.146618931062E+00  0.280588898573E-01  0.138718994119E+00  0.520910990969E-01  0.600344253375E-01 -0.174513201982E-01
 -0.507816799442E-01  0.340618354890E-02 -0.417489019132E-01 -0.135703977602E+00  0.684209119102E-01 -0.215285985637E-01  0.386325560390E-02
  0.517789906124E-02  0.426628328551E-02  0.741957269617E-02  0.610227237416E-01  0.610951901026E-01 -0.148946765601E-01  0.202299729900E-01
 -0.125929938249E-01 -0.664341026805E-03 -0.473979862849E-02 -0.180814427855E-02 -0.467305927543E-02
 -0.179911954769E+01 -0.161253323699E+01 -0.788972626337E+00 -0.598316970892E+01 -0.667867920826E+01 -0.157947801077E+01 -0.652194456556E+01
 -0.288423246257E+00 -0.217159797402E+01 -0.796188470761E+00 -0.313247735188E+01 -0.111191017954E+01 -0.444497809994E+01 -0.376374997190E+00
 -0.244980172054E+01 -0.129941195102E+01 -0.383089751924E+01 -0.325581485725E+01 -0.366884639840E+01 -0.497820353380E+00 -0.189396155952E+01
 -0.238290241480E+01 -0.133209488314E+01 -0.402332415758E+01 -0.348583440355E+01 -0.250007034651E+01 -0.164630207665E+01 -0.272832011519E+01
 -0.675456089517E+00 -0.190148710195E+01 -0.191523012747E+01 -0.167675708021E+01 -0.105280321035E+01
 -0.360421120598E-02 -0.437060472649E-01 -0.870122565107E+00 -0.296242290688E+01 -0.344547367750E+01 -0.636018817160E-01 -0.343727831704E+01
 -0.254374946935E+01 -0.199892963732E+01 -0.192649487565E+01 -0.236506409477E+01 -0.472957716304E+00 -0.329986789677E+01 -0.154422342022E+01
 -0.144040119828E+01 -0.143990893982E+01 -0.215568025772E+01 -0.778324468382E+00 -0.233080968576E+01 -0.117603224527E+01 -0.774256795158E+00
 -0.127209386060E+01 -0.663375375614E+00 -0.522227152869E+00 -0.554051229367E+00 -0.548517818842E+01 -0.221768105880E+02 -0.438114550044E+01
 -0.163530183194E+01 -0.189157102115E+01 -0.199656699001E+02 -0.995175927017E+01 -0.312386751545E+02
        15         9        16        16
        15        18        11        11
        22        15        21        21
        11         5         9         9
         5         7         2         2
        11         9        15        15
        16        21        15        15
        16        10        14        14
        18        17        11        11
        17        25        24        24
        22        18        15        15
        22        30        31        31
        30        21        23        23
        16        20        23        23
        22        27        26        26
        10         9         4         4
         7        11        13        13
        25        18        26        26
        11         7         5         5
         5         1         4         4
        17        19        13        13
        23        32        30        30
        23        20        29        29
         4         9         5         5
         4         8        10        10
        26        18        22        22
        26        28        25        25
        13        11        17        17
        13         6         7         7
        31        30        32        32
         2         1         5         5
         2         7         6         6
        14        10         8         8
        24        19        17        17
        24        25        28        28
         9        10        16        16
         3         4         1         1
        33        26        27        27
        12        13        19        19
        21        30        22        22
        16        14        20        20
        16        23        21        21
        22        31        27        27
        18        25        17        17
        26        33        28        28
         4         3         8         8
        23        29        32        32
        13        12         6         6
zone t="boundary 4 bc-4", solutiontime= 0.5000000E+02, strandid=1004, i=32, j=46, f=feblock
  0.125000000000E+01  0.219251206392E+01  0.103724302461E+01  0.500000000000E+01  0.250000000000E+01  0.375000000000E+01  0.404200324774E+01
  0.500000000000E+01  0.000000000000E+00  0.310152362409E+01  0.202479342020E+01  0.324151231464E+01  0.922061490191E+00  0.000000000000E+00
  0.299062775774E+01  0.394624082883E+01  0.500000000000E+01  0.409252726285E+01  0.500000000000E+01  0.429310310915E+01  0.175434191980E+01
  0.284428995242E+01  0.000000000000E+00  0.000000000000E+00  0.715990576545E+00  0.930412228790E+00  0.125000000000E+01  0.187029682677E+01
  0.500000000000E+01  0.375000000000E+01  0.250000000000E+01  0.000000000000E+00
  0.250494197117E+01  0.157686156160E+01  0.146289271009E+01  0.250494197117E+01  0.250494197117E+01  0.250494197117E+01  0.155830813274E+01
  0.125000000000E+01  0.250494197117E+01  0.177790177481E+01  0.477386199275E+00  0.742988685424E+00  0.308372018325E+00  0.125000000000E+01
 -0.487811078581E+00 -0.144524380962E+01 -0.125000000000E+01 -0.345533899378E+00  0.000000000000E+00  0.627766083140E+00 -0.739814786992E+00
 -0.158811787973E+01  0.000000000000E+00 -0.125000000000E+01 -0.600232012419E+00 -0.154800130438E+01 -0.249658903664E+01 -0.178862290564E+01
 -0.249658903664E+01 -0.249658903664E+01 -0.249658903664E+01 -0.249658903664E+01
  0.500000000000E+01  0.500000000000E+01  0.500000000000E+01  0.500000000000E+01  0.500000000000E+01  0.500000000000E+01  0.500000000000E+01
  0.500000000000E+01  0.500000000000E+01  0.500000000000E+01  0.500000000000E+01  0.500000000000E+01  0.500000000000E+01  0.500000000000E+01
  0.500000000000E+01  0.500000000000E+01  0.500000000000E+01  0.500000000000E+01  0.500000000000E+01  0.500000000000E+01  0.500000000000E+01
  0.500000000000E+01  0.500000000000E+01  0.500000000000E+01  0.500000000000E+01  0.500000000000E+01  0.500000000000E+01  0.500000000000E+01
  0.500000000000E+01  0.500000000000E+01  0.500000000000E+01  0.500000000000E+01
  0.488630212220E+00  0.488908716439E+00  0.490613563023E+00  0.492987209122E+00  0.486507800265E+00  0.484614058974E+00  0.485349379989E+00
  0.494165072826E+00  0.495364297290E+00  0.486547191318E+00  0.487827844382E+00  0.487055837589E+00  0.494058544536E+00  0.496127933522E+00
  0.487591516691E+00  0.483167459327E+00  0.492383185910E+00  0.487198277340E+00  0.494738152002E+00  0.487948631654E+00  0.489652457880E+00
  0.487975472983E+00  0.497248722542E+00  0.496055921459E+00  0.494948818827E+00  0.492779385287E+00  0.489961991134E+00  0.489965023644E+00
  0.491321546659E+00  0.486017931588E+00  0.489981935261E+00  0.495091099977E+00
  0.100214792073E+01  0.100152366602E+01  0.100177921758E+01  0.100047555022E+01  0.100126704333E+01  0.100066742194E+01  0.100025486927E+01
  0.100050300652E+01  0.100178631734E+01  0.100112357820E+01  0.100132836583E+01  0.100072276399E+01  0.100164069721E+01  0.100168367826E+01
  0.100096358335E+01  0.100001091236E+01  0.100083203976E+01  0.100022366105E+01  0.100062122326E+01  0.100023363627E+01  0.100174700863E+01
  0.100098998959E+01  0.100118707696E+01  0.100134422954E+01  0.100132700903E+01  0.100179943015E+01  0.100192580062E+01  0.100163765934E+01
  0.100045822703E+01  0.100058944082E+01  0.100110055989E+01  0.100176392267E+01
  0.549871918621E+02  0.529472420699E+02  0.557592097357E+02  0.584213521571E+01  0.504812002460E+02  0.266971132250E+02  0.184563375452E+02
  0.578144138344E+01  0.752172171000E+02  0.413623494942E+02  0.569350370458E+02  0.391128959858E+02  0.684297431302E+02  0.773457199987E+02
  0.447163927984E+02  0.182049711007E+02  0.668441311905E+01  0.229577847965E+02  0.546854550024E+01  0.228044210453E+02  0.710878979240E+02
  0.426679197691E+02  0.852079390021E+02  0.759278738779E+02  0.799194062324E+02  0.635617243371E+02  0.636598541458E+02  0.666584782323E+02
  0.706113516173E+01  0.280454735836E+02  0.549494244118E+02  0.712328892007E+02
  0.960909456086E+01  0.839121386112E+01  0.989148405318E+01 -0.578399189835E+00  0.758316303837E+01  0.251033773150E+01  0.104481427642E+01
 -0.450110067839E+00  0.155139933770E+02  0.548185655377E+01  0.913005714213E+01  0.497944803687E+01  0.123387881553E+02  0.161823513643E+02
  0.614162469641E+01  0.102133469170E+01 -0.450728506725E+00  0.188833327626E+01 -0.462725302725E+00  0.188775625185E+01  0.121441551328E+02
  0.571383702406E+01  0.178548834024E+02  0.158654503189E+02  0.150524267737E+02  0.117009242927E+02  0.113392877583E+02  0.112341326758E+02
 -0.386050572109E+00  0.274198064081E+01  0.841075277636E+01  0.148241777160E+02
 -0.148946765601E-01 -0.282696387609E-01 -0.695767075212E-01 -0.125929938249E-01 -0.473979862849E-02 -0.180814427855E-02 -0.389650867313E-01
  0.169767364560E-01 -0.467305927543E-02 -0.157863044105E-01 -0.126907551722E+00 -0.286819447208E-01 -0.198470416744E+00 -0.145398341909E+00
 -0.198120468419E-01  0.748126225829E-02  0.129336547494E-01  0.105624491429E+00  0.346246036168E-02  0.671271324040E-02 -0.479712351532E-01
 -0.363517058335E-01 -0.227190830046E-01  0.113572174048E-01 -0.129047192782E-01  0.889772074876E-01 -0.405449195072E-02  0.713248946881E-01
  0.336316944203E-02  0.235210666839E-02 -0.981938958113E-02 -0.561515524899E-02
 -0.164630207665E+01 -0.188116769633E+01 -0.156535383695E+01 -0.675456089517E+00 -0.191523012747E+01 -0.167675708021E+01 -0.149938943610E+01
 -0.612267547660E+00 -0.105280321035E+01 -0.189029185959E+01 -0.183097447276E+01 -0.190498842265E+01 -0.150950985520E+01 -0.999269678089E+00
 -0.190452721681E+01 -0.154280768456E+01 -0.694060266212E+00 -0.153853507755E+01 -0.586189034904E+00 -0.139838143573E+01 -0.179673512257E+01
 -0.197206542650E+01 -0.929031275587E+00 -0.115702803564E+01 -0.129631271459E+01 -0.152032857141E+01 -0.160904753631E+01 -0.177716760974E+01
 -0.752552639144E+00 -0.172654395453E+01 -0.192616331908E+01 -0.116352097310E+01
 -0.221768105880E+02 -0.210648738269E+02 -0.225921363327E+02 -0.163530183194E+01 -0.199656699001E+02 -0.995175927017E+01 -0.655834715684E+01
 -0.167478228294E+01 -0.312386751545E+02 -0.160802153562E+02 -0.227311724655E+02 -0.151354153721E+02 -0.278946835103E+02 -0.321655174511E+02
 -0.174800512636E+02 -0.644746155308E+01 -0.196588751964E+01 -0.844414888060E+01 -0.156248061872E+01 -0.843123367485E+01 -0.286893285068E+02
 -0.166010654518E+02 -0.355366417844E+02 -0.315946050802E+02 -0.328547173612E+02 -0.259248536184E+02 -0.258305435194E+02 -0.268536214052E+02
 -0.212079676425E+01 -0.104995445537E+02 -0.218114484284E+02 -0.295629997769E+02
        12        15        11        11
        11         2        12        12
         5        10         2         2
        15        21        11        11
        15        22        21        21
        31        28        22        22
        15        12        18        18
        19        18        20        20
        11        21        13        13
        23        13        25        25
         7        12        10        10
        26        21        28        28
         7         8        20        20
        16        15        18        18
        26        24        25        25
        16        30        22        22
         3        11        13        13
         2        10        12        12
         3         1         2         2
        20        12         7         7
        10         6         7         7
        22        15        16        16
        18        17        16        16
        28        27        26        26
        32        24        26        26
         2        11         3         3
        13        14         3         3
        27        28        31        31
         2         1         5         5
         6        10         5         5
        14        13        23        23
        20         8        19        19
        17        18        19        19
        13        21        25        25
         1         3         9         9
        30        16        29        29
         8         7         4         4
        22        28        21        21
        24        23        25        25
        21        26        25        25
        30        31        22        22
        12        20        18        18
        17        29        16        16
        14         9         3         3
        27        32        26        26
         6         4         7         7
zone t="boundary 5 bc-5", solutiontime= 0.5000000E+02, strandid=1005, i=33, j=48, f=feblock
  0.500322133174E+01  0.500467668798E+01  0.500000000000E+01  0.500000000000E+01  0.500477267378E+01  0.500000000000E+01  0.500000000000E+01
  0.500000000000E+01  0.500000000000E+01  0.500000000000E+01  0.500358118334E+01  0.500000000000E+01  0.500000000000E+01  0.500000000000E+01
  0.500000000000E+01  0.500000000000E+01  0.500000000000E+01  0.500195253374E+01  0.500000000000E+01  0.500000000000E+01  0.500000000000E+01
  0.500000000000E+01  0.500000000000E+01  0.500000000000E+01  0.500000000000E+01  0.500000000000E+01  0.500000000000E+01  0.500000000000E+01
  0.500000000000E+01  0.500000000000E+01  0.500000000000E+01  0.500000000000E+01  0.500000000000E+01
  0.250494197117E+01  0.128129120217E+01  0.250494197117E+01  0.157899473280E+01  0.277507990648E-01  0.659350882208E+00  0.250494197117E+01
  0.173899611320E+01  0.825621401394E+00  0.132549389334E+01 -0.122585350888E+01 -0.322732261638E+00  0.250494197117E+01  0.490615021923E-01
 -0.873141960959E+00  0.350800286361E+00  0.145332269920E+01 -0.249658903664E+01 -0.147959633950E+01  0.250494197117E+01 -0.857924212153E+00
 -0.165007033378E+01  0.518568023061E+00 -0.461282870254E+00  0.125000000000E+01 -0.249658903664E+01 -0.183684615440E+01 -0.158398995423E+01
 -0.249658903664E+01 -0.249658903664E+01 -0.125000000000E+01  0.000000000000E+00 -0.249658903664E+01
  0.966887303890E-04  0.163805301938E-03  0.125000000000E+01  0.905837536509E+00  0.190347800845E-03  0.735450417037E+00  0.250000000000E+01
  0.182727219356E+01  0.162230260845E+01  0.280856328277E+01  0.160776520449E-03  0.109945440014E+01  0.375000000000E+01  0.227317933631E+01
  0.189599568386E+01  0.342819755379E+01  0.403384942830E+01  0.108225889030E-03  0.104050588738E+01  0.500000000000E+01  0.297954017413E+01
  0.214587157439E+01  0.430969386006E+01  0.408642231822E+01  0.500000000000E+01  0.125000000000E+01  0.304506426164E+01  0.398205049073E+01
  0.250000000000E+01  0.375000000000E+01  0.500000000000E+01  0.500000000000E+01  0.500000000000E+01
  0.000000000000E+00  0.000000000000E+00  0.508818740007E+00  0.471712425322E+00  0.000000000000E+00  0.480424704947E+00  0.534336813543E+00
  0.535531619250E+00  0.535217262723E+00  0.540680019904E+00  0.000000000000E+00  0.510273428527E+00  0.517132977413E+00  0.539182499878E+00
  0.543204092027E+00  0.529267297595E+00  0.511013649113E+00  0.000000000000E+00  0.495826128638E+00  0.492987209122E+00  0.531221672625E+00
  0.533997112617E+00  0.505620732074E+00  0.512014476594E+00  0.494165072826E+00  0.508782814017E+00  0.529626893995E+00  0.511930713562E+00
  0.537166654001E+00  0.515013352172E+00  0.492383185910E+00  0.494738152002E+00  0.491321546659E+00
  0.999989632591E+00  0.999990284980E+00  0.984074897465E+00  0.976466514671E+00  0.999991493230E+00  0.959091783848E+00  0.100365238200E+01
  0.994404490747E+00  0.991224200156E+00  0.100354018397E+01  0.999992822645E+00  0.971629385400E+00  0.100441979611E+01  0.100529955953E+01
  0.997231746294E+00  0.100663304702E+01  0.100304905544E+01  0.999993488485E+00  0.973552488429E+00  0.100047555022E+01  0.100766061326E+01
  0.100132074834E+01  0.100314075913E+01  0.100384124760E+01  0.100050300652E+01  0.985140607796E+00  0.100599387140E+01  0.100389539073E+01
  0.100292629404E+01  0.100487346357E+01  0.100083203976E+01  0.100062122326E+01  0.100045822703E+01
  0.744333148204E+01  0.795621631800E+01  0.113027491583E+02  0.114340131330E+02  0.837023798237E+01  0.103417060959E+02  0.815624657122E+01
  0.101145699093E+02  0.115800870315E+02  0.750162944222E+01  0.922169536126E+01  0.100591406690E+02  0.601192387583E+01  0.943261349718E+01
  0.109057449894E+02  0.627674108568E+01  0.487360217023E+01  0.747985599529E+01  0.102281422306E+02  0.584213521571E+01  0.748922265756E+01
  0.100274809225E+02  0.386935547657E+01  0.434895835049E+01  0.578144138344E+01  0.115716156864E+02  0.740973185589E+01  0.490901169112E+01
  0.873092790408E+01  0.602428645237E+01  0.668441311905E+01  0.546854550024E+01  0.706113516173E+01
 -0.160237148467E+01 -0.222444188579E+01 -0.245952692005E+01 -0.214816076091E+01 -0.230578524182E+01 -0.178193060171E+01 -0.215378482156E+01
 -0.251987919973E+01 -0.285497473307E+01 -0.200220137901E+01 -0.307418788537E+01 -0.209293574948E+01 -0.149286444692E+01 -0.250674848753E+01
 -0.286059759705E+01 -0.174820170470E+01 -0.151213908930E+01 -0.150458130268E+01 -0.204602758260E+01 -0.578399189835E+00 -0.198509433491E+01
 -0.257463623104E+01 -0.131845754210E+01 -0.156117322860E+01 -0.450110067839E+00 -0.254948207566E+01 -0.186441214607E+01 -0.158101539256E+01
 -0.227057981767E+01 -0.141423915876E+01 -0.450728506725E+00 -0.462725302725E+00 -0.386050572109E+00
  0.390126861406E-01  0.138862097776E-01  0.485414591990E-01  0.278099267533E-02 -0.403893199192E+00  0.868271014295E-01 -0.174513201982E-01
 -0.129280384965E+00 -0.214507648452E+00 -0.361994402352E-01  0.853303147857E-02 -0.220568096942E+00 -0.215285985637E-01 -0.273616224099E-01
  0.262296947837E-01 -0.268866448034E-01 -0.238082077161E-01 -0.174971563337E+00 -0.220018044924E-01 -0.125929938249E-01  0.291415706386E-01
  0.102969000678E+00 -0.118041936612E-01  0.262804232076E-02  0.169767364560E-01 -0.714374714889E-01  0.238694016012E-01  0.328588247825E-01
 -0.151944651740E-01  0.225566531762E-01  0.129336547494E-01  0.346246036168E-02  0.336316944203E-02
 -0.788972626337E+00 -0.891719857510E+00 -0.288423246257E+00 -0.628142697040E+00 -0.115407922187E+01 -0.293277637827E+01 -0.376374997190E+00
 -0.207504807866E+00 -0.266194188508E+00 -0.478481750034E+00 -0.103344246904E+01 -0.229517614618E+01 -0.497820353380E+00 -0.334187122668E+00
 -0.226484618813E+00 -0.357376402244E+00 -0.570940718161E+00 -0.103492792797E+01 -0.252135090023E+01 -0.675456089517E+00 -0.359751831465E+00
 -0.202261946203E+00 -0.425946253474E+00 -0.511412543989E+00 -0.612267547660E+00 -0.584196639260E+00 -0.300887388171E+00 -0.516561904884E+00
 -0.342113073972E+00 -0.423485578448E+00 -0.694060266212E+00 -0.586189034904E+00 -0.752552639144E+00
 -0.870122565107E+00 -0.114650379902E+01 -0.254374946935E+01 -0.283657412438E+01 -0.137763185034E+01 -0.270624318688E+01 -0.154422342022E+01
 -0.203167750727E+01 -0.240259058225E+01 -0.139623132756E+01 -0.183215974996E+01 -0.241046177109E+01 -0.117603224527E+01 -0.178631758463E+01
 -0.211171513939E+01 -0.113234289305E+01 -0.833210317847E+00 -0.974861241265E+00 -0.246714809969E+01 -0.163530183194E+01 -0.140060857997E+01
 -0.194074903768E+01 -0.591518353276E+00 -0.637661501496E+00 -0.167478228294E+01 -0.258772749777E+01 -0.143059420212E+01 -0.818577707712E+00
 -0.166239562208E+01 -0.121586340565E+01 -0.196588751964E+01 -0.156248061872E+01 -0.212079676425E+01
        12        15        14        14
        21        16        14        14
         9        14        10        10
        15        22        21        21
        29        27        22        22
        14        16        10        10
         7         8        10        10
        14        15        21        21
        14         9        12        12
         5        12         6         6
        21        24        16        16
        32        23        24        24
        28        21        27        27
        17        16        23        23
        28        31        24        24
        19        15        12        12
         4         2         6         6
         4         9         8         8
        10         8         9         9
        17        13        10        10
        19        26        22        22
        10        16        17        17
        23        25        17        17
        22        15        19        19
        12        11        19        19
        27        30        28        28
        33        31        28        28
         6         9         4         4
         8         3         4         4
        25        23        32        32
        10        13         7         7
         3         8         7         7
        30        27        29        29
         6         2         5         5
        11        12         5         5
        24        23        16        16
        13        17        20        20
        26        19        18        18
         2         4         1         1
        22        27        21        21
        31        32        24        24
        21        28        24        24
        26        29        22        22
         9         6        12        12
        11        18        19        19
        25        20        17        17
        30        33        28        28
         3         1         4         4
zone t="boundary 6 bc-6", solutiontime= 0.5000000E+02, strandid=1006, i=33, j=48, f=feblock
  0.375059096892E+01  0.249769609313E+01  0.500322133174E+01  0.403560203922E+01  0.280631115217E+01  0.124541910518E+01  0.182303273760E+01
  0.500467668798E+01  0.431322535535E+01  0.342786661481E+01  0.226876920017E+01  0.161701865931E+01 -0.547468544169E-02  0.900320961795E+00
  0.500477267378E+01  0.408884044540E+01  0.297791651125E+01  0.189186087594E+01  0.109435348063E+01  0.729840026748E+00 -0.567606031243E-02
  0.500358118334E+01  0.398317221069E+01  0.304409324138E+01  0.214319966288E+01  0.103661372330E+01 -0.525159244851E-02 -0.425776897977E-02
  0.500195253374E+01  0.375034811161E+01  0.249861146299E+01  0.124717526933E+01 -0.338395986572E-02
  0.250494197117E+01  0.250494197117E+01  0.250494197117E+01  0.148676003042E+01  0.135862937360E+01  0.250494197117E+01  0.177126519354E+01
  0.128129120217E+01  0.548913337634E+00  0.381390483997E+00  0.772369181920E-01  0.855320802494E+00  0.250494197117E+01  0.160897911228E+01
  0.277507990648E-01 -0.435104782594E+00 -0.833499148309E+00 -0.848131036561E+00 -0.296462201067E+00  0.687468474672E+00  0.127822156907E+01
 -0.122585350888E+01 -0.156121190484E+01 -0.181436122511E+01 -0.162712850922E+01 -0.145562642992E+01  0.261948602442E-01 -0.122573481164E+01
 -0.249658903664E+01 -0.249658903664E+01 -0.249658903664E+01 -0.249658903664E+01 -0.249658903664E+01
  0.135649900494E-03  0.110129816467E-03  0.966887303890E-04  0.171331286211E-03  0.194349216398E-03  0.103942505801E-03  0.183620288715E-03
  0.163805301938E-03  0.231300957359E-03  0.293695548343E-03  0.207230778309E-03  0.152981090497E-03  0.803813859867E-04  0.870414072768E-04
  0.190347800845E-03  0.271993329411E-03  0.224559693186E-03  0.167064550182E-03  0.126059023692E-03  0.104459864054E-03  0.822460170215E-04
  0.160776520449E-03  0.175711672037E-03  0.161700011242E-03  0.160617042523E-03  0.104718930153E-03  0.103872438719E-03  0.341545874230E-04
  0.108225889030E-03  0.145875369682E-03  0.100893326425E-03  0.110858761917E-03  0.810725962649E-04
  0.000000000000E+00  0.000000000000E+00  0.000000000000E+00  0.000000000000E+00  0.000000000000E+00  0.000000000000E+00  0.000000000000E+00
  0.000000000000E+00  0.000000000000E+00  0.000000000000E+00  0.000000000000E+00  0.000000000000E+00  0.000000000000E+00  0.000000000000E+00
  0.000000000000E+00  0.000000000000E+00  0.000000000000E+00  0.000000000000E+00  0.000000000000E+00  0.000000000000E+00  0.000000000000E+00
  0.000000000000E+00  0.000000000000E+00  0.000000000000E+00  0.000000000000E+00  0.000000000000E+00  0.000000000000E+00  0.000000000000E+00
  0.000000000000E+00  0.000000000000E+00  0.000000000000E+00  0.000000000000E+00  0.000000000000E+00
  0.999989345567E+00  0.999989414891E+00  0.999989632591E+00  0.999989603432E+00  0.999989623160E+00  0.999989832933E+00  0.999989802182E+00
  0.999990284980E+00  0.999990687105E+00  0.999990492890E+00  0.999991232882E+00  0.999990584619E+00  0.999990300362E+00  0.999990374872E+00
  0.999991493230E+00  0.999992142608E+00  0.999992690497E+00  0.999992319604E+00  0.999991647213E+00  0.999990921527E+00  0.999990762612E+00
  0.999992822645E+00  0.999993396492E+00  0.999993479934E+00  0.999993154372E+00  0.999992520805E+00  0.999991420552E+00  0.999992171067E+00
  0.999993488485E+00  0.999993690942E+00  0.999993544242E+00  0.999993139053E+00  0.999992724186E+00
  0.893514299826E+01  0.479897230223E+01  0.744333148204E+01  0.781253304017E+01  0.513436927730E+01  0.369816765814E+01  0.555061323384E+01
  0.795621631800E+01  0.857913433387E+01  0.693410071973E+01  0.580969345249E+01  0.507558451551E+01  0.110917635431E+01  0.534403891931E+01
  0.837023798237E+01  0.906367421228E+01  0.642124913151E+01  0.625193033550E+01  0.607215216572E+01  0.671483318271E+01  0.155545572782E+01
  0.922169536126E+01  0.883561534322E+01  0.572308070454E+01  0.528348012717E+01  0.652750795876E+01  0.496698261179E+01  0.445829679787E+01
  0.747985599529E+01  0.791926088272E+01  0.701124895916E+01  0.949808617611E+01  0.625412499007E+01
  0.310560657801E+00  0.448177855175E+00 -0.160237148467E+01  0.985656136797E+00  0.108738305462E+01  0.407096740832E+00  0.382810028335E+00
 -0.222444188579E+01  0.215399512979E+00  0.812242870328E+00  0.330917612009E+00  0.348422470235E+00  0.533733183803E+00  0.831207218433E+00
 -0.230578524182E+01  0.114549745070E+01  0.753253298871E+00 -0.476650184540E+00  0.168407505032E+01  0.710094248189E+00  0.850201135225E+00
 -0.307418788537E+01  0.140311605837E+01  0.312907544578E+00  0.205576134988E+00  0.116208642342E+01  0.695405913780E+00  0.139159266280E+01
 -0.150458130268E+01  0.288862019417E+00  0.165960658447E+00 -0.119733822750E+00  0.950025142896E+00
 -0.100720538419E+00 -0.290586305800E-01  0.390126861406E-01  0.358814345150E-01  0.150938378023E+00 -0.111334607895E+00 -0.421003009008E+00
  0.138862097776E-01  0.212179125005E+00 -0.376562697253E-01 -0.144302407587E+00 -0.173648600662E+00  0.520910990969E-01 -0.296858768551E+00
 -0.403893199192E+00 -0.752058070619E+00 -0.424562777605E+00 -0.555808446590E+00 -0.796765276741E+00 -0.719436716567E+00 -0.216565061565E+00
  0.853303147857E-02  0.672493187726E+00  0.162745320257E+00  0.388229098149E+00 -0.189049420487E+00  0.634794009778E-01 -0.462627821627E+00
 -0.174971563337E+00 -0.308010611294E+00  0.144351073020E+00  0.261861843509E+00 -0.340807011788E+00
 -0.179911954769E+01 -0.161253323699E+01 -0.788972626337E+00 -0.374686650341E+01 -0.411631865288E+01 -0.157947801077E+01 -0.219105903221E+01
 -0.891719857510E+00 -0.289775203149E+01 -0.399260961445E+01 -0.394253427162E+01 -0.413511911540E+01 -0.111191017954E+01 -0.290667220368E+01
 -0.115407922187E+01 -0.411799634618E+01 -0.395628408489E+01 -0.337706219141E+01 -0.513363352525E+01 -0.259901230837E+01 -0.192992473285E+01
 -0.103344246904E+01 -0.376461924316E+01 -0.249107759126E+01 -0.319291489042E+01 -0.557613111288E+01 -0.161589902291E+01 -0.250346688122E+01
 -0.103492792797E+01 -0.172812153317E+01 -0.136261022190E+01 -0.248935806000E+01 -0.179820897669E+01
 -0.360421120598E-02 -0.437060472649E-01 -0.870122565107E+00 -0.197683649377E-01 -0.143274795853E+00 -0.636018817160E-01 -0.103773170108E-01
 -0.114650379902E+01 -0.843337236427E-02 -0.447020026185E-01 -0.556506695823E-01 -0.411941986485E-01 -0.472957716304E+00 -0.102417386858E+00
 -0.137763185034E+01 -0.794120436876E-02 -0.649026146546E-01 -0.445271283803E-01 -0.450306196382E+00 -0.125405300166E+00 -0.678226842144E+00
 -0.183215974996E+01 -0.185505310888E-01 -0.762307692037E-01 -0.591727613043E-01 -0.254979953579E+00 -0.720773771698E+00 -0.905071116797E+00
 -0.974861241265E+00 -0.390818991815E-02  0.466986885815E-02  0.148664246763E-02 -0.117410284741E+01
        19        18        11        11
        17        10        11        11
        12        11         5         5
        18        25        17        17
        31        24        25        25
        11        10         5         5
         2         7         5         5
        11        18        17        17
        11        12        19        19
        27        19        20        20
        17        16        10        10
        15         9        16        16
        23        17        24        24
         4        10         9         9
        23        22        16        16
        26        18        19        19
        14        21        20        20
        14        12         7         7
         5         7        12        12
         4         1         5         5
        26        32        25        25
         5        10         4         4
         9         8         4         4
        25        18        26        26
        19        28        26        26
        24        30        23        23
        29        22        23        23
        20        12        14        14
         7         6        14        14
         8         9        15        15
         5         1         2         2
         6         7         2         2
        30        24        31        31
        20        21        27        27
        28        19        27        27
        16         9        10        10
         1         4         3         3
        32        26        33        33
        21        14        13        13
        25        24        17        17
        22        15        16        16
        17        23        16        16
        32        31        25        25
        12        20        19        19
        28        33        26        26
         8         3         4         4
        30        29        23        23
         6        13        14        14
