title="tecplot geometry and solution file"
variables = x y z mach temperature lambda1 lambda2 lambda3 lambda4 lambda5
zone t="boundary 1 bc-1", solutiontime= 0.2000000E+02, strandid=1001, i=32, j=46, f=feblock
 -0.547468544169E-02  0.000000000000E+00 -0.567606031243E-02  0.000000000000E+00  0.000000000000E+00  0.000000000000E+00 -0.525159244851E-02
 -0.425776897977E-02  0.000000000000E+00  0.000000000000E+00  0.000000000000E+00  0.000000000000E+00  0.000000000000E+00  0.000000000000E+00
  0.000000000000E+00  0.000000000000E+00 -0.338395986572E-02  0.000000000000E+00  0.000000000000E+00  0.000000000000E+00  0.000000000000E+00
  0.000000000000E+00  0.000000000000E+00  0.000000000000E+00  0.000000000000E+00  0.000000000000E+00  0.000000000000E+00  0.000000000000E+00
  0.000000000000E+00  0.000000000000E+00  0.000000000000E+00  0.000000000000E+00
  0.250494197117E+01  0.250494197117E+01  0.127822156907E+01  0.146289271009E+01  0.157686156160E+01  0.308372018325E+00  0.261948602442E-01
 -0.122573481164E+01 -0.600232012419E+00  0.250494197117E+01  0.477386199275E+00  0.742988685424E+00 -0.739814786992E+00  0.177790177481E+01
  0.155830813274E+01  0.250494197117E+01 -0.249658903664E+01 -0.154800130438E+01 -0.487811078581E+00  0.250494197117E+01  0.627766083140E+00
 -0.345533899378E+00 -0.178862290564E+01 -0.158811787973E+01  0.125000000000E+01 -0.249658903664E+01 -0.144524380962E+01  0.000000000000E+00
 -0.125000000000E+01 -0.249658903664E+01 -0.249658903664E+01 -0.249658903664E+01
  0.803813859867E-04  0.125000000000E+01  0.822460170215E-04  0.103724302461E+01  0.219251206392E+01  0.922061490191E+00  0.103872438719E-03
  0.341545874230E-04  0.715990576545E+00  0.250000000000E+01  0.202479342020E+01  0.324151231464E+01  0.175434191980E+01  0.310152362409E+01
  0.404200324774E+01  0.375000000000E+01  0.810725962649E-04  0.930412228790E+00  0.299062775774E+01  0.500000000000E+01  0.429310310915E+01
  0.409252726285E+01  0.187029682677E+01  0.284428995242E+01  0.500000000000E+01  0.125000000000E+01  0.394624082883E+01  0.500000000000E+01
  0.500000000000E+01  0.250000000000E+01  0.375000000000E+01  0.500000000000E+01
  0.000000000000E+00  0.440666214091E+00  0.000000000000E+00  0.474617251435E+00  0.460123126357E+00  0.468636774984E+00  0.000000000000E+00
  0.000000000000E+00  0.402549872254E+00  0.469884091894E+00  0.464193478194E+00  0.478749614938E+00  0.489549465334E+00  0.483128669053E+00
  0.488002259909E+00  0.489034104323E+00  0.000000000000E+00  0.465240564346E+00  0.473760502823E+00  0.495364297290E+00  0.490293371229E+00
  0.486277598054E+00  0.445854520604E+00  0.464358879564E+00  0.496127933522E+00  0.443900347073E+00  0.486930056481E+00  0.497248722542E+00
  0.496055921459E+00  0.467744048732E+00  0.488189258165E+00  0.495091099977E+00
  0.999990300362E+00  0.102983027301E+01  0.999990762612E+00  0.104241479569E+01  0.101187755093E+01  0.102516586953E+01  0.999991420552E+00
  0.999992171067E+00  0.103882587599E+01  0.100825880510E+01  0.101253541373E+01  0.100301664923E+01  0.102705528947E+01  0.100604152563E+01
  0.100244540576E+01  0.100354834274E+01  0.999992724186E+00  0.103209927148E+01  0.100459382920E+01  0.100178631734E+01  0.100260315206E+01
  0.100234717451E+01  0.101657069468E+01  0.100620508927E+01  0.100168367826E+01  0.104024762909E+01  0.100303428499E+01  0.100118707696E+01
  0.100134422954E+01  0.100976315298E+01  0.100405567247E+01  0.100176392267E+01
  0.110418768069E+01  0.575616814823E+01  0.155305503539E+01  0.714923857922E+01  0.426880655757E+01  0.367071875229E+01  0.497174430828E+01
  0.445852812011E+01 -0.919066457999E+00  0.186700913858E+01  0.654463896023E+01  0.314026741016E+01  0.886643210238E+01  0.121263991894E+01
  0.146749958988E+02  0.111792915134E+02  0.625213980434E+01  0.321737753953E+01  0.246732683109E+01  0.751548289215E+02  0.222347510947E+02
  0.125599151629E+02  0.734974432330E+01  0.210005932619E+01  0.772684621184E+02  0.946623308190E+01  0.108788910355E+02  0.850731924136E+02
  0.759356773003E+02  0.268793231610E+01  0.104403447316E+02  0.712603975809E+02
  0.533070452597E+00  0.229587688814E+01  0.849520631491E+00  0.257123292412E+01  0.178083635729E+01  0.327560843933E+01  0.695069229029E+00
  0.139077423803E+01  0.263872521843E+01  0.121872994550E+01  0.206752497986E+01  0.106818689976E+01  0.249959115033E+01  0.782418059857E+00
  0.297785267154E+01  0.245822273918E+01  0.949630581466E+00  0.293007126103E+01  0.939811869813E+00  0.154843520130E+02  0.452812068579E+01
  0.250645168859E+01  0.226601050581E+01  0.896022501779E+00  0.161545915265E+02  0.223723416907E+01  0.222499933890E+01  0.178130010658E+02
  0.158585031144E+02  0.115286795669E+01  0.239222646355E+01  0.148224517273E+02
  0.518332529129E-01  0.683286741475E-01 -0.217581859767E+00 -0.308163157458E+00 -0.432827081498E+00 -0.755915844841E+00  0.633197191352E-01
 -0.461999019627E+00  0.217223243909E+00  0.743645338229E-02 -0.633468214122E+00 -0.183380539947E+00 -0.433979231798E+00 -0.931530457600E-01
  0.154229050875E+00  0.207893000649E-01 -0.340766718506E+00 -0.968255252083E+00 -0.189454754922E+00 -0.414949768682E-02  0.394890972725E-01
 -0.866294820138E-01  0.719286178231E-01 -0.123560291544E+00 -0.141461357006E+00 -0.180986487009E+00 -0.746554952799E-01 -0.184190272595E-01
  0.139896953935E-01 -0.125940602477E-01 -0.340183788177E-01 -0.552485293903E-02
 -0.111136149284E+01 -0.366433638885E+01 -0.192923907258E+01 -0.411243581142E+01 -0.400878376530E+01 -0.917868915953E+01 -0.161649390928E+01
 -0.250318158737E+01 -0.120403550366E+02 -0.402020896301E+01 -0.415655657050E+01 -0.341457977353E+01 -0.393840849491E+01 -0.362794535647E+01
 -0.242296079952E+01 -0.273378554722E+01 -0.179801648646E+01 -0.104135218589E+02 -0.382804228093E+01 -0.104976907150E+01 -0.220926753143E+01
 -0.257045312164E+01 -0.491794458531E+01 -0.417581808325E+01 -0.994055275945E+00 -0.751761859336E+01 -0.263807562806E+01 -0.923992870756E+00
 -0.115397554874E+01 -0.499842333402E+01 -0.287188189501E+01 -0.116149834902E+01
 -0.469617004399E+00 -0.234163131043E+01 -0.676048942914E+00 -0.288071091600E+01 -0.151862091005E+01 -0.205778030304E+01 -0.722990293112E+00
 -0.904397952599E+00 -0.459242109767E+00 -0.511096138128E+00 -0.225725071400E+01 -0.105107327160E+01 -0.298086833384E+01 -0.239247914639E+00
 -0.575586398699E+01 -0.435407134473E+01 -0.117273162406E+01 -0.188539751794E+01 -0.777568437032E+00 -0.312096587362E+02 -0.891765693245E+01
 -0.485969702107E+01 -0.243595325177E+01 -0.596483911028E+00 -0.321318984647E+02 -0.359852491675E+01 -0.414584124338E+01 -0.354782490069E+02
 -0.315968074767E+02 -0.700320620130E+00 -0.403643340785E+01 -0.295739805687E+02
        12        19        11        11
        11         5        12        12
        10        14         5         5
        19        13        11        11
        19        24        13        13
        30        23        24        24
        19        12        22        22
        28        22        21        21
        11        13         6         6
         7         6         9         9
        15        12        14        14
        18        13        23        23
        15        25        21        21
        27        19        22        22
        18         8         9         9
        27        31        24        24
         4        11         6         6
         5        14        12        12
         4         2         5         5
        21        12        15        15
        14        16        15        15
        24        19        27        27
        22        29        27        27
        23        26        18        18
        17         8        18        18
         5        11         4         4
         6         3         4         4
        26        23        30        30
         5         2        10        10
        16        14        10        10
         3         6         7         7
        21        25        28        28
        29        22        28        28
         6        13         9         9
         2         4         1         1
        31        27        32        32
        25        15        20        20
        24        23        13        13
         8         7         9         9
        13        18         9         9
        31        30        24        24
        12        21        22        22
        29        32        27        27
         3         1         4         4
        26        17        18        18
        16        20        15        15
zone t="boundary 2 bc-2", solutiontime= 0.2000000E+02, strandid=1002, i=33, j=48, f=feblock
  0.500195253374E+01  0.375034811161E+01  0.249861146299E+01  0.288036674177E+01  0.124717526933E+01  0.190856698521E+01  0.326577190273E+01
  0.201394856120E+01 -0.338395986572E-02  0.962374249381E+00  0.500000000000E+01  0.403430190008E+01  0.423029563807E+01  0.500000000000E+01
  0.385439188940E+01  0.500000000000E+01  0.398133433176E+01  0.315200081417E+01  0.266958028869E+01  0.154798029824E+01  0.218327860466E+01
  0.893688440338E+00  0.000000000000E+00  0.699009761768E+00  0.964460899052E+00  0.310303671659E+01  0.000000000000E+00  0.000000000000E+00
  0.125000000000E+01  0.500000000000E+01  0.375000000000E+01  0.250000000000E+01  0.000000000000E+00
 -0.249658903664E+01 -0.249658903664E+01 -0.249658903664E+01 -0.249658903664E+01 -0.249658903664E+01 -0.249658903664E+01 -0.249658903664E+01
 -0.249658903664E+01 -0.249658903664E+01 -0.249658903664E+01 -0.249658903664E+01 -0.249658903664E+01 -0.249658903664E+01 -0.249658903664E+01
 -0.249658903664E+01 -0.249658903664E+01 -0.249658903664E+01 -0.249658903664E+01 -0.249658903664E+01 -0.249658903664E+01 -0.249658903664E+01
 -0.249658903664E+01 -0.249658903664E+01 -0.249658903664E+01 -0.249658903664E+01 -0.249658903664E+01 -0.249658903664E+01 -0.249658903664E+01
 -0.249658903664E+01 -0.249658903664E+01 -0.249658903664E+01 -0.249658903664E+01 -0.249658903664E+01
  0.108225889030E-03  0.145875369682E-03  0.100893326425E-03  0.901663374396E+00  0.110858761917E-03  0.714928318829E+00  0.188140648011E+01
  0.175892165504E+01  0.810725962649E-04  0.957504300331E+00  0.125000000000E+01  0.100596698996E+01  0.191313519089E+01  0.250000000000E+01
  0.292898096716E+01  0.375000000000E+01  0.406883369524E+01  0.363389289944E+01  0.284756860985E+01  0.292582308120E+01  0.395754054931E+01
  0.205027256979E+01  0.125000000000E+01  0.306703272692E+01  0.397155766662E+01  0.433068622168E+01  0.250000000000E+01  0.375000000000E+01
  0.500000000000E+01  0.500000000000E+01  0.500000000000E+01  0.500000000000E+01  0.500000000000E+01
  0.000000000000E+00  0.000000000000E+00  0.000000000000E+00  0.380610262149E+00  0.000000000000E+00  0.343302163911E+00  0.585285498568E+00
  0.579523873721E+00  0.000000000000E+00  0.500979747332E+00  0.508782814017E+00  0.434361560749E+00  0.572843977212E+00  0.537166654001E+00
  0.569106490033E+00  0.515013352172E+00  0.508252450097E+00  0.527349030424E+00  0.567655252726E+00  0.531857855076E+00  0.506012444339E+00
  0.521051129094E+00  0.443900347073E+00  0.490706184896E+00  0.492149786373E+00  0.501385664791E+00  0.467744048732E+00  0.488189258165E+00
  0.489961991134E+00  0.491321546659E+00  0.486017931588E+00  0.489981935261E+00  0.495091099977E+00
  0.999993488485E+00  0.999993690942E+00  0.999993544242E+00  0.989581137391E+00  0.999993139053E+00  0.985581489207E+00  0.989839349776E+00
  0.991729030504E+00  0.999992724186E+00  0.984216351929E+00  0.985140607796E+00  0.984808793931E+00  0.990067211347E+00  0.100292629404E+01
  0.999859927063E+00  0.100487346357E+01  0.100122739133E+01  0.100057008832E+01  0.997888967161E+00  0.100350843654E+01  0.100059307424E+01
  0.101090476404E+01  0.104024762909E+01  0.100327844767E+01  0.100254887617E+01  0.100046793890E+01  0.100976315298E+01  0.100405567247E+01
  0.100192580062E+01  0.100045822703E+01  0.100058944082E+01  0.100110055989E+01  0.100176392267E+01
  0.747987554974E+01  0.791900350835E+01  0.701165704213E+01  0.827268183406E+01  0.949690746371E+01  0.804154455288E+01  0.964120359219E+01
  0.863935085157E+01  0.625213980434E+01  0.889306823716E+01  0.115709086433E+02  0.959754797399E+01  0.105917921518E+02  0.873079811381E+01
  0.688793400342E+01  0.602358426333E+01  0.449979439377E+01  0.541627596978E+01  0.694003911385E+01  0.402264772200E+01  0.702436358054E+01
  0.662793457700E+01  0.946623308190E+01  0.335236526157E+01  0.114976750296E+02  0.843415282505E+01  0.268793231610E+01  0.104403447316E+02
  0.636879810799E+02  0.706257386567E+01  0.280483738699E+02  0.549651485937E+02  0.712603975809E+02
 -0.150454046276E+01  0.288920022937E+00  0.166031663110E+00  0.285598255428E+01 -0.119333578444E+00  0.160011832762E+01 -0.160600086043E+01
  0.727143278826E-01  0.949630581466E+00  0.253998099476E+01 -0.254947790693E+01  0.731307232549E-01 -0.246235395927E+01 -0.227042935858E+01
 -0.209186494383E+01 -0.141412382164E+01 -0.193169586588E+01 -0.181540882627E+01 -0.180375869791E+01 -0.117558221522E+01 -0.946125034647E+00
  0.548972568827E+00  0.223723416907E+01 -0.120340313834E+00  0.107194922265E+01 -0.108734644535E+01  0.115286795669E+01  0.239222646355E+01
  0.113406800815E+02 -0.385840338063E+00  0.274174609112E+01  0.840968270304E+01  0.148224517273E+02
 -0.174953198344E+00 -0.308014940861E+00  0.144312989202E+00  0.387796304527E+00  0.261625917946E+00  0.882506238196E+00 -0.122455725413E+00
 -0.246693890593E+00 -0.340766718506E+00  0.294003986978E+00 -0.714315401891E-01 -0.209077459415E+00  0.527605080214E-01 -0.151970968016E-01
 -0.785409829744E-02  0.225420525129E-01 -0.272014353561E-01  0.154090588729E-01  0.661105485454E-01  0.988289289255E-01 -0.931938498443E-02
 -0.163369448056E-01 -0.180986487009E+00 -0.365067794191E-01 -0.548331824858E-01  0.528001722596E-02 -0.125940602477E-01 -0.340183788177E-01
 -0.379316150320E-02  0.334019752336E-02  0.234984099692E-02 -0.975066763921E-02 -0.552485293903E-02
 -0.103492782008E+01 -0.172815542701E+01 -0.136271057676E+01 -0.700145979395E+01 -0.248929520197E+01 -0.107323697924E+02 -0.183271891821E+01
 -0.353384633737E+01 -0.179801648646E+01 -0.775148612499E+01 -0.584218804031E+00 -0.282077285095E+01 -0.796633889646E+00 -0.342094335172E+00
 -0.132882125751E+01 -0.423430779762E+00 -0.133820143913E+01 -0.203695937045E+01 -0.248709268045E+01 -0.346827483402E+01 -0.241057012666E+01
 -0.433177419384E+01 -0.751761859336E+01 -0.359473467678E+01 -0.259128731672E+01 -0.201502018427E+01 -0.499842333402E+01 -0.287188189501E+01
 -0.160903066568E+01 -0.752664239334E+00 -0.172660681855E+01 -0.192670992665E+01 -0.116149834902E+01
 -0.974951220248E+00 -0.398143515429E-02  0.438966278223E-02 -0.321481638922E+01  0.151316217836E-02 -0.338214798749E+01 -0.206324491054E+01
 -0.211045087435E+01 -0.117273162406E+01 -0.357259435657E+01 -0.258749773146E+01 -0.262559263606E+01 -0.225388477588E+01 -0.166242855974E+01
 -0.119115893102E+01 -0.121569577881E+01 -0.534145635114E+00 -0.872837476392E+00 -0.136827045862E+01 -0.598251744191E+00 -0.175932902054E+01
 -0.179539028592E+01 -0.359852491675E+01 -0.755380199827E+00 -0.403350427235E+01 -0.222910412489E+01 -0.700320620130E+00 -0.403643340785E+01
 -0.258415870251E+02 -0.212135238001E+01 -0.105005010625E+02 -0.218168586667E+02 -0.295739805687E+02
        15         7        19        19
         8        20        19        19
        18        19        21        21
         7         4         8         8
         3         6         4         4
        19         7         8         8
        19        18        15        15
        14        13        15        15
         8        22        20        20
        27        24        22        22
        19        20        21        21
        32        26        21        21
        17        18        26        26
        17        16        15        15
        25        29        21        21
        12         7        13        13
        10         8         6         6
        25        20        24        24
         4         6         8         8
        12         2         4         4
        10        23        22        22
        26        31        17        17
        30        16        17        17
         4         7        12        12
        13        11        12        12
        21        20        25        25
        24        28        25        25
        22         8        10        10
         6         5        10        10
        31        26        32        32
         4         2         3         3
         5         6         3         3
        11        13        14        14
        22        23        27        27
        28        24        27        27
        15        13         7         7
         2        12         1         1
        29        25        33        33
        23        10         9         9
        21        26        18        18
        16        14        15        15
        18        17        15        15
        29        32        21        21
        22        24        20        20
        28        33        25        25
        11         1        12        12
        31        30        17        17
         5         9        10        10
zone t="boundary 3 bc-3", solutiontime= 0.2000000E+02, strandid=1003, i=33, j=48, f=feblock
  0.375059096892E+01  0.249769609313E+01  0.500322133174E+01  0.403612218725E+01  0.287976772365E+01  0.124541910518E+01  0.190552237404E+01
  0.500000000000E+01  0.326671104552E+01  0.423253755448E+01  0.201271136506E+01 -0.547468544169E-02  0.958895643487E+00  0.500000000000E+01
  0.266968147299E+01  0.385584487271E+01  0.890374214836E+00  0.154654013699E+01  0.000000000000E+00  0.500000000000E+01  0.315261136744E+01
  0.218304199515E+01  0.398195307895E+01  0.000000000000E+00  0.697379952124E+00  0.963757277315E+00  0.125000000000E+01  0.000000000000E+00
  0.500000000000E+01  0.310330738524E+01  0.250000000000E+01  0.375000000000E+01  0.000000000000E+00
  0.250494197117E+01  0.250494197117E+01  0.250494197117E+01  0.250494197117E+01  0.250494197117E+01  0.250494197117E+01  0.250494197117E+01
  0.250494197117E+01  0.250494197117E+01  0.250494197117E+01  0.250494197117E+01  0.250494197117E+01  0.250494197117E+01  0.250494197117E+01
  0.250494197117E+01  0.250494197117E+01  0.250494197117E+01  0.250494197117E+01  0.250494197117E+01  0.250494197117E+01  0.250494197117E+01
  0.250494197117E+01  0.250494197117E+01  0.250494197117E+01  0.250494197117E+01  0.250494197117E+01  0.250494197117E+01  0.250494197117E+01
  0.250494197117E+01  0.250494197117E+01  0.250494197117E+01  0.250494197117E+01  0.250494197117E+01
  0.135649900494E-03  0.110129816467E-03  0.966887303890E-04  0.101756752009E+01  0.908094589218E+00  0.103942505801E-03  0.722629083213E+00
  0.125000000000E+01  0.188965661746E+01  0.191862696980E+01  0.176708239098E+01  0.803813859867E-04  0.969652551954E+00  0.250000000000E+01
  0.285339433501E+01  0.293325058812E+01  0.205656223819E+01  0.293157016932E+01  0.125000000000E+01  0.375000000000E+01  0.363766838842E+01
  0.396069444983E+01  0.407056385475E+01  0.250000000000E+01  0.307031995245E+01  0.397359820314E+01  0.500000000000E+01  0.375000000000E+01
  0.500000000000E+01  0.433260781310E+01  0.500000000000E+01  0.500000000000E+01  0.500000000000E+01
  0.000000000000E+00  0.000000000000E+00  0.000000000000E+00  0.444930326687E+00  0.402807304829E+00  0.000000000000E+00  0.379033816204E+00
  0.508818740007E+00  0.575701380330E+00  0.573472074602E+00  0.562547829758E+00  0.000000000000E+00  0.491637802825E+00  0.534336813543E+00
  0.556352181579E+00  0.564140551432E+00  0.522485305911E+00  0.521817734730E+00  0.440666214091E+00  0.517132977413E+00  0.524068294234E+00
  0.503616120436E+00  0.509419881731E+00  0.469884091894E+00  0.495645014420E+00  0.494503343531E+00  0.488630212220E+00  0.489034104323E+00
  0.492987209122E+00  0.498957573931E+00  0.486507800265E+00  0.484614058974E+00  0.495364297290E+00
  0.999989345567E+00  0.999989414891E+00  0.999989632591E+00  0.981380974378E+00  0.988680684584E+00  0.999989832933E+00  0.982276351823E+00
  0.984074897465E+00  0.990406099424E+00  0.990319064682E+00  0.994391010835E+00  0.999990300362E+00  0.988748587757E+00  0.100365238200E+01
  0.999773192633E+00  0.100117376381E+01  0.100830261588E+01  0.100251270964E+01  0.102983027301E+01  0.100441979611E+01  0.100199190108E+01
  0.100081961865E+01  0.100137906157E+01  0.100825880510E+01  0.100297440226E+01  0.100191721483E+01  0.100214792073E+01  0.100354834274E+01
  0.100047555022E+01  0.100056537700E+01  0.100126704333E+01  0.100066742194E+01  0.100178631734E+01
  0.893604028101E+01  0.479867591255E+01  0.744336133342E+01  0.910419693358E+01  0.863125452193E+01  0.369636474047E+01  0.772947125427E+01
  0.113025331916E+02  0.963503169657E+01  0.978001701703E+01  0.893015879676E+01  0.110418768069E+01  0.821160857648E+01  0.815619391455E+01
  0.693509019188E+01  0.738800178253E+01  0.670565932696E+01  0.434128881956E+01  0.575616814823E+01  0.601227071362E+01  0.511864214893E+01
  0.588145536137E+01  0.469779432052E+01  0.186700913858E+01  0.266104836286E+01  0.149138836387E+02  0.550621225435E+02  0.111792915134E+02
  0.584156284866E+01  0.755669677007E+01  0.504654945047E+02  0.267072162048E+02  0.751548289215E+02
  0.310703708503E+00  0.448457655968E+00 -0.160239242367E+01  0.119628665144E+01  0.342320633312E+01  0.407993032045E+00  0.338820907158E+01
 -0.245947536740E+01 -0.196852421503E+01 -0.259415915473E+01  0.237281976579E+00  0.533070452597E+00  0.320150203380E+01 -0.215363430313E+01
 -0.162068900058E+01 -0.191423954497E+01  0.146776314997E+01 -0.927698514876E+00  0.229587688814E+01 -0.149269516895E+01 -0.180000379834E+01
 -0.123632575251E+01 -0.181048171561E+01  0.121872994550E+01 -0.707213342947E-01  0.175134810689E+01  0.962377287738E+01  0.245822273918E+01
 -0.578656076758E+00 -0.122491391242E+01  0.757414491297E+01  0.251217593650E+01  0.154843520130E+02
 -0.100710388916E+00 -0.290473189611E-01  0.389772176428E-01 -0.635773026710E+00 -0.642026205177E+00 -0.111354693494E+00 -0.507991636501E-01
  0.485551150219E-01  0.146627404828E+00  0.280784806844E-01  0.138773705305E+00  0.518332529129E-01  0.600051063790E-01 -0.174548592208E-01
 -0.508016630148E-01  0.340778199787E-02 -0.415633016692E-01 -0.135954065933E+00  0.683286741475E-01 -0.215202210541E-01  0.386936141639E-02
  0.500647829362E-02  0.425351955447E-02  0.743645338229E-02  0.608601631992E-01  0.610759955766E-01 -0.154421688783E-01  0.207893000649E-01
 -0.125871903881E-01 -0.756740966284E-03 -0.477167784083E-02 -0.187739498246E-02 -0.414949768682E-02
 -0.179925900301E+01 -0.161245466018E+01 -0.789030152150E+00 -0.598346426792E+01 -0.667799931302E+01 -0.157931079598E+01 -0.652150658093E+01
 -0.288326499512E+00 -0.217159010881E+01 -0.796228070453E+00 -0.313256914662E+01 -0.111136149284E+01 -0.444525911909E+01 -0.376321038470E+00
 -0.244957540083E+01 -0.129948885279E+01 -0.383155616740E+01 -0.325490486465E+01 -0.366433638885E+01 -0.497777362168E+00 -0.189414163167E+01
 -0.238126688508E+01 -0.133219914468E+01 -0.402020896301E+01 -0.348488399739E+01 -0.249914292075E+01 -0.164607759962E+01 -0.273378554722E+01
 -0.675535685940E+00 -0.190000618778E+01 -0.191537140140E+01 -0.167677055891E+01 -0.104976907150E+01
 -0.390410793604E-02 -0.436418070127E-01 -0.870075442391E+00 -0.296287292058E+01 -0.343859781169E+01 -0.633701656358E-01 -0.342961980719E+01
 -0.254368986296E+01 -0.199911388882E+01 -0.192611189202E+01 -0.236266024956E+01 -0.469617004399E+00 -0.328297173046E+01 -0.154428354513E+01
 -0.144054519367E+01 -0.143955816968E+01 -0.216164876637E+01 -0.785957523228E+00 -0.234163131043E+01 -0.117622627923E+01 -0.773503853199E+00
 -0.127207385347E+01 -0.662510198233E+00 -0.511096138128E+00 -0.549897729966E+00 -0.547371452023E+01 -0.222086001606E+02 -0.435407134473E+01
 -0.163501567872E+01 -0.189329775838E+01 -0.199576251190E+02 -0.995589748522E+01 -0.312096587362E+02
        15         9        16        16
        15        18        11        11
        22        15        21        21
        11         5         9         9
         5         7         2         2
        11         9        15        15
        16        21        15        15
        16        10        14        14
        18        17        11        11
        17        25        24        24
        22        18        15        15
        22        30        31        31
        30        21        23        23
        16        20        23        23
        22        27        26        26
        10         9         4         4
         7        11        13        13
        25        18        26        26
        11         7         5         5
         5         1         4         4
        17        19        13        13
        23        32        30        30
        23        20        29        29
         4         9         5         5
         4         8        10        10
        26        18        22        22
        26        28        25        25
        13        11        17        17
        13         6         7         7
        31        30        32        32
         2         1         5         5
         2         7         6         6
        14        10         8         8
        24        19        17        17
        24        25        28        28
         9        10        16        16
         3         4         1         1
        33        26        27        27
        12        13        19        19
        21        30        22        22
        16        14        20        20
        16        23        21        21
        22        31        27        27
        18        25        17        17
        26        33        28        28
         4         3         8         8
        23        29        32        32
        13        12         6         6
zone t="boundary 4 bc-4", solutiontime= 0.2000000E+02, strandid=1004, i=32, j=46, f=feblock
  0.125000000000E+01  0.219251206392E+01  0.103724302461E+01  0.500000000000E+01  0.250000000000E+01  0.375000000000E+01  0.404200324774E+01
  0.500000000000E+01  0.000000000000E+00  0.310152362409E+01  0.202479342020E+01  0.324151231464E+01  0.922061490191E+00  0.000000000000E+00
  0.299062775774E+01  0.394624082883E+01  0.500000000000E+01  0.409252726285E+01  0.500000000000E+01  0.429310310915E+01  0.175434191980E+01
  0.284428995242E+01  0.000000000000E+00  0.000000000000E+00  0.715990576545E+00  0.930412228790E+00  0.125000000000E+01  0.187029682677E+01
  0.500000000000E+01  0.375000000000E+01  0.250000000000E+01  0.000000000000E+00
  0.250494197117E+01  0.157686156160E+01  0.146289271009E+01  0.250494197117E+01  0.250494197117E+01  0.250494197117E+01  0.155830813274E+01
  0.125000000000E+01  0.250494197117E+01  0.177790177481E+01  0.477386199275E+00  0.742988685424E+00  0.308372018325E+00  0.125000000000E+01
 -0.487811078581E+00 -0.144524380962E+01 -0.125000000000E+01 -0.345533899378E+00  0.000000000000E+00  0.627766083140E+00 -0.739814786992E+00
 -0.158811787973E+01  0.000000000000E+00 -0.125000000000E+01 -0.600232012419E+00 -0.154800130438E+01 -0.249658903664E+01 -0.178862290564E+01
 -0.249658903664E+01 -0.249658903664E+01 -0.249658903664E+01 -0.249658903664E+01
  0.500000000000E+01  0.500000000000E+01  0.500000000000E+01  0.500000000000E+01  0.500000000000E+01  0.500000000000E+01  0.500000000000E+01
  0.500000000000E+01  0.500000000000E+01  0.500000000000E+01  0.500000000000E+01  0.500000000000E+01  0.500000000000E+01  0.500000000000E+01
  0.500000000000E+01  0.500000000000E+01  0.500000000000E+01  0.500000000000E+01  0.500000000000E+01  0.500000000000E+01  0.500000000000E+01
  0.500000000000E+01  0.500000000000E+01  0.500000000000E+01  0.500000000000E+01  0.500000000000E+01  0.500000000000E+01  0.500000000000E+01
  0.500000000000E+01  0.500000000000E+01  0.500000000000E+01  0.500000000000E+01
  0.488630212220E+00  0.488908716439E+00  0.490613563023E+00  0.492987209122E+00  0.486507800265E+00  0.484614058974E+00  0.485349379989E+00
  0.494165072826E+00  0.495364297290E+00  0.486547191318E+00  0.487827844382E+00  0.487055837589E+00  0.494058544536E+00  0.496127933522E+00
  0.487591516691E+00  0.483167459327E+00  0.492383185910E+00  0.487198277340E+00  0.494738152002E+00  0.487948631654E+00  0.489652457880E+00
  0.487975472983E+00  0.497248722542E+00  0.496055921459E+00  0.494948818827E+00  0.492779385287E+00  0.489961991134E+00  0.489965023644E+00
  0.491321546659E+00  0.486017931588E+00  0.489981935261E+00  0.495091099977E+00
  0.100214792073E+01  0.100152366602E+01  0.100177921758E+01  0.100047555022E+01  0.100126704333E+01  0.100066742194E+01  0.100025486927E+01
  0.100050300652E+01  0.100178631734E+01  0.100112357820E+01  0.100132836583E+01  0.100072276399E+01  0.100164069721E+01  0.100168367826E+01
  0.100096358335E+01  0.100001091236E+01  0.100083203976E+01  0.100022366105E+01  0.100062122326E+01  0.100023363627E+01  0.100174700863E+01
  0.100098998959E+01  0.100118707696E+01  0.100134422954E+01  0.100132700903E+01  0.100179943015E+01  0.100192580062E+01  0.100163765934E+01
  0.100045822703E+01  0.100058944082E+01  0.100110055989E+01  0.100176392267E+01
  0.550621225435E+02  0.529297265194E+02  0.557967773829E+02  0.584156284866E+01  0.504654945047E+02  0.267072162048E+02  0.184557847364E+02
  0.578146826174E+01  0.751548289215E+02  0.413779726510E+02  0.569878971150E+02  0.391212036325E+02  0.684504249248E+02  0.772684621184E+02
  0.447244861564E+02  0.182051330031E+02  0.668577009657E+01  0.229609004595E+02  0.546721101729E+01  0.228008278370E+02  0.711118548193E+02
  0.426768417648E+02  0.850731924136E+02  0.759356773003E+02  0.800106716749E+02  0.635720858063E+02  0.636879810799E+02  0.666639244835E+02
  0.706257386567E+01  0.280483738699E+02  0.549651485937E+02  0.712603975809E+02
  0.962377287738E+01  0.838068856752E+01  0.988979991359E+01 -0.578656076758E+00  0.757414491297E+01  0.251217593650E+01  0.104478089023E+01
 -0.450068340140E+00  0.154843520130E+02  0.548073672443E+01  0.913427849724E+01  0.498063680741E+01  0.123259833585E+02  0.161545915265E+02
  0.614057046554E+01  0.102058205326E+01 -0.450536686564E+00  0.188900459299E+01 -0.462933729768E+00  0.188685392175E+01  0.121399094840E+02
  0.571085141809E+01  0.178130010658E+02  0.158585031144E+02  0.150556877838E+02  0.116953979468E+02  0.113406800815E+02  0.112282341972E+02
 -0.385840338063E+00  0.274174609112E+01  0.840968270304E+01  0.148224517273E+02
 -0.154421688783E-01 -0.290382893654E-01 -0.694622369196E-01 -0.125871903881E-01 -0.477167784083E-02 -0.187739498246E-02 -0.388479058076E-01
  0.170269992050E-01 -0.414949768682E-02 -0.150698481033E-01 -0.125865872060E+00 -0.287910315935E-01 -0.195938745373E+00 -0.141461357006E+00
 -0.197522795069E-01  0.752902908811E-02  0.128557332781E-01  0.105493560157E+00  0.340116423619E-02  0.674569625253E-02 -0.466144395905E-01
 -0.356554759186E-01 -0.184190272595E-01  0.139896953935E-01 -0.631270116008E-02  0.908173486159E-01 -0.379316150320E-02  0.721059015768E-01
  0.334019752336E-02  0.234984099692E-02 -0.975066763921E-02 -0.552485293903E-02
 -0.164607759962E+01 -0.188172802891E+01 -0.156524844574E+01 -0.675535685940E+00 -0.191537140140E+01 -0.167677055891E+01 -0.149941661459E+01
 -0.612257188877E+00 -0.104976907150E+01 -0.189045488004E+01 -0.183055812150E+01 -0.190513473236E+01 -0.151081599561E+01 -0.994055275945E+00
 -0.190471359439E+01 -0.154270306801E+01 -0.694077947966E+00 -0.153877818820E+01 -0.586122640461E+00 -0.139854602899E+01 -0.179651837670E+01
 -0.197193771692E+01 -0.923992870756E+00 -0.115397554874E+01 -0.129595144262E+01 -0.152037200971E+01 -0.160903066568E+01 -0.177733114699E+01
 -0.752664239334E+00 -0.172660681855E+01 -0.192670992665E+01 -0.116149834902E+01
 -0.222086001606E+02 -0.210557717064E+02 -0.226063266014E+02 -0.163501567872E+01 -0.199576251190E+02 -0.995589748522E+01 -0.655809418135E+01
 -0.167481590614E+01 -0.312096587362E+02 -0.160857334385E+02 -0.227520581557E+02 -0.151387107498E+02 -0.279000074733E+02 -0.321318984647E+02
 -0.174827499965E+02 -0.644732009629E+01 -0.196641698952E+01 -0.844540591055E+01 -0.156195449570E+01 -0.842963602592E+01 -0.286973888464E+02
 -0.166036815753E+02 -0.354782490069E+02 -0.315968074767E+02 -0.328906651381E+02 -0.259277569785E+02 -0.258415870251E+02 -0.268543180780E+02
 -0.212135238001E+01 -0.105005010625E+02 -0.218168586667E+02 -0.295739805687E+02
        12        15        11        11
        11         2        12        12
         5        10         2         2
        15        21        11        11
        15        22        21        21
        31        28        22        22
        15        12        18        18
        19        18        20        20
        11        21        13        13
        23        13        25        25
         7        12        10        10
        26        21        28        28
         7         8        20        20
        16        15        18        18
        26        24        25        25
        16        30        22        22
         3        11        13        13
         2        10        12        12
         3         1         2         2
        20        12         7         7
        10         6         7         7
        22        15        16        16
        18        17        16        16
        28        27        26        26
        32        24        26        26
         2        11         3         3
        13        14         3         3
        27        28        31        31
         2         1         5         5
         6        10         5         5
        14        13        23        23
        20         8        19        19
        17        18        19        19
        13        21        25        25
         1         3         9         9
        30        16        29        29
         8         7         4         4
        22        28        21        21
        24        23        25        25
        21        26        25        25
        30        31        22        22
        12        20        18        18
        17        29        16        16
        14         9         3         3
        27        32        26        26
         6         4         7         7
zone t="boundary 5 bc-5", solutiontime= 0.2000000E+02, strandid=1005, i=33, j=48, f=feblock
  0.500322133174E+01  0.500467668798E+01  0.500000000000E+01  0.500000000000E+01  0.500477267378E+01  0.500000000000E+01  0.500000000000E+01
  0.500000000000E+01  0.500000000000E+01  0.500000000000E+01  0.500358118334E+01  0.500000000000E+01  0.500000000000E+01  0.500000000000E+01
  0.500000000000E+01  0.500000000000E+01  0.500000000000E+01  0.500195253374E+01  0.500000000000E+01  0.500000000000E+01  0.500000000000E+01
  0.500000000000E+01  0.500000000000E+01  0.500000000000E+01  0.500000000000E+01  0.500000000000E+01  0.500000000000E+01  0.500000000000E+01
  0.500000000000E+01  0.500000000000E+01  0.500000000000E+01  0.500000000000E+01  0.500000000000E+01
  0.250494197117E+01  0.128129120217E+01  0.250494197117E+01  0.157899473280E+01  0.277507990648E-01  0.659350882208E+00  0.250494197117E+01
  0.173899611320E+01  0.825621401394E+00  0.132549389334E+01 -0.122585350888E+01 -0.322732261638E+00  0.250494197117E+01  0.490615021923E-01
 -0.873141960959E+00  0.350800286361E+00  0.145332269920E+01 -0.249658903664E+01 -0.147959633950E+01  0.250494197117E+01 -0.857924212153E+00
 -0.165007033378E+01  0.518568023061E+00 -0.461282870254E+00  0.125000000000E+01 -0.249658903664E+01 -0.183684615440E+01 -0.158398995423E+01
 -0.249658903664E+01 -0.249658903664E+01 -0.125000000000E+01  0.000000000000E+00 -0.249658903664E+01
  0.966887303890E-04  0.163805301938E-03  0.125000000000E+01  0.905837536509E+00  0.190347800845E-03  0.735450417037E+00  0.250000000000E+01
  0.182727219356E+01  0.162230260845E+01  0.280856328277E+01  0.160776520449E-03  0.109945440014E+01  0.375000000000E+01  0.227317933631E+01
  0.189599568386E+01  0.342819755379E+01  0.403384942830E+01  0.108225889030E-03  0.104050588738E+01  0.500000000000E+01  0.297954017413E+01
  0.214587157439E+01  0.430969386006E+01  0.408642231822E+01  0.500000000000E+01  0.125000000000E+01  0.304506426164E+01  0.398205049073E+01
  0.250000000000E+01  0.375000000000E+01  0.500000000000E+01  0.500000000000E+01  0.500000000000E+01
  0.000000000000E+00  0.000000000000E+00  0.508818740007E+00  0.471712425322E+00  0.000000000000E+00  0.480424704947E+00  0.534336813543E+00
  0.535531619250E+00  0.535217262723E+00  0.540680019904E+00  0.000000000000E+00  0.510273428527E+00  0.517132977413E+00  0.539182499878E+00
  0.543204092027E+00  0.529267297595E+00  0.511013649113E+00  0.000000000000E+00  0.495826128638E+00  0.492987209122E+00  0.531221672625E+00
  0.533997112617E+00  0.505620732074E+00  0.512014476594E+00  0.494165072826E+00  0.508782814017E+00  0.529626893995E+00  0.511930713562E+00
  0.537166654001E+00  0.515013352172E+00  0.492383185910E+00  0.494738152002E+00  0.491321546659E+00
  0.999989632591E+00  0.999990284980E+00  0.984074897465E+00  0.976466514671E+00  0.999991493230E+00  0.959091783848E+00  0.100365238200E+01
  0.994404490747E+00  0.991224200156E+00  0.100354018397E+01  0.999992822645E+00  0.971629385400E+00  0.100441979611E+01  0.100529955953E+01
  0.997231746294E+00  0.100663304702E+01  0.100304905544E+01  0.999993488485E+00  0.973552488429E+00  0.100047555022E+01  0.100766061326E+01
  0.100132074834E+01  0.100314075913E+01  0.100384124760E+01  0.100050300652E+01  0.985140607796E+00  0.100599387140E+01  0.100389539073E+01
  0.100292629404E+01  0.100487346357E+01  0.100083203976E+01  0.100062122326E+01  0.100045822703E+01
  0.744336133342E+01  0.795596232044E+01  0.113025331916E+02  0.114330583953E+02  0.837018818663E+01  0.103411555879E+02  0.815619391455E+01
  0.101144283529E+02  0.115796503305E+02  0.750145179887E+01  0.922161993588E+01  0.100587062150E+02  0.601227071362E+01  0.943218990558E+01
  0.109057090889E+02  0.627723331440E+01  0.487519691001E+01  0.747987554974E+01  0.102279655141E+02  0.584156284866E+01  0.748893771939E+01
  0.100272878721E+02  0.386923590552E+01  0.434887992752E+01  0.578146826174E+01  0.115709086433E+02  0.740928475059E+01  0.490844545845E+01
  0.873079811381E+01  0.602358426333E+01  0.668577009657E+01  0.546721101729E+01  0.706257386567E+01
 -0.160239242367E+01 -0.222442777677E+01 -0.245947536740E+01 -0.214805216949E+01 -0.230576021282E+01 -0.178173398142E+01 -0.215363430313E+01
 -0.251982321974E+01 -0.285498672924E+01 -0.200216454404E+01 -0.307416871894E+01 -0.209281239039E+01 -0.149269516895E+01 -0.250665340242E+01
 -0.286046615176E+01 -0.174808465765E+01 -0.151184328262E+01 -0.150454046276E+01 -0.204587385508E+01 -0.578656076758E+00 -0.198504855561E+01
 -0.257450005343E+01 -0.131829490819E+01 -0.156108190963E+01 -0.450068340140E+00 -0.254947790693E+01 -0.186432806480E+01 -0.158082406233E+01
 -0.227042935858E+01 -0.141412382164E+01 -0.450536686564E+00 -0.462933729768E+00 -0.385840338063E+00
  0.389772176428E-01  0.139347611048E-01  0.485551150219E-01  0.293390285272E-02 -0.403926254568E+00  0.867465571095E-01 -0.174548592208E-01
 -0.129294855363E+00 -0.214546006048E+00 -0.362059989882E-01  0.852139799498E-02 -0.220546726523E+00 -0.215202210541E-01 -0.273602701703E-01
  0.262213076094E-01 -0.269033728840E-01 -0.237920078090E-01 -0.174953198344E+00 -0.219898267431E-01 -0.125871903881E-01  0.291639376476E-01
  0.102981329887E+00 -0.117885202823E-01  0.263489458410E-02  0.170269992050E-01 -0.714315401891E-01  0.238839276949E-01  0.329467480363E-01
 -0.151970968016E-01  0.225420525129E-01  0.128557332781E-01  0.340116423619E-02  0.334019752336E-02
 -0.789030152150E+00 -0.891763965338E+00 -0.288326499512E+00 -0.627981241312E+00 -0.115407781137E+01 -0.293263773718E+01 -0.376321038470E+00
 -0.207421166991E+00 -0.266094079136E+00 -0.478470426141E+00 -0.103346229419E+01 -0.229520926208E+01 -0.497777362168E+00 -0.334189996336E+00
 -0.226489193338E+00 -0.357478328812E+00 -0.571015345824E+00 -0.103492782008E+01 -0.252141072173E+01 -0.675535685940E+00 -0.359751740285E+00
 -0.202259372028E+00 -0.425851743091E+00 -0.511291177759E+00 -0.612257188877E+00 -0.584218804031E+00 -0.300890638786E+00 -0.516511450809E+00
 -0.342094335172E+00 -0.423430779762E+00 -0.694077947966E+00 -0.586122640461E+00 -0.752664239334E+00
 -0.870075442391E+00 -0.114640760781E+01 -0.254368986296E+01 -0.283625628614E+01 -0.137762142096E+01 -0.270613054697E+01 -0.154428354513E+01
 -0.203167870326E+01 -0.240245422297E+01 -0.139620863159E+01 -0.183211126373E+01 -0.241038635888E+01 -0.117622627923E+01 -0.178623355450E+01
 -0.211177482665E+01 -0.113256003941E+01 -0.833891636273E+00 -0.974951220248E+00 -0.246716209751E+01 -0.163501567872E+01 -0.140054672596E+01
 -0.194075141768E+01 -0.591542278944E+00 -0.637687539582E+00 -0.167481590614E+01 -0.258749773146E+01 -0.143049830594E+01 -0.818462666588E+00
 -0.166242855974E+01 -0.121569577881E+01 -0.196641698952E+01 -0.156195449570E+01 -0.212135238001E+01
        12        15        14        14
        21        16        14        14
         9        14        10        10
        15        22        21        21
        29        27        22        22
        14        16        10        10
         7         8        10        10
        14        15        21        21
        14         9        12        12
         5        12         6         6
        21        24        16        16
        32        23        24        24
        28        21        27        27
        17        16        23        23
        28        31        24        24
        19        15        12        12
         4         2         6         6
         4         9         8         8
        10         8         9         9
        17        13        10        10
        19        26        22        22
        10        16        17        17
        23        25        17        17
        22        15        19        19
        12        11        19        19
        27        30        28        28
        33        31        28        28
         6         9         4         4
         8         3         4         4
        25        23        32        32
        10        13         7         7
         3         8         7         7
        30        27        29        29
         6         2         5         5
        11        12         5         5
        24        23        16        16
        13        17        20        20
        26        19        18        18
         2         4         1         1
        22        27        21        21
        31        32        24        24
        21        28        24        24
        26        29        22        22
         9         6        12        12
        11        18        19        19
        25        20        17        17
        30        33        28        28
         3         1         4         4
zone t="boundary 6 bc-6", solutiontime= 0.2000000E+02, strandid=1006, i=33, j=48, f=feblock
  0.375059096892E+01  0.249769609313E+01  0.500322133174E+01  0.403560203922E+01  0.280631115217E+01  0.124541910518E+01  0.182303273760E+01
  0.500467668798E+01  0.431322535535E+01  0.342786661481E+01  0.226876920017E+01  0.161701865931E+01 -0.547468544169E-02  0.900320961795E+00
  0.500477267378E+01  0.408884044540E+01  0.297791651125E+01  0.189186087594E+01  0.109435348063E+01  0.729840026748E+00 -0.567606031243E-02
  0.500358118334E+01  0.398317221069E+01  0.304409324138E+01  0.214319966288E+01  0.103661372330E+01 -0.525159244851E-02 -0.425776897977E-02
  0.500195253374E+01  0.375034811161E+01  0.249861146299E+01  0.124717526933E+01 -0.338395986572E-02
  0.250494197117E+01  0.250494197117E+01  0.250494197117E+01  0.148676003042E+01  0.135862937360E+01  0.250494197117E+01  0.177126519354E+01
  0.128129120217E+01  0.548913337634E+00  0.381390483997E+00  0.772369181920E-01  0.855320802494E+00  0.250494197117E+01  0.160897911228E+01
  0.277507990648E-01 -0.435104782594E+00 -0.833499148309E+00 -0.848131036561E+00 -0.296462201067E+00  0.687468474672E+00  0.127822156907E+01
 -0.122585350888E+01 -0.156121190484E+01 -0.181436122511E+01 -0.162712850922E+01 -0.145562642992E+01  0.261948602442E-01 -0.122573481164E+01
 -0.249658903664E+01 -0.249658903664E+01 -0.249658903664E+01 -0.249658903664E+01 -0.249658903664E+01
  0.135649900494E-03  0.110129816467E-03  0.966887303890E-04  0.171331286211E-03  0.194349216398E-03  0.103942505801E-03  0.183620288715E-03
  0.163805301938E-03  0.231300957359E-03  0.293695548343E-03  0.207230778309E-03  0.152981090497E-03  0.803813859867E-04  0.870414072768E-04
  0.190347800845E-03  0.271993329411E-03  0.224559693186E-03  0.167064550182E-03  0.126059023692E-03  0.104459864054E-03  0.822460170215E-04
  0.160776520449E-03  0.175711672037E-03  0.161700011242E-03  0.160617042523E-03  0.104718930153E-03  0.103872438719E-03  0.341545874230E-04
  0.108225889030E-03  0.145875369682E-03  0.100893326425E-03  0.110858761917E-03  0.810725962649E-04
  0.000000000000E+00  0.000000000000E+00  0.000000000000E+00  0.000000000000E+00  0.000000000000E+00  0.000000000000E+00  0.000000000000E+00
  0.000000000000E+00  0.000000000000E+00  0.000000000000E+00  0.000000000000E+00  0.000000000000E+00  0.000000000000E+00  0.000000000000E+00
  0.000000000000E+00  0.000000000000E+00  0.000000000000E+00  0.000000000000E+00  0.000000000000E+00  0.000000000000E+00  0.000000000000E+00
  0.000000000000E+00  0.000000000000E+00  0.000000000000E+00  0.000000000000E+00  0.000000000000E+00  0.000000000000E+00  0.000000000000E+00
  0.000000000000E+00  0.000000000000E+00  0.000000000000E+00  0.000000000000E+00  0.000000000000E+00
  0.999989345567E+00  0.999989414891E+00  0.999989632591E+00  0.999989603432E+00  0.999989623160E+00  0.999989832933E+00  0.999989802182E+00
  0.999990284980E+00  0.999990687105E+00  0.999990492890E+00  0.999991232882E+00  0.999990584619E+00  0.999990300362E+00  0.999990374872E+00
  0.999991493230E+00  0.999992142608E+00  0.999992690497E+00  0.999992319604E+00  0.999991647213E+00  0.999990921527E+00  0.999990762612E+00
  0.999992822645E+00  0.999993396492E+00  0.999993479934E+00  0.999993154372E+00  0.999992520805E+00  0.999991420552E+00  0.999992171067E+00
  0.999993488485E+00  0.999993690942E+00  0.999993544242E+00  0.999993139053E+00  0.999992724186E+00
  0.893604028101E+01  0.479867591255E+01  0.744336133342E+01  0.781281964794E+01  0.513416334020E+01  0.369636474047E+01  0.555012614817E+01
  0.795596232044E+01  0.857867431984E+01  0.693362095311E+01  0.580895577103E+01  0.507502663907E+01  0.110418768069E+01  0.534175176395E+01
  0.837018818663E+01  0.906349324282E+01  0.642085100111E+01  0.625108548866E+01  0.606911934722E+01  0.671188862604E+01  0.155305503539E+01
  0.922161993588E+01  0.883543801976E+01  0.572263554783E+01  0.528316672205E+01  0.652549263154E+01  0.497174430828E+01  0.445852812011E+01
  0.747987554974E+01  0.791900350835E+01  0.701165704213E+01  0.949690746371E+01  0.625213980434E+01
  0.310703708503E+00  0.448457655968E+00 -0.160239242367E+01  0.985876223499E+00  0.108787413310E+01  0.407993032045E+00  0.383256057303E+00
 -0.222442777677E+01  0.215429823876E+00  0.812351585691E+00  0.331447564271E+00  0.349326902006E+00  0.533070452597E+00  0.832094602179E+00
 -0.230576021282E+01  0.114556199208E+01  0.753400477622E+00 -0.475632289647E+00  0.168189533640E+01  0.709048040480E+00  0.849520631491E+00
 -0.307416871894E+01  0.140327341640E+01  0.312919257030E+00  0.206251461098E+00  0.116216576893E+01  0.695069229029E+00  0.139077423803E+01
 -0.150454046276E+01  0.288920022937E+00  0.166031663110E+00 -0.119333578444E+00  0.949630581466E+00
 -0.100710388916E+00 -0.290473189611E-01  0.389772176428E-01  0.363558983455E-01  0.151291779187E+00 -0.111354693494E+00 -0.421100351050E+00
  0.139347611048E-01  0.212213769148E+00 -0.376436407395E-01 -0.144220439726E+00 -0.173092097121E+00  0.518332529129E-01 -0.297141370806E+00
 -0.403926254568E+00 -0.752131316855E+00 -0.424566522535E+00 -0.556026350733E+00 -0.796837575541E+00 -0.719707187320E+00 -0.217581859767E+00
  0.852139799498E-02  0.672501193743E+00  0.162634883178E+00  0.387850017398E+00 -0.189156229533E+00  0.633197191352E-01 -0.461999019627E+00
 -0.174953198344E+00 -0.308014940861E+00  0.144312989202E+00  0.261625917946E+00 -0.340766718506E+00
 -0.179925900301E+01 -0.161245466018E+01 -0.789030152150E+00 -0.374732323829E+01 -0.411657854304E+01 -0.157931079598E+01 -0.219102284781E+01
 -0.891763965338E+00 -0.289782792416E+01 -0.399266188443E+01 -0.394241056994E+01 -0.413501700357E+01 -0.111136149284E+01 -0.290649451420E+01
 -0.115407781137E+01 -0.411798551068E+01 -0.395626767187E+01 -0.337648065871E+01 -0.513272685251E+01 -0.259895450284E+01 -0.192923907258E+01
 -0.103346229419E+01 -0.376466092015E+01 -0.249109667772E+01 -0.319314859922E+01 -0.557523002061E+01 -0.161649390928E+01 -0.250318158737E+01
 -0.103492782008E+01 -0.172815542701E+01 -0.136271057676E+01 -0.248929520197E+01 -0.179801648646E+01
 -0.390410793604E-02 -0.436418070127E-01 -0.870075442391E+00 -0.203113644950E-01 -0.143598025784E+00 -0.633701656358E-01 -0.105405131695E-01
 -0.114640760781E+01 -0.833266678058E-02 -0.446935477503E-01 -0.556779722387E-01 -0.416711887391E-01 -0.469617004399E+00 -0.101892351581E+00
 -0.137762142096E+01 -0.799535177232E-02 -0.648164181567E-01 -0.445514781707E-01 -0.444962852012E+00 -0.123501022243E+00 -0.676048942914E+00
 -0.183211126373E+01 -0.186618304355E-01 -0.760870798401E-01 -0.597633387834E-01 -0.251749853998E+00 -0.722990293112E+00 -0.904397952599E+00
 -0.974951220248E+00 -0.398143515429E-02  0.438966278223E-02  0.151316217836E-02 -0.117273162406E+01
        19        18        11        11
        17        10        11        11
        12        11         5         5
        18        25        17        17
        31        24        25        25
        11        10         5         5
         2         7         5         5
        11        18        17        17
        11        12        19        19
        27        19        20        20
        17        16        10        10
        15         9        16        16
        23        17        24        24
         4        10         9         9
        23        22        16        16
        26        18        19        19
        14        21        20        20
        14        12         7         7
         5         7        12        12
         4         1         5         5
        26        32        25        25
         5        10         4         4
         9         8         4         4
        25        18        26        26
        19        28        26        26
        24        30        23        23
        29        22        23        23
        20        12        14        14
         7         6        14        14
         8         9        15        15
         5         1         2         2
         6         7         2         2
        30        24        31        31
        20        21        27        27
        28        19        27        27
        16         9        10        10
         1         4         3         3
        32        26        33        33
        21        14        13        13
        25        24        17        17
        22        15        16        16
        17        23        16        16
        32        31        25        25
        12        20        19        19
        28        33        26        26
         8         3         4         4
        30        29        23        23
         6        13        14        14
