TITLE="fun3d_case_title"
VARIABLES="Iteration" "R_1" "R_2" "R_3" "R_4" "R_5" "C_L" "C_D" "C_M_x" "C_M_y" "C_M_z" "Wall Time" "C_x" "C_y" "C_z" "C_Lp" "C_Dp" "C_Lv" "C_Dv" "C_M_xp" "C_M_yp" "C_M_zp" "C_M_xv" "C_M_yv" "C_M_zv" "C_xp" "C_yp" "C_zp" "C_xv" "C_yv" "C_zv"
ZONE  I=100 F=POINT
1  0.8664344582E-02  0.1317505391E-01  0.1013884466E-06  0.3216394228E-02  0.3028129831E-01 -0.4937863326E+01  0.5549841006E-02  0.1234465585E+02  0.2892779259E+01  0.1387385327E-01  0.3638000000E+00  0.5549841006E-02  0.1143929356E-06 -0.4937863326E+01 -0.4938168440E+01  0.0000000000E+00  0.3051143230E-03  0.5549841006E-02  0.1234542226E+02  0.2906866083E+01  0.0000000000E+00 -0.7664112232E-03 -0.1408682410E-01  0.1387385327E-01  0.0000000000E+00  0.0000000000E+00 -0.4938168440E+01  0.5549841006E-02  0.1143929356E-06  0.3051143230E-03
2  0.5919241325E-02  0.9521525922E-02  0.3896657734E-02  0.3043659977E-02  0.1160372845E-01 -0.4508621761E+01  0.5291108061E-02  0.1127152334E+02 -0.4230523242E+01  0.1322900331E-01  0.4611000000E+00  0.5291108061E-02  0.1507869619E-05 -0.4508621761E+01 -0.4509050202E+01  0.0000000000E+00  0.4284406429E-03  0.5291108061E-02  0.1127259720E+02 -0.4217133766E+01  0.0000000000E+00 -0.1073856567E-02 -0.1338947639E-01  0.1322900331E-01  0.0000000000E+00  0.0000000000E+00 -0.4509050202E+01  0.5291108061E-02  0.1507869619E-05  0.4284406429E-03
3  0.3773705322E-02  0.6209015564E-02  0.2693074413E-02  0.3278824522E-02  0.4791429182E-02 -0.3145664144E+01  0.5136303807E-02  0.7863919639E+01 -0.9198046520E+01  0.1284400646E-01  0.5539000000E+00  0.5136303807E-02  0.1914579638E-05 -0.3145664144E+01 -0.3146162181E+01  0.0000000000E+00  0.4980375919E-03  0.5136303807E-02  0.7865168456E+01 -0.9185172992E+01  0.0000000000E+00 -0.1248816694E-02 -0.1287352723E-01  0.1284400646E-01  0.0000000000E+00  0.0000000000E+00 -0.3146162181E+01  0.5136303807E-02  0.1914579638E-05  0.4980375919E-03
4  0.2216084207E-02  0.4877373754E-02  0.2467561470E-02  0.3075352687E-02  0.3739058859E-02 -0.2314870538E+01  0.5008832602E-02  0.5786838106E+01 -0.1111126176E+02  0.1252852141E-01  0.6467000000E+00  0.5008832602E-02  0.2790692861E-05 -0.2314870538E+01 -0.2315402536E+01  0.0000000000E+00  0.5319982436E-03  0.5008832602E-02  0.5788170850E+01 -0.1109880718E+02  0.0000000000E+00 -0.1332743972E-02 -0.1245458552E-01  0.1252852141E-01  0.0000000000E+00  0.0000000000E+00 -0.2315402536E+01  0.5008832602E-02  0.2790692861E-05  0.5319982436E-03
5  0.1639943212E-02  0.3809423680E-02  0.2706869263E-02  0.2238424246E-02  0.3290524489E-02 -0.1461604442E+01  0.4906833916E-02  0.3653689074E+01 -0.1239703504E+02  0.1227373669E-01  0.7396000000E+00  0.4906833916E-02  0.2258425874E-05 -0.1461604442E+01 -0.1462140820E+01  0.0000000000E+00  0.5363782284E-03  0.4906833916E-02  0.3655034671E+01 -0.1238490811E+02  0.0000000000E+00 -0.1345597189E-02 -0.1212692792E-01  0.1227373669E-01  0.0000000000E+00  0.0000000000E+00 -0.1462140820E+01  0.4906833916E-02  0.2258425874E-05  0.5363782284E-03
6  0.1086128065E-02  0.2930738438E-02  0.2640189503E-02  0.1576919541E-02  0.2311836696E-02 -0.1185693473E+01  0.4816613540E-02  0.2963961372E+01 -0.1287543297E+02  0.1204923051E-01  0.8324000000E+00  0.4816613540E-02  0.2680770026E-05 -0.1185693473E+01 -0.1186225826E+01  0.0000000000E+00  0.5323527260E-03  0.4816613540E-02  0.2965295637E+01 -0.1286356224E+02  0.0000000000E+00 -0.1334265662E-02 -0.1187072790E-01  0.1204923051E-01  0.0000000000E+00  0.0000000000E+00 -0.1186225826E+01  0.4816613540E-02  0.2680770026E-05  0.5323527260E-03
7  0.8644179290E-03  0.2265459442E-02  0.3128102039E-02  0.1151060128E-02  0.2148583439E-02 -0.8699428715E+00  0.4748057428E-02  0.2174620910E+01 -0.1366273908E+02  0.1187599172E-01  0.8986000000E+00  0.4748057428E-02  0.1864231187E-05 -0.8699428715E+00 -0.8704659864E+00  0.0000000000E+00  0.5231148604E-03  0.4748057428E-02  0.2175933767E+01 -0.1365106486E+02  0.0000000000E+00 -0.1312856904E-02 -0.1167422152E-01  0.1187599172E-01  0.0000000000E+00  0.0000000000E+00 -0.8704659864E+00  0.4748057428E-02  0.1864231187E-05  0.5231148604E-03
8  0.5631059052E-03  0.1754162656E-02  0.2794806167E-02  0.9215787093E-03  0.1535177041E-02 -0.9258482843E+00  0.4692296938E-02  0.2314409634E+01 -0.1404490454E+02  0.1173664909E-01  0.9914000000E+00  0.4692296938E-02  0.2264286368E-05 -0.9258482843E+00 -0.9263698989E+00  0.0000000000E+00  0.5216146937E-03  0.4692296938E-02  0.2315717280E+01 -0.1403337428E+02  0.0000000000E+00 -0.1307645673E-02 -0.1153025375E-01  0.1173664909E-01  0.0000000000E+00  0.0000000000E+00 -0.9263698989E+00  0.4692296938E-02  0.2264286368E-05  0.5216146937E-03
9  0.4767491711E-03  0.1373595147E-02  0.3435706040E-02  0.6979658732E-03  0.1392381674E-02 -0.7553321046E+00  0.4652700847E-02  0.1888125631E+01 -0.1470180701E+02  0.1163549144E-01  0.1057600000E+01  0.4652700847E-02  0.1437766639E-05 -0.7553321046E+00 -0.7558497400E+00  0.0000000000E+00  0.5176353736E-03  0.4652700847E-02  0.1889425179E+01 -0.1469039541E+02  0.0000000000E+00 -0.1299547861E-02 -0.1141159563E-01  0.1163549144E-01  0.0000000000E+00  0.0000000000E+00 -0.7558497400E+00  0.4652700847E-02  0.1437766639E-05  0.5176353736E-03
10  0.4657666822E-03  0.1086919974E-02  0.3114502733E-02  0.6155661629E-03  0.1253331860E-02 -0.8357691637E+00  0.4621034104E-02  0.2089222548E+01 -0.1494331648E+02  0.1155682268E-01  0.1150400000E+01  0.4621034104E-02  0.2004748844E-05 -0.8357691637E+00 -0.8362896419E+00  0.0000000000E+00  0.5204782613E-03  0.4621034104E-02  0.2090527603E+01 -0.1493198766E+02  0.0000000000E+00 -0.1305055567E-02 -0.1132881989E-01  0.1155682268E-01  0.0000000000E+00  0.0000000000E+00 -0.8362896419E+00  0.4621034104E-02  0.2004748844E-05  0.5204782613E-03
11  0.3673764246E-03  0.8550527932E-03  0.3565189368E-02  0.4573923757E-03  0.1105632287E-02 -0.6333997468E+00  0.4599847158E-02  0.1583293562E+01 -0.1544652796E+02  0.1150207718E-01  0.1616750000E+02  0.4599847158E-02  0.1226629492E-05 -0.6333997468E+00 -0.6339171621E+00  0.0000000000E+00  0.5174153147E-03  0.4599847158E-02  0.1584592934E+01 -0.1543527220E+02  0.0000000000E+00 -0.1299372290E-02 -0.1125576057E-01  0.1150207718E-01  0.0000000000E+00  0.0000000000E+00 -0.6339171621E+00  0.4599847158E-02  0.1226629492E-05  0.5174153147E-03
12  0.3970220752E-03  0.7026064982E-03  0.3390232693E-02  0.4478480007E-03  0.1067089728E-02 -0.7032679620E+00  0.4581290743E-02  0.1757964813E+01 -0.1550627386E+02  0.1145669515E-01  0.1626040000E+02  0.4581290743E-02  0.1896822247E-05 -0.7032679620E+00 -0.7037875934E+00  0.0000000000E+00  0.5196313752E-03  0.4581290743E-02  0.1759268009E+01 -0.1549506652E+02  0.0000000000E+00 -0.1303196504E-02 -0.1120733188E-01  0.1145669515E-01  0.0000000000E+00  0.0000000000E+00 -0.7037875934E+00  0.4581290743E-02  0.1896822247E-05  0.5196313752E-03
13  0.3687251948E-03  0.5667065175E-03  0.3649726839E-02  0.3535392135E-03  0.1054770579E-02 -0.5221334653E+00  0.4569160671E-02  0.1305110885E+01 -0.1583113969E+02  0.1142481033E-01  0.1632660000E+02  0.4569160671E-02  0.1122378303E-05 -0.5221334653E+00 -0.5226488624E+00  0.0000000000E+00  0.5153971062E-03  0.4569160671E-02  0.1306405508E+01 -0.1581997924E+02  0.0000000000E+00 -0.1294623588E-02 -0.1116045375E-01  0.1142481033E-01  0.0000000000E+00  0.0000000000E+00 -0.5226488624E+00  0.4569160671E-02  0.1122378303E-05  0.5153971062E-03
14  0.3770525068E-03  0.4823321896E-03  0.3503977077E-02  0.3236269068E-03  0.1001229666E-02 -0.6587438967E+00  0.4556642366E-02  0.1646619179E+01 -0.1568589887E+02  0.1139481939E-01  0.1641940000E+02  0.4556642366E-02  0.1841461423E-05 -0.6587438967E+00 -0.6592604420E+00  0.0000000000E+00  0.5165452736E-03  0.4556642366E-02  0.1647914842E+01 -0.1567476859E+02  0.0000000000E+00 -0.1295662775E-02 -0.1113028206E-01  0.1139481939E-01  0.0000000000E+00  0.0000000000E+00 -0.6592604420E+00  0.4556642366E-02  0.1841461423E-05  0.5165452736E-03
15  0.3735776964E-03  0.4119054965E-03  0.3696812728E-02  0.2691791364E-03  0.1021582463E-02 -0.4819798078E+00  0.4550450984E-02  0.1204703772E+01 -0.1597805663E+02  0.1137791296E-01  0.1648550000E+02  0.4550450984E-02  0.1085111628E-05 -0.4819798078E+00 -0.4824927561E+00  0.0000000000E+00  0.5129482623E-03  0.4550450984E-02  0.1205992427E+01 -0.1596695423E+02  0.0000000000E+00 -0.1288655552E-02 -0.1110239509E-01  0.1137791296E-01  0.0000000000E+00  0.0000000000E+00 -0.4824927561E+00  0.4550450984E-02  0.1085111628E-05  0.5129482623E-03
16  0.3823147971E-03  0.3638167951E-03  0.3671594204E-02  0.2463804324E-03  0.1003885496E-02 -0.6149345058E+00  0.4542595661E-02  0.1537097501E+01 -0.1583400036E+02  0.1135964868E-01  0.1657900000E+02  0.4542595661E-02  0.1833661622E-05 -0.6149345058E+00 -0.6154497037E+00  0.0000000000E+00  0.5151979244E-03  0.4542595661E-02  0.1538389898E+01 -0.1582291224E+02  0.0000000000E+00 -0.1292397339E-02 -0.1108811350E-01  0.1135964868E-01  0.0000000000E+00  0.0000000000E+00 -0.6154497037E+00  0.4542595661E-02  0.1833661622E-05  0.5151979244E-03
17  0.3744771118E-03  0.3207334015E-03  0.3725918130E-02  0.2298391410E-03  0.9911639691E-03 -0.4593484340E+00  0.4539050926E-02  0.1148132438E+01 -0.1607126867E+02  0.1134935899E-01  0.1664530000E+02  0.4539050926E-02  0.1076988917E-05 -0.4593484340E+00 -0.4598603137E+00  0.0000000000E+00  0.5118796183E-03  0.4539050926E-02  0.1149418521E+01 -0.1606019971E+02  0.0000000000E+00 -0.1286082418E-02 -0.1106896055E-01  0.1134935899E-01  0.0000000000E+00  0.0000000000E+00 -0.4598603137E+00  0.4539050926E-02  0.1076988917E-05  0.5118796183E-03
18  0.3781246382E-03  0.3093380886E-03  0.3686224008E-02  0.1978534570E-03  0.9958588681E-03 -0.6149070438E+00  0.4534076050E-02  0.1537035644E+01 -0.1588759521E+02  0.1133842498E-01  0.1673810000E+02  0.4534076050E-02  0.1849805321E-05 -0.6149070438E+00 -0.6154210064E+00  0.0000000000E+00  0.5139626417E-03  0.4534076050E-02  0.1538325008E+01 -0.1587653230E+02  0.0000000000E+00 -0.1289364839E-02 -0.1106291326E-01  0.1133842498E-01  0.0000000000E+00  0.0000000000E+00 -0.6154210064E+00  0.4534076050E-02  0.1849805321E-05  0.5139626417E-03
19  0.3848736471E-03  0.3097910887E-03  0.3732237052E-02  0.1899417387E-03  0.1015431513E-02 -0.4547315025E+00  0.4532994946E-02  0.1136594559E+01 -0.1612431179E+02  0.1133431120E-01  0.1680430000E+02  0.4532994946E-02  0.1092876419E-05 -0.4547315025E+00 -0.4552423659E+00  0.0000000000E+00  0.5108634072E-03  0.4532994946E-02  0.1137878180E+01 -0.1611326139E+02  0.0000000000E+00 -0.1283621515E-02 -0.1105039607E-01  0.1133431120E-01  0.0000000000E+00  0.0000000000E+00 -0.4552423659E+00  0.4532994946E-02  0.1092876419E-05  0.5108634072E-03
20  0.3829465229E-03  0.2784800529E-03  0.3742038094E-02  0.1739886441E-03  0.1003847525E-02 -0.5963563984E+00  0.4529216537E-02  0.1490661361E+01 -0.1595131602E+02  0.1132636236E-01  0.1689720000E+02  0.4529216537E-02  0.1875009307E-05 -0.5963563984E+00 -0.5968698420E+00  0.0000000000E+00  0.5134435357E-03  0.4529216537E-02  0.1491949477E+01 -0.1594026838E+02  0.0000000000E+00 -0.1288115254E-02 -0.1104763476E-01  0.1132636236E-01  0.0000000000E+00  0.0000000000E+00 -0.5968698420E+00  0.4529216537E-02  0.1875009307E-05  0.5134435357E-03
21  0.3751840837E-03  0.2692091192E-03  0.3741696255E-02  0.1684335142E-03  0.9792692344E-03 -0.4473803424E+00  0.4528721324E-02  0.1118217861E+01 -0.1615710286E+02  0.1132375407E-01  0.3194660000E+02  0.4528721324E-02  0.1128484658E-05 -0.4473803424E+00 -0.4478907717E+00  0.0000000000E+00  0.5104292540E-03  0.4528721324E-02  0.1119500408E+01 -0.1614606575E+02  0.0000000000E+00 -0.1282546491E-02 -0.1103711679E-01  0.1132375407E-01  0.0000000000E+00  0.0000000000E+00 -0.4478907717E+00  0.4528721324E-02  0.1128484658E-05  0.5104292540E-03
22  0.3791485960E-03  0.2734365501E-03  0.3730098563E-02  0.1554349519E-03  0.9969289517E-03 -0.6065562424E+00  0.4526217002E-02  0.1516161520E+01 -0.1595314865E+02  0.1131905340E-01  0.3203970000E+02  0.4526217002E-02  0.1913863956E-05 -0.6065562424E+00 -0.6070690382E+00  0.0000000000E+00  0.5127958074E-03  0.4526217002E-02  0.1517448038E+01 -0.1594211029E+02  0.0000000000E+00 -0.1286517981E-02 -0.1103836459E-01  0.1131905340E-01  0.0000000000E+00  0.0000000000E+00 -0.6070690382E+00  0.4526217002E-02  0.1913863956E-05  0.5127958074E-03
23  0.3863248134E-03  0.2882333492E-03  0.3783559817E-02  0.1538569124E-03  0.1014912560E-02 -0.4322362418E+00  0.4526648022E-02  0.1080357513E+01 -0.1619762177E+02  0.1131868184E-01  0.3210610000E+02  0.4526648022E-02  0.1150789551E-05 -0.4322362418E+00 -0.4327463278E+00  0.0000000000E+00  0.5100860046E-03  0.4526648022E-02  0.1081639255E+01 -0.1618659148E+02  0.0000000000E+00 -0.1281742146E-02 -0.1103028758E-01  0.1131868184E-01  0.0000000000E+00  0.0000000000E+00 -0.4327463278E+00  0.4526648022E-02  0.1150789551E-05  0.5100860046E-03
24  0.3946817068E-03  0.2894661758E-03  0.3761759717E-02  0.1509443344E-03  0.1038539851E-02 -0.6022149553E+00  0.4524216941E-02  0.1505308507E+01 -0.1597045790E+02  0.1131417844E-01  0.3219890000E+02  0.4524216941E-02  0.1943775743E-05 -0.6022149553E+00 -0.6027274962E+00  0.0000000000E+00  0.5125409216E-03  0.4524216941E-02  0.1506594396E+01 -0.1595942584E+02  0.0000000000E+00 -0.1285889737E-02 -0.1103206622E-01  0.1131417844E-01  0.0000000000E+00  0.0000000000E+00 -0.6027274962E+00  0.4524216941E-02  0.1943775743E-05  0.5125409216E-03
25  0.3888299710E-03  0.2785388702E-03  0.3748169747E-02  0.1481564532E-03  0.1019467786E-02 -0.4454894748E+00  0.4525381318E-02  0.1113490841E+01 -0.1618654241E+02  0.1131567165E-01  0.3226510000E+02  0.4525381318E-02  0.1178319454E-05 -0.4454894748E+00 -0.4459991460E+00  0.0000000000E+00  0.5096711342E-03  0.4525381318E-02  0.1114771566E+01 -0.1617551601E+02  0.0000000000E+00 -0.1280725856E-02 -0.1102639627E-01  0.1131567165E-01  0.0000000000E+00  0.0000000000E+00 -0.4459991460E+00  0.4525381318E-02  0.1178319454E-05  0.5096711342E-03
26  0.3827092510E-03  0.2607804152E-03  0.3765857628E-02  0.1473679459E-03  0.1000003522E-02 -0.5890434200E+00  0.4523478623E-02  0.1472379610E+01 -0.1600177772E+02  0.1131240468E-01  0.3235800000E+02  0.4523478623E-02  0.1955996377E-05 -0.5890434200E+00 -0.5895558495E+00  0.0000000000E+00  0.5124295476E-03  0.4523478623E-02  0.1473665265E+01 -0.1599074834E+02  0.0000000000E+00 -0.1285654978E-02 -0.1102938384E-01  0.1131240468E-01  0.0000000000E+00  0.0000000000E+00 -0.5895558495E+00  0.4523478623E-02  0.1955996377E-05  0.5124295476E-03
27  0.3758017256E-03  0.2572124961E-03  0.3751702950E-02  0.1451693841E-03  0.9828818999E-03 -0.4415161500E+00  0.4524409423E-02  0.1103557806E+01 -0.1619763353E+02  0.1131332083E-01  0.3242440000E+02  0.4524409423E-02  0.1197692443E-05 -0.4415161500E+00 -0.4420257630E+00  0.0000000000E+00  0.5096130118E-03  0.4524409423E-02  0.1104838387E+01 -0.1618661023E+02  0.0000000000E+00 -0.1280581199E-02 -0.1102330055E-01  0.1131332083E-01  0.0000000000E+00  0.0000000000E+00 -0.4420257630E+00  0.4524409423E-02  0.1197692443E-05  0.5096130118E-03
28  0.3801654319E-03  0.2653605778E-03  0.3746156921E-02  0.1439820049E-03  0.9958078241E-03 -0.6028010658E+00  0.4523005906E-02  0.1506774023E+01 -0.1598494473E+02  0.1131133977E-01  0.3251730000E+02  0.4523005906E-02  0.1976266790E-05 -0.6028010658E+00 -0.6033132181E+00  0.0000000000E+00  0.5121523182E-03  0.4523005906E-02  0.1508058993E+01 -0.1597391675E+02  0.0000000000E+00 -0.1284970480E-02 -0.1102798162E-01  0.1131133977E-01  0.0000000000E+00  0.0000000000E+00 -0.6033132181E+00  0.4523005906E-02  0.1976266790E-05  0.5121523182E-03
29  0.3869433893E-03  0.2825217374E-03  0.3786779815E-02  0.1430350585E-03  0.1018682234E-02 -0.4289660204E+00  0.4524281222E-02  0.1072182378E+01 -0.1622371388E+02  0.1131303541E-01  0.3258390000E+02  0.4524281222E-02  0.1204017694E-05 -0.4289660204E+00 -0.4294756186E+00  0.0000000000E+00  0.5095981671E-03  0.4524281222E-02  0.1073462956E+01 -0.1621269133E+02  0.0000000000E+00 -0.1280578325E-02 -0.1102254874E-01  0.1131303541E-01  0.0000000000E+00  0.0000000000E+00 -0.4294756186E+00  0.4524281222E-02  0.1204017694E-05  0.5095981671E-03
30  0.3948704726E-03  0.2860927481E-03  0.3770099121E-02  0.1456503544E-03  0.1037319296E-02 -0.6001199780E+00  0.4522480163E-02  0.1500071487E+01 -0.1599030912E+02  0.1131007343E-01  0.3267710000E+02  0.4522480163E-02  0.1991332321E-05 -0.6001199780E+00 -0.6006321378E+00  0.0000000000E+00  0.5121598005E-03  0.4522480163E-02  0.1501356468E+01 -0.1597928281E+02  0.0000000000E+00 -0.1284981668E-02 -0.1102631012E-01  0.1131007343E-01  0.0000000000E+00  0.0000000000E+00 -0.6006321378E+00  0.4522480163E-02  0.1991332321E-05  0.5121598005E-03
31  0.3897104392E-03  0.2751696804E-03  0.3749073394E-02  0.1431578403E-03  0.1022730401E-02 -0.4433145341E+00  0.4524149832E-02  0.1108053842E+01 -0.1620323920E+02  0.1131279648E-01  0.4776030000E+02  0.4524149832E-02  0.1219697919E-05 -0.4433145341E+00 -0.4438239121E+00  0.0000000000E+00  0.5093779907E-03  0.4524149832E-02  0.1109333876E+01 -0.1619221696E+02  0.0000000000E+00 -0.1280034157E-02 -0.1102223421E-01  0.1131279648E-01  0.0000000000E+00  0.0000000000E+00 -0.4438239121E+00  0.4524149832E-02  0.1219697919E-05  0.5093779907E-03
32  0.3820555660E-03  0.2583553071E-03  0.3769508867E-02  0.1449900237E-03  0.9978263248E-03 -0.5875684010E+00  0.4522606669E-02  0.1468692329E+01 -0.1601417831E+02  0.1131040238E-01  0.4785350000E+02  0.4522606669E-02  0.1993083683E-05 -0.5875684010E+00 -0.5880805976E+00  0.0000000000E+00  0.5121965886E-03  0.4522606669E-02  0.1469977438E+01 -0.1600315194E+02  0.0000000000E+00 -0.1285108298E-02 -0.1102637121E-01  0.1131040238E-01  0.0000000000E+00  0.0000000000E+00 -0.5880805976E+00  0.4522606669E-02  0.1993083683E-05  0.5121965886E-03
33  0.3765750144E-03  0.2551007065E-03  0.3751316765E-02  0.1433105393E-03  0.9848869438E-03 -0.4402724371E+00  0.4523814453E-02  0.1100448697E+01 -0.1620714313E+02  0.1131199060E-01  0.4791970000E+02  0.4523814453E-02  0.1230917214E-05 -0.4402724371E+00 -0.4407818622E+00  0.0000000000E+00  0.5094250713E-03  0.4523814453E-02  0.1101728843E+01 -0.1619612198E+02  0.0000000000E+00 -0.1280145551E-02 -0.1102115774E-01  0.1131199060E-01  0.0000000000E+00  0.0000000000E+00 -0.4407818622E+00  0.4523814453E-02  0.1230917214E-05  0.5094250713E-03
34  0.3794448921E-03  0.2639824106E-03  0.3747503977E-02  0.1419449574E-03  0.9943427728E-03 -0.6022688406E+00  0.4522595678E-02  0.1505443552E+01 -0.1599093949E+02  0.1131045510E-01  0.4801260000E+02  0.4522595678E-02  0.2006335535E-05 -0.6022688406E+00 -0.6027808389E+00  0.0000000000E+00  0.5119983839E-03  0.4522595678E-02  0.1506728169E+01 -0.1597991304E+02  0.0000000000E+00 -0.1284617392E-02 -0.1102644240E-01  0.1131045510E-01  0.0000000000E+00  0.0000000000E+00 -0.6027808389E+00  0.4522595678E-02  0.2006335535E-05  0.5119983839E-03
35  0.3875338339E-03  0.2814409579E-03  0.3785996877E-02  0.1424582889E-03  0.1019675901E-02 -0.4282808274E+00  0.4524035167E-02  0.1070469409E+01 -0.1622877538E+02  0.1131254910E-01  0.4807890000E+02  0.4524035167E-02  0.1231363369E-05 -0.4282808274E+00 -0.4287903034E+00  0.0000000000E+00  0.5094760057E-03  0.4524035167E-02  0.1071749713E+01 -0.1621775384E+02  0.0000000000E+00 -0.1280303568E-02 -0.1102153533E-01  0.1131254910E-01  0.0000000000E+00  0.0000000000E+00 -0.4287903034E+00  0.4524035167E-02  0.1231363369E-05  0.5094760057E-03
36  0.3942962637E-03  0.2853658172E-03  0.3770363576E-02  0.1444192621E-03  0.1036490197E-02 -0.6000004227E+00  0.4522321876E-02  0.1499772550E+01 -0.1599275869E+02  0.1130979601E-01  0.4817190000E+02  0.4522321876E-02  0.2016153179E-05 -0.6000004227E+00 -0.6005124792E+00  0.0000000000E+00  0.5120564568E-03  0.4522321876E-02  0.1501057301E+01 -0.1598173310E+02  0.0000000000E+00 -0.1284751702E-02 -0.1102559017E-01  0.1130979601E-01  0.0000000000E+00  0.0000000000E+00 -0.6005124792E+00  0.4522321876E-02  0.2016153179E-05  0.5120564568E-03
37  0.3901303416E-03  0.2744374085E-03  0.3748017214E-02  0.1431453204E-03  0.1023184368E-02 -0.4430935380E+00  0.4524073603E-02  0.1107501250E+01 -0.1620515219E+02  0.1131271689E-01  0.4823830000E+02  0.4524073603E-02  0.1242515057E-05 -0.4430935380E+00 -0.4436028310E+00  0.0000000000E+00  0.5092930080E-03  0.4524073603E-02  0.1108781098E+01 -0.1619413041E+02  0.0000000000E+00 -0.1279847696E-02 -0.1102178091E-01  0.1131271689E-01  0.0000000000E+00  0.0000000000E+00 -0.4436028310E+00  0.4524073603E-02  0.1242515057E-05  0.5092930080E-03
38  0.3815742812E-03  0.2579520694E-03  0.3769235003E-02  0.1441275528E-03  0.9971669508E-03 -0.5876666700E+00  0.4522565226E-02  0.1468937872E+01 -0.1601456985E+02  0.1131040194E-01  0.4833130000E+02  0.4522565226E-02  0.2013764528E-05 -0.5876666700E+00 -0.5881787937E+00  0.0000000000E+00  0.5121236121E-03  0.4522565226E-02  0.1470222821E+01 -0.1600354380E+02  0.0000000000E+00 -0.1284948826E-02 -0.1102604674E-01  0.1131040194E-01  0.0000000000E+00  0.0000000000E+00 -0.5881787937E+00  0.4522565226E-02  0.2013764528E-05  0.5121236121E-03
39  0.3768064392E-03  0.2545289987E-03  0.3750330620E-02  0.1435084350E-03  0.9849655344E-03 -0.4402943984E+00  0.4523807967E-02  0.1100503446E+01 -0.1620733756E+02  0.1131207198E-01  0.4839770000E+02  0.4523807967E-02  0.1250012163E-05 -0.4402943984E+00 -0.4408037618E+00  0.0000000000E+00  0.5093634398E-03  0.4523807967E-02  0.1101783457E+01 -0.1619631661E+02  0.0000000000E+00 -0.1280010863E-02 -0.1102095407E-01  0.1131207198E-01  0.0000000000E+00  0.0000000000E+00 -0.4408037618E+00  0.4523807967E-02  0.1250012163E-05  0.5093634398E-03
40  0.3791091796E-03  0.2638672407E-03  0.3746848643E-02  0.1414452907E-03  0.9938897862E-03 -0.6024454786E+00  0.4522598754E-02  0.1505884987E+01 -0.1599040822E+02  0.1131055347E-01  0.4849080000E+02  0.4522598754E-02  0.2023581153E-05 -0.6024454786E+00 -0.6029574239E+00  0.0000000000E+00  0.5119452770E-03  0.4522598754E-02  0.1507169488E+01 -0.1597938193E+02  0.0000000000E+00 -0.1284500622E-02 -0.1102628966E-01  0.1131055347E-01  0.0000000000E+00  0.0000000000E+00 -0.6029574239E+00  0.4522598754E-02  0.2023581153E-05  0.5119452770E-03
41  0.3876458174E-03  0.2810520291E-03  0.3785222666E-02  0.1426361986E-03  0.1019634652E-02 -0.4283811507E+00  0.4524049917E-02  0.1070720047E+01 -0.1622828049E+02  0.1131267138E-01  0.6356540000E+02  0.4524049917E-02  0.1247298729E-05 -0.4283811507E+00 -0.4288905812E+00  0.0000000000E+00  0.5094304530E-03  0.4524049917E-02  0.1072000248E+01 -0.1621725906E+02  0.0000000000E+00 -0.1280201920E-02 -0.1102143004E-01  0.1131267138E-01  0.0000000000E+00  0.0000000000E+00 -0.4288905812E+00  0.4524049917E-02  0.1247298729E-05  0.5094304530E-03
42  0.3940855763E-03  0.2854319859E-03  0.3769587730E-02  0.1441934968E-03  0.1036196381E-02 -0.6001456780E+00  0.4522335775E-02  0.1500135522E+01 -0.1599203334E+02  0.1130990947E-01  0.6365880000E+02  0.4522335775E-02  0.2030488322E-05 -0.6001456780E+00 -0.6006576954E+00  0.0000000000E+00  0.5120173941E-03  0.4522335775E-02  0.1501420185E+01 -0.1598100784E+02  0.0000000000E+00 -0.1284663315E-02 -0.1102550193E-01  0.1130990947E-01  0.0000000000E+00  0.0000000000E+00 -0.6006576954E+00  0.4522335775E-02  0.2030488322E-05  0.5120173941E-03
43  0.3901518651E-03  0.2741177332E-03  0.3747349882E-02  0.1432789684E-03  0.1023052690E-02 -0.4431866715E+00  0.4524088917E-02  0.1107733912E+01 -0.1620453772E+02  0.1131282854E-01  0.6372550000E+02  0.4524088917E-02  0.1255734290E-05 -0.4431866715E+00 -0.4436959304E+00  0.0000000000E+00  0.5092588945E-03  0.4524088917E-02  0.1109013680E+01 -0.1619351601E+02  0.0000000000E+00 -0.1279768633E-02 -0.1102170714E-01  0.1131282854E-01  0.0000000000E+00  0.0000000000E+00 -0.4436959304E+00  0.4524088917E-02  0.1255734290E-05  0.5092588945E-03
44  0.3814420903E-03  0.2580480708E-03  0.3768463331E-02  0.1440283095E-03  0.9969499723E-03 -0.5877481298E+00  0.4522577065E-02  0.1469141357E+01 -0.1601397802E+02  0.1131049834E-01  0.6381860000E+02  0.4522577065E-02  0.2025586080E-05 -0.5877481298E+00 -0.5882602244E+00  0.0000000000E+00  0.5120945643E-03  0.4522577065E-02  0.1470426238E+01 -0.1600295204E+02  0.0000000000E+00 -0.1284880459E-02 -0.1102597957E-01  0.1131049834E-01  0.0000000000E+00  0.0000000000E+00 -0.5882602244E+00  0.4522577065E-02  0.2025586080E-05  0.5120945643E-03
45  0.3767641867E-03  0.2542573471E-03  0.3749845179E-02  0.1435812220E-03  0.9847684647E-03 -0.4403375919E+00  0.4523818081E-02  0.1100611264E+01 -0.1620688140E+02  0.1131215864E-01  0.6388530000E+02  0.4523818081E-02  0.1260836605E-05 -0.4403375919E+00 -0.4408469298E+00  0.0000000000E+00  0.5093378989E-03  0.4523818081E-02  0.1101891214E+01 -0.1619586051E+02  0.0000000000E+00 -0.1279949332E-02 -0.1102089059E-01  0.1131215864E-01  0.0000000000E+00  0.0000000000E+00 -0.4408469298E+00  0.4523818081E-02  0.1260836605E-05  0.5093378989E-03
46  0.3790330484E-03  0.2639971338E-03  0.3746174556E-02  0.1414313887E-03  0.9937508749E-03 -0.6024628284E+00  0.4522605445E-02  0.1505928203E+01 -0.1599005576E+02  0.1131062530E-01  0.6397850000E+02  0.4522605445E-02  0.2033180735E-05 -0.6024628284E+00 -0.6029747521E+00  0.0000000000E+00  0.5119236894E-03  0.4522605445E-02  0.1507212651E+01 -0.1597902953E+02  0.0000000000E+00 -0.1284448028E-02 -0.1102623021E-01  0.1131062530E-01  0.0000000000E+00  0.0000000000E+00 -0.6029747521E+00  0.4522605445E-02  0.2033180735E-05  0.5119236894E-03
47  0.3876020307E-03  0.2808332126E-03  0.3784920131E-02  0.1426637852E-03  0.1019480969E-02 -0.4283750632E+00  0.4524054959E-02  0.1070704667E+01 -0.1622804922E+02  0.1131273379E-01  0.6404510000E+02  0.4524054959E-02  0.1255984300E-05 -0.4283750632E+00 -0.4288844746E+00  0.0000000000E+00  0.5094114083E-03  0.4524054959E-02  0.1071984822E+01 -0.1621702784E+02  0.0000000000E+00 -0.1280154779E-02 -0.1102137333E-01  0.1131273379E-01  0.0000000000E+00  0.0000000000E+00 -0.4288844746E+00  0.4524054959E-02  0.1255984300E-05  0.5094114083E-03
48  0.3940385908E-03  0.2855461884E-03  0.3769076103E-02  0.1442167541E-03  0.1036100447E-02 -0.6001241628E+00  0.4522338435E-02  0.1500081577E+01 -0.1599188692E+02  0.1130996017E-01  0.6413830000E+02  0.4522338435E-02  0.2038110450E-05 -0.6001241628E+00 -0.6006361641E+00  0.0000000000E+00  0.5120012978E-03  0.4522338435E-02  0.1501366200E+01 -0.1598086147E+02  0.0000000000E+00 -0.1284623348E-02 -0.1102544934E-01  0.1130996017E-01  0.0000000000E+00  0.0000000000E+00 -0.6006361641E+00  0.4522338435E-02  0.2038110450E-05  0.5120012978E-03
49  0.3901158406E-03  0.2739484618E-03  0.3747193426E-02  0.1432610323E-03  0.1022940742E-02 -0.4431451372E+00  0.4524091028E-02  0.1107629918E+01 -0.1620449648E+02  0.1131287296E-01  0.6420500000E+02  0.4524091028E-02  0.1262525530E-05 -0.4431451372E+00 -0.4436543820E+00  0.0000000000E+00  0.5092448007E-03  0.4524091028E-02  0.1108909652E+01 -0.1619347482E+02  0.0000000000E+00 -0.1279733466E-02 -0.1102165938E-01  0.1131287296E-01  0.0000000000E+00  0.0000000000E+00 -0.4436543820E+00  0.4524091028E-02  0.1262525530E-05  0.5092448007E-03
50  0.3814186365E-03  0.2581513328E-03  0.3768117515E-02  0.1440427040E-03  0.9969052828E-03 -0.5877151220E+00  0.4522577594E-02  0.1469058682E+01 -0.1601395362E+02  0.1131053384E-01  0.6429820000E+02  0.4522577594E-02  0.2031485605E-05 -0.5877151220E+00 -0.5882272045E+00  0.0000000000E+00  0.5120824933E-03  0.4522577594E-02  0.1470343533E+01 -0.1600292768E+02  0.0000000000E+00 -0.1284850532E-02 -0.1102593543E-01  0.1131053384E-01  0.0000000000E+00  0.0000000000E+00 -0.5882272045E+00  0.4522577594E-02  0.2031485605E-05  0.5120824933E-03
51  0.3767417262E-03  0.2541229663E-03  0.3749785698E-02  0.1435382120E-03  0.9846917828E-03 -0.4402858036E+00  0.4523819204E-02  0.1100481638E+01 -0.1620694404E+02  0.1131219136E-01  0.7932850000E+02  0.4523819204E-02  0.1266009905E-05 -0.4402858036E+00 -0.4407951311E+00  0.0000000000E+00  0.5093274609E-03  0.4523819204E-02  0.1101761562E+01 -0.1619592319E+02  0.0000000000E+00 -0.1279923630E-02 -0.1102085359E-01  0.1131219136E-01  0.0000000000E+00  0.0000000000E+00 -0.4407951311E+00  0.4523819204E-02  0.1266009905E-05  0.5093274609E-03
52  0.3790183885E-03  0.2640823371E-03  0.3745977469E-02  0.1414211766E-03  0.9937348979E-03 -0.6024304591E+00  0.4522605386E-02  0.1505847126E+01 -0.1599008690E+02  0.1131065101E-01  0.7942200000E+02  0.4522605386E-02  0.2037635482E-05 -0.6024304591E+00 -0.6029423737E+00  0.0000000000E+00  0.5119146185E-03  0.4522605386E-02  0.1507131552E+01 -0.1597906071E+02  0.0000000000E+00 -0.1284426025E-02 -0.1102619543E-01  0.1131065101E-01  0.0000000000E+00  0.0000000000E+00 -0.6029423737E+00  0.4522605386E-02  0.2037635482E-05  0.5119146185E-03
53  0.3875964708E-03  0.2807376897E-03  0.3784909714E-02  0.1426125154E-03  0.1019440774E-02 -0.4283297339E+00  0.4524055967E-02  0.1070591189E+01 -0.1622814220E+02  0.1131275870E-01  0.7948880000E+02  0.4524055967E-02  0.1259842212E-05 -0.4283297339E+00 -0.4288391376E+00  0.0000000000E+00  0.5094036553E-03  0.4524055967E-02  0.1071871326E+01 -0.1621712086E+02  0.0000000000E+00 -0.1280136287E-02 -0.1102134628E-01  0.1131275870E-01  0.0000000000E+00  0.0000000000E+00 -0.4288391376E+00  0.4524055967E-02  0.1259842212E-05  0.5094036553E-03
54  0.3940228175E-03  0.2856090614E-03  0.3768972538E-02  0.1441731391E-03  0.1036088961E-02 -0.6001031990E+00  0.4522338516E-02  0.1500029013E+01 -0.1599192096E+02  0.1130997963E-01  0.7958220000E+02  0.4522338516E-02  0.2041413573E-05 -0.6001031990E+00 -0.6006151934E+00  0.0000000000E+00  0.5119943812E-03  0.4522338516E-02  0.1501313620E+01 -0.1598089554E+02  0.0000000000E+00 -0.1284607174E-02 -0.1102542323E-01  0.1130997963E-01  0.0000000000E+00  0.0000000000E+00 -0.6006151934E+00  0.4522338516E-02  0.2041413573E-05  0.5119943812E-03
55  0.3901205981E-03  0.2738709799E-03  0.3747216445E-02  0.1432211582E-03  0.1022918406E-02 -0.4431091339E+00  0.4524092200E-02  0.1107539756E+01 -0.1620458397E+02  0.1131289247E-01  0.7964900000E+02  0.4524092200E-02  0.1265363125E-05 -0.4431091339E+00 -0.4436183729E+00  0.0000000000E+00  0.5092390400E-03  0.4524092200E-02  0.1108819477E+01 -0.1619356233E+02  0.0000000000E+00 -0.1279720327E-02 -0.1102164028E-01  0.1131289247E-01  0.0000000000E+00  0.0000000000E+00 -0.4436183729E+00  0.4524092200E-02  0.1265363125E-05  0.5092390400E-03
56  0.3814048251E-03  0.2582175766E-03  0.3768071143E-02  0.1439722630E-03  0.9969109731E-03 -0.5877054387E+00  0.4522577850E-02  0.1469034320E+01 -0.1601397084E+02  0.1131054874E-01  0.7974230000E+02  0.4522577850E-02  0.2033914540E-05 -0.5877054387E+00 -0.5882175158E+00  0.0000000000E+00  0.5120771827E-03  0.4522577850E-02  0.1470319159E+01 -0.1600294492E+02  0.0000000000E+00 -0.1284838617E-02 -0.1102591593E-01  0.1131054874E-01  0.0000000000E+00  0.0000000000E+00 -0.5882175158E+00  0.4522577850E-02  0.2033914540E-05  0.5120771827E-03
57  0.3767520814E-03  0.2540539279E-03  0.3749811872E-02  0.1435154910E-03  0.9846763215E-03 -0.4402625407E+00  0.4523820353E-02  0.1100423330E+01 -0.1620700380E+02  0.1131220650E-01  0.7980910000E+02  0.4523820353E-02  0.1268092450E-05 -0.4402625407E+00 -0.4407718638E+00  0.0000000000E+00  0.5093231145E-03  0.4523820353E-02  0.1101703244E+01 -0.1619598296E+02  0.0000000000E+00 -0.1279914155E-02 -0.1102083986E-01  0.1131220650E-01  0.0000000000E+00  0.0000000000E+00 -0.4407718638E+00  0.4523820353E-02  0.1268092450E-05  0.5093231145E-03
58  0.3790046584E-03  0.2641395293E-03  0.3745963887E-02  0.1413418096E-03  0.9937423789E-03 -0.6024279467E+00  0.4522605723E-02  0.1505840694E+01 -0.1599008677E+02  0.1131066245E-01  0.7990260000E+02  0.4522605723E-02  0.2039424940E-05 -0.6024279467E+00 -0.6029398572E+00  0.0000000000E+00  0.5119105152E-03  0.4522605723E-02  0.1507125111E+01 -0.1597906058E+02  0.0000000000E+00 -0.1284417142E-02 -0.1102618070E-01  0.1131066245E-01  0.0000000000E+00  0.0000000000E+00 -0.6029398572E+00  0.4522605723E-02  0.2039424940E-05  0.5119105152E-03
59  0.3876071979E-03  0.2806828610E-03  0.3784927372E-02  0.1426026615E-03  0.1019430705E-02 -0.4283181690E+00  0.4524056889E-02  0.1070562128E+01 -0.1622817037E+02  0.1131277015E-01  0.7996940000E+02  0.4524056889E-02  0.1261384262E-05 -0.4283181690E+00 -0.4288275693E+00  0.0000000000E+00  0.5094003269E-03  0.4524056889E-02  0.1071842257E+01 -0.1621714904E+02  0.0000000000E+00 -0.1280129267E-02 -0.1102133584E-01  0.1131277015E-01  0.0000000000E+00  0.0000000000E+00 -0.4288275693E+00  0.4524056889E-02  0.1261384262E-05  0.5094003269E-03
60  0.3940093774E-03  0.2856549030E-03  0.3768967985E-02  0.1440988476E-03  0.1036089694E-02 -0.6001061112E+00  0.4522338826E-02  0.1500036146E+01 -0.1599190546E+02  0.1130998836E-01  0.8006270000E+02  0.4522338826E-02  0.2042748300E-05 -0.6001061112E+00 -0.6006181024E+00  0.0000000000E+00  0.5119911858E-03  0.4522338826E-02  0.1501320746E+01 -0.1598088004E+02  0.0000000000E+00 -0.1284600394E-02 -0.1102541187E-01  0.1130998836E-01  0.0000000000E+00  0.0000000000E+00 -0.6006181024E+00  0.4522338826E-02  0.2042748300E-05  0.5119911858E-03
61  0.3901292338E-03  0.2738252272E-03  0.3747229845E-02  0.1432221134E-03  0.1022910274E-02 -0.4431059382E+00  0.4524092835E-02  0.1107531621E+01 -0.1620458665E+02  0.1131290096E-01  0.9511320000E+02  0.4524092835E-02  0.1266524472E-05 -0.4431059382E+00 -0.4436151747E+00  0.0000000000E+00  0.5092364686E-03  0.4524092835E-02  0.1108811336E+01 -0.1619356502E+02  0.0000000000E+00 -0.1279714972E-02 -0.1102163194E-01  0.1131290096E-01  0.0000000000E+00  0.0000000000E+00 -0.4436151747E+00  0.4524092835E-02  0.1266524472E-05  0.5092364686E-03
62  0.3813941120E-03  0.2582580179E-03  0.3768066580E-02  0.1439105503E-03  0.9969115570E-03 -0.5877116409E+00  0.4522578069E-02  0.1469049681E+01 -0.1601394500E+02  0.1131055533E-01  0.9520690000E+02  0.4522578069E-02  0.2034929800E-05 -0.5877116409E+00 -0.5882237156E+00  0.0000000000E+00  0.5120746941E-03  0.4522578069E-02  0.1470334515E+01 -0.1600291910E+02  0.0000000000E+00 -0.1284833345E-02 -0.1102590699E-01  0.1131055533E-01  0.0000000000E+00  0.0000000000E+00 -0.5882237156E+00  0.4522578069E-02  0.2034929800E-05  0.5120746941E-03
63  0.3767574521E-03  0.2540156439E-03  0.3749819222E-02  0.1435213544E-03  0.9846681182E-03 -0.4402656007E+00  0.4523820728E-02  0.1100430838E+01 -0.1620698747E+02  0.1131221271E-01  0.9527370000E+02  0.4523820728E-02  0.1268986603E-05 -0.4402656007E+00 -0.4407749218E+00  0.0000000000E+00  0.5093211056E-03  0.4523820728E-02  0.1101710748E+01 -0.1619596664E+02  0.0000000000E+00 -0.1279909928E-02 -0.1102083298E-01  0.1131221271E-01  0.0000000000E+00  0.0000000000E+00 -0.4407749218E+00  0.4523820728E-02  0.1268986603E-05  0.5093211056E-03
64  0.3789966776E-03  0.2641718021E-03  0.3745958301E-02  0.1412950449E-03  0.9937392417E-03 -0.6024356831E+00  0.4522605872E-02  0.1505859896E+01 -0.1599005583E+02  0.1131066745E-01  0.9536720000E+02  0.4522605872E-02  0.2040214492E-05 -0.6024356831E+00 -0.6029475916E+00  0.0000000000E+00  0.5119085811E-03  0.4522605872E-02  0.1507144309E+01 -0.1597902966E+02  0.0000000000E+00 -0.1284412978E-02 -0.1102617366E-01  0.1131066745E-01  0.0000000000E+00  0.0000000000E+00 -0.6029475916E+00  0.4522605872E-02  0.2040214492E-05  0.5119085811E-03
65  0.3876101446E-03  0.2806543477E-03  0.3784929966E-02  0.1426094934E-03  0.1019427102E-02 -0.4283250440E+00  0.4524057101E-02  0.1070579178E+01 -0.1622814296E+02  0.1131277475E-01  0.9543410000E+02  0.4524057101E-02  0.1262088771E-05 -0.4283250440E+00 -0.4288344427E+00  0.0000000000E+00  0.5093987506E-03  0.4524057101E-02  0.1071859304E+01 -0.1621712163E+02  0.0000000000E+00 -0.1280125852E-02 -0.1102133023E-01  0.1131277475E-01  0.0000000000E+00  0.0000000000E+00 -0.4288344427E+00  0.4524057101E-02  0.1262088771E-05  0.5093987506E-03
66  0.3940034648E-03  0.2856776180E-03  0.3768959685E-02  0.1440676334E-03  0.1036081340E-02 -0.6001145205E+00  0.4522338957E-02  0.1500057034E+01 -0.1599187308E+02  0.1130999229E-01  0.9552750000E+02  0.4522338957E-02  0.2043376412E-05 -0.6001145205E+00 -0.6006265102E+00  0.0000000000E+00  0.5119896861E-03  0.4522338957E-02  0.1501341631E+01 -0.1598084767E+02  0.0000000000E+00 -0.1284597063E-02 -0.1102540645E-01  0.1130999229E-01  0.0000000000E+00  0.0000000000E+00 -0.6006265102E+00  0.4522338957E-02  0.2043376412E-05  0.5119896861E-03
67  0.3901302202E-03  0.2738052111E-03  0.3747231346E-02  0.1432275096E-03  0.1022909902E-02 -0.4431140619E+00  0.4524092990E-02  0.1107551797E+01 -0.1620455595E+02  0.1131290452E-01  0.9559450000E+02  0.4524092990E-02  0.1267091775E-05 -0.4431140619E+00 -0.4436232971E+00  0.0000000000E+00  0.5092352374E-03  0.4524092990E-02  0.1108831509E+01 -0.1619353433E+02  0.0000000000E+00 -0.1279712188E-02 -0.1102162752E-01  0.1131290452E-01  0.0000000000E+00  0.0000000000E+00 -0.4436232971E+00  0.4524092990E-02  0.1267091775E-05  0.5092352374E-03
68  0.3813906539E-03  0.2582737046E-03  0.3768056337E-02  0.1438911500E-03  0.9969022974E-03 -0.5877198212E+00  0.4522578217E-02  0.1469070001E+01 -0.1601391440E+02  0.1131055853E-01  0.9568810000E+02  0.4522578217E-02  0.2035440569E-05 -0.5877198212E+00 -0.5882318948E+00  0.0000000000E+00  0.5120735369E-03  0.4522578217E-02  0.1470354832E+01 -0.1600288849E+02  0.0000000000E+00 -0.1284830657E-02 -0.1102590292E-01  0.1131055853E-01  0.0000000000E+00  0.0000000000E+00 -0.5882318948E+00  0.4522578217E-02  0.2035440569E-05  0.5120735369E-03
69  0.3767569618E-03  0.2540019446E-03  0.3749819602E-02  0.1435250305E-03  0.9846698407E-03 -0.4402734255E+00  0.4523820898E-02  0.1100450272E+01 -0.1620695862E+02  0.1131221566E-01  0.9575500000E+02  0.4523820898E-02  0.1269452839E-05 -0.4402734255E+00 -0.4407827457E+00  0.0000000000E+00  0.5093201469E-03  0.4523820898E-02  0.1101730180E+01 -0.1619593779E+02  0.0000000000E+00 -0.1279907635E-02 -0.1102082967E-01  0.1131221566E-01  0.0000000000E+00  0.0000000000E+00 -0.4407827457E+00  0.4523820898E-02  0.1269452839E-05  0.5093201469E-03
70  0.3789947181E-03  0.2641822542E-03  0.3745948874E-02  0.1412829502E-03  0.9937289201E-03 -0.6024426147E+00  0.4522606058E-02  0.1505877099E+01 -0.1599002981E+02  0.1131067019E-01  0.9584860000E+02  0.4522606058E-02  0.2040637807E-05 -0.6024426147E+00 -0.6029545224E+00  0.0000000000E+00  0.5119076946E-03  0.4522606058E-02  0.1507161510E+01 -0.1597900363E+02  0.0000000000E+00 -0.1284410794E-02 -0.1102617072E-01  0.1131067019E-01  0.0000000000E+00  0.0000000000E+00 -0.6029545224E+00  0.4522606058E-02  0.2040637807E-05  0.5119076946E-03
71  0.3876094114E-03  0.2806455436E-03  0.3784929615E-02  0.1426122957E-03  0.1019431416E-02 -0.4283316240E+00  0.4524057304E-02  0.1070595503E+01 -0.1622811889E+02  0.1131277731E-01  0.1109201000E+03  0.4524057304E-02  0.1262478521E-05 -0.4283316240E+00 -0.4288410220E+00  0.0000000000E+00  0.5093980076E-03  0.4524057304E-02  0.1071875627E+01 -0.1621709756E+02  0.0000000000E+00 -0.1280123947E-02 -0.1102132785E-01  0.1131277731E-01  0.0000000000E+00  0.0000000000E+00 -0.4288410220E+00  0.4524057304E-02  0.1262478521E-05  0.5093980076E-03
72  0.3940021643E-03  0.2856837066E-03  0.3768951175E-02  0.1440606170E-03  0.1036070731E-02 -0.6001200592E+00  0.4522339172E-02  0.1500070759E+01 -0.1599185234E+02  0.1130999469E-01  0.1110139000E+03  0.4522339172E-02  0.2043732281E-05 -0.6001200592E+00 -0.6006320482E+00  0.0000000000E+00  0.5119890081E-03  0.4522339172E-02  0.1501355354E+01 -0.1598082693E+02  0.0000000000E+00 -0.1284595268E-02 -0.1102540438E-01  0.1130999469E-01  0.0000000000E+00  0.0000000000E+00 -0.6006320482E+00  0.4522339172E-02  0.2043732281E-05  0.5119890081E-03
73  0.3901293999E-03  0.2737998764E-03  0.3747232146E-02  0.1432294542E-03  0.1022915048E-02 -0.4431188456E+00  0.4524093218E-02  0.1107563635E+01 -0.1620453799E+02  0.1131290680E-01  0.1110809000E+03  0.4524093218E-02  0.1267420543E-05 -0.4431188456E+00 -0.4436280803E+00  0.0000000000E+00  0.5092346669E-03  0.4524093218E-02  0.1108843346E+01 -0.1619351636E+02  0.0000000000E+00 -0.1279710605E-02 -0.1102162586E-01  0.1131290680E-01  0.0000000000E+00  0.0000000000E+00 -0.4436280803E+00  0.4524093218E-02  0.1267420543E-05  0.5092346669E-03
74  0.3813902748E-03  0.2582775255E-03  0.3768049766E-02  0.1438870364E-03  0.9968938013E-03 -0.5877240394E+00  0.4522578432E-02  0.1469080428E+01 -0.1601389870E+02  0.1131056063E-01  0.1111745000E+03  0.4522578432E-02  0.2035741297E-05 -0.5877240394E+00 -0.5882361124E+00  0.0000000000E+00  0.5120730220E-03  0.4522578432E-02  0.1470365257E+01 -0.1600287279E+02  0.0000000000E+00 -0.1284829177E-02 -0.1102590147E-01  0.1131056063E-01  0.0000000000E+00  0.0000000000E+00 -0.5882361124E+00  0.4522578432E-02  0.2035741297E-05  0.5120730220E-03
75  0.3767561937E-03  0.2539985489E-03  0.3749821239E-02  0.1435265493E-03  0.9846747310E-03 -0.4402767757E+00  0.4523821119E-02  0.1100458530E+01 -0.1620694584E+02  0.1131221764E-01  0.1112416000E+03  0.4523821119E-02  0.1269729707E-05 -0.4402767757E+00 -0.4407860955E+00  0.0000000000E+00  0.5093197110E-03  0.4523821119E-02  0.1101738436E+01 -0.1619592501E+02  0.0000000000E+00 -0.1279906320E-02 -0.1102082852E-01  0.1131221764E-01  0.0000000000E+00  0.0000000000E+00 -0.4407860955E+00  0.4523821119E-02  0.1269729707E-05  0.5093197110E-03
76  0.3789947880E-03  0.2641850659E-03  0.3745945323E-02  0.1412805954E-03  0.9937230192E-03 -0.6024456785E+00  0.4522606246E-02  0.1505884643E+01 -0.1599001843E+02  0.1131067197E-01  0.1113352000E+03  0.4522606246E-02  0.2040889797E-05 -0.6024456785E+00 -0.6029575858E+00  0.0000000000E+00  0.5119073094E-03  0.4522606246E-02  0.1507169053E+01 -0.1597899226E+02  0.0000000000E+00 -0.1284409591E-02 -0.1102616968E-01  0.1131067197E-01  0.0000000000E+00  0.0000000000E+00 -0.6029575858E+00  0.4522606246E-02  0.2040889797E-05  0.5119073094E-03
77  0.3876090364E-03  0.2806430579E-03  0.3784932042E-02  0.1426134053E-03  0.1019435362E-02 -0.4283340637E+00  0.4524057486E-02  0.1070601488E+01 -0.1622810977E+02  0.1131277896E-01  0.1114022000E+03  0.4524057486E-02  0.1262708192E-05 -0.4283340637E+00 -0.4288434614E+00  0.0000000000E+00  0.5093976794E-03  0.4524057486E-02  0.1071881611E+01 -0.1621708845E+02  0.0000000000E+00 -0.1280122877E-02 -0.1102132700E-01  0.1131277896E-01  0.0000000000E+00  0.0000000000E+00 -0.4288434614E+00  0.4524057486E-02  0.1262708192E-05  0.5093976794E-03
78  0.3940023435E-03  0.2856860199E-03  0.3768950130E-02  0.1440595593E-03  0.1036067460E-02 -0.6001224798E+00  0.4522339314E-02  0.1500076698E+01 -0.1599184388E+02  0.1130999613E-01  0.1114960000E+03  0.4522339314E-02  0.2043938875E-05 -0.6001224798E+00 -0.6006344686E+00  0.0000000000E+00  0.5119887261E-03  0.4522339314E-02  0.1501361292E+01 -0.1598081847E+02  0.0000000000E+00 -0.1284594317E-02 -0.1102540360E-01  0.1130999613E-01  0.0000000000E+00  0.0000000000E+00 -0.6006344686E+00  0.4522339314E-02  0.2043938875E-05  0.5119887261E-03
79  0.3901293523E-03  0.2737978150E-03  0.3747235576E-02  0.1432304930E-03  0.1022917651E-02 -0.4431207248E+00  0.4524093346E-02  0.1107568222E+01 -0.1620453130E+02  0.1131290809E-01  0.1115630000E+03  0.4524093346E-02  0.1267605629E-05 -0.4431207248E+00 -0.4436299592E+00  0.0000000000E+00  0.5092344283E-03  0.4524093346E-02  0.1108847931E+01 -0.1619350967E+02  0.0000000000E+00 -0.1279709773E-02 -0.1102162521E-01  0.1131290809E-01  0.0000000000E+00  0.0000000000E+00 -0.4436299592E+00  0.4524093346E-02  0.1267605629E-05  0.5092344283E-03
80  0.3813906674E-03  0.2582799959E-03  0.3768050834E-02  0.1438865432E-03  0.9968933579E-03 -0.5877261544E+00  0.4522578518E-02  0.1469085605E+01 -0.1601389201E+02  0.1131056172E-01  0.1116576000E+03  0.4522578518E-02  0.2035905052E-05 -0.5877261544E+00 -0.5882382272E+00  0.0000000000E+00  0.5120728246E-03  0.4522578518E-02  0.1470370434E+01 -0.1600286611E+02  0.0000000000E+00 -0.1284828466E-02 -0.1102590086E-01  0.1131056172E-01  0.0000000000E+00  0.0000000000E+00 -0.5882382272E+00  0.4522578518E-02  0.2035905052E-05  0.5120728246E-03
81  0.3767564136E-03  0.2539965717E-03  0.3749824735E-02  0.1435274812E-03  0.9846758741E-03 -0.4402784739E+00  0.4523821191E-02  0.1100462667E+01 -0.1620694041E+02  0.1131221860E-01  0.1267220000E+03  0.4523821191E-02  0.1269873217E-05 -0.4402784739E+00 -0.4407877935E+00  0.0000000000E+00  0.5093195458E-03  0.4523821191E-02  0.1101742573E+01 -0.1619591958E+02  0.0000000000E+00 -0.1279905714E-02 -0.1102082799E-01  0.1131221860E-01  0.0000000000E+00  0.0000000000E+00 -0.4407877935E+00  0.4523821191E-02  0.1269873217E-05  0.5093195458E-03
82  0.3789951362E-03  0.2641875413E-03  0.3745947838E-02  0.1412806789E-03  0.9937244404E-03 -0.6024476054E+00  0.4522606283E-02  0.1505889354E+01 -0.1599001290E+02  0.1131067274E-01  0.1268160000E+03  0.4522606283E-02  0.2041014100E-05 -0.6024476054E+00 -0.6029595126E+00  0.0000000000E+00  0.5119071811E-03  0.4522606283E-02  0.1507173763E+01 -0.1597898673E+02  0.0000000000E+00 -0.1284409103E-02 -0.1102616919E-01  0.1131067274E-01  0.0000000000E+00  0.0000000000E+00 -0.6029595126E+00  0.4522606283E-02  0.2041014100E-05  0.5119071811E-03
83  0.3876094963E-03  0.2806412465E-03  0.3784934919E-02  0.1426141419E-03  0.1019435535E-02 -0.4283357412E+00  0.4524057511E-02  0.1070605576E+01 -0.1622810498E+02  0.1131277962E-01  0.1268832000E+03  0.4524057511E-02  0.1262814655E-05 -0.4283357412E+00 -0.4288451388E+00  0.0000000000E+00  0.5093975741E-03  0.4524057511E-02  0.1071885698E+01 -0.1621708365E+02  0.0000000000E+00 -0.1280122477E-02 -0.1102132658E-01  0.1131277962E-01  0.0000000000E+00  0.0000000000E+00 -0.4288451388E+00  0.4524057511E-02  0.1262814655E-05  0.5093975741E-03
84  0.3940025045E-03  0.2856882149E-03  0.3768952916E-02  0.1440597430E-03  0.1036069555E-02 -0.6001243169E+00  0.4522339315E-02  0.1500081186E+01 -0.1599183902E+02  0.1130999664E-01  0.1269770000E+03  0.4522339315E-02  0.2044028981E-05 -0.6001243169E+00 -0.6006363056E+00  0.0000000000E+00  0.5119886517E-03  0.4522339315E-02  0.1501365781E+01 -0.1598081361E+02  0.0000000000E+00 -0.1284594021E-02 -0.1102540322E-01  0.1130999664E-01  0.0000000000E+00  0.0000000000E+00 -0.6006363056E+00  0.4522339315E-02  0.2044028981E-05  0.5119886517E-03
85  0.3901298909E-03  0.2737961315E-03  0.3747237663E-02  0.1432313533E-03  0.1022917099E-02 -0.4431223342E+00  0.4524093339E-02  0.1107572141E+01 -0.1620452700E+02  0.1131290851E-01  0.1270442000E+03  0.4524093339E-02  0.1267681169E-05 -0.4431223342E+00 -0.4436315686E+00  0.0000000000E+00  0.5092343708E-03  0.4524093339E-02  0.1108851851E+01 -0.1619350537E+02  0.0000000000E+00 -0.1279709547E-02 -0.1102162488E-01  0.1131290851E-01  0.0000000000E+00  0.0000000000E+00 -0.4436315686E+00  0.4524093339E-02  0.1267681169E-05  0.5092343708E-03
86  0.3813906899E-03  0.2582820923E-03  0.3768053130E-02  0.1438865047E-03  0.9968957684E-03 -0.5877278668E+00  0.4522578496E-02  0.1469089784E+01 -0.1601388769E+02  0.1131056203E-01  0.1271380000E+03  0.4522578496E-02  0.2035967711E-05 -0.5877278668E+00 -0.5882399396E+00  0.0000000000E+00  0.5120727904E-03  0.4522578496E-02  0.1470374613E+01 -0.1600286178E+02  0.0000000000E+00 -0.1284828323E-02 -0.1102590057E-01  0.1131056203E-01  0.0000000000E+00  0.0000000000E+00 -0.5882399396E+00  0.4522578496E-02  0.2035967711E-05  0.5120727904E-03
87  0.3767569200E-03  0.2539949569E-03  0.3749825804E-02  0.1435284152E-03  0.9846748410E-03 -0.4402799825E+00  0.4523821166E-02  0.1100466337E+01 -0.1620693653E+02  0.1131221885E-01  0.1272051000E+03  0.4523821166E-02  0.1269925050E-05 -0.4402799825E+00 -0.4407893020E+00  0.0000000000E+00  0.5093195231E-03  0.4523821166E-02  0.1101746243E+01 -0.1619591571E+02  0.0000000000E+00 -0.1279905621E-02 -0.1102082774E-01  0.1131221885E-01  0.0000000000E+00  0.0000000000E+00 -0.4407893020E+00  0.4523821166E-02  0.1269925050E-05  0.5093195231E-03
88  0.3789950146E-03  0.2641892552E-03  0.3745949327E-02  0.1412804182E-03  0.9937263863E-03 -0.6024491251E+00  0.4522606250E-02  0.1505893054E+01 -0.1599000910E+02  0.1131067292E-01  0.1272989000E+03  0.4522606250E-02  0.2041056490E-05 -0.6024491251E+00 -0.6029610323E+00  0.0000000000E+00  0.5119071745E-03  0.4522606250E-02  0.1507177463E+01 -0.1597898293E+02  0.0000000000E+00 -0.1284409067E-02 -0.1102616898E-01  0.1131067292E-01  0.0000000000E+00  0.0000000000E+00 -0.6029610323E+00  0.4522606250E-02  0.2041056490E-05  0.5119071745E-03
89  0.3876098935E-03  0.2806399803E-03  0.3784935152E-02  0.1426151918E-03  0.1019434601E-02 -0.4283371093E+00  0.4524057478E-02  0.1070608897E+01 -0.1622810152E+02  0.1131277976E-01  0.1273661000E+03  0.4524057478E-02  0.1262849868E-05 -0.4283371093E+00 -0.4288465069E+00  0.0000000000E+00  0.5093975747E-03  0.4524057478E-02  0.1071889020E+01 -0.1621708019E+02  0.0000000000E+00 -0.1280122471E-02 -0.1102132640E-01  0.1131277976E-01  0.0000000000E+00  0.0000000000E+00 -0.4288465069E+00  0.4524057478E-02  0.1262849868E-05  0.5093975747E-03
90  0.3940023134E-03  0.2856894321E-03  0.3768953467E-02  0.1440592696E-03  0.1036070715E-02 -0.6001256339E+00  0.4522339279E-02  0.1500084382E+01 -0.1599183573E+02  0.1130999674E-01  0.1274599000E+03  0.4522339279E-02  0.2044057770E-05 -0.6001256339E+00 -0.6006376225E+00  0.0000000000E+00  0.5119886624E-03  0.4522339279E-02  0.1501368976E+01 -0.1598081033E+02  0.0000000000E+00 -0.1284594050E-02 -0.1102540308E-01  0.1130999674E-01  0.0000000000E+00  0.0000000000E+00 -0.6006376225E+00  0.4522339279E-02  0.2044057770E-05  0.5119886624E-03
91  0.3901301388E-03  0.2737951131E-03  0.3747237489E-02  0.1432323705E-03  0.1022916344E-02 -0.4431235392E+00  0.4524093303E-02  0.1107575057E+01 -0.1620452395E+02  0.1131290858E-01  0.1424864000E+03  0.4524093303E-02  0.1267705690E-05 -0.4431235392E+00 -0.4436327736E+00  0.0000000000E+00  0.5092343856E-03  0.4524093303E-02  0.1108854767E+01 -0.1619350233E+02  0.0000000000E+00 -0.1279709591E-02 -0.1102162475E-01  0.1131290858E-01  0.0000000000E+00  0.0000000000E+00 -0.4436327736E+00  0.4524093303E-02  0.1267705690E-05  0.5092343856E-03
92  0.3813904921E-03  0.2582830396E-03  0.3768052972E-02  0.1438859929E-03  0.9968963280E-03 -0.5877289862E+00  0.4522578460E-02  0.1469092488E+01 -0.1601388487E+02  0.1131056208E-01  0.1425805000E+03  0.4522578460E-02  0.2035988168E-05 -0.5877289862E+00 -0.5882410590E+00  0.0000000000E+00  0.5120728111E-03  0.4522578460E-02  0.1470377316E+01 -0.1600285897E+02  0.0000000000E+00 -0.1284828386E-02 -0.1102590047E-01  0.1131056208E-01  0.0000000000E+00  0.0000000000E+00 -0.5882410590E+00  0.4522578460E-02  0.2035988168E-05  0.5120728111E-03
93  0.3767570301E-03  0.2539941262E-03  0.3749825574E-02  0.1435292819E-03  0.9846743206E-03 -0.4402810365E+00  0.4523821130E-02  0.1100468878E+01 -0.1620693386E+02  0.1131221888E-01  0.1426479000E+03  0.4523821130E-02  0.1269943243E-05 -0.4402810365E+00 -0.4407903561E+00  0.0000000000E+00  0.5093195457E-03  0.4523821130E-02  0.1101748784E+01 -0.1619591304E+02  0.0000000000E+00 -0.1279905688E-02 -0.1102082765E-01  0.1131221888E-01  0.0000000000E+00  0.0000000000E+00 -0.4407903561E+00  0.4523821130E-02  0.1269943243E-05  0.5093195457E-03
94  0.3789948647E-03  0.2641899143E-03  0.3745948846E-02  0.1412799585E-03  0.9937264594E-03 -0.6024500861E+00  0.4522606214E-02  0.1505895364E+01 -0.1599000669E+02  0.1131067294E-01  0.1427418000E+03  0.4522606214E-02  0.2041072127E-05 -0.6024500861E+00 -0.6029619933E+00  0.0000000000E+00  0.5119072003E-03  0.4522606214E-02  0.1507179774E+01 -0.1597898052E+02  0.0000000000E+00 -0.1284409142E-02 -0.1102616891E-01  0.1131067294E-01  0.0000000000E+00  0.0000000000E+00 -0.6029619933E+00  0.4522606214E-02  0.2041072127E-05  0.5119072003E-03
95  0.3876099214E-03  0.2806394425E-03  0.3784935130E-02  0.1426158869E-03  0.1019434422E-02 -0.4283380466E+00  0.4524057441E-02  0.1070611148E+01 -0.1622809916E+02  0.1131277976E-01  0.1428091000E+03  0.4524057441E-02  0.1262864423E-05 -0.4283380466E+00 -0.4288474442E+00  0.0000000000E+00  0.5093976012E-03  0.4524057441E-02  0.1071891271E+01 -0.1621707783E+02  0.0000000000E+00 -0.1280122545E-02 -0.1102132632E-01  0.1131277976E-01  0.0000000000E+00  0.0000000000E+00 -0.4288474442E+00  0.4524057441E-02  0.1262864423E-05  0.5093976012E-03
96  0.3940022423E-03  0.2856898692E-03  0.3768953010E-02  0.1440589878E-03  0.1036070553E-02 -0.6001264850E+00  0.4522339243E-02  0.1500086419E+01 -0.1599183363E+02  0.1130999673E-01  0.1429031000E+03  0.4522339243E-02  0.2044070620E-05 -0.6001264850E+00 -0.6006384736E+00  0.0000000000E+00  0.5119886912E-03  0.4522339243E-02  0.1501371013E+01 -0.1598080823E+02  0.0000000000E+00 -0.1284594129E-02 -0.1102540301E-01  0.1130999673E-01  0.0000000000E+00  0.0000000000E+00 -0.6006384736E+00  0.4522339243E-02  0.2044070620E-05  0.5119886912E-03
97  0.3901301304E-03  0.2737947574E-03  0.3747237770E-02  0.1432328160E-03  0.1022916415E-02 -0.4431243976E+00  0.4524093265E-02  0.1107577113E+01 -0.1620452184E+02  0.1131290857E-01  0.1429705000E+03  0.4524093265E-02  0.1267717942E-05 -0.4431243976E+00 -0.4436336320E+00  0.0000000000E+00  0.5092344145E-03  0.4524093265E-02  0.1108856823E+01 -0.1619350021E+02  0.0000000000E+00 -0.1279709667E-02 -0.1102162468E-01  0.1131290857E-01  0.0000000000E+00  0.0000000000E+00 -0.4436336320E+00  0.4524093265E-02  0.1267717942E-05  0.5092344145E-03
98  0.3813904865E-03  0.2582833519E-03  0.3768052737E-02  0.1438858946E-03  0.9968960902E-03 -0.5877297717E+00  0.4522578424E-02  0.1469094363E+01 -0.1601388301E+02  0.1131056206E-01  0.1430645000E+03  0.4522578424E-02  0.2035999168E-05 -0.5877297717E+00 -0.5882418445E+00  0.0000000000E+00  0.5120728421E-03  0.4522578424E-02  0.1470379192E+01 -0.1600285711E+02  0.0000000000E+00 -0.1284828464E-02 -0.1102590042E-01  0.1131056206E-01  0.0000000000E+00  0.0000000000E+00 -0.5882418445E+00  0.4522578424E-02  0.2035999168E-05  0.5120728421E-03
99  0.3767570187E-03  0.2539939083E-03  0.3749826140E-02  0.1435295056E-03  0.9846745520E-03 -0.4402818386E+00  0.4523821092E-02  0.1100470796E+01 -0.1620693195E+02  0.1131221885E-01  0.1431318000E+03  0.4523821092E-02  0.1269953762E-05 -0.4402818386E+00 -0.4407911582E+00  0.0000000000E+00  0.5093195766E-03  0.4523821092E-02  0.1101750702E+01 -0.1619591112E+02  0.0000000000E+00 -0.1279905763E-02 -0.1102082759E-01  0.1131221885E-01  0.0000000000E+00  0.0000000000E+00 -0.4407911582E+00  0.4523821092E-02  0.1269953762E-05  0.5093195766E-03
100  0.3789949074E-03  0.2641901397E-03  0.3745948936E-02  0.1412800167E-03  0.9937262848E-03 -0.6024508303E+00  0.4522606179E-02  0.1505897139E+01 -0.1599000500E+02  0.1131067291E-01  0.1432258000E+03  0.4522606179E-02  0.2041081561E-05 -0.6024508303E+00 -0.6029627375E+00  0.0000000000E+00  0.5119072333E-03  0.4522606179E-02  0.1507181548E+01 -0.1597897884E+02  0.0000000000E+00 -0.1284409222E-02 -0.1102616887E-01  0.1131067291E-01  0.0000000000E+00  0.0000000000E+00 -0.6029627375E+00  0.4522606179E-02  0.2041081561E-05  0.5119072333E-03
