title="tecplot geometry and solution file"
variables = x y z rho u v w p mach temperature
zone t="boundary 1 bc-1", solutiontime= 0.4000000E+02, strandid=1001, i=42, j=30, f=feblock
  0.000000000000E+00  0.000000000000E+00  0.000000000000E+00  0.000000000000E+00  0.000000000000E+00  0.000000000000E+00  0.000000000000E+00
  0.000000000000E+00  0.000000000000E+00  0.000000000000E+00  0.000000000000E+00  0.000000000000E+00  0.000000000000E+00  0.000000000000E+00
  0.000000000000E+00  0.000000000000E+00  0.000000000000E+00  0.000000000000E+00  0.000000000000E+00  0.000000000000E+00  0.000000000000E+00
  0.000000000000E+00  0.000000000000E+00  0.000000000000E+00  0.000000000000E+00  0.000000000000E+00  0.000000000000E+00  0.000000000000E+00
  0.000000000000E+00  0.000000000000E+00  0.000000000000E+00  0.000000000000E+00  0.000000000000E+00  0.000000000000E+00  0.000000000000E+00
  0.000000000000E+00  0.000000000000E+00  0.000000000000E+00  0.000000000000E+00  0.000000000000E+00  0.000000000000E+00  0.000000000000E+00
  0.000000000000E+00  0.000000000000E+00 -0.833333333333E+00  0.000000000000E+00  0.000000000000E+00 -0.833333333333E+00 -0.166666666667E+01
  0.000000000000E+00 -0.833333333333E+00 -0.833333333333E+00  0.000000000000E+00 -0.166666666667E+01 -0.250000000000E+01 -0.833333333333E+00
 -0.166666666667E+01 -0.166666666667E+01 -0.833333333333E+00 -0.250000000000E+01 -0.333333333333E+01 -0.166666666667E+01 -0.250000000000E+01
 -0.250000000000E+01 -0.166666666667E+01 -0.333333333333E+01 -0.416666666667E+01 -0.250000000000E+01 -0.333333333333E+01 -0.333333333333E+01
 -0.250000000000E+01 -0.416666666667E+01 -0.500000000000E+01 -0.333333333333E+01 -0.416666666667E+01 -0.416666666667E+01 -0.333333333333E+01
 -0.500000000000E+01 -0.416666666667E+01 -0.500000000000E+01 -0.500000000000E+01 -0.416666666667E+01 -0.500000000000E+01 -0.500000000000E+01
  0.250000000000E+01  0.150000000000E+01  0.250000000000E+01  0.500000000000E+00 -0.150000000000E+01  0.150000000000E+01  0.250000000000E+01
 -0.500000000000E+00  0.500000000000E+00 -0.150000000000E+01 -0.250000000000E+01  0.150000000000E+01  0.250000000000E+01 -0.500000000000E+00
  0.500000000000E+00 -0.150000000000E+01 -0.250000000000E+01  0.150000000000E+01  0.250000000000E+01 -0.500000000000E+00  0.500000000000E+00
 -0.150000000000E+01 -0.250000000000E+01  0.150000000000E+01  0.250000000000E+01 -0.500000000000E+00  0.500000000000E+00 -0.150000000000E+01
 -0.250000000000E+01  0.150000000000E+01  0.250000000000E+01 -0.500000000000E+00  0.500000000000E+00 -0.150000000000E+01 -0.250000000000E+01
  0.150000000000E+01 -0.500000000000E+00  0.500000000000E+00 -0.150000000000E+01 -0.250000000000E+01 -0.500000000000E+00 -0.250000000000E+01
  0.100126744695E+01  0.100547600299E+01  0.100148429257E+01  0.999911928280E+00  0.981347954549E+00  0.100471835019E+01  0.100245456350E+01
  0.104770936619E+01  0.100016729209E+01  0.998705688522E+00  0.153630067139E+01  0.100685378926E+01  0.100202976912E+01  0.103039562580E+01
  0.100364310747E+01  0.100614066655E+01  0.150031741011E+01  0.100585155329E+01  0.100245453469E+01  0.104087795586E+01  0.100254149490E+01
  0.100702872175E+01  0.151180734462E+01  0.100685362629E+01  0.100148431728E+01  0.103663704915E+01  0.100364303388E+01  0.100614145511E+01
  0.150888159552E+01  0.100471833334E+01  0.100126744055E+01  0.104087711117E+01  0.100016750846E+01  0.998707510231E+00  0.151180191352E+01
  0.100547572910E+01  0.103039503260E+01  0.999911693331E+00  0.981350039237E+00  0.150030719584E+01  0.104770531844E+01  0.153627550430E+01
  0.498176743737E+00  0.496294873274E+00  0.498055979427E+00  0.497061217147E+00  0.467865341236E+00  0.496565415644E+00  0.497007375345E+00
  0.470101990667E+00  0.499028969495E+00  0.497756052468E+00  0.000000000000E+00  0.494570683988E+00  0.497449966606E+00  0.478135290493E+00
  0.495234959807E+00  0.480611568114E+00  0.000000000000E+00  0.495421428708E+00  0.497007416666E+00  0.467892118809E+00  0.496892441667E+00
  0.484505159725E+00  0.000000000000E+00  0.494570782015E+00  0.498056007815E+00  0.470588036786E+00  0.495235115789E+00  0.480612026564E+00
  0.000000000000E+00  0.496565441447E+00  0.498176900331E+00  0.467892502564E+00  0.499028600611E+00  0.497753352350E+00  0.000000000000E+00
  0.496295119957E+00  0.478135806562E+00  0.497061063546E+00  0.467867605041E+00  0.000000000000E+00  0.470105256468E+00  0.000000000000E+00
  0.799381393893E-03  0.766000131247E-03  0.451494325441E-03  0.357536286444E-02  0.362480160670E-01 -0.225047229346E-03  0.868383100081E-04
 -0.103032213297E-01  0.344915600080E-02  0.159902983729E-01  0.000000000000E+00 -0.247981965219E-03  0.261895156357E-07 -0.894422476454E-02
  0.152440263704E-02  0.314661460150E-02  0.000000000000E+00 -0.682315368559E-07 -0.867624974730E-04 -0.832806338400E-03  0.252316478358E-07
  0.438881451878E-06  0.000000000000E+00  0.247951927936E-03 -0.451441628013E-03 -0.316899306868E-06 -0.152422999480E-02 -0.314553964854E-02
  0.000000000000E+00  0.224925442334E-03 -0.799320715708E-03  0.832300637937E-03 -0.344899936358E-02 -0.159892287838E-01  0.000000000000E+00
 -0.765979018771E-03  0.894298962719E-02 -0.357525029144E-02 -0.362468983227E-01  0.000000000000E+00  0.103019878688E-01  0.000000000000E+00
  0.189202248480E-02 -0.128704220531E-02  0.173600318618E-02  0.891619835466E-02  0.757114977592E-01  0.124755803565E-03  0.245547284246E-02
 -0.138476231959E-01  0.568606591217E-02  0.355391309827E-01  0.000000000000E+00 -0.250638290205E-03  0.210848944845E-02 -0.695485962613E-02
  0.598239192862E-02  0.442360932340E-01  0.000000000000E+00  0.876926305409E-04  0.245542260689E-02 -0.591122394212E-02  0.538313137533E-02
  0.414110063081E-01  0.000000000000E+00 -0.250571247779E-03  0.173601070798E-02 -0.503625170085E-02  0.598221865536E-02  0.442357920398E-01
  0.000000000000E+00  0.124826394460E-03  0.189200656944E-02 -0.591127626034E-02  0.568562976664E-02  0.355389938863E-01  0.000000000000E+00
 -0.128676431117E-02 -0.695405091076E-02  0.891500378193E-02  0.757091213008E-01  0.000000000000E+00 -0.138460756090E-01  0.000000000000E+00
  0.715723463656E+00  0.719447731263E+00  0.715884296096E+00  0.716734697584E+00  0.727243475582E+00  0.718690182099E+00  0.716872465504E+00
  0.751283805012E+00  0.716401491612E+00  0.735404396323E+00  0.109733250541E+01  0.720829822592E+00  0.716440948940E+00  0.736659819202E+00
  0.720049033218E+00  0.745808309793E+00  0.107163191968E+01  0.719819068636E+00  0.716872431909E+00  0.746288627077E+00  0.718903378167E+00
  0.746128485662E+00  0.107983984850E+01  0.720829665613E+00  0.715884313490E+00  0.742237196694E+00  0.720048908071E+00  0.745808500472E+00
  0.107775105594E+01  0.718690172819E+00  0.715723432057E+00  0.746287978196E+00  0.716401653843E+00  0.735405690399E+00  0.107983750127E+01
  0.719447463946E+00  0.736659435519E+00  0.716734294256E+00  0.727243432625E+00  0.107162753560E+01  0.751280480895E+00  0.109731880277E+01
  0.497995643835E+00  0.495865599236E+00  0.497871894358E+00  0.496282100189E+00  0.466668089154E+00  0.496208067043E+00  0.496724431304E+00
  0.469503679077E+00  0.498377452157E+00  0.491739599454E+00  0.000000000000E+00  0.494004941910E+00  0.497209480819E+00  0.478054257675E+00
  0.494185087929E+00  0.473791220354E+00  0.000000000000E+00  0.494955378776E+00  0.496724476841E+00  0.467050186850E+00  0.495952145636E+00
  0.477451271689E+00  0.000000000000E+00  0.494005053587E+00  0.497871922809E+00  0.470049656378E+00  0.494185265765E+00  0.473791759606E+00
  0.000000000000E+00  0.496208091834E+00  0.497995809613E+00  0.467050583148E+00  0.498377075255E+00  0.491736920708E+00  0.000000000000E+00
  0.495865869538E+00  0.478054725413E+00  0.496282006023E+00  0.466670330915E+00  0.000000000000E+00  0.469506995638E+00  0.000000000000E+00
  0.100074445860E+01  0.100174128550E+01  0.100075260488E+01  0.100351695808E+01  0.103749221782E+01  0.100144110511E+01  0.100116403102E+01
  0.100390180804E+01  0.100279432870E+01  0.103090046115E+01  0.999977111372E+00  0.100229225176E+01  0.100098555894E+01  0.100090074245E+01
  0.100440947484E+01  0.103775910111E+01  0.999978189575E+00  0.100188411779E+01  0.100116401287E+01  0.100377193313E+01  0.100391328893E+01
  0.103728906372E+01  0.999979126495E+00  0.100229219572E+01  0.100075260450E+01  0.100240684647E+01  0.100440937392E+01  0.103775855309E+01
  0.999980040045E+00  0.100144110897E+01  0.100074442082E+01  0.100377187496E+01  0.100279433885E+01  0.103090039477E+01  0.999980545247E+00
  0.100174118616E+01  0.100090079736E+01  0.100351662917E+01  0.103748995258E+01  0.999980906579E+00  0.100390124469E+01  0.999981005733E+00
         3         6         2         1
         6         9         4         2
         9        14         8         4
        14        10         5         8
        10        17        11         5
         7        12         6         3
        12        15         9         6
        15        20        14         9
        20        16        10        14
        16        23        17        10
        13        18        12         7
        18        21        15        12
        21        26        20        15
        26        22        16        20
        22        29        23        16
        19        24        18        13
        24        27        21        18
        27        32        26        21
        32        28        22        26
        28        35        29        22
        25        30        24        19
        30        33        27        24
        33        37        32        27
        37        34        28        32
        34        40        35        28
        31        36        30        25
        36        38        33        30
        38        41        37        33
        41        39        34        37
        39        42        40        34
zone t="boundary 2 bc-2", solutiontime= 0.4000000E+02, strandid=1002, i=51, j=80, f=feblock
  0.500000000000E+01  0.500000000000E+01  0.400000000000E+01  0.425172245441E+01  0.500000000000E+01  0.427741389634E+01  0.300000000000E+01
  0.341887665662E+01  0.368116975164E+01  0.500000000000E+01  0.430894944607E+01  0.352044655687E+01  0.200000000000E+01  0.259168638257E+01
  0.301798341022E+01  0.500000000000E+01  0.435643616790E+01  0.375117520592E+01  0.271663237208E+01  0.288980181581E+01  0.100000000000E+01
  0.191939879870E+01  0.130679496696E+01  0.219385942988E+01  0.500000000000E+01  0.441735041915E+01  0.373031592783E+01  0.208456665067E+01
  0.230848460393E+01  0.190054259015E+01  0.298584217914E+01  0.000000000000E+00  0.613733212775E+00  0.151350918120E+01  0.794128609067E+00
  0.144135983281E+01  0.400000000000E+01  0.132476136006E+01  0.200000000000E+01  0.164582171489E+01  0.102008138039E+01  0.300000000000E+01
  0.000000000000E+00  0.000000000000E+00  0.701034609231E+00  0.609175469936E+00  0.100000000000E+01  0.505577837730E+00  0.000000000000E+00
  0.000000000000E+00  0.000000000000E+00
 -0.500000000000E+01 -0.500000000000E+01 -0.500000000000E+01 -0.500000000000E+01 -0.500000000000E+01 -0.500000000000E+01 -0.500000000000E+01
 -0.500000000000E+01 -0.500000000000E+01 -0.500000000000E+01 -0.500000000000E+01 -0.500000000000E+01 -0.500000000000E+01 -0.500000000000E+01
 -0.500000000000E+01 -0.500000000000E+01 -0.500000000000E+01 -0.500000000000E+01 -0.500000000000E+01 -0.500000000000E+01 -0.500000000000E+01
 -0.500000000000E+01 -0.500000000000E+01 -0.500000000000E+01 -0.500000000000E+01 -0.500000000000E+01 -0.500000000000E+01 -0.500000000000E+01
 -0.500000000000E+01 -0.500000000000E+01 -0.500000000000E+01 -0.500000000000E+01 -0.500000000000E+01 -0.500000000000E+01 -0.500000000000E+01
 -0.500000000000E+01 -0.500000000000E+01 -0.500000000000E+01 -0.500000000000E+01 -0.500000000000E+01 -0.500000000000E+01 -0.500000000000E+01
 -0.500000000000E+01 -0.500000000000E+01 -0.500000000000E+01 -0.500000000000E+01 -0.500000000000E+01 -0.500000000000E+01 -0.500000000000E+01
 -0.500000000000E+01 -0.500000000000E+01
  0.250000000000E+01  0.150000000000E+01  0.250000000000E+01  0.168388151981E+01  0.500000000000E+00  0.784980628699E+00  0.250000000000E+01
  0.172616846193E+01  0.104016062853E+01 -0.500000000000E+00 -0.103062804534E+00  0.179404976675E+00  0.250000000000E+01  0.166729536217E+01
  0.923171218453E+00 -0.150000000000E+01 -0.102255113015E+01 -0.669125930414E+00  0.135977239814E+00 -0.856266143819E+00  0.250000000000E+01
  0.158034275708E+01  0.175813852804E+01  0.774089735567E+00 -0.250000000000E+01 -0.179804978092E+01 -0.146769777443E+01 -0.223755606368E+00
 -0.164420331359E+01 -0.108875578595E+01 -0.190240885061E+01  0.250000000000E+01  0.185787993997E+01  0.110883669208E+01  0.100177177909E+01
  0.349093656766E+00 -0.250000000000E+01 -0.526785284186E+00 -0.250000000000E+01 -0.183798308008E+01 -0.145695630084E+01 -0.250000000000E+01
  0.150000000000E+01  0.500000000000E+00  0.396172271494E-01 -0.788824871575E+00 -0.250000000000E+01 -0.198405114581E+01 -0.150000000000E+01
 -0.500000000000E+00 -0.250000000000E+01
  0.100395818320E+01  0.100203244775E+01  0.100525700450E+01  0.100547541116E+01  0.101226403485E+01  0.100373727940E+01  0.100645458403E+01
  0.100582222189E+01  0.100717934376E+01  0.102900222597E+01  0.101466209003E+01  0.100271726682E+01  0.100587459794E+01  0.100643756207E+01
  0.100541744246E+01  0.993806904628E+00  0.100952989904E+01  0.102005822462E+01  0.998544390012E+00  0.102751772533E+01  0.100421387836E+01
  0.100540439475E+01  0.100606979956E+01  0.101146611165E+01  0.811262384344E+00  0.101093384875E+01  0.994431120614E+00  0.100337183776E+01
  0.102791341023E+01  0.103165708105E+01  0.101169136657E+01  0.100126744055E+01  0.100448471407E+01  0.100591534058E+01  0.100543666431E+01
  0.101807106346E+01  0.979689819578E+00  0.100304589113E+01  0.985172057383E+00  0.986404074922E+00  0.110440650164E+01  0.997567575980E+00
  0.100547572910E+01  0.999911693331E+00  0.102106743869E+01  0.987751118612E+00  0.906982880237E+00  0.120885944846E+01  0.981350039237E+00
  0.104770531844E+01  0.153627550430E+01
  0.494651439634E+00  0.498824145019E+00  0.490940572491E+00  0.487417027009E+00  0.514934479578E+00  0.503355571078E+00  0.491028540896E+00
  0.486621339620E+00  0.491398235288E+00  0.514531615497E+00  0.548110037566E+00  0.530382079688E+00  0.492250854152E+00  0.487160687104E+00
  0.490878219903E+00  0.466925309909E+00  0.536772411483E+00  0.562097963909E+00  0.516628744157E+00  0.555732715431E+00  0.493743568485E+00
  0.486905426881E+00  0.491261634492E+00  0.486600878689E+00  0.000000000000E+00  0.394371657480E+00  0.456755272981E+00  0.524009047247E+00
  0.413285688030E+00  0.563957797878E+00  0.312974602729E+00  0.498176900331E+00  0.494895497979E+00  0.484179987316E+00  0.488387761173E+00
  0.480287248623E+00  0.000000000000E+00  0.504592724130E+00  0.000000000000E+00  0.379736255978E+00  0.508893008796E+00  0.000000000000E+00
  0.496295119957E+00  0.497061063546E+00  0.480308576459E+00  0.467780866022E+00  0.000000000000E+00  0.416483791261E+00  0.467867605041E+00
  0.470105256468E+00  0.000000000000E+00
  0.124047562099E-02 -0.194248963764E-02  0.499750844278E-03  0.128593528198E-02 -0.444423327597E-02 -0.340923197138E-02 -0.158614690728E-03
  0.474817033117E-03  0.582604887142E-03 -0.142595494561E-01 -0.624666733282E-02 -0.976634041236E-03 -0.123974624013E-02 -0.583259061808E-03
  0.173133594783E-02 -0.513541181913E-02 -0.149330091978E-01 -0.223448936869E-01 -0.455140225849E-02 -0.280789955845E-01 -0.134732112483E-02
 -0.382250074868E-02 -0.175247352666E-02  0.391761495156E-02  0.000000000000E+00 -0.907707437388E-02 -0.696113166953E-03 -0.826041460683E-02
 -0.267268254389E-01 -0.266046787202E-01 -0.129734243124E-01 -0.799320715708E-03 -0.105352352291E-02 -0.320250441994E-02 -0.448458945737E-02
  0.207026950136E-02  0.000000000000E+00 -0.227034538329E-01  0.000000000000E+00  0.613953028863E-02 -0.230996011343E-01  0.000000000000E+00
 -0.765979018771E-03 -0.357525029144E-02  0.366872094389E-02 -0.449648483867E-01  0.000000000000E+00 -0.148207802714E+00 -0.362468983227E-01
  0.103019878688E-01  0.000000000000E+00
  0.392563312573E-02  0.252798346996E-01  0.526954670322E-02  0.138102924320E-01  0.498630060228E-01  0.353433158268E-01  0.541920768654E-02
  0.122383172418E-01  0.218355484236E-01  0.133855744461E-01  0.483535642055E-01  0.491128042821E-01  0.514734489740E-02  0.115204864105E-01
  0.208368349279E-01 -0.690423932863E-01  0.122525560589E-01  0.417037504830E-01  0.484525277051E-01  0.584774225781E-01  0.395601143091E-02
  0.970407727202E-02  0.620081160513E-02  0.204658778810E-01  0.000000000000E+00 -0.481426360571E-01  0.209436431639E-01  0.648226182307E-01
  0.796624970715E-02  0.836131320535E-01  0.355385219190E-02  0.189200656944E-02  0.321587179257E-02  0.110892607376E-01  0.660381924287E-02
  0.152945991522E-01  0.000000000000E+00  0.751676756460E-01  0.000000000000E+00 -0.698948776879E-02  0.124497521851E+00  0.000000000000E+00
 -0.128676431117E-02  0.891500378193E-02  0.543056096298E-03  0.315303331282E-01  0.000000000000E+00  0.180750395731E+00  0.757091213008E-01
 -0.138460756090E-01  0.000000000000E+00
  0.717867074764E+00  0.717644447369E+00  0.719563832376E+00  0.719708417787E+00  0.726296687848E+00  0.720799760974E+00  0.720536626084E+00
  0.720324416757E+00  0.722316848913E+00  0.733241824853E+00  0.723331268203E+00  0.717915048563E+00  0.719971686710E+00  0.720763760259E+00
  0.720801256280E+00  0.694710765535E+00  0.708718604251E+00  0.719742333371E+00  0.717679847544E+00  0.724242516082E+00  0.718353569182E+00
  0.720812340124E+00  0.720340702477E+00  0.724450046379E+00  0.579462829145E+00  0.707208333310E+00  0.696790326484E+00  0.722057847256E+00
  0.721348571472E+00  0.721556396483E+00  0.714836079014E+00  0.715723432057E+00  0.718522548069E+00  0.721099636721E+00  0.720926508931E+00
  0.729957788594E+00  0.699766030315E+00  0.726859894928E+00  0.703681569051E+00  0.689483104072E+00  0.776997359307E+00  0.712535531469E+00
  0.719447463946E+00  0.716734294256E+00  0.729421597387E+00  0.727561528417E+00  0.647832909000E+00  0.806976191442E+00  0.727243432625E+00
  0.751280480895E+00  0.109731880277E+01
  0.494408690281E+00  0.498804032458E+00  0.490449209322E+00  0.487101962709E+00  0.516202973783E+00  0.503258865117E+00  0.490499138366E+00
  0.486139809183E+00  0.490894029511E+00  0.515520694913E+00  0.550816872846E+00  0.532025289695E+00  0.491769728357E+00  0.486661374216E+00
  0.490420701355E+00  0.477149769828E+00  0.541788605864E+00  0.567551125638E+00  0.517310389257E+00  0.563239795433E+00  0.493397531987E+00
  0.486115527542E+00  0.490717183287E+00  0.486382734001E+00  0.000000000000E+00  0.401563990829E+00  0.461649560598E+00  0.526102897098E+00
  0.417905985517E+00  0.576778386025E+00  0.314968131979E+00  0.497995809613E+00  0.494551021837E+00  0.483447439985E+00  0.487517959984E+00
  0.479624474834E+00  0.000000000000E+00  0.506999705901E+00  0.000000000000E+00  0.383984727293E+00  0.528398084913E+00  0.000000000000E+00
  0.495865869538E+00  0.496282006023E+00  0.480294014395E+00  0.463809732294E+00  0.000000000000E+00  0.494027830398E+00  0.466670330915E+00
  0.469506995638E+00  0.000000000000E+00
  0.100105155920E+01  0.100266436338E+01  0.100212120962E+01  0.100210484883E+01  0.100449618675E+01  0.100536234538E+01  0.100228196336E+01
  0.100261672641E+01  0.100403527410E+01  0.997605766916E+00  0.998030561541E+00  0.100235739550E+01  0.100207358200E+01  0.100261486891E+01
  0.100368435655E+01  0.978655981579E+00  0.982839683002E+00  0.987825246054E+00  0.100621644527E+01  0.986785432032E+00  0.100147490343E+01
  0.100371281590E+01  0.100239266094E+01  0.100273262074E+01  0.999982220868E+00  0.979383238437E+00  0.980969357109E+00  0.100748391386E+01
  0.982464077240E+00  0.979180944549E+00  0.989205348284E+00  0.100074442082E+01  0.100144039347E+01  0.100360283881E+01  0.100383957372E+01
  0.100380114975E+01  0.999982262613E+00  0.101451375445E+01  0.999981870465E+00  0.978581060482E+00  0.984960068066E+00  0.999982124596E+00
  0.100174118616E+01  0.100351662917E+01  0.100012026400E+01  0.103121739939E+01  0.999981468627E+00  0.934572393394E+00  0.103748995258E+01
  0.100390124469E+01  0.999981005733E+00
        28        24        19        19
        19        24        15        15
        19        15        12        12
        22        13        14        14
        13        22        23        23
        31        27        37        37
        31        29        20        20
        35        34        36        36
        34        23        22        22
         8         9        15        15
         9         6        12        12
        20        18        27        27
        27        18        17        17
        38        45        36        36
        38        30        41        41
        28        19        20        20
        30        40        41        41
        40        39        47        47
        11        10        17        17
        10        11         5         5
         8        14         7         7
        14        24        22        22
        45        46        50        50
        46        41        49        49
        41        46        38        38
        29        39        40        40
        36        24        28        28
        36        45        35        35
        20        29        30        30
        11        18        12        12
        15        24        14        14
        12        20        19        19
        12        18        20        20
        31        20        27        27
         9        12        15        15
         9         4         6         6
        24        36        34        34
        35        23        34        34
        38        36        28        28
        41        47        48        48
        29        40        30        30
        49        50        46        46
        46        45        38        38
        25        26        16        16
        26        37        27        27
        32        33        43        43
        33        21        23        23
        51        48        47        47
         1         4         3         3
         4         2         6         6
         6         5        11        11
        35        43        33        33
        43        35        44        44
         8         3         4         4
         3         8         7         7
        31        37        42        42
        17        16        26        26
        16        17        10        10
        34        22        24        24
        47        41        40        40
        15        14         8         8
        20        30        28        28
        11        17        18        18
        39        31        42        42
         4         9         8         8
        33        23        35        35
        28        30        38        38
        17        26        27        27
        41        48        49        49
        35        45        44        44
        39        29        31        31
        45        50        44        44
        21        13        23        23
        13         7        14        14
         2         5         6         6
         6        11        12        12
        25        37        26        26
        51        49        48        48
        32        21        33        33
         1         2         4         4
zone t="boundary 3 bc-3", solutiontime= 0.4000000E+02, strandid=1003, i=51, j=80, f=feblock
  0.500000000000E+01  0.500000000000E+01  0.400000000000E+01  0.425172245441E+01  0.500000000000E+01  0.427741389634E+01  0.300000000000E+01
  0.341887665662E+01  0.368116975164E+01  0.500000000000E+01  0.430894944607E+01  0.352044655687E+01  0.200000000000E+01  0.259168638257E+01
  0.301798341022E+01  0.500000000000E+01  0.435643616790E+01  0.375117520592E+01  0.271663237208E+01  0.288980181581E+01  0.100000000000E+01
  0.191939879870E+01  0.130679496696E+01  0.219385942988E+01  0.500000000000E+01  0.441735041915E+01  0.373031592783E+01  0.208456665067E+01
  0.230848460393E+01  0.190054259015E+01  0.298584217914E+01  0.000000000000E+00  0.613733212775E+00  0.151350918120E+01  0.794128609067E+00
  0.144135983281E+01  0.400000000000E+01  0.132476136006E+01  0.200000000000E+01  0.164582171489E+01  0.102008138039E+01  0.300000000000E+01
  0.000000000000E+00  0.000000000000E+00  0.701034609231E+00  0.609175469936E+00  0.100000000000E+01  0.505577837730E+00  0.000000000000E+00
  0.000000000000E+00  0.000000000000E+00
  0.000000000000E+00  0.000000000000E+00  0.000000000000E+00  0.000000000000E+00  0.000000000000E+00  0.000000000000E+00  0.000000000000E+00
  0.000000000000E+00  0.000000000000E+00  0.000000000000E+00  0.000000000000E+00  0.000000000000E+00  0.000000000000E+00  0.000000000000E+00
  0.000000000000E+00  0.000000000000E+00  0.000000000000E+00  0.000000000000E+00  0.000000000000E+00  0.000000000000E+00  0.000000000000E+00
  0.000000000000E+00  0.000000000000E+00  0.000000000000E+00  0.000000000000E+00  0.000000000000E+00  0.000000000000E+00  0.000000000000E+00
  0.000000000000E+00  0.000000000000E+00  0.000000000000E+00  0.000000000000E+00  0.000000000000E+00  0.000000000000E+00  0.000000000000E+00
  0.000000000000E+00  0.000000000000E+00  0.000000000000E+00  0.000000000000E+00  0.000000000000E+00  0.000000000000E+00  0.000000000000E+00
  0.000000000000E+00  0.000000000000E+00  0.000000000000E+00  0.000000000000E+00  0.000000000000E+00  0.000000000000E+00  0.000000000000E+00
  0.000000000000E+00  0.000000000000E+00
  0.250000000000E+01  0.150000000000E+01  0.250000000000E+01  0.168388151981E+01  0.500000000000E+00  0.784980628699E+00  0.250000000000E+01
  0.172616846193E+01  0.104016062853E+01 -0.500000000000E+00 -0.103062804534E+00  0.179404976675E+00  0.250000000000E+01  0.166729536217E+01
  0.923171218453E+00 -0.150000000000E+01 -0.102255113015E+01 -0.669125930414E+00  0.135977239814E+00 -0.856266143819E+00  0.250000000000E+01
  0.158034275708E+01  0.175813852804E+01  0.774089735567E+00 -0.250000000000E+01 -0.179804978092E+01 -0.146769777443E+01 -0.223755606368E+00
 -0.164420331359E+01 -0.108875578595E+01 -0.190240885061E+01  0.250000000000E+01  0.185787993997E+01  0.110883669208E+01  0.100177177909E+01
  0.349093656766E+00 -0.250000000000E+01 -0.526785284186E+00 -0.250000000000E+01 -0.183798308008E+01 -0.145695630084E+01 -0.250000000000E+01
  0.150000000000E+01  0.500000000000E+00  0.396172271494E-01 -0.788824871575E+00 -0.250000000000E+01 -0.198405114581E+01 -0.150000000000E+01
 -0.500000000000E+00 -0.250000000000E+01
  0.100395821979E+01  0.100203195699E+01  0.100525772872E+01  0.100547593997E+01  0.101226509743E+01  0.100373767660E+01  0.100645525821E+01
  0.100582286704E+01  0.100717994494E+01  0.102900610439E+01  0.101466500604E+01  0.100271861980E+01  0.100587510833E+01  0.100643828352E+01
  0.100541806722E+01  0.993810421893E+00  0.100953492752E+01  0.102006265821E+01  0.998545469192E+00  0.102752279983E+01  0.100421419498E+01
  0.100540511343E+01  0.100607029584E+01  0.101146738360E+01  0.811270247966E+00  0.101093851374E+01  0.994435907802E+00  0.100337334046E+01
  0.102791962722E+01  0.103166341292E+01  0.101169740905E+01  0.100126744695E+01  0.100448496512E+01  0.100591606779E+01  0.100543701971E+01
  0.101807221945E+01  0.979701036284E+00  0.100304675622E+01  0.985186257575E+00  0.986410104976E+00  0.110441533670E+01  0.997577708352E+00
  0.100547600299E+01  0.999911928280E+00  0.102106900784E+01  0.987750037548E+00  0.906994854334E+00  0.120887466278E+01  0.981347954549E+00
  0.104770936619E+01  0.153630067139E+01
  0.494650145026E+00  0.498823652390E+00  0.490938174347E+00  0.487414567718E+00  0.514934246879E+00  0.503352936784E+00  0.491027174686E+00
  0.486619415492E+00  0.491394858978E+00  0.514528895503E+00  0.548109143459E+00  0.530379661056E+00  0.492249699502E+00  0.487158999711E+00
  0.490873828517E+00  0.466919984440E+00  0.536767752841E+00  0.562096782950E+00  0.516625384175E+00  0.555731155755E+00  0.493743124288E+00
  0.486904371020E+00  0.491260739597E+00  0.486596579924E+00  0.000000000000E+00  0.394364801339E+00  0.456748865360E+00  0.524006355741E+00
  0.413280518424E+00  0.563957485433E+00  0.312968352848E+00  0.498176743737E+00  0.494895181586E+00  0.484178817489E+00  0.488387453032E+00
  0.480283117527E+00  0.000000000000E+00  0.504589623742E+00  0.000000000000E+00  0.379733394145E+00  0.508891695544E+00  0.000000000000E+00
  0.496294873274E+00  0.497061217147E+00  0.480304684952E+00  0.467776621422E+00  0.000000000000E+00  0.416482531239E+00  0.467865341236E+00
  0.470101990667E+00  0.000000000000E+00
 -0.124080356114E-02  0.194280921762E-02 -0.500327725327E-03 -0.128630189196E-02  0.444394047139E-02  0.340932202394E-02  0.158202262252E-03
 -0.475192281953E-03 -0.582855106222E-03  0.142613316443E-01  0.624723179796E-02  0.975771264633E-03  0.123954443948E-02  0.582868177873E-03
 -0.173161154493E-02  0.514043656343E-02  0.149375832762E-01  0.223479477910E-01  0.455098720825E-02  0.280819983997E-01  0.134724486581E-02
  0.382233736441E-02  0.175234361741E-02 -0.391817682920E-02  0.000000000000E+00  0.908247436620E-02  0.700775432009E-03  0.825985380282E-02
  0.267317097737E-01  0.266072598681E-01  0.129791304157E-01  0.799381393893E-03  0.105350593243E-02  0.320227011161E-02  0.448451295074E-02
 -0.207074234314E-02  0.000000000000E+00  0.227039221322E-01  0.000000000000E+00 -0.613561653826E-02  0.230987154941E-01  0.000000000000E+00
  0.766000131247E-03  0.357536286444E-02 -0.366937770331E-02  0.449671838734E-01  0.000000000000E+00  0.148215324653E+00  0.362480160670E-01
 -0.103032213297E-01  0.000000000000E+00
  0.392609419041E-02  0.252835334973E-01  0.527005533011E-02  0.138123381226E-01  0.498723420472E-01  0.353496440635E-01  0.541983762077E-02
  0.122398623777E-01  0.218390112503E-01  0.133957742251E-01  0.483641206373E-01  0.491208654926E-01  0.514775160644E-02  0.115219679827E-01
  0.208399973452E-01 -0.690343158320E-01  0.122621622434E-01  0.417138029122E-01  0.484586841596E-01  0.584877739875E-01  0.395625301481E-02
  0.970535941053E-02  0.620118234660E-02  0.204679077279E-01  0.000000000000E+00 -0.481337031680E-01  0.209527760091E-01  0.648289943605E-01
  0.797534061012E-02  0.836222668413E-01  0.356217226474E-02  0.189202248480E-02  0.321616427007E-02  0.110900333232E-01  0.660470098793E-02
  0.152949720609E-01  0.000000000000E+00  0.751722353332E-01  0.000000000000E+00 -0.698185149670E-02  0.124506852847E+00  0.000000000000E+00
 -0.128704220531E-02  0.891619835466E-02  0.542235907621E-03  0.315310773922E-01  0.000000000000E+00  0.180758940761E+00  0.757114977592E-01
 -0.138476231959E-01  0.000000000000E+00
  0.717867110080E+00  0.717644224683E+00  0.719564543722E+00  0.719709033303E+00  0.726297411554E+00  0.720800518659E+00  0.720537293885E+00
  0.720325123647E+00  0.722317717408E+00  0.733243695888E+00  0.723332916123E+00  0.717916178970E+00  0.719972195050E+00  0.720764498980E+00
  0.720802095977E+00  0.694711813593E+00  0.708721024814E+00  0.719744526659E+00  0.717681135897E+00  0.724245173487E+00  0.718353860413E+00
  0.720813150463E+00  0.720341210277E+00  0.724451374650E+00  0.579466077383E+00  0.707209756641E+00  0.696792285647E+00  0.722059452725E+00
  0.721351220619E+00  0.721559774195E+00  0.714838088658E+00  0.715723463656E+00  0.718522795963E+00  0.721100410673E+00  0.720926918792E+00
  0.729958923909E+00  0.699770711944E+00  0.726861288135E+00  0.703688295496E+00  0.689485446639E+00  0.777002115910E+00  0.712539065616E+00
  0.719447731263E+00  0.716734697584E+00  0.729422801550E+00  0.727562391944E+00  0.647838597226E+00  0.806981827140E+00  0.727243475582E+00
  0.751283805012E+00  0.109733250541E+01
  0.494407397725E+00  0.498803684575E+00  0.490446754140E+00  0.487099485643E+00  0.516203651802E+00  0.503256522142E+00  0.490497717589E+00
  0.486137844714E+00  0.490890668425E+00  0.515518602407E+00  0.550817080464E+00  0.532023565171E+00  0.491768529866E+00  0.486659649048E+00
  0.490416323575E+00  0.477143790315E+00  0.541784683297E+00  0.567551179841E+00  0.517307439124E+00  0.563239834336E+00  0.493397067626E+00
  0.486114398594E+00  0.490716241816E+00  0.486378394656E+00  0.000000000000E+00  0.401556669419E+00  0.461643989749E+00  0.526100816381E+00
  0.417901772681E+00  0.576779968102E+00  0.314962684400E+00  0.497995643835E+00  0.494550684030E+00  0.483446204011E+00  0.487517611253E+00
  0.479620266892E+00  0.000000000000E+00  0.506997084159E+00  0.000000000000E+00  0.383982150654E+00  0.528399489855E+00  0.000000000000E+00
  0.495865599236E+00  0.496282100189E+00  0.480290099934E+00  0.463805320532E+00  0.000000000000E+00  0.494033837473E+00  0.466668089154E+00
  0.469503679077E+00  0.000000000000E+00
  0.100105157197E+01  0.100266454333E+01  0.100212147834E+01  0.100210517882E+01  0.100449613324E+01  0.100536300434E+01  0.100228222091E+01
  0.100261706723E+01  0.100403588202E+01  0.997604552453E+00  0.998029967080E+00  0.100235762128E+01  0.100207378106E+01  0.100261517780E+01
  0.100368490210E+01  0.978653994368E+00  0.982838144272E+00  0.987823962786E+00  0.100621716412E+01  0.986784179439E+00  0.100147499369E+01
  0.100371322681E+01  0.100239287310E+01  0.100273319828E+01  0.999978133513E+00  0.979380690162E+00  0.980967392923E+00  0.100748464509E+01
  0.982461743241E+00  0.979179518454E+00  0.989202221109E+00  0.100074445860E+01  0.100144048869E+01  0.100360319044E+01  0.100383978959E+01
  0.100380157120E+01  0.999977503788E+00  0.101451482403E+01  0.999977015634E+00  0.978578403065E+00  0.984958218274E+00  0.999976927622E+00
  0.100174128550E+01  0.100351695808E+01  0.100012037808E+01  0.103121975196E+01  0.999977047040E+00  0.934567158019E+00  0.103749221782E+01
  0.100390180804E+01  0.999977111372E+00
        19        24        28        28
        15        24        19        19
        12        15        19        19
        14        13        22        22
        23        22        13        13
        37        27        31        31
        20        29        31        31
        36        34        35        35
        22        23        34        34
        15         9         8         8
        12         6         9         9
        27        18        20        20
        17        18        27        27
        36        45        38        38
        41        30        38        38
        20        19        28        28
        41        40        30        30
        47        39        40        40
        17        10        11        11
         5        11        10        10
         7        14         8         8
        22        24        14        14
        50        46        45        45
        49        41        46        46
        38        46        41        41
        40        39        29        29
        28        24        36        36
        35        45        36        36
        30        29        20        20
        12        18        11        11
        14        24        15        15
        19        20        12        12
        20        18        12        12
        27        20        31        31
        15        12         9         9
         6         4         9         9
        34        36        24        24
        34        23        35        35
        28        36        38        38
        48        47        41        41
        30        40        29        29
        46        50        49        49
        38        45        46        46
        16        26        25        25
        27        37        26        26
        43        33        32        32
        23        21        33        33
        47        48        51        51
         3         4         1         1
         6         2         4         4
        11         5         6         6
        33        43        35        35
        44        35        43        43
         4         3         8         8
         7         8         3         3
        42        37        31        31
        26        16        17        17
        10        17        16        16
        24        22        34        34
        40        41        47        47
         8        14        15        15
        28        30        20        20
        18        17        11        11
        42        31        39        39
         8         9         4         4
        35        23        33        33
        38        30        28        28
        27        26        17        17
        49        48        41        41
        44        45        35        35
        31        29        39        39
        44        50        45        45
        23        13        21        21
        14         7        13        13
         6         5         2         2
        12        11         6         6
        26        37        25        25
        48        49        51        51
        33        21        32        32
         4         2         1         1
zone t="boundary 4 bc-4", solutiontime= 0.4000000E+02, strandid=1004, i=42, j=30, f=feblock
  0.500000000000E+01  0.400000000000E+01  0.500000000000E+01  0.300000000000E+01  0.400000000000E+01  0.500000000000E+01  0.200000000000E+01
  0.300000000000E+01  0.400000000000E+01  0.500000000000E+01  0.100000000000E+01  0.200000000000E+01  0.300000000000E+01  0.400000000000E+01
  0.500000000000E+01  0.000000000000E+00  0.100000000000E+01  0.200000000000E+01  0.300000000000E+01  0.400000000000E+01  0.500000000000E+01
  0.000000000000E+00  0.100000000000E+01  0.200000000000E+01  0.300000000000E+01  0.400000000000E+01  0.500000000000E+01  0.000000000000E+00
  0.100000000000E+01  0.200000000000E+01  0.300000000000E+01  0.400000000000E+01  0.000000000000E+00  0.100000000000E+01  0.200000000000E+01
  0.300000000000E+01  0.000000000000E+00  0.100000000000E+01  0.200000000000E+01  0.000000000000E+00  0.100000000000E+01  0.000000000000E+00
  0.000000000000E+00  0.000000000000E+00 -0.833333333333E+00  0.000000000000E+00 -0.833333333333E+00 -0.166666666667E+01  0.000000000000E+00
 -0.833333333333E+00 -0.166666666667E+01 -0.250000000000E+01  0.000000000000E+00 -0.833333333333E+00 -0.166666666667E+01 -0.250000000000E+01
 -0.333333333333E+01  0.000000000000E+00 -0.833333333333E+00 -0.166666666667E+01 -0.250000000000E+01 -0.333333333333E+01 -0.416666666667E+01
 -0.833333333333E+00 -0.166666666667E+01 -0.250000000000E+01 -0.333333333333E+01 -0.416666666667E+01 -0.500000000000E+01 -0.166666666667E+01
 -0.250000000000E+01 -0.333333333333E+01 -0.416666666667E+01 -0.500000000000E+01 -0.250000000000E+01 -0.333333333333E+01 -0.416666666667E+01
 -0.500000000000E+01 -0.333333333333E+01 -0.416666666667E+01 -0.500000000000E+01 -0.416666666667E+01 -0.500000000000E+01 -0.500000000000E+01
  0.250000000000E+01  0.250000000000E+01  0.250000000000E+01  0.250000000000E+01  0.250000000000E+01  0.250000000000E+01  0.250000000000E+01
  0.250000000000E+01  0.250000000000E+01  0.250000000000E+01  0.250000000000E+01  0.250000000000E+01  0.250000000000E+01  0.250000000000E+01
  0.250000000000E+01  0.250000000000E+01  0.250000000000E+01  0.250000000000E+01  0.250000000000E+01  0.250000000000E+01  0.250000000000E+01
  0.250000000000E+01  0.250000000000E+01  0.250000000000E+01  0.250000000000E+01  0.250000000000E+01  0.250000000000E+01  0.250000000000E+01
  0.250000000000E+01  0.250000000000E+01  0.250000000000E+01  0.250000000000E+01  0.250000000000E+01  0.250000000000E+01  0.250000000000E+01
  0.250000000000E+01  0.250000000000E+01  0.250000000000E+01  0.250000000000E+01  0.250000000000E+01  0.250000000000E+01  0.250000000000E+01
  0.100395821979E+01  0.100525772872E+01  0.100095474276E+01  0.100645525821E+01  0.100028472895E+01  0.100279705951E+01  0.100587510833E+01
  0.100160815152E+01  0.100304599045E+01  0.100172913222E+01  0.100421419498E+01  0.100267467355E+01  0.100449575192E+01  0.100088976656E+01
  0.100279696336E+01  0.100126744695E+01  0.100260199463E+01  0.100505754401E+01  0.100209673589E+01  0.100304583217E+01  0.100095500252E+01
  0.100148429257E+01  0.100438290205E+01  0.100312406796E+01  0.100449556598E+01  0.100028493891E+01  0.100395818320E+01  0.100245456350E+01
  0.100314095459E+01  0.100505737975E+01  0.100160831757E+01  0.100525700450E+01  0.100202976912E+01  0.100438278995E+01  0.100267472604E+01
  0.100645458403E+01  0.100245453469E+01  0.100260200181E+01  0.100587459794E+01  0.100148431728E+01  0.100421387836E+01  0.100126744055E+01
  0.494650145026E+00  0.490938174347E+00  0.498973581803E+00  0.491027174686E+00  0.502061380526E+00  0.497252765025E+00  0.492249699502E+00
  0.500895937906E+00  0.496899388777E+00  0.498252849260E+00  0.493743124288E+00  0.498244102575E+00  0.495954622117E+00  0.501332489465E+00
  0.497252768338E+00  0.498176743737E+00  0.496755925111E+00  0.494681556981E+00  0.500765978478E+00  0.496899595724E+00  0.498973585968E+00
  0.498055979427E+00  0.494275468773E+00  0.498307193294E+00  0.495954910103E+00  0.502061129914E+00  0.494651439634E+00  0.497007375345E+00
  0.496325648732E+00  0.494681767940E+00  0.500895635187E+00  0.490940572491E+00  0.497449966606E+00  0.494275622117E+00  0.498244115331E+00
  0.491028540896E+00  0.497007416666E+00  0.496755931861E+00  0.492250854152E+00  0.498056007815E+00  0.493743568485E+00  0.498176900331E+00
 -0.124080356114E-02 -0.500327725327E-03 -0.101902213413E-02  0.158202262252E-03 -0.875954332108E-04  0.128319498382E-02  0.123954443948E-02
  0.273762254919E-03  0.167282493726E-02 -0.317349232699E-06  0.134724486581E-02  0.831978069909E-03  0.119957673675E-02 -0.320798625003E-06
 -0.128336615150E-02  0.799381393893E-03  0.986502192736E-03  0.842533803973E-03 -0.288232977821E-06 -0.167299548630E-02  0.101849397982E-02
  0.451494325441E-03  0.620120659459E-03 -0.206510866032E-06 -0.119971657808E-02  0.870473613241E-04  0.124047562099E-02  0.868383100081E-04
 -0.883074220353E-07 -0.842645464790E-03 -0.274182974625E-03  0.499750844278E-03  0.261895156357E-07 -0.620127086546E-03 -0.832262112760E-03
 -0.158614690728E-03 -0.867624974730E-04 -0.986646993929E-03 -0.123974624013E-02 -0.451441628013E-03 -0.134732112483E-02 -0.799320715708E-03
  0.392609419041E-02  0.527005533011E-02 -0.138277906495E-04  0.541983762077E-02  0.903284559903E-03  0.240843651813E-02  0.514775160644E-02
  0.728033943240E-03  0.380968269098E-02  0.850230458577E-03  0.395625301481E-02  0.202186249703E-02  0.376705435984E-02  0.159760968470E-02
  0.240827007840E-02  0.189202248480E-02  0.269000093070E-02  0.441292972662E-02  0.111231772781E-02  0.380946068224E-02 -0.135905040904E-04
  0.173600318618E-02  0.431167981820E-02  0.234067077710E-02  0.376683533330E-02  0.903514845317E-03  0.392563312573E-02  0.245547284246E-02
  0.311512935412E-02  0.441278368770E-02  0.728252199959E-03  0.526954670322E-02  0.210848944845E-02  0.431157457789E-02  0.202196536266E-02
  0.541920768654E-02  0.245542260689E-02  0.268999540116E-02  0.514734489740E-02  0.173601070798E-02  0.395601143091E-02  0.189200656944E-02
  0.717867110080E+00  0.719564543722E+00  0.715041772981E+00  0.720537293885E+00  0.714684258550E+00  0.716757495434E+00  0.719972195050E+00
  0.715584166252E+00  0.717474150175E+00  0.715756270503E+00  0.718353860413E+00  0.716640491206E+00  0.718564599891E+00  0.715322777736E+00
  0.716757403304E+00  0.715723463656E+00  0.716861658010E+00  0.719086443295E+00  0.716087904749E+00  0.717473983959E+00  0.715042016108E+00
  0.715884296096E+00  0.718579746489E+00  0.717102858945E+00  0.718564408734E+00  0.714684459504E+00  0.717867074764E+00  0.716872465504E+00
  0.717367030565E+00  0.719086284852E+00  0.715584353885E+00  0.719563832376E+00  0.716440948940E+00  0.718579639334E+00  0.716640563239E+00
  0.720536626084E+00  0.716872431909E+00  0.716861662470E+00  0.719971686710E+00  0.715884313490E+00  0.718353569182E+00  0.715723432057E+00
  0.494407397725E+00  0.490446754140E+00  0.498948767565E+00  0.490497717589E+00  0.501993644322E+00  0.497095845224E+00  0.491768529866E+00
  0.500844120046E+00  0.496565980910E+00  0.498171612903E+00  0.493397067626E+00  0.498094425809E+00  0.495601788803E+00  0.501194313770E+00
  0.497095856288E+00  0.497995643835E+00  0.496515565378E+00  0.494293072817E+00  0.500660724929E+00  0.496566204917E+00  0.498948750562E+00
  0.497871894358E+00  0.493894367180E+00  0.498109159713E+00  0.495602095294E+00  0.501993376173E+00  0.494408690281E+00  0.496724431304E+00
  0.496045517106E+00  0.494293296546E+00  0.500843793759E+00  0.490449209322E+00  0.497209480819E+00  0.493894528747E+00  0.498094427457E+00
  0.490499138366E+00  0.496724476841E+00  0.496515572615E+00  0.491769728357E+00  0.497871922809E+00  0.493397531987E+00  0.497995809613E+00
  0.100105157197E+01  0.100212147834E+01  0.100010364046E+01  0.100228222091E+01  0.100027315525E+01  0.100066158361E+01  0.100207378106E+01
  0.100020934458E+01  0.100141351424E+01  0.100032907747E+01  0.100147499369E+01  0.100062035489E+01  0.100148799825E+01  0.100056162256E+01
  0.100066155094E+01  0.100074445860E+01  0.100100172011E+01  0.100165510583E+01  0.100042543873E+01  0.100141344027E+01  0.100010372097E+01
  0.100075260488E+01  0.100162163556E+01  0.100081738101E+01  0.100148791721E+01  0.100027322655E+01  0.100105155920E+01  0.100116403102E+01
  0.100116921575E+01  0.100165504883E+01  0.100020944102E+01  0.100212120962E+01  0.100098555894E+01  0.100162159799E+01  0.100062040309E+01
  0.100228196336E+01  0.100116401287E+01  0.100100171917E+01  0.100207358200E+01  0.100075260450E+01  0.100147490343E+01  0.100074442082E+01
         3         5         2         1
         5         8         4         2
         8        12         7         4
        12        17        11         7
        17        22        16        11
         6         9         5         3
         9        13         8         5
        13        18        12         8
        18        23        17        12
        23        28        22        17
        10        14         9         6
        14        19        13         9
        19        24        18        13
        24        29        23        18
        29        33        28        23
        15        20        14        10
        20        25        19        14
        25        30        24        19
        30        34        29        24
        34        37        33        29
        21        26        20        15
        26        31        25        20
        31        35        30        25
        35        38        34        30
        38        40        37        34
        27        32        26        21
        32        36        31        26
        36        39        35        31
        39        41        38        35
        41        42        40        38
zone t="boundary 5 bc-5", solutiontime= 0.4000000E+02, strandid=1005, i=42, j=30, f=feblock
  0.500000000000E+01  0.500000000000E+01  0.500000000000E+01  0.500000000000E+01  0.500000000000E+01  0.500000000000E+01  0.500000000000E+01
  0.500000000000E+01  0.500000000000E+01  0.500000000000E+01  0.500000000000E+01  0.500000000000E+01  0.500000000000E+01  0.500000000000E+01
  0.500000000000E+01  0.500000000000E+01  0.500000000000E+01  0.500000000000E+01  0.500000000000E+01  0.500000000000E+01  0.500000000000E+01
  0.500000000000E+01  0.500000000000E+01  0.500000000000E+01  0.500000000000E+01  0.500000000000E+01  0.500000000000E+01  0.500000000000E+01
  0.500000000000E+01  0.500000000000E+01  0.500000000000E+01  0.500000000000E+01  0.500000000000E+01  0.500000000000E+01  0.500000000000E+01
  0.500000000000E+01  0.500000000000E+01  0.500000000000E+01  0.500000000000E+01  0.500000000000E+01  0.500000000000E+01  0.500000000000E+01
  0.000000000000E+00  0.000000000000E+00 -0.833333333333E+00  0.000000000000E+00 -0.833333333333E+00 -0.166666666667E+01  0.000000000000E+00
 -0.833333333333E+00 -0.166666666667E+01 -0.250000000000E+01  0.000000000000E+00 -0.833333333333E+00 -0.166666666667E+01 -0.250000000000E+01
 -0.333333333333E+01  0.000000000000E+00 -0.833333333333E+00 -0.166666666667E+01 -0.250000000000E+01 -0.333333333333E+01 -0.416666666667E+01
 -0.833333333333E+00 -0.166666666667E+01 -0.250000000000E+01 -0.333333333333E+01 -0.416666666667E+01 -0.500000000000E+01 -0.166666666667E+01
 -0.250000000000E+01 -0.333333333333E+01 -0.416666666667E+01 -0.500000000000E+01 -0.250000000000E+01 -0.333333333333E+01 -0.416666666667E+01
 -0.500000000000E+01 -0.333333333333E+01 -0.416666666667E+01 -0.500000000000E+01 -0.416666666667E+01 -0.500000000000E+01 -0.500000000000E+01
  0.250000000000E+01  0.150000000000E+01  0.250000000000E+01  0.500000000000E+00  0.150000000000E+01  0.250000000000E+01 -0.500000000000E+00
  0.500000000000E+00  0.150000000000E+01  0.250000000000E+01 -0.150000000000E+01 -0.500000000000E+00  0.500000000000E+00  0.150000000000E+01
  0.250000000000E+01 -0.250000000000E+01 -0.150000000000E+01 -0.500000000000E+00  0.500000000000E+00  0.150000000000E+01  0.250000000000E+01
 -0.250000000000E+01 -0.150000000000E+01 -0.500000000000E+00  0.500000000000E+00  0.150000000000E+01  0.250000000000E+01 -0.250000000000E+01
 -0.150000000000E+01 -0.500000000000E+00  0.500000000000E+00  0.150000000000E+01 -0.250000000000E+01 -0.150000000000E+01 -0.500000000000E+00
  0.500000000000E+00 -0.250000000000E+01 -0.150000000000E+01 -0.500000000000E+00 -0.250000000000E+01 -0.150000000000E+01 -0.250000000000E+01
  0.100395821979E+01  0.100203195699E+01  0.100095474276E+01  0.101226509743E+01  0.100063908157E+01  0.100279705951E+01  0.102900610439E+01
  0.100618044509E+01  0.100210500274E+01  0.100172913222E+01  0.993810421893E+00  0.101514928656E+01  0.100944619738E+01  0.100158500022E+01
  0.100279696336E+01  0.811270247966E+00  0.978175500441E+00  0.102199712788E+01  0.100850047609E+01  0.100210498026E+01  0.100095500252E+01
  0.813217720568E+00  0.984643341127E+00  0.102021627749E+01  0.100944620957E+01  0.100063925891E+01  0.100395818320E+01  0.813323345287E+00
  0.981711354619E+00  0.102199685668E+01  0.100618032430E+01  0.100203244775E+01  0.811624834919E+00  0.984642458158E+00  0.101514903397E+01
  0.101226403485E+01  0.813321045037E+00  0.978175317646E+00  0.102900222597E+01  0.813214059404E+00  0.993806904628E+00  0.811262384344E+00
  0.494650145026E+00  0.498823652390E+00  0.498973581803E+00  0.514934246879E+00  0.498454816418E+00  0.497252765025E+00  0.514528895503E+00
  0.511409542685E+00  0.498745021896E+00  0.498252849260E+00  0.466919984440E+00  0.519963351515E+00  0.514469022191E+00  0.498524815673E+00
  0.497252768338E+00  0.000000000000E+00  0.474756140131E+00  0.522487255688E+00  0.513608422092E+00  0.498745040039E+00  0.498973585968E+00
  0.000000000000E+00  0.475475187575E+00  0.521846731417E+00  0.514469050204E+00  0.498454864156E+00  0.494651439634E+00  0.000000000000E+00
  0.475219464528E+00  0.522487282190E+00  0.511408750859E+00  0.498824145019E+00  0.000000000000E+00  0.475475490755E+00  0.519962375332E+00
  0.514934479578E+00  0.000000000000E+00  0.474757376658E+00  0.514531615497E+00  0.000000000000E+00  0.466925309909E+00  0.000000000000E+00
 -0.124080356114E-02  0.194280921762E-02 -0.101902213413E-02  0.444394047139E-02 -0.946156930226E-03  0.128319498382E-02  0.142613316443E-01
  0.211814669081E-03  0.144926555051E-02 -0.317349232699E-06  0.514043656343E-02  0.543446941080E-03  0.277651593440E-02 -0.281200957666E-06
 -0.128336615150E-02  0.000000000000E+00 -0.953484281676E-02  0.231268796764E-02 -0.404349060668E-06 -0.144948298313E-02  0.101849397982E-02
  0.000000000000E+00 -0.229733846427E-02 -0.761709650847E-06 -0.277736371444E-02  0.945545539937E-03  0.124047562099E-02  0.000000000000E+00
 -0.770523963911E-06 -0.231422494564E-02 -0.213370235649E-03 -0.194248963764E-02  0.000000000000E+00  0.229667634055E-02 -0.545487042588E-03
 -0.444423327597E-02  0.000000000000E+00  0.953445941709E-02 -0.142595494561E-01  0.000000000000E+00 -0.513541181913E-02  0.000000000000E+00
  0.392609419041E-02  0.252835334973E-01 -0.138277906495E-04  0.498723420472E-01 -0.169181314631E-03  0.240843651813E-02  0.133957742251E-01
 -0.139390274515E-02  0.974085324794E-02  0.850230458577E-03 -0.690343158320E-01 -0.410567283135E-01  0.140597784748E-01  0.643750610968E-02
  0.240827007840E-02  0.000000000000E+00 -0.942834115850E-01 -0.258853214951E-01  0.102072350112E-01  0.974025786038E-02 -0.135905040904E-04
  0.000000000000E+00 -0.885980820545E-01 -0.288162257790E-01  0.140589559126E-01 -0.168431850160E-03  0.392563312573E-02  0.000000000000E+00
 -0.897829895336E-01 -0.258859224657E-01 -0.139290714201E-02  0.252798346996E-01  0.000000000000E+00 -0.885985760303E-01 -0.410546264632E-01
  0.498630060228E-01  0.000000000000E+00 -0.942821461209E-01  0.133855744461E-01  0.000000000000E+00 -0.690423932863E-01  0.000000000000E+00
  0.717867110080E+00  0.717644224683E+00  0.715041772981E+00  0.726297411554E+00  0.715121391416E+00  0.716757495434E+00  0.733243695888E+00
  0.721355882935E+00  0.716755145731E+00  0.715756270503E+00  0.694711813593E+00  0.727094184308E+00  0.724681999396E+00  0.716159344213E+00
  0.716757403304E+00  0.579466077383E+00  0.684526989428E+00  0.732394766920E+00  0.723660861672E+00  0.716755117962E+00  0.715042016108E+00
  0.580858111402E+00  0.688686978588E+00  0.731070231588E+00  0.724681959880E+00  0.715121577652E+00  0.717867074764E+00  0.580934381041E+00
  0.686642520831E+00  0.732394564846E+00  0.721355663657E+00  0.717644447369E+00  0.579721633427E+00  0.688686511237E+00  0.727093863015E+00
  0.726296687848E+00  0.580933317657E+00  0.684527272653E+00  0.733241824853E+00  0.580856910142E+00  0.694710765535E+00  0.579462829145E+00
  0.494407397725E+00  0.498803684575E+00  0.498948767565E+00  0.516203651802E+00  0.498323573499E+00  0.497095845224E+00  0.515518602407E+00
  0.510469275331E+00  0.498506022175E+00  0.498171612903E+00  0.477143790315E+00  0.520868678077E+00  0.513371199376E+00  0.498308211917E+00
  0.497095856288E+00  0.000000000000E+00  0.489106565628E+00  0.522276488083E+00  0.512536002610E+00  0.498506033380E+00  0.498948750562E+00
  0.000000000000E+00  0.488774929171E+00  0.521803088546E+00  0.513371226555E+00  0.498323599081E+00  0.494408690281E+00  0.000000000000E+00
  0.488734019238E+00  0.522276553737E+00  0.510468529851E+00  0.498804032458E+00  0.000000000000E+00  0.488775265324E+00  0.520867593444E+00
  0.516202973783E+00  0.000000000000E+00  0.489107387219E+00  0.515520694913E+00  0.000000000000E+00  0.477149769828E+00  0.000000000000E+00
  0.100105157197E+01  0.100266454333E+01  0.100010364046E+01  0.100449613324E+01  0.100053052736E+01  0.100066158361E+01  0.997604552453E+00
  0.100369495455E+01  0.100134936087E+01  0.100032907747E+01  0.978653994368E+00  0.100274104657E+01  0.100506079649E+01  0.100103643893E+01
  0.100066155094E+01  0.999978133513E+00  0.979719676855E+00  0.100328332215E+01  0.100458574919E+01  0.100134934454E+01  0.100010372097E+01
  0.999979876724E+00  0.979198994958E+00  0.100321701075E+01  0.100506072955E+01  0.100053061060E+01  0.100105155920E+01  0.999981296702E+00
  0.979207915485E+00  0.100328331157E+01  0.100369476994E+01  0.100266436338E+01  0.999982075313E+00  0.979199208549E+00  0.100274085297E+01
  0.100449618675E+01  0.999982294424E+00  0.979720265300E+00  0.997605766916E+00  0.999982310677E+00  0.978655981579E+00  0.999982220868E+00
        22        17        11        16
        17        12         7        11
        12         8         4         7
         8         5         2         4
         5         3         1         2
        28        23        17        22
        23        18        12        17
        18        13         8        12
        13         9         5         8
         9         6         3         5
        33        29        23        28
        29        24        18        23
        24        19        13        18
        19        14         9        13
        14        10         6         9
        37        34        29        33
        34        30        24        29
        30        25        19        24
        25        20        14        19
        20        15        10        14
        40        38        34        37
        38        35        30        34
        35        31        25        30
        31        26        20        25
        26        21        15        20
        42        41        38        40
        41        39        35        38
        39        36        31        35
        36        32        26        31
        32        27        21        26
zone t="boundary 6 bc-6", solutiontime= 0.4000000E+02, strandid=1006, i=42, j=30, f=feblock
  0.500000000000E+01  0.500000000000E+01  0.400000000000E+01  0.200000000000E+01  0.300000000000E+01  0.500000000000E+01  0.400000000000E+01
  0.200000000000E+01  0.300000000000E+01  0.100000000000E+01  0.500000000000E+01  0.400000000000E+01  0.200000000000E+01  0.300000000000E+01
  0.100000000000E+01  0.000000000000E+00  0.500000000000E+01  0.400000000000E+01  0.200000000000E+01  0.300000000000E+01  0.100000000000E+01
  0.000000000000E+00  0.500000000000E+01  0.400000000000E+01  0.200000000000E+01  0.300000000000E+01  0.100000000000E+01  0.000000000000E+00
  0.500000000000E+01  0.400000000000E+01  0.200000000000E+01  0.300000000000E+01  0.100000000000E+01  0.000000000000E+00  0.400000000000E+01
  0.200000000000E+01  0.300000000000E+01  0.100000000000E+01  0.000000000000E+00  0.100000000000E+01  0.000000000000E+00  0.000000000000E+00
  0.000000000000E+00 -0.833333333333E+00  0.000000000000E+00  0.000000000000E+00  0.000000000000E+00 -0.166666666667E+01 -0.833333333333E+00
 -0.833333333333E+00 -0.833333333333E+00  0.000000000000E+00 -0.250000000000E+01 -0.166666666667E+01 -0.166666666667E+01 -0.166666666667E+01
 -0.833333333333E+00  0.000000000000E+00 -0.333333333333E+01 -0.250000000000E+01 -0.250000000000E+01 -0.250000000000E+01 -0.166666666667E+01
 -0.833333333333E+00 -0.416666666667E+01 -0.333333333333E+01 -0.333333333333E+01 -0.333333333333E+01 -0.250000000000E+01 -0.166666666667E+01
 -0.500000000000E+01 -0.416666666667E+01 -0.416666666667E+01 -0.416666666667E+01 -0.333333333333E+01 -0.250000000000E+01 -0.500000000000E+01
 -0.500000000000E+01 -0.500000000000E+01 -0.416666666667E+01 -0.333333333333E+01 -0.500000000000E+01 -0.416666666667E+01 -0.500000000000E+01
 -0.250000000000E+01 -0.250000000000E+01 -0.250000000000E+01 -0.250000000000E+01 -0.250000000000E+01 -0.250000000000E+01 -0.250000000000E+01
 -0.250000000000E+01 -0.250000000000E+01 -0.250000000000E+01 -0.250000000000E+01 -0.250000000000E+01 -0.250000000000E+01 -0.250000000000E+01
 -0.250000000000E+01 -0.250000000000E+01 -0.250000000000E+01 -0.250000000000E+01 -0.250000000000E+01 -0.250000000000E+01 -0.250000000000E+01
 -0.250000000000E+01 -0.250000000000E+01 -0.250000000000E+01 -0.250000000000E+01 -0.250000000000E+01 -0.250000000000E+01 -0.250000000000E+01
 -0.250000000000E+01 -0.250000000000E+01 -0.250000000000E+01 -0.250000000000E+01 -0.250000000000E+01 -0.250000000000E+01 -0.250000000000E+01
 -0.250000000000E+01 -0.250000000000E+01 -0.250000000000E+01 -0.250000000000E+01 -0.250000000000E+01 -0.250000000000E+01 -0.250000000000E+01
  0.811270247966E+00  0.813217720568E+00  0.979701036284E+00  0.985186257575E+00  0.997577708352E+00  0.813323345287E+00  0.974340174481E+00
  0.974931617668E+00  0.980513779988E+00  0.906994854334E+00  0.811624834919E+00  0.977074274079E+00  0.974473150935E+00  0.985058410119E+00
  0.924661543980E+00  0.153630067139E+01  0.813321045037E+00  0.975466165968E+00  0.971637027378E+00  0.982940471469E+00  0.924666213252E+00
  0.150031741011E+01  0.813214059404E+00  0.977072928819E+00  0.974471722089E+00  0.985057111515E+00  0.923611485233E+00  0.151180734462E+01
  0.811262384344E+00  0.974338035327E+00  0.974929056140E+00  0.980512548472E+00  0.924665728813E+00  0.150888159552E+01  0.979689819578E+00
  0.985172057383E+00  0.997567575980E+00  0.924659664686E+00  0.151180191352E+01  0.906982880237E+00  0.150030719584E+01  0.153627550430E+01
  0.000000000000E+00  0.000000000000E+00  0.000000000000E+00  0.000000000000E+00  0.000000000000E+00  0.000000000000E+00  0.000000000000E+00
  0.000000000000E+00  0.000000000000E+00  0.000000000000E+00  0.000000000000E+00  0.000000000000E+00  0.000000000000E+00  0.000000000000E+00
  0.000000000000E+00  0.000000000000E+00  0.000000000000E+00  0.000000000000E+00  0.000000000000E+00  0.000000000000E+00  0.000000000000E+00
  0.000000000000E+00  0.000000000000E+00  0.000000000000E+00  0.000000000000E+00  0.000000000000E+00  0.000000000000E+00  0.000000000000E+00
  0.000000000000E+00  0.000000000000E+00  0.000000000000E+00  0.000000000000E+00  0.000000000000E+00  0.000000000000E+00  0.000000000000E+00
  0.000000000000E+00  0.000000000000E+00  0.000000000000E+00  0.000000000000E+00  0.000000000000E+00  0.000000000000E+00  0.000000000000E+00
  0.000000000000E+00  0.000000000000E+00  0.000000000000E+00  0.000000000000E+00  0.000000000000E+00  0.000000000000E+00  0.000000000000E+00
  0.000000000000E+00  0.000000000000E+00  0.000000000000E+00  0.000000000000E+00  0.000000000000E+00  0.000000000000E+00  0.000000000000E+00
  0.000000000000E+00  0.000000000000E+00  0.000000000000E+00  0.000000000000E+00  0.000000000000E+00  0.000000000000E+00  0.000000000000E+00
  0.000000000000E+00  0.000000000000E+00  0.000000000000E+00  0.000000000000E+00  0.000000000000E+00  0.000000000000E+00  0.000000000000E+00
  0.000000000000E+00  0.000000000000E+00  0.000000000000E+00  0.000000000000E+00  0.000000000000E+00  0.000000000000E+00  0.000000000000E+00
  0.000000000000E+00  0.000000000000E+00  0.000000000000E+00  0.000000000000E+00  0.000000000000E+00  0.000000000000E+00  0.000000000000E+00
  0.000000000000E+00  0.000000000000E+00  0.000000000000E+00  0.000000000000E+00  0.000000000000E+00  0.000000000000E+00  0.000000000000E+00
  0.000000000000E+00  0.000000000000E+00  0.000000000000E+00  0.000000000000E+00  0.000000000000E+00  0.000000000000E+00  0.000000000000E+00
  0.000000000000E+00  0.000000000000E+00  0.000000000000E+00  0.000000000000E+00  0.000000000000E+00  0.000000000000E+00  0.000000000000E+00
  0.000000000000E+00  0.000000000000E+00  0.000000000000E+00  0.000000000000E+00  0.000000000000E+00  0.000000000000E+00  0.000000000000E+00
  0.000000000000E+00  0.000000000000E+00  0.000000000000E+00  0.000000000000E+00  0.000000000000E+00  0.000000000000E+00  0.000000000000E+00
  0.000000000000E+00  0.000000000000E+00  0.000000000000E+00  0.000000000000E+00  0.000000000000E+00  0.000000000000E+00  0.000000000000E+00
  0.579466077383E+00  0.580858111402E+00  0.699770711944E+00  0.703688295496E+00  0.712539065616E+00  0.580934381041E+00  0.695943457374E+00
  0.696364970388E+00  0.700352780655E+00  0.647838597226E+00  0.579721633427E+00  0.697897355038E+00  0.696038633751E+00  0.703600005400E+00
  0.660458256507E+00  0.109733250541E+01  0.580933317657E+00  0.696749135672E+00  0.694013519939E+00  0.702087666023E+00  0.660462508188E+00
  0.107163191968E+01  0.580856910142E+00  0.697896942717E+00  0.696038524779E+00  0.703599684841E+00  0.659709739335E+00  0.107983984850E+01
  0.579462829145E+00  0.695943467354E+00  0.696365266223E+00  0.700353650452E+00  0.660463071006E+00  0.107775105594E+01  0.699766030315E+00
  0.703681569051E+00  0.712535531469E+00  0.660458890445E+00  0.107983750127E+01  0.647832909000E+00  0.107162753560E+01  0.109731880277E+01
  0.000000000000E+00  0.000000000000E+00  0.000000000000E+00  0.000000000000E+00  0.000000000000E+00  0.000000000000E+00  0.000000000000E+00
  0.000000000000E+00  0.000000000000E+00  0.000000000000E+00  0.000000000000E+00  0.000000000000E+00  0.000000000000E+00  0.000000000000E+00
  0.000000000000E+00  0.000000000000E+00  0.000000000000E+00  0.000000000000E+00  0.000000000000E+00  0.000000000000E+00  0.000000000000E+00
  0.000000000000E+00  0.000000000000E+00  0.000000000000E+00  0.000000000000E+00  0.000000000000E+00  0.000000000000E+00  0.000000000000E+00
  0.000000000000E+00  0.000000000000E+00  0.000000000000E+00  0.000000000000E+00  0.000000000000E+00  0.000000000000E+00  0.000000000000E+00
  0.000000000000E+00  0.000000000000E+00  0.000000000000E+00  0.000000000000E+00  0.000000000000E+00  0.000000000000E+00  0.000000000000E+00
  0.999978133513E+00  0.999979876724E+00  0.999977503788E+00  0.999977015634E+00  0.999976927622E+00  0.999981296702E+00  0.999980156667E+00
  0.999978809667E+00  0.999979717704E+00  0.999977047040E+00  0.999982075313E+00  0.999981601167E+00  0.999980436932E+00  0.999981318306E+00
  0.999978386827E+00  0.999977111372E+00  0.999982294424E+00  0.999982186950E+00  0.999981372197E+00  0.999981953091E+00  0.999979774551E+00
  0.999978189575E+00  0.999982310677E+00  0.999982387174E+00  0.999981746624E+00  0.999982180994E+00  0.999980673514E+00  0.999979126495E+00
  0.999982220868E+00  0.999982366457E+00  0.999981861832E+00  0.999982215588E+00  0.999981150589E+00  0.999980040045E+00  0.999982262613E+00
  0.999981870465E+00  0.999982124596E+00  0.999981379026E+00  0.999980545247E+00  0.999981468627E+00  0.999980906579E+00  0.999981005733E+00
        22        15        10        16
        15         8         4        10
         8         9         5         4
         9         7         3         5
         7         2         1         3
        28        21        15        22
        21        13         8        15
        13        14         9         8
        14        12         7         9
        12         6         2         7
        34        27        21        28
        27        19        13        21
        19        20        14        13
        20        18        12        14
        18        11         6        12
        39        33        27        34
        33        25        19        27
        25        26        20        19
        26        24        18        20
        24        17        11        18
        41        38        33        39
        38        31        25        33
        31        32        26        25
        32        30        24        26
        30        23        17        24
        42        40        38        41
        40        36        31        38
        36        37        32        31
        37        35        30        32
        35        29        23        30
