title="tecplot geometry and solution file"
variables = x y z rho u v w p mach temperature
zone t="boundary 1 bc-1", solutiontime= 0.6000000E+02, strandid=1001, i=42, j=30, f=feblock
  0.000000000000E+00  0.000000000000E+00  0.000000000000E+00  0.000000000000E+00  0.000000000000E+00  0.000000000000E+00  0.000000000000E+00
  0.000000000000E+00  0.000000000000E+00  0.000000000000E+00  0.000000000000E+00  0.000000000000E+00  0.000000000000E+00  0.000000000000E+00
  0.000000000000E+00  0.000000000000E+00  0.000000000000E+00  0.000000000000E+00  0.000000000000E+00  0.000000000000E+00  0.000000000000E+00
  0.000000000000E+00  0.000000000000E+00  0.000000000000E+00  0.000000000000E+00  0.000000000000E+00  0.000000000000E+00  0.000000000000E+00
  0.000000000000E+00  0.000000000000E+00  0.000000000000E+00  0.000000000000E+00  0.000000000000E+00  0.000000000000E+00  0.000000000000E+00
  0.000000000000E+00  0.000000000000E+00  0.000000000000E+00  0.000000000000E+00  0.000000000000E+00  0.000000000000E+00  0.000000000000E+00
  0.000000000000E+00 -0.833333333333E+00  0.000000000000E+00  0.000000000000E+00  0.000000000000E+00 -0.166666666667E+01 -0.833333333333E+00
 -0.833333333333E+00 -0.833333333333E+00  0.000000000000E+00 -0.250000000000E+01 -0.166666666667E+01 -0.166666666667E+01 -0.166666666667E+01
 -0.833333333333E+00  0.000000000000E+00 -0.333333333333E+01 -0.250000000000E+01 -0.250000000000E+01 -0.250000000000E+01 -0.166666666667E+01
 -0.833333333333E+00 -0.416666666667E+01 -0.333333333333E+01 -0.333333333333E+01 -0.333333333333E+01 -0.250000000000E+01 -0.166666666667E+01
 -0.500000000000E+01 -0.416666666667E+01 -0.416666666667E+01 -0.416666666667E+01 -0.333333333333E+01 -0.250000000000E+01 -0.500000000000E+01
 -0.500000000000E+01 -0.500000000000E+01 -0.416666666667E+01 -0.333333333333E+01 -0.500000000000E+01 -0.416666666667E+01 -0.500000000000E+01
  0.500000000000E+01  0.500000000000E+01  0.400000000000E+01  0.200000000000E+01  0.300000000000E+01  0.500000000000E+01  0.400000000000E+01
  0.200000000000E+01  0.300000000000E+01  0.100000000000E+01  0.500000000000E+01  0.400000000000E+01  0.200000000000E+01  0.300000000000E+01
  0.100000000000E+01  0.000000000000E+00  0.500000000000E+01  0.400000000000E+01  0.200000000000E+01  0.300000000000E+01  0.100000000000E+01
  0.000000000000E+00  0.500000000000E+01  0.400000000000E+01  0.200000000000E+01  0.300000000000E+01  0.100000000000E+01  0.000000000000E+00
  0.500000000000E+01  0.400000000000E+01  0.200000000000E+01  0.300000000000E+01  0.100000000000E+01  0.000000000000E+00  0.400000000000E+01
  0.200000000000E+01  0.300000000000E+01  0.100000000000E+01  0.000000000000E+00  0.100000000000E+01  0.000000000000E+00  0.000000000000E+00
  0.100379917131E+01  0.100377184884E+01  0.100552847210E+01  0.103485206347E+01  0.100776920066E+01  0.100379373356E+01  0.100543336664E+01
  0.103452934459E+01  0.100752843092E+01  0.100724021404E+01  0.100377371930E+01  0.100547517327E+01  0.103466720393E+01  0.100759132743E+01
  0.100406041772E+01  0.150297338296E+01  0.100379373351E+01  0.100543730922E+01  0.103455204459E+01  0.100752301672E+01  0.100402274854E+01
  0.150469350768E+01  0.100377184950E+01  0.100547517325E+01  0.103466720296E+01  0.100759132710E+01  0.100383872769E+01  0.150523407611E+01
  0.100379917248E+01  0.100543336747E+01  0.103452935791E+01  0.100752843128E+01  0.100402274615E+01  0.150512208365E+01  0.100552847249E+01
  0.103485207139E+01  0.100776919898E+01  0.100406041299E+01  0.150523407148E+01  0.100724015564E+01  0.150469342249E+01  0.150297316019E+01
  0.495822767278E+00  0.495860033230E+00  0.494916061527E+00  0.468456975545E+00  0.491963508799E+00  0.495835559317E+00  0.494982445165E+00
  0.468941562177E+00  0.492167197830E+00  0.483647240823E+00  0.495857662506E+00  0.494947727513E+00  0.468789085434E+00  0.492104234051E+00
  0.485198740023E+00  0.000000000000E+00  0.495835559400E+00  0.494985795861E+00  0.468931373348E+00  0.492171022374E+00  0.485008841396E+00
  0.000000000000E+00  0.495860032558E+00  0.494947727617E+00  0.468789083785E+00  0.492104234597E+00  0.485187705317E+00  0.000000000000E+00
  0.495822765208E+00  0.494982444330E+00  0.468941573999E+00  0.492167195291E+00  0.485008846342E+00  0.000000000000E+00  0.494916057303E+00
  0.468457035170E+00  0.491963502464E+00  0.485198725699E+00  0.000000000000E+00  0.483647274551E+00  0.000000000000E+00  0.000000000000E+00
  0.000000000000E+00  0.741704767542E-05  0.000000000000E+00  0.000000000000E+00  0.000000000000E+00  0.260095574360E-05 -0.185371774948E-04
  0.127784504284E-04 -0.343226613952E-04  0.000000000000E+00 -0.270934667231E-09 -0.435358676858E-05  0.647201661055E-04 -0.829158447046E-05
 -0.108406285494E-02  0.000000000000E+00 -0.260090436892E-05  0.912552634754E-09 -0.394404543827E-08  0.127780597405E-08 -0.138955671670E-03
  0.000000000000E+00 -0.741652865650E-05  0.435524370424E-05 -0.647223144971E-04  0.829267554391E-05  0.274607439525E-09  0.000000000000E+00
  0.000000000000E+00  0.185378100862E-04 -0.127904068669E-04  0.343231442078E-04  0.138956539924E-03  0.000000000000E+00  0.000000000000E+00
  0.000000000000E+00  0.000000000000E+00  0.108405913043E-02  0.000000000000E+00  0.000000000000E+00  0.000000000000E+00  0.000000000000E+00
  0.177015027791E-02  0.174893253295E-02 -0.839568571399E-03 -0.500681974688E-02  0.363926064204E-02  0.176199297831E-02 -0.827602240735E-03
 -0.522806236056E-02  0.368545138908E-02  0.352738201255E-01  0.174975247091E-02 -0.835804815980E-03 -0.525046435113E-02  0.368247358233E-02
  0.339324642709E-01  0.000000000000E+00  0.176199301298E-02 -0.831632133349E-03 -0.527595347771E-02  0.368991028418E-02  0.340561679182E-01
  0.000000000000E+00  0.174893351462E-02 -0.835805303173E-03 -0.525046921604E-02  0.368247322667E-02  0.340205596813E-01  0.000000000000E+00
  0.177015001844E-02 -0.827600480053E-03 -0.522808169116E-02  0.368545461335E-02  0.340561728254E-01  0.000000000000E+00 -0.839569100278E-03
 -0.500682116412E-02  0.363926083834E-02  0.339324753426E-01  0.000000000000E+00  0.352738795845E-01  0.000000000000E+00  0.000000000000E+00
  0.717938262236E+00  0.717911389166E+00  0.720348497067E+00  0.741922925213E+00  0.723054814490E+00  0.717932548204E+00  0.720254688652E+00
  0.741395033524E+00  0.722829218473E+00  0.744874790197E+00  0.717912713508E+00  0.720299294451E+00  0.741517991118E+00  0.722895807028E+00
  0.742490138712E+00  0.107355241640E+01  0.717932548155E+00  0.720260416805E+00  0.741407887722E+00  0.722825951310E+00  0.742508431947E+00
  0.107478107692E+01  0.717911390182E+00  0.720299294392E+00  0.741517990069E+00  0.722895806493E+00  0.742297290212E+00  0.107516719722E+01
  0.717938264088E+00  0.720254688993E+00  0.741395048170E+00  0.722829217064E+00  0.742508429138E+00  0.107508720261E+01  0.720348496698E+00
  0.741922936622E+00  0.723054809258E+00  0.742490138013E+00  0.107516719392E+01  0.744874735873E+00  0.107478101606E+01  0.107355225728E+01
  0.495501623084E+00  0.495541319507E+00  0.494190069542E+00  0.467616939817E+00  0.490880391644E+00  0.495515007395E+00  0.494265145509E+00
  0.468196612337E+00  0.491101917297E+00  0.476586327192E+00  0.495538957809E+00  0.494225463219E+00  0.468037025791E+00  0.491031779729E+00
  0.478025172411E+00  0.000000000000E+00  0.495515007483E+00  0.494267501379E+00  0.468188054105E+00  0.491105555843E+00  0.477831475322E+00
  0.000000000000E+00  0.495541318652E+00  0.494225463339E+00  0.468037024311E+00  0.491031780374E+00  0.478028523743E+00  0.000000000000E+00
  0.495501620666E+00  0.494265144758E+00  0.468196622742E+00  0.491101915355E+00  0.477831480845E+00  0.000000000000E+00  0.494190065547E+00
  0.467616997537E+00  0.490880386692E+00  0.478025158218E+00  0.000000000000E+00  0.476586368066E+00  0.000000000000E+00  0.000000000000E+00
  0.100130942111E+01  0.100129919563E+01  0.100294315266E+01  0.100371070606E+01  0.100447278963E+01  0.100130687599E+01  0.100290740050E+01
  0.100330942989E+01  0.100439935471E+01  0.103532870485E+01  0.100129917689E+01  0.100292780870E+01  0.100334212162E+01  0.100442917907E+01
  0.103528251473E+01  0.100000000000E+01  0.100130687597E+01  0.100291144388E+01  0.100330481027E+01  0.100440021224E+01  0.103534686464E+01
  0.100000000000E+01  0.100129919638E+01  0.100292780864E+01  0.100334212114E+01  0.100442917865E+01  0.103524219343E+01  0.100000000000E+01
  0.100130942252E+01  0.100290740015E+01  0.100330943680E+01  0.100439935238E+01  0.103534686319E+01  0.100000000000E+01  0.100294315176E+01
  0.100371071382E+01  0.100447278403E+01  0.103528251863E+01  0.100000000000E+01  0.103532868937E+01  0.100000000000E+01  0.100000000000E+01
         2         7         3         1
         7         9         5         3
         9         8         4         5
         8        15        10         4
        15        22        16        10
         6        12         7         2
        12        14         9         7
        14        13         8         9
        13        21        15         8
        21        28        22        15
        11        18        12         6
        18        20        14        12
        20        19        13        14
        19        27        21        13
        27        34        28        21
        17        24        18        11
        24        26        20        18
        26        25        19        20
        25        33        27        19
        33        39        34        27
        23        30        24        17
        30        32        26        24
        32        31        25        26
        31        38        33        25
        38        41        39        33
        29        35        30        23
        35        37        32        30
        37        36        31        32
        36        40        38        31
        40        42        41        38
zone t="boundary 2 bc-2", solutiontime= 0.6000000E+02, strandid=1002, i=50, j=78, f=feblock
  0.500000000000E+01  0.400000000000E+01  0.500000000000E+01  0.432205072469E+01  0.300000000000E+01  0.339985167428E+01  0.500000000000E+01
  0.414352482062E+01  0.200000000000E+01  0.238772260472E+01  0.328766614337E+01  0.253053942594E+01  0.500000000000E+01  0.437470683547E+01
  0.355186041251E+01  0.100000000000E+01  0.148474164412E+01  0.182006405350E+01  0.265208498144E+01  0.158439218620E+01  0.500000000000E+01
  0.421824364393E+01  0.356601661300E+01  0.279151482472E+01  0.000000000000E+00  0.691584087487E+00  0.102677755985E+01  0.203910647352E+01
  0.786163368796E+00  0.130062434092E+01  0.579883387792E+00  0.500000000000E+01  0.439593351493E+01  0.365358382485E+01  0.222719085292E+01
  0.294979435250E+01  0.181898636514E+01  0.000000000000E+00  0.000000000000E+00  0.608717331133E+00  0.956798945949E+00  0.000000000000E+00
  0.400000000000E+01  0.200000000000E+01  0.160059523280E+01  0.300000000000E+01  0.000000000000E+00  0.482256655205E+00  0.100000000000E+01
  0.000000000000E+00
 -0.500000000000E+01 -0.500000000000E+01 -0.500000000000E+01 -0.500000000000E+01 -0.500000000000E+01 -0.500000000000E+01 -0.500000000000E+01
 -0.500000000000E+01 -0.500000000000E+01 -0.500000000000E+01 -0.500000000000E+01 -0.500000000000E+01 -0.500000000000E+01 -0.500000000000E+01
 -0.500000000000E+01 -0.500000000000E+01 -0.500000000000E+01 -0.500000000000E+01 -0.500000000000E+01 -0.500000000000E+01 -0.500000000000E+01
 -0.500000000000E+01 -0.500000000000E+01 -0.500000000000E+01 -0.500000000000E+01 -0.500000000000E+01 -0.500000000000E+01 -0.500000000000E+01
 -0.500000000000E+01 -0.500000000000E+01 -0.500000000000E+01 -0.500000000000E+01 -0.500000000000E+01 -0.500000000000E+01 -0.500000000000E+01
 -0.500000000000E+01 -0.500000000000E+01 -0.500000000000E+01 -0.500000000000E+01 -0.500000000000E+01 -0.500000000000E+01 -0.500000000000E+01
 -0.500000000000E+01 -0.500000000000E+01 -0.500000000000E+01 -0.500000000000E+01 -0.500000000000E+01 -0.500000000000E+01 -0.500000000000E+01
 -0.500000000000E+01
  0.500000000000E+01  0.500000000000E+01  0.400000000000E+01  0.427284776458E+01  0.500000000000E+01  0.409791606955E+01  0.300000000000E+01
  0.334954216394E+01  0.500000000000E+01  0.428961258157E+01  0.317389756208E+01  0.342579600005E+01  0.200000000000E+01  0.245604909385E+01
  0.233993022181E+01  0.500000000000E+01  0.436396516571E+01  0.369973104758E+01  0.256908373316E+01  0.279597472668E+01  0.100000000000E+01
  0.157729503259E+01  0.159701071514E+01  0.152167522831E+01  0.500000000000E+01  0.441213888848E+01  0.370665089386E+01  0.199896920986E+01
  0.224835513052E+01  0.181406525358E+01  0.296809553468E+01  0.000000000000E+00  0.696815730569E+00  0.990157383601E+00  0.787866207738E+00
  0.548147595005E+00  0.128672970530E+01  0.400000000000E+01  0.200000000000E+01  0.160443740745E+01  0.959766653149E+00  0.300000000000E+01
  0.000000000000E+00  0.000000000000E+00  0.606872513237E+00  0.000000000000E+00  0.100000000000E+01  0.486991412371E+00  0.000000000000E+00
  0.000000000000E+00
  0.100230043812E+01  0.100190739375E+01  0.100208899393E+01  0.100305119433E+01  0.100199652931E+01  0.100313020569E+01  0.100511342499E+01
  0.100369605815E+01  0.100548260972E+01  0.100303589785E+01  0.100096248641E+01  0.100461330170E+01  0.101903350896E+01  0.100460549620E+01
  0.996426920219E+00  0.100461507873E+01  0.100463183253E+01  0.100385793726E+01  0.996053805836E+00  0.101002517601E+01  0.983182532722E+00
  0.999202512647E+00  0.100338751635E+01  0.100830610537E+01  0.100379917248E+01  0.100495170935E+01  0.100724228579E+01  0.997528051890E+00
  0.101249080393E+01  0.993492731813E+00  0.100751090638E+01  0.820300343033E+00  0.996132861363E+00  0.984669432446E+00  0.101949674552E+01
  0.100280125970E+01  0.100187178517E+01  0.100552847249E+01  0.103485207139E+01  0.100265212940E+01  0.106810493767E+01  0.100776919898E+01
  0.980062505465E+00  0.984130578518E+00  0.975525170547E+00  0.986240142227E+00  0.100724015564E+01  0.109839856259E+01  0.922324956611E+00
  0.150297316019E+01
  0.500083506798E+00  0.499207174376E+00  0.499426224911E+00  0.497832328362E+00  0.499701738051E+00  0.497949679140E+00  0.512031568006E+00
  0.500204158871E+00  0.494203100181E+00  0.498607593357E+00  0.501680799998E+00  0.498591359569E+00  0.523956514455E+00  0.537339518895E+00
  0.549693431298E+00  0.493153693036E+00  0.495428489679E+00  0.497562259470E+00  0.522248488398E+00  0.493538266164E+00  0.477419982828E+00
  0.570417307043E+00  0.584152351363E+00  0.571389267623E+00  0.495822765208E+00  0.494727580598E+00  0.493738594194E+00  0.547550200444E+00
  0.488844740132E+00  0.537948234662E+00  0.492249562407E+00  0.000000000000E+00  0.397688017789E+00  0.465939368767E+00  0.413354246889E+00
  0.307146669072E+00  0.585767894544E+00  0.494916057303E+00  0.468457035170E+00  0.493117216774E+00  0.532068334726E+00  0.491963502464E+00
  0.000000000000E+00  0.000000000000E+00  0.377546098979E+00  0.000000000000E+00  0.483647274551E+00  0.446821642143E+00  0.000000000000E+00
  0.000000000000E+00
  0.000000000000E+00  0.000000000000E+00  0.000000000000E+00  0.000000000000E+00  0.000000000000E+00  0.000000000000E+00  0.000000000000E+00
  0.000000000000E+00  0.000000000000E+00  0.000000000000E+00  0.000000000000E+00  0.000000000000E+00  0.000000000000E+00  0.000000000000E+00
  0.000000000000E+00  0.000000000000E+00  0.000000000000E+00  0.000000000000E+00  0.000000000000E+00  0.000000000000E+00  0.000000000000E+00
  0.000000000000E+00  0.000000000000E+00  0.000000000000E+00  0.000000000000E+00  0.000000000000E+00  0.000000000000E+00  0.000000000000E+00
  0.000000000000E+00  0.000000000000E+00  0.000000000000E+00  0.000000000000E+00  0.000000000000E+00  0.000000000000E+00  0.000000000000E+00
  0.000000000000E+00  0.000000000000E+00  0.000000000000E+00  0.000000000000E+00  0.000000000000E+00  0.000000000000E+00  0.000000000000E+00
  0.000000000000E+00  0.000000000000E+00  0.000000000000E+00  0.000000000000E+00  0.000000000000E+00  0.000000000000E+00  0.000000000000E+00
  0.000000000000E+00
  0.327105272748E-02  0.433459761072E-02  0.733678321957E-02  0.466774575440E-02  0.461270767018E-02  0.429168261464E-02  0.121351426096E-01
  0.421193802682E-02  0.342423058790E-02  0.532012635652E-02  0.321386343206E-02  0.656368098692E-02 -0.228655919585E-01  0.630582483019E-02
  0.934034986082E-02  0.482000467467E-02  0.603811403037E-02  0.734601144738E-02  0.127818340488E-01  0.106210147783E-01 -0.872638199824E-01
 -0.932890917486E-02  0.727752916083E-02  0.219484239247E-01  0.177015001844E-02  0.391471106034E-02  0.536434378721E-02  0.250614865414E-01
  0.861761540522E-02  0.445508165631E-01  0.601782511064E-02  0.000000000000E+00 -0.437731117517E-01  0.126988824380E-01  0.560213757996E-02
  0.453813818773E-02  0.380557780709E-01 -0.839569100278E-03 -0.500682116412E-02  0.258314854983E-01  0.733035727919E-01  0.363926083834E-02
  0.000000000000E+00  0.000000000000E+00 -0.110058379420E-01  0.000000000000E+00  0.352738795845E-01  0.179012098848E+00  0.000000000000E+00
  0.000000000000E+00
  0.716679570260E+00  0.716861709798E+00  0.716427967627E+00  0.717007186288E+00  0.716858534592E+00  0.716846923454E+00  0.720759914158E+00
  0.718673913663E+00  0.719247376963E+00  0.718218323013E+00  0.715862844848E+00  0.716773347870E+00  0.730503093387E+00  0.720079834957E+00
  0.711995691855E+00  0.719026872955E+00  0.719199593911E+00  0.718602891885E+00  0.714411525381E+00  0.721663490245E+00  0.687381308182E+00
  0.705377995578E+00  0.708075646445E+00  0.712749831400E+00  0.717938264088E+00  0.719437696191E+00  0.721992508178E+00  0.718921245193E+00
  0.723520330146E+00  0.717705351401E+00  0.720781682077E+00  0.585928816452E+00  0.694218990523E+00  0.690304687080E+00  0.715889184379E+00
  0.707670665116E+00  0.698077222862E+00  0.720348496698E+00  0.741922936622E+00  0.738946139786E+00  0.749085115420E+00  0.723054809258E+00
  0.700044646760E+00  0.702950413227E+00  0.681417374896E+00  0.704457244448E+00  0.744874735873E+00  0.724803751971E+00  0.658803540437E+00
  0.107355225728E+01
  0.499832224268E+00  0.498803245081E+00  0.499253436882E+00  0.497665989584E+00  0.499323174622E+00  0.497855156496E+00  0.511171790436E+00
  0.499613132163E+00  0.493855631747E+00  0.498023216209E+00  0.501379258386E+00  0.498915385723E+00  0.523513140064E+00  0.536441190155E+00
  0.549671550394E+00  0.492681550733E+00  0.494911975297E+00  0.497075535974E+00  0.521327195710E+00  0.493578332932E+00  0.490558690426E+00
  0.573855507179E+00  0.587746876494E+00  0.574798815915E+00  0.495501620666E+00  0.494187438819E+00  0.492900568275E+00  0.545677758786E+00
  0.488815056246E+00  0.536747398607E+00  0.491899951384E+00  0.000000000000E+00  0.405045532098E+00  0.470491133322E+00  0.416934938153E+00
  0.309044507845E+00  0.594333872354E+00  0.494190065547E+00  0.467616997537E+00  0.486127233449E+00  0.542035563926E+00  0.490880386692E+00
  0.000000000000E+00  0.000000000000E+00  0.381946958973E+00  0.000000000000E+00  0.476586368066E+00  0.500799621044E+00  0.000000000000E+00
  0.000000000000E+00
  0.100104854813E+01  0.100169576547E+01  0.100090826339E+01  0.100075655807E+01  0.100160222023E+01  0.100045406583E+01  0.100393035725E+01
  0.100243840848E+01  0.100145573680E+01  0.100246227914E+01  0.100124429875E+01  0.998874577232E+00  0.100360225817E+01  0.100349019864E+01
  0.100036836457E+01  0.100201325209E+01  0.100223723644E+01  0.100217770991E+01  0.100413866166E+01  0.100030069581E+01  0.978794678939E+00
  0.988317364408E+00  0.987959177155E+00  0.989629794605E+00  0.100130942252E+01  0.100224992435E+01  0.100352172035E+01  0.100898389911E+01
  0.100043225901E+01  0.101136873959E+01  0.100157164405E+01  0.100000000000E+01  0.975679675302E+00  0.981473101598E+00  0.983078035836E+00
  0.987971366789E+00  0.975482218852E+00  0.100294315176E+01  0.100371071382E+01  0.103178815999E+01  0.981850307590E+00  0.100447278403E+01
  0.100000000000E+01  0.100000000000E+01  0.977918718714E+00  0.100000000000E+01  0.103532868937E+01  0.923822451445E+00  0.100000000000E+01
  0.100000000000E+01
        44        35        36        36
        24        34        36        36
        38        27        31        31
        20        29        31        31
        24        23        34        34
        15        22        23        23
        24        35        37        37
        41        30        37        37
        27        18        20        20
        17        18        27        27
        15        19        11        11
        12         6        11        11
         8         7        14        14
        13        14         7         7
        41        40        30        30
        47        39        40        40
        17         9        10        10
         5        10         9         9
        44        45        35        35
        49        41        45        45
        19        15        24        24
        36        35        24        24
        37        45        41        41
        40        39        29        29
        30        29        20        20
        12        18        10        10
        20        12        19        19
        11         8        15        15
        20        18        12        12
        27        20        31        31
        28        20        19        19
        23        24        15        15
        23        22        34        34
        28        24        37        37
        11        19        12        12
        11         6         8         8
        28        19        24        24
        40        41        47        47
        30        40        29        29
        45        44        49        49
        37        35        45        45
        16        26        25        25
        27        38        26        26
        47        48        50        50
        43        33        32        32
        22        21        33        33
         3         4         1         1
         6         2         4         4
        10         5         6         6
        14        13        22        22
         4         3         8         8
         7         8         3         3
        42        38        31        31
         9        17        16        16
        33        43        34        34
        36        34        43        43
        41        48        47        47
        15         8        14        14
        28        30        20        20
        18        17        10        10
        42        31        39        39
        26        16        17        17
         8         6         4         4
        34        22        33        33
        37        30        28        28
        27        26        17        17
        49        48        41        41
        46        36        43        43
        31        29        39        39
        36        46        44        44
        22        13        21        21
        15        14        22        22
         6         5         2         2
        12        10         6         6
        26        38        25        25
        48        49        50        50
        33        21        32        32
         4         2         1         1
zone t="boundary 3 bc-3", solutiontime= 0.6000000E+02, strandid=1003, i=50, j=78, f=feblock
  0.500000000000E+01  0.400000000000E+01  0.500000000000E+01  0.432205072469E+01  0.300000000000E+01  0.339985167428E+01  0.500000000000E+01
  0.414352482062E+01  0.200000000000E+01  0.238772260472E+01  0.328766614337E+01  0.253053942594E+01  0.500000000000E+01  0.437470683547E+01
  0.355186041251E+01  0.100000000000E+01  0.148474164412E+01  0.182006405350E+01  0.265208498144E+01  0.158439218620E+01  0.500000000000E+01
  0.421824364393E+01  0.356601661300E+01  0.279151482472E+01  0.000000000000E+00  0.691584087487E+00  0.102677755985E+01  0.203910647352E+01
  0.786163368796E+00  0.130062434092E+01  0.579883387792E+00  0.500000000000E+01  0.439593351493E+01  0.365358382485E+01  0.222719085292E+01
  0.294979435250E+01  0.181898636514E+01  0.000000000000E+00  0.000000000000E+00  0.608717331133E+00  0.956798945949E+00  0.000000000000E+00
  0.400000000000E+01  0.200000000000E+01  0.160059523280E+01  0.300000000000E+01  0.000000000000E+00  0.482256655205E+00  0.100000000000E+01
  0.000000000000E+00
  0.000000000000E+00  0.000000000000E+00  0.000000000000E+00  0.000000000000E+00  0.000000000000E+00  0.000000000000E+00  0.000000000000E+00
  0.000000000000E+00  0.000000000000E+00  0.000000000000E+00  0.000000000000E+00  0.000000000000E+00  0.000000000000E+00  0.000000000000E+00
  0.000000000000E+00  0.000000000000E+00  0.000000000000E+00  0.000000000000E+00  0.000000000000E+00  0.000000000000E+00  0.000000000000E+00
  0.000000000000E+00  0.000000000000E+00  0.000000000000E+00  0.000000000000E+00  0.000000000000E+00  0.000000000000E+00  0.000000000000E+00
  0.000000000000E+00  0.000000000000E+00  0.000000000000E+00  0.000000000000E+00  0.000000000000E+00  0.000000000000E+00  0.000000000000E+00
  0.000000000000E+00  0.000000000000E+00  0.000000000000E+00  0.000000000000E+00  0.000000000000E+00  0.000000000000E+00  0.000000000000E+00
  0.000000000000E+00  0.000000000000E+00  0.000000000000E+00  0.000000000000E+00  0.000000000000E+00  0.000000000000E+00  0.000000000000E+00
  0.000000000000E+00
  0.500000000000E+01  0.500000000000E+01  0.400000000000E+01  0.427284776458E+01  0.500000000000E+01  0.409791606955E+01  0.300000000000E+01
  0.334954216394E+01  0.500000000000E+01  0.428961258157E+01  0.317389756208E+01  0.342579600005E+01  0.200000000000E+01  0.245604909385E+01
  0.233993022181E+01  0.500000000000E+01  0.436396516571E+01  0.369973104758E+01  0.256908373316E+01  0.279597472668E+01  0.100000000000E+01
  0.157729503259E+01  0.159701071514E+01  0.152167522831E+01  0.500000000000E+01  0.441213888848E+01  0.370665089386E+01  0.199896920986E+01
  0.224835513052E+01  0.181406525358E+01  0.296809553468E+01  0.000000000000E+00  0.696815730569E+00  0.990157383601E+00  0.787866207738E+00
  0.548147595005E+00  0.128672970530E+01  0.400000000000E+01  0.200000000000E+01  0.160443740745E+01  0.959766653149E+00  0.300000000000E+01
  0.000000000000E+00  0.000000000000E+00  0.606872513237E+00  0.000000000000E+00  0.100000000000E+01  0.486991412371E+00  0.000000000000E+00
  0.000000000000E+00
  0.100230043449E+01  0.100190739391E+01  0.100208900388E+01  0.100305118872E+01  0.100199654212E+01  0.100313020839E+01  0.100511344996E+01
  0.100369606560E+01  0.100548260917E+01  0.100303590428E+01  0.100096248071E+01  0.100461330464E+01  0.101903355913E+01  0.100460552263E+01
  0.996426932634E+00  0.100461507914E+01  0.100463183422E+01  0.100385793663E+01  0.996053820056E+00  0.101002517923E+01  0.983182338368E+00
  0.999202528470E+00  0.100338755060E+01  0.100830617127E+01  0.100379917131E+01  0.100495170802E+01  0.100724228490E+01  0.997528040479E+00
  0.101249077739E+01  0.993492785534E+00  0.100751090194E+01  0.820299764439E+00  0.996132590223E+00  0.984669312688E+00  0.101949673022E+01
  0.100280102357E+01  0.100187178836E+01  0.100552847210E+01  0.103485206347E+01  0.100265215525E+01  0.106810495573E+01  0.100776920066E+01
  0.980062205155E+00  0.984130549268E+00  0.975525120279E+00  0.986240365581E+00  0.100724021404E+01  0.109839852976E+01  0.922324850958E+00
  0.150297338296E+01
  0.500083498027E+00  0.499207146483E+00  0.499426184773E+00  0.497832303448E+00  0.499701696254E+00  0.497949651924E+00  0.512031523545E+00
  0.500204117167E+00  0.494203076276E+00  0.498607589438E+00  0.501680775294E+00  0.498591329020E+00  0.523956482832E+00  0.537339543688E+00
  0.549693393916E+00  0.493153691386E+00  0.495428487475E+00  0.497562250619E+00  0.522248467395E+00  0.493538228071E+00  0.477419980730E+00
  0.570417326369E+00  0.584152199743E+00  0.571389188052E+00  0.495822767278E+00  0.494727585664E+00  0.493738596059E+00  0.547550103794E+00
  0.488844728651E+00  0.537948164399E+00  0.492249555303E+00  0.000000000000E+00  0.397687891999E+00  0.465939379431E+00  0.413354357364E+00
  0.307146777740E+00  0.585767874481E+00  0.494916061527E+00  0.468456975545E+00  0.493117217982E+00  0.532068346423E+00  0.491963508799E+00
  0.000000000000E+00  0.000000000000E+00  0.377546078294E+00  0.000000000000E+00  0.483647240823E+00  0.446821537530E+00  0.000000000000E+00
  0.000000000000E+00
  0.000000000000E+00  0.000000000000E+00  0.000000000000E+00  0.000000000000E+00  0.000000000000E+00  0.000000000000E+00  0.000000000000E+00
  0.000000000000E+00  0.000000000000E+00  0.000000000000E+00  0.000000000000E+00  0.000000000000E+00  0.000000000000E+00  0.000000000000E+00
  0.000000000000E+00  0.000000000000E+00  0.000000000000E+00  0.000000000000E+00  0.000000000000E+00  0.000000000000E+00  0.000000000000E+00
  0.000000000000E+00  0.000000000000E+00  0.000000000000E+00  0.000000000000E+00  0.000000000000E+00  0.000000000000E+00  0.000000000000E+00
  0.000000000000E+00  0.000000000000E+00  0.000000000000E+00  0.000000000000E+00  0.000000000000E+00  0.000000000000E+00  0.000000000000E+00
  0.000000000000E+00  0.000000000000E+00  0.000000000000E+00  0.000000000000E+00  0.000000000000E+00  0.000000000000E+00  0.000000000000E+00
  0.000000000000E+00  0.000000000000E+00  0.000000000000E+00  0.000000000000E+00  0.000000000000E+00  0.000000000000E+00  0.000000000000E+00
  0.000000000000E+00
  0.327104666472E-02  0.433460636582E-02  0.733681608314E-02  0.466775397971E-02  0.461270414553E-02  0.429172098557E-02  0.121352156888E-01
  0.421193459726E-02  0.342423282942E-02  0.532010608839E-02  0.321390701118E-02  0.656366116659E-02 -0.228656475651E-01  0.630587975536E-02
  0.934039301398E-02  0.482000298367E-02  0.603810731590E-02  0.734600777971E-02  0.127818342477E-01  0.106209902312E-01 -0.872638906371E-01
 -0.932880261015E-02  0.727746375074E-02  0.219485147188E-01  0.177015027791E-02  0.391470488974E-02  0.536433422414E-02  0.250615289395E-01
  0.861759817557E-02  0.445507436054E-01  0.601782181275E-02  0.000000000000E+00 -0.437729070947E-01  0.126990315043E-01  0.560229729009E-02
  0.453803651714E-02  0.380556286961E-01 -0.839568571399E-03 -0.500681974688E-02  0.258314291713E-01  0.733036452619E-01  0.363926064204E-02
  0.000000000000E+00  0.000000000000E+00 -0.110059627842E-01  0.000000000000E+00  0.352738201255E-01  0.179012144308E+00  0.000000000000E+00
  0.000000000000E+00
  0.716679566160E+00  0.716861710265E+00  0.716427977471E+00  0.717007179882E+00  0.716858547274E+00  0.716846925872E+00  0.720759935265E+00
  0.718673919969E+00  0.719247377202E+00  0.718218328809E+00  0.715862843931E+00  0.716773348802E+00  0.730503133863E+00  0.720079857638E+00
  0.711995693641E+00  0.719026873548E+00  0.719199595328E+00  0.718602890406E+00  0.714411545363E+00  0.721663493174E+00  0.687381229445E+00
  0.705378013187E+00  0.708075706428E+00  0.712749883707E+00  0.717938262236E+00  0.719437695230E+00  0.721992505549E+00  0.718921235121E+00
  0.723520308470E+00  0.717705398691E+00  0.720781676819E+00  0.585928403170E+00  0.694218912932E+00  0.690304666842E+00  0.715889181060E+00
  0.707670635659E+00  0.698077261352E+00  0.720348497067E+00  0.741922925213E+00  0.738946148308E+00  0.749085143359E+00  0.723054814490E+00
  0.700044432253E+00  0.702950392334E+00  0.681417384676E+00  0.704457403986E+00  0.744874790197E+00  0.724803790117E+00  0.658803464970E+00
  0.107355241640E+01
  0.499832215986E+00  0.498803217166E+00  0.499253396297E+00  0.497665965590E+00  0.499323131601E+00  0.497855129449E+00  0.511171746669E+00
  0.499613090145E+00  0.493855607661E+00  0.498023211667E+00  0.501379232870E+00  0.498915355304E+00  0.523513109331E+00  0.536441214156E+00
  0.549671516492E+00  0.492681548963E+00  0.494911972944E+00  0.497075527434E+00  0.521327171191E+00  0.493578294110E+00  0.490558680790E+00
  0.573855522244E+00  0.587746708280E+00  0.574798737182E+00  0.495501623084E+00  0.494187443836E+00  0.492900570710E+00  0.545677665299E+00
  0.488815045382E+00  0.536747319819E+00  0.491899944955E+00  0.000000000000E+00  0.405045350355E+00  0.470491126467E+00  0.416935049585E+00
  0.309044585697E+00  0.594333826839E+00  0.494190069542E+00  0.467616939817E+00  0.486127235199E+00  0.542035580076E+00  0.490880391644E+00
  0.000000000000E+00  0.000000000000E+00  0.381946929161E+00  0.000000000000E+00  0.476586327192E+00  0.500799516937E+00  0.000000000000E+00
  0.000000000000E+00
  0.100104854603E+01  0.100169576597E+01  0.100090826721E+01  0.100075655472E+01  0.100160222515E+01  0.100045406651E+01  0.100393036170E+01
  0.100243840984E+01  0.100145573767E+01  0.100246228080E+01  0.100124430317E+01  0.998874575608E+00  0.100360226437E+01  0.100349020385E+01
  0.100036835462E+01  0.100201325251E+01  0.100223723673E+01  0.100217770848E+01  0.100413867541E+01  0.100030069668E+01  0.978794760309E+00
  0.988317373431E+00  0.987959227128E+00  0.989629802554E+00  0.100130942111E+01  0.100224992433E+01  0.100352171759E+01  0.100898389652E+01
  0.100043225526E+01  0.101136875154E+01  0.100157164117E+01  0.100000000000E+01  0.975679831826E+00  0.981473192194E+00  0.983078046032E+00
  0.987971558298E+00  0.975482269534E+00  0.100294315266E+01  0.100371070606E+01  0.103178814528E+01  0.981850327609E+00  0.100447278963E+01
  0.100000000000E+01  0.100000000000E+01  0.977918783140E+00  0.100000000000E+01  0.103532870485E+01  0.923822527681E+00  0.100000000000E+01
  0.100000000000E+01
        36        35        44        44
        36        34        24        24
        31        27        38        38
        31        29        20        20
        34        23        24        24
        23        22        15        15
        37        35        24        24
        37        30        41        41
        20        18        27        27
        27        18        17        17
        11        19        15        15
        11         6        12        12
        14         7         8         8
         7        14        13        13
        30        40        41        41
        40        39        47        47
        10         9        17        17
         9        10         5         5
        35        45        44        44
        45        41        49        49
        24        15        19        19
        24        35        36        36
        41        45        37        37
        29        39        40        40
        20        29        30        30
        10        18        12        12
        19        12        20        20
        15         8        11        11
        12        18        20        20
        31        20        27        27
        19        20        28        28
        15        24        23        23
        34        22        23        23
        37        24        28        28
        12        19        11        11
         8         6        11        11
        24        19        28        28
        47        41        40        40
        29        40        30        30
        49        44        45        45
        45        35        37        37
        25        26        16        16
        26        38        27        27
        50        48        47        47
        32        33        43        43
        33        21        22        22
         1         4         3         3
         4         2         6         6
         6         5        10        10
        22        13        14        14
         8         3         4         4
         3         8         7         7
        31        38        42        42
        16        17         9         9
        34        43        33        33
        43        34        36        36
        47        48        41        41
        14         8        15        15
        20        30        28        28
        10        17        18        18
        39        31        42        42
        17        16        26        26
         4         6         8         8
        33        22        34        34
        28        30        37        37
        17        26        27        27
        41        48        49        49
        43        36        46        46
        39        29        31        31
        44        46        36        36
        21        13        22        22
        22        14        15        15
         2         5         6         6
         6        10        12        12
        25        38        26        26
        50        49        48        48
        32        21        33        33
         1         2         4         4
zone t="boundary 4 bc-4", solutiontime= 0.6000000E+02, strandid=1004, i=42, j=30, f=feblock
  0.500000000000E+01  0.400000000000E+01  0.500000000000E+01  0.300000000000E+01  0.400000000000E+01  0.500000000000E+01  0.200000000000E+01
  0.300000000000E+01  0.400000000000E+01  0.500000000000E+01  0.100000000000E+01  0.200000000000E+01  0.300000000000E+01  0.400000000000E+01
  0.500000000000E+01  0.000000000000E+00  0.100000000000E+01  0.200000000000E+01  0.300000000000E+01  0.400000000000E+01  0.500000000000E+01
  0.000000000000E+00  0.100000000000E+01  0.200000000000E+01  0.300000000000E+01  0.400000000000E+01  0.500000000000E+01  0.000000000000E+00
  0.100000000000E+01  0.200000000000E+01  0.300000000000E+01  0.400000000000E+01  0.000000000000E+00  0.100000000000E+01  0.200000000000E+01
  0.300000000000E+01  0.000000000000E+00  0.100000000000E+01  0.200000000000E+01  0.000000000000E+00  0.100000000000E+01  0.000000000000E+00
  0.000000000000E+00  0.000000000000E+00 -0.833333333333E+00  0.000000000000E+00 -0.833333333333E+00 -0.166666666667E+01  0.000000000000E+00
 -0.833333333333E+00 -0.166666666667E+01 -0.250000000000E+01  0.000000000000E+00 -0.833333333333E+00 -0.166666666667E+01 -0.250000000000E+01
 -0.333333333333E+01  0.000000000000E+00 -0.833333333333E+00 -0.166666666667E+01 -0.250000000000E+01 -0.333333333333E+01 -0.416666666667E+01
 -0.833333333333E+00 -0.166666666667E+01 -0.250000000000E+01 -0.333333333333E+01 -0.416666666667E+01 -0.500000000000E+01 -0.166666666667E+01
 -0.250000000000E+01 -0.333333333333E+01 -0.416666666667E+01 -0.500000000000E+01 -0.250000000000E+01 -0.333333333333E+01 -0.416666666667E+01
 -0.500000000000E+01 -0.333333333333E+01 -0.416666666667E+01 -0.500000000000E+01 -0.416666666667E+01 -0.500000000000E+01 -0.500000000000E+01
  0.500000000000E+01  0.500000000000E+01  0.500000000000E+01  0.500000000000E+01  0.500000000000E+01  0.500000000000E+01  0.500000000000E+01
  0.500000000000E+01  0.500000000000E+01  0.500000000000E+01  0.500000000000E+01  0.500000000000E+01  0.500000000000E+01  0.500000000000E+01
  0.500000000000E+01  0.500000000000E+01  0.500000000000E+01  0.500000000000E+01  0.500000000000E+01  0.500000000000E+01  0.500000000000E+01
  0.500000000000E+01  0.500000000000E+01  0.500000000000E+01  0.500000000000E+01  0.500000000000E+01  0.500000000000E+01  0.500000000000E+01
  0.500000000000E+01  0.500000000000E+01  0.500000000000E+01  0.500000000000E+01  0.500000000000E+01  0.500000000000E+01  0.500000000000E+01
  0.500000000000E+01  0.500000000000E+01  0.500000000000E+01  0.500000000000E+01  0.500000000000E+01  0.500000000000E+01  0.500000000000E+01
  0.100230043449E+01  0.100190739391E+01  0.100223813047E+01  0.100199654212E+01  0.100178311648E+01  0.100227259900E+01  0.100548260917E+01
  0.100185041278E+01  0.100184792968E+01  0.100226206252E+01  0.100461507914E+01  0.100541491844E+01  0.100192693772E+01  0.100181659799E+01
  0.100227259858E+01  0.100379917131E+01  0.100454112063E+01  0.100548372074E+01  0.100187922651E+01  0.100184792883E+01  0.100223813234E+01
  0.100377184884E+01  0.100459117820E+01  0.100543234067E+01  0.100192693636E+01  0.100178311727E+01  0.100230043812E+01  0.100379373356E+01
  0.100455037924E+01  0.100548372106E+01  0.100185040727E+01  0.100190739375E+01  0.100377371930E+01  0.100459117839E+01  0.100541491959E+01
  0.100199652931E+01  0.100379373351E+01  0.100454112111E+01  0.100548260972E+01  0.100377184950E+01  0.100461507873E+01  0.100379917248E+01
  0.500083498027E+00  0.499207146483E+00  0.500304948448E+00  0.499701696254E+00  0.499540945961E+00  0.500282033034E+00  0.494203076276E+00
  0.499909845414E+00  0.499429156951E+00  0.500283001975E+00  0.493153691386E+00  0.494342099106E+00  0.499774267379E+00  0.499483129814E+00
  0.500282032598E+00  0.495822767278E+00  0.493227609108E+00  0.494222903607E+00  0.499860561014E+00  0.499429153434E+00  0.500304951240E+00
  0.495860033230E+00  0.493151861049E+00  0.494310591177E+00  0.499774270916E+00  0.499540949409E+00  0.500083506798E+00  0.495835559317E+00
  0.493215909952E+00  0.494222904592E+00  0.499909855790E+00  0.499207174376E+00  0.495857662506E+00  0.493151861325E+00  0.494342101644E+00
  0.499701738051E+00  0.495835559400E+00  0.493227609050E+00  0.494203100181E+00  0.495860032558E+00  0.493153693036E+00  0.495822765208E+00
  0.000000000000E+00  0.000000000000E+00 -0.483658317277E-04  0.000000000000E+00 -0.745302107011E-04  0.205388480584E-04  0.000000000000E+00
 -0.650696280297E-04  0.177219808645E-04 -0.262767523244E-08  0.000000000000E+00 -0.109830042800E-04  0.139915158599E-04 -0.427112963910E-08
 -0.205419416929E-04  0.000000000000E+00 -0.190414694455E-04  0.166167256224E-04 -0.269439659026E-09 -0.177302019987E-04  0.483628088376E-04
  0.741704767542E-05  0.136184283427E-05  0.185841285441E-08 -0.139934342805E-04  0.745159188011E-04  0.000000000000E+00  0.260095574360E-05
  0.483148886395E-10 -0.166115450356E-04  0.650645506585E-04  0.000000000000E+00 -0.270934667231E-09 -0.136218915659E-05  0.109910952039E-04
  0.000000000000E+00 -0.260090436892E-05  0.190432705672E-04  0.000000000000E+00 -0.741652865650E-05  0.000000000000E+00  0.000000000000E+00
  0.327104666472E-02  0.433460636582E-02  0.318748042556E-02  0.461270414553E-02  0.429547405754E-02  0.323801544402E-02  0.342423282942E-02
  0.450543868720E-02  0.436293832376E-02  0.321776694296E-02  0.482000298367E-02  0.328067594711E-02  0.458945448499E-02  0.432982080468E-02
  0.323801547442E-02  0.177015027791E-02  0.476706103776E-02  0.335354390632E-02  0.453915056839E-02  0.436293722514E-02  0.318748453733E-02
  0.174893253295E-02  0.481390539390E-02  0.330218493405E-02  0.458945240374E-02  0.429547235736E-02  0.327105272748E-02  0.176199297831E-02
  0.477558256816E-02  0.335354251843E-02  0.450544172892E-02  0.433459761072E-02  0.174975247091E-02  0.481390483296E-02  0.328067459637E-02
  0.461270767018E-02  0.176199301298E-02  0.476706178622E-02  0.342423058790E-02  0.174893351462E-02  0.482000467467E-02  0.177015001844E-02
  0.716679566160E+00  0.716861710265E+00  0.716631985096E+00  0.716858547274E+00  0.716752527721E+00  0.716664939109E+00  0.719247377202E+00
  0.716722577644E+00  0.716819711474E+00  0.716654407075E+00  0.719026873548E+00  0.719157429484E+00  0.716802142547E+00  0.716787278209E+00
  0.716664938658E+00  0.717938262236E+00  0.718955691312E+00  0.719226396047E+00  0.716752967877E+00  0.716819710528E+00  0.716631987068E+00
  0.717911389166E+00  0.719005954161E+00  0.719174899381E+00  0.716802141168E+00  0.716752528195E+00  0.716679570260E+00  0.717932548204E+00
  0.718965066074E+00  0.719226396418E+00  0.716722572180E+00  0.716861709798E+00  0.717912713508E+00  0.719005954315E+00  0.719157430172E+00
  0.716858534592E+00  0.717932548155E+00  0.718955691640E+00  0.719247376963E+00  0.717911390182E+00  0.719026872955E+00  0.717938264088E+00
  0.499832215986E+00  0.498803217166E+00  0.500054066583E+00  0.499323131601E+00  0.499143444427E+00  0.500028587718E+00  0.493855607661E+00
  0.499541082857E+00  0.499025087432E+00  0.500030471034E+00  0.492681548963E+00  0.494007815677E+00  0.499397729663E+00  0.499082211021E+00
  0.500028587335E+00  0.495501623084E+00  0.492761128704E+00  0.493882412590E+00  0.499488732635E+00  0.499025084026E+00  0.500054069179E+00
  0.495541319507E+00  0.492680967407E+00  0.493974753507E+00  0.499397733322E+00  0.499143447889E+00  0.499832224268E+00  0.495515007395E+00
  0.492748581893E+00  0.493882413517E+00  0.499541093782E+00  0.498803245081E+00  0.495538957809E+00  0.492680967672E+00  0.494007818251E+00
  0.499323174622E+00  0.495515007483E+00  0.492761128658E+00  0.493855631747E+00  0.495541318652E+00  0.492681550733E+00  0.495501620666E+00
  0.100104854603E+01  0.100169576597E+01  0.100104431136E+01  0.100160222515E+01  0.100166744907E+01  0.100105591608E+01  0.100145573767E+01
  0.100155831240E+01  0.100169653131E+01  0.100105172831E+01  0.100201325251E+01  0.100139791325E+01  0.100159299225E+01  0.100168253501E+01
  0.100105591587E+01  0.100130942111E+01  0.100198782028E+01  0.100142541714E+01  0.100157197442E+01  0.100169653084E+01  0.100104431224E+01
  0.100129919563E+01  0.100200793882E+01  0.100140488664E+01  0.100159299168E+01  0.100166744894E+01  0.100104854813E+01  0.100130687599E+01
  0.100199165050E+01  0.100142541733E+01  0.100155831027E+01  0.100169576547E+01  0.100129917689E+01  0.100200793884E+01  0.100139791307E+01
  0.100160222023E+01  0.100130687597E+01  0.100198782026E+01  0.100145573680E+01  0.100129919638E+01  0.100201325209E+01  0.100130942252E+01
         3         5         2         1
         5         8         4         2
         8        12         7         4
        12        17        11         7
        17        22        16        11
         6         9         5         3
         9        13         8         5
        13        18        12         8
        18        23        17        12
        23        28        22        17
        10        14         9         6
        14        19        13         9
        19        24        18        13
        24        29        23        18
        29        33        28        23
        15        20        14        10
        20        25        19        14
        25        30        24        19
        30        34        29        24
        34        37        33        29
        21        26        20        15
        26        31        25        20
        31        35        30        25
        35        38        34        30
        38        40        37        34
        27        32        26        21
        32        36        31        26
        36        39        35        31
        39        41        38        35
        41        42        40        38
zone t="boundary 5 bc-5", solutiontime= 0.6000000E+02, strandid=1005, i=42, j=30, f=feblock
  0.500000000000E+01  0.500000000000E+01  0.500000000000E+01  0.500000000000E+01  0.500000000000E+01  0.500000000000E+01  0.500000000000E+01
  0.500000000000E+01  0.500000000000E+01  0.500000000000E+01  0.500000000000E+01  0.500000000000E+01  0.500000000000E+01  0.500000000000E+01
  0.500000000000E+01  0.500000000000E+01  0.500000000000E+01  0.500000000000E+01  0.500000000000E+01  0.500000000000E+01  0.500000000000E+01
  0.500000000000E+01  0.500000000000E+01  0.500000000000E+01  0.500000000000E+01  0.500000000000E+01  0.500000000000E+01  0.500000000000E+01
  0.500000000000E+01  0.500000000000E+01  0.500000000000E+01  0.500000000000E+01  0.500000000000E+01  0.500000000000E+01  0.500000000000E+01
  0.500000000000E+01  0.500000000000E+01  0.500000000000E+01  0.500000000000E+01  0.500000000000E+01  0.500000000000E+01  0.500000000000E+01
  0.000000000000E+00  0.000000000000E+00 -0.833333333333E+00  0.000000000000E+00 -0.833333333333E+00 -0.166666666667E+01  0.000000000000E+00
 -0.833333333333E+00 -0.166666666667E+01 -0.250000000000E+01  0.000000000000E+00 -0.833333333333E+00 -0.166666666667E+01 -0.250000000000E+01
 -0.333333333333E+01  0.000000000000E+00 -0.833333333333E+00 -0.166666666667E+01 -0.250000000000E+01 -0.333333333333E+01 -0.416666666667E+01
 -0.833333333333E+00 -0.166666666667E+01 -0.250000000000E+01 -0.333333333333E+01 -0.416666666667E+01 -0.500000000000E+01 -0.166666666667E+01
 -0.250000000000E+01 -0.333333333333E+01 -0.416666666667E+01 -0.500000000000E+01 -0.250000000000E+01 -0.333333333333E+01 -0.416666666667E+01
 -0.500000000000E+01 -0.333333333333E+01 -0.416666666667E+01 -0.500000000000E+01 -0.416666666667E+01 -0.500000000000E+01 -0.500000000000E+01
  0.500000000000E+01  0.400000000000E+01  0.500000000000E+01  0.300000000000E+01  0.400000000000E+01  0.500000000000E+01  0.200000000000E+01
  0.300000000000E+01  0.400000000000E+01  0.500000000000E+01  0.100000000000E+01  0.200000000000E+01  0.300000000000E+01  0.400000000000E+01
  0.500000000000E+01  0.000000000000E+00  0.100000000000E+01  0.200000000000E+01  0.300000000000E+01  0.400000000000E+01  0.500000000000E+01
  0.000000000000E+00  0.100000000000E+01  0.200000000000E+01  0.300000000000E+01  0.400000000000E+01  0.500000000000E+01  0.000000000000E+00
  0.100000000000E+01  0.200000000000E+01  0.300000000000E+01  0.400000000000E+01  0.000000000000E+00  0.100000000000E+01  0.200000000000E+01
  0.300000000000E+01  0.000000000000E+00  0.100000000000E+01  0.200000000000E+01  0.000000000000E+00  0.100000000000E+01  0.000000000000E+00
  0.100230043449E+01  0.100208900388E+01  0.100223813047E+01  0.100511344996E+01  0.100200456853E+01  0.100227259900E+01  0.101903355913E+01
  0.100503035776E+01  0.100202414031E+01  0.100226206252E+01  0.983182338368E+00  0.102055357866E+01  0.100503426327E+01  0.100200929200E+01
  0.100227259858E+01  0.820299764439E+00  0.988622903699E+00  0.102056402828E+01  0.100502726394E+01  0.100202414055E+01  0.100223813234E+01
  0.821471622890E+00  0.988543379113E+00  0.102061346629E+01  0.100503426407E+01  0.100200456149E+01  0.100230043812E+01  0.821765289859E+00
  0.988779646952E+00  0.102056402762E+01  0.100503034185E+01  0.100208899393E+01  0.821734372297E+00  0.988543402752E+00  0.102055355102E+01
  0.100511342499E+01  0.821765316652E+00  0.988622981766E+00  0.101903350896E+01  0.821471818553E+00  0.983182532722E+00  0.820300343033E+00
  0.500083498027E+00  0.499426184773E+00  0.500304948448E+00  0.512031523545E+00  0.499152334156E+00  0.500282033034E+00  0.523956482832E+00
  0.511519743018E+00  0.499157853667E+00  0.500283001975E+00  0.477419980730E+00  0.525362969736E+00  0.511598078890E+00  0.499147471657E+00
  0.500282032598E+00  0.000000000000E+00  0.480938893688E+00  0.525564071225E+00  0.511549166490E+00  0.499157856052E+00  0.500304951240E+00
  0.000000000000E+00  0.481150849756E+00  0.525361369227E+00  0.511598086852E+00  0.499152344200E+00  0.500083506798E+00  0.000000000000E+00
  0.480844766983E+00  0.525564079981E+00  0.511519738105E+00  0.499426224911E+00  0.000000000000E+00  0.481150840984E+00  0.525362959129E+00
  0.512031568006E+00  0.000000000000E+00  0.480938826811E+00  0.523956514455E+00  0.000000000000E+00  0.477419982828E+00  0.000000000000E+00
  0.000000000000E+00  0.000000000000E+00 -0.483658317277E-04  0.000000000000E+00 -0.826713651437E-04  0.205388480584E-04  0.000000000000E+00
  0.317019873556E-04  0.155934567856E-04 -0.262767523244E-08  0.000000000000E+00  0.106420232028E-02  0.193539739073E-04 -0.846987747666E-09
 -0.205419416929E-04  0.000000000000E+00  0.288005825238E-02  0.180852547151E-03  0.758442195656E-09 -0.155979886543E-04  0.483628088376E-04
  0.000000000000E+00  0.630641997241E-03 -0.373296330316E-08 -0.193606295425E-04  0.826699951181E-04  0.000000000000E+00  0.000000000000E+00
  0.120606959851E-07 -0.180870150087E-03 -0.317067898130E-04  0.000000000000E+00  0.000000000000E+00 -0.630614728564E-03 -0.106420335815E-02
  0.000000000000E+00  0.000000000000E+00 -0.287998362571E-02  0.000000000000E+00  0.000000000000E+00  0.000000000000E+00  0.000000000000E+00
  0.327104666472E-02  0.733681608314E-02  0.318748042556E-02  0.121352156888E-01  0.690263737325E-02  0.323801544402E-02 -0.228656475651E-01
  0.124533779718E-01  0.705126630575E-02  0.321776694296E-02 -0.872638906371E-01 -0.207413071534E-01  0.126570124254E-01  0.708208796692E-02
  0.323801547442E-02  0.000000000000E+00 -0.850364014136E-01 -0.206133453568E-01  0.128078946716E-01  0.705126479042E-02  0.318748453733E-02
  0.000000000000E+00 -0.849181843180E-01 -0.204091570183E-01  0.126570082235E-01  0.690263215088E-02  0.327105272748E-02  0.000000000000E+00
 -0.849182135161E-01 -0.206133468829E-01  0.124533833056E-01  0.733678321957E-02  0.000000000000E+00 -0.849181928275E-01 -0.207412208980E-01
  0.121351426096E-01  0.000000000000E+00 -0.850362974899E-01 -0.228655919585E-01  0.000000000000E+00 -0.872638199824E-01  0.000000000000E+00
  0.716679566160E+00  0.716427977471E+00  0.716631985096E+00  0.720759935265E+00  0.716322946780E+00  0.716664939109E+00  0.730503133863E+00
  0.720757127937E+00  0.716344296005E+00  0.716654407075E+00  0.687381229445E+00  0.731975950994E+00  0.720770007497E+00  0.716330445903E+00
  0.716664938658E+00  0.585928403170E+00  0.691140436959E+00  0.731962967497E+00  0.720758437697E+00  0.716344296314E+00  0.716631987068E+00
  0.586765444921E+00  0.691024609875E+00  0.732010671892E+00  0.720770008362E+00  0.716322940015E+00  0.716679570260E+00  0.586975207042E+00
  0.691247714753E+00  0.731962966732E+00  0.720757113755E+00  0.716427967627E+00  0.586953123069E+00  0.691024629938E+00  0.731975925367E+00
  0.720759914158E+00  0.586975226180E+00  0.691140462301E+00  0.730503093387E+00  0.586765584681E+00  0.687381308182E+00  0.585928816452E+00
  0.499832215986E+00  0.499253396297E+00  0.500054066583E+00  0.511171746669E+00  0.498989072853E+00  0.500028587718E+00  0.523513109331E+00
  0.510648628920E+00  0.498994096677E+00  0.500030471034E+00  0.490558680790E+00  0.524691496063E+00  0.510728199515E+00  0.498985282781E+00
  0.500028587335E+00  0.000000000000E+00  0.493685444319E+00  0.524893306055E+00  0.510685467060E+00  0.498994098993E+00  0.500054069179E+00
  0.000000000000E+00  0.493888988293E+00  0.524678804068E+00  0.510728207251E+00  0.498989083423E+00  0.499832224268E+00  0.000000000000E+00
  0.493563201452E+00  0.524893314957E+00  0.510648625128E+00  0.499253436882E+00  0.000000000000E+00  0.493888979755E+00  0.524691484174E+00
  0.511171790436E+00  0.000000000000E+00  0.493685369459E+00  0.523513140064E+00  0.000000000000E+00  0.490558690426E+00  0.000000000000E+00
  0.100104854603E+01  0.100090826721E+01  0.100104431136E+01  0.100393036170E+01  0.100084586137E+01  0.100105591608E+01  0.100360226437E+01
  0.100400945237E+01  0.100085614115E+01  0.100105172831E+01  0.978794760309E+00  0.100412790942E+01  0.100402349191E+01  0.100085162111E+01
  0.100105591587E+01  0.100000000000E+01  0.978731736966E+00  0.100409981745E+01  0.100401436755E+01  0.100085614134E+01  0.100104431224E+01
  0.100000000000E+01  0.978646435013E+00  0.100411661662E+01  0.100402349232E+01  0.100084585895E+01  0.100104854813E+01  0.100000000000E+01
  0.978728479735E+00  0.100409981706E+01  0.100400944851E+01  0.100090826339E+01  0.100000000000E+01  0.978646440025E+00  0.100412790146E+01
  0.100393035725E+01  0.100000000000E+01  0.978731695569E+00  0.100360225817E+01  0.100000000000E+01  0.978794678939E+00  0.100000000000E+01
        22        17        11        16
        17        12         7        11
        12         8         4         7
         8         5         2         4
         5         3         1         2
        28        23        17        22
        23        18        12        17
        18        13         8        12
        13         9         5         8
         9         6         3         5
        33        29        23        28
        29        24        18        23
        24        19        13        18
        19        14         9        13
        14        10         6         9
        37        34        29        33
        34        30        24        29
        30        25        19        24
        25        20        14        19
        20        15        10        14
        40        38        34        37
        38        35        30        34
        35        31        25        30
        31        26        20        25
        26        21        15        20
        42        41        38        40
        41        39        35        38
        39        36        31        35
        36        32        26        31
        32        27        21        26
zone t="boundary 6 bc-6", solutiontime= 0.6000000E+02, strandid=1006, i=42, j=30, f=feblock
  0.500000000000E+01  0.500000000000E+01  0.400000000000E+01  0.200000000000E+01  0.300000000000E+01  0.100000000000E+01  0.500000000000E+01
  0.400000000000E+01  0.200000000000E+01  0.300000000000E+01  0.100000000000E+01  0.000000000000E+00  0.500000000000E+01  0.400000000000E+01
  0.200000000000E+01  0.300000000000E+01  0.100000000000E+01  0.000000000000E+00  0.500000000000E+01  0.400000000000E+01  0.200000000000E+01
  0.300000000000E+01  0.100000000000E+01  0.000000000000E+00  0.500000000000E+01  0.400000000000E+01  0.200000000000E+01  0.300000000000E+01
  0.100000000000E+01  0.000000000000E+00  0.500000000000E+01  0.400000000000E+01  0.200000000000E+01  0.300000000000E+01  0.100000000000E+01
  0.000000000000E+00  0.400000000000E+01  0.200000000000E+01  0.300000000000E+01  0.100000000000E+01  0.000000000000E+00  0.000000000000E+00
  0.000000000000E+00 -0.833333333333E+00  0.000000000000E+00  0.000000000000E+00  0.000000000000E+00  0.000000000000E+00 -0.166666666667E+01
 -0.833333333333E+00 -0.833333333333E+00 -0.833333333333E+00 -0.833333333333E+00  0.000000000000E+00 -0.250000000000E+01 -0.166666666667E+01
 -0.166666666667E+01 -0.166666666667E+01 -0.166666666667E+01 -0.833333333333E+00 -0.333333333333E+01 -0.250000000000E+01 -0.250000000000E+01
 -0.250000000000E+01 -0.250000000000E+01 -0.166666666667E+01 -0.416666666667E+01 -0.333333333333E+01 -0.333333333333E+01 -0.333333333333E+01
 -0.333333333333E+01 -0.250000000000E+01 -0.500000000000E+01 -0.416666666667E+01 -0.416666666667E+01 -0.416666666667E+01 -0.416666666667E+01
 -0.333333333333E+01 -0.500000000000E+01 -0.500000000000E+01 -0.500000000000E+01 -0.500000000000E+01 -0.416666666667E+01 -0.500000000000E+01
  0.000000000000E+00  0.000000000000E+00  0.000000000000E+00  0.000000000000E+00  0.000000000000E+00  0.000000000000E+00  0.000000000000E+00
  0.000000000000E+00  0.000000000000E+00  0.000000000000E+00  0.000000000000E+00  0.000000000000E+00  0.000000000000E+00  0.000000000000E+00
  0.000000000000E+00  0.000000000000E+00  0.000000000000E+00  0.000000000000E+00  0.000000000000E+00  0.000000000000E+00  0.000000000000E+00
  0.000000000000E+00  0.000000000000E+00  0.000000000000E+00  0.000000000000E+00  0.000000000000E+00  0.000000000000E+00  0.000000000000E+00
  0.000000000000E+00  0.000000000000E+00  0.000000000000E+00  0.000000000000E+00  0.000000000000E+00  0.000000000000E+00  0.000000000000E+00
  0.000000000000E+00  0.000000000000E+00  0.000000000000E+00  0.000000000000E+00  0.000000000000E+00  0.000000000000E+00  0.000000000000E+00
  0.820299764439E+00  0.821471622890E+00  0.980062205155E+00  0.984130549268E+00  0.986240365581E+00  0.922324850958E+00  0.821765289859E+00
  0.980338092848E+00  0.983821853280E+00  0.987088508571E+00  0.919505909920E+00  0.150297338296E+01  0.821734372297E+00  0.980448459931E+00
  0.984049199492E+00  0.987358699965E+00  0.919158744589E+00  0.150469350768E+01  0.821765316652E+00  0.980589523320E+00  0.984118703748E+00
  0.987424544569E+00  0.919145977901E+00  0.150523407611E+01  0.821471818553E+00  0.980448485107E+00  0.984049199272E+00  0.987358686697E+00
  0.919158758313E+00  0.150512208365E+01  0.820300343033E+00  0.980338268382E+00  0.983821834967E+00  0.987088385406E+00  0.919505951929E+00
  0.150523407148E+01  0.980062505465E+00  0.984130578518E+00  0.986240142227E+00  0.922324956611E+00  0.150469342249E+01  0.150297316019E+01
  0.000000000000E+00  0.000000000000E+00  0.000000000000E+00  0.000000000000E+00  0.000000000000E+00  0.000000000000E+00  0.000000000000E+00
  0.000000000000E+00  0.000000000000E+00  0.000000000000E+00  0.000000000000E+00  0.000000000000E+00  0.000000000000E+00  0.000000000000E+00
  0.000000000000E+00  0.000000000000E+00  0.000000000000E+00  0.000000000000E+00  0.000000000000E+00  0.000000000000E+00  0.000000000000E+00
  0.000000000000E+00  0.000000000000E+00  0.000000000000E+00  0.000000000000E+00  0.000000000000E+00  0.000000000000E+00  0.000000000000E+00
  0.000000000000E+00  0.000000000000E+00  0.000000000000E+00  0.000000000000E+00  0.000000000000E+00  0.000000000000E+00  0.000000000000E+00
  0.000000000000E+00  0.000000000000E+00  0.000000000000E+00  0.000000000000E+00  0.000000000000E+00  0.000000000000E+00  0.000000000000E+00
  0.000000000000E+00  0.000000000000E+00  0.000000000000E+00  0.000000000000E+00  0.000000000000E+00  0.000000000000E+00  0.000000000000E+00
  0.000000000000E+00  0.000000000000E+00  0.000000000000E+00  0.000000000000E+00  0.000000000000E+00  0.000000000000E+00  0.000000000000E+00
  0.000000000000E+00  0.000000000000E+00  0.000000000000E+00  0.000000000000E+00  0.000000000000E+00  0.000000000000E+00  0.000000000000E+00
  0.000000000000E+00  0.000000000000E+00  0.000000000000E+00  0.000000000000E+00  0.000000000000E+00  0.000000000000E+00  0.000000000000E+00
  0.000000000000E+00  0.000000000000E+00  0.000000000000E+00  0.000000000000E+00  0.000000000000E+00  0.000000000000E+00  0.000000000000E+00
  0.000000000000E+00  0.000000000000E+00  0.000000000000E+00  0.000000000000E+00  0.000000000000E+00  0.000000000000E+00  0.000000000000E+00
  0.000000000000E+00  0.000000000000E+00  0.000000000000E+00  0.000000000000E+00  0.000000000000E+00  0.000000000000E+00  0.000000000000E+00
  0.000000000000E+00  0.000000000000E+00  0.000000000000E+00  0.000000000000E+00  0.000000000000E+00  0.000000000000E+00  0.000000000000E+00
  0.000000000000E+00  0.000000000000E+00  0.000000000000E+00  0.000000000000E+00  0.000000000000E+00  0.000000000000E+00  0.000000000000E+00
  0.000000000000E+00  0.000000000000E+00  0.000000000000E+00  0.000000000000E+00  0.000000000000E+00  0.000000000000E+00  0.000000000000E+00
  0.000000000000E+00  0.000000000000E+00  0.000000000000E+00  0.000000000000E+00  0.000000000000E+00  0.000000000000E+00  0.000000000000E+00
  0.000000000000E+00  0.000000000000E+00  0.000000000000E+00  0.000000000000E+00  0.000000000000E+00  0.000000000000E+00  0.000000000000E+00
  0.585928403170E+00  0.586765444921E+00  0.700044432253E+00  0.702950392334E+00  0.704457403986E+00  0.658803464970E+00  0.586975207042E+00
  0.700241494891E+00  0.702729895200E+00  0.705063220408E+00  0.656789935657E+00  0.107355241640E+01  0.586953123069E+00  0.700320328522E+00
  0.702892285351E+00  0.705256214260E+00  0.656541960420E+00  0.107478107692E+01  0.586975226180E+00  0.700421088086E+00  0.702941931248E+00
  0.705303246121E+00  0.656532841358E+00  0.107516719722E+01  0.586765584681E+00  0.700320346505E+00  0.702892285195E+00  0.705256204784E+00
  0.656541970224E+00  0.107508720261E+01  0.585928816452E+00  0.700241620273E+00  0.702729882119E+00  0.705063132433E+00  0.656789965664E+00
  0.107516719392E+01  0.700044646760E+00  0.702950413227E+00  0.704457244448E+00  0.658803540437E+00  0.107478101606E+01  0.107355225728E+01
  0.000000000000E+00  0.000000000000E+00  0.000000000000E+00  0.000000000000E+00  0.000000000000E+00  0.000000000000E+00  0.000000000000E+00
  0.000000000000E+00  0.000000000000E+00  0.000000000000E+00  0.000000000000E+00  0.000000000000E+00  0.000000000000E+00  0.000000000000E+00
  0.000000000000E+00  0.000000000000E+00  0.000000000000E+00  0.000000000000E+00  0.000000000000E+00  0.000000000000E+00  0.000000000000E+00
  0.000000000000E+00  0.000000000000E+00  0.000000000000E+00  0.000000000000E+00  0.000000000000E+00  0.000000000000E+00  0.000000000000E+00
  0.000000000000E+00  0.000000000000E+00  0.000000000000E+00  0.000000000000E+00  0.000000000000E+00  0.000000000000E+00  0.000000000000E+00
  0.000000000000E+00  0.000000000000E+00  0.000000000000E+00  0.000000000000E+00  0.000000000000E+00  0.000000000000E+00  0.000000000000E+00
  0.100000000000E+01  0.100000000000E+01  0.100000000000E+01  0.100000000000E+01  0.100000000000E+01  0.100000000000E+01  0.100000000000E+01
  0.100000000000E+01  0.100000000000E+01  0.100000000000E+01  0.100000000000E+01  0.100000000000E+01  0.100000000000E+01  0.100000000000E+01
  0.100000000000E+01  0.100000000000E+01  0.100000000000E+01  0.100000000000E+01  0.100000000000E+01  0.100000000000E+01  0.100000000000E+01
  0.100000000000E+01  0.100000000000E+01  0.100000000000E+01  0.100000000000E+01  0.100000000000E+01  0.100000000000E+01  0.100000000000E+01
  0.100000000000E+01  0.100000000000E+01  0.100000000000E+01  0.100000000000E+01  0.100000000000E+01  0.100000000000E+01  0.100000000000E+01
  0.100000000000E+01  0.100000000000E+01  0.100000000000E+01  0.100000000000E+01  0.100000000000E+01  0.100000000000E+01  0.100000000000E+01
        18        11         6        12
        11         9         4         6
         9        10         5         4
        10         8         3         5
         8         2         1         3
        24        17        11        18
        17        15         9        11
        15        16        10         9
        16        14         8        10
        14         7         2         8
        30        23        17        24
        23        21        15        17
        21        22        16        15
        22        20        14        16
        20        13         7        14
        36        29        23        30
        29        27        21        23
        27        28        22        21
        28        26        20        22
        26        19        13        20
        41        35        29        36
        35        33        27        29
        33        34        28        27
        34        32        26        28
        32        25        19        26
        42        40        35        41
        40        38        33        35
        38        39        34        33
        39        37        32        34
        37        31        25        32
