title="tecplot geometry and solution file"
variables = x y z rho u v w p mach temperature
zone t="boundary 1 bc-1", solutiontime= 0.5000000E+02, strandid=1001, i=42, j=30, f=feblock
  0.000000000000E+00  0.000000000000E+00  0.000000000000E+00  0.000000000000E+00  0.000000000000E+00  0.000000000000E+00  0.000000000000E+00
  0.000000000000E+00  0.000000000000E+00  0.000000000000E+00  0.000000000000E+00  0.000000000000E+00  0.000000000000E+00  0.000000000000E+00
  0.000000000000E+00  0.000000000000E+00  0.000000000000E+00  0.000000000000E+00  0.000000000000E+00  0.000000000000E+00  0.000000000000E+00
  0.000000000000E+00  0.000000000000E+00  0.000000000000E+00  0.000000000000E+00  0.000000000000E+00  0.000000000000E+00  0.000000000000E+00
  0.000000000000E+00  0.000000000000E+00  0.000000000000E+00  0.000000000000E+00  0.000000000000E+00  0.000000000000E+00  0.000000000000E+00
  0.000000000000E+00  0.000000000000E+00  0.000000000000E+00  0.000000000000E+00  0.000000000000E+00  0.000000000000E+00  0.000000000000E+00
  0.000000000000E+00 -0.833333333333E+00  0.000000000000E+00  0.000000000000E+00  0.000000000000E+00 -0.166666666667E+01 -0.833333333333E+00
 -0.833333333333E+00 -0.833333333333E+00  0.000000000000E+00 -0.250000000000E+01 -0.166666666667E+01 -0.166666666667E+01 -0.166666666667E+01
 -0.833333333333E+00  0.000000000000E+00 -0.333333333333E+01 -0.250000000000E+01 -0.250000000000E+01 -0.250000000000E+01 -0.166666666667E+01
 -0.833333333333E+00 -0.416666666667E+01 -0.333333333333E+01 -0.333333333333E+01 -0.333333333333E+01 -0.250000000000E+01 -0.166666666667E+01
 -0.500000000000E+01 -0.416666666667E+01 -0.416666666667E+01 -0.416666666667E+01 -0.333333333333E+01 -0.250000000000E+01 -0.500000000000E+01
 -0.500000000000E+01 -0.500000000000E+01 -0.416666666667E+01 -0.333333333333E+01 -0.500000000000E+01 -0.416666666667E+01 -0.500000000000E+01
  0.500000000000E+01  0.500000000000E+01  0.400000000000E+01  0.200000000000E+01  0.300000000000E+01  0.500000000000E+01  0.400000000000E+01
  0.200000000000E+01  0.300000000000E+01  0.100000000000E+01  0.500000000000E+01  0.400000000000E+01  0.200000000000E+01  0.300000000000E+01
  0.100000000000E+01  0.000000000000E+00  0.500000000000E+01  0.400000000000E+01  0.200000000000E+01  0.300000000000E+01  0.100000000000E+01
  0.000000000000E+00  0.500000000000E+01  0.400000000000E+01  0.200000000000E+01  0.300000000000E+01  0.100000000000E+01  0.000000000000E+00
  0.500000000000E+01  0.400000000000E+01  0.200000000000E+01  0.300000000000E+01  0.100000000000E+01  0.000000000000E+00  0.400000000000E+01
  0.200000000000E+01  0.300000000000E+01  0.100000000000E+01  0.000000000000E+00  0.100000000000E+01  0.000000000000E+00  0.000000000000E+00
  0.100379921945E+01  0.100377220100E+01  0.100552861762E+01  0.103485202924E+01  0.100776955973E+01  0.100379387100E+01  0.100543350700E+01
  0.103452995667E+01  0.100752882662E+01  0.100724020007E+01  0.100377398329E+01  0.100547523827E+01  0.103466748379E+01  0.100759169660E+01
  0.100406068526E+01  0.150297374970E+01  0.100379387095E+01  0.100543750514E+01  0.103455237740E+01  0.100752335928E+01  0.100402284572E+01
  0.150469408657E+01  0.100377220167E+01  0.100547523824E+01  0.103466748279E+01  0.100759169628E+01  0.100383892905E+01  0.150523446191E+01
  0.100379922063E+01  0.100543350783E+01  0.103452996999E+01  0.100752882698E+01  0.100402284333E+01  0.150512261869E+01  0.100552861801E+01
  0.103485203727E+01  0.100776955805E+01  0.100406068054E+01  0.150523445726E+01  0.100724014168E+01  0.150469400138E+01  0.150297352699E+01
  0.495822893903E+00  0.495860095918E+00  0.494915811165E+00  0.468456959164E+00  0.491963246488E+00  0.495835798645E+00  0.494982290246E+00
  0.468940893754E+00  0.492166839455E+00  0.483647135262E+00  0.495857606186E+00  0.494947566780E+00  0.468788701811E+00  0.492103918258E+00
  0.485198451418E+00  0.000000000000E+00  0.495835798712E+00  0.494985530424E+00  0.468931017201E+00  0.492170715027E+00  0.485008663249E+00
  0.000000000000E+00  0.495860095265E+00  0.494947566889E+00  0.468788700172E+00  0.492103918805E+00  0.485187475167E+00  0.000000000000E+00
  0.495822891922E+00  0.494982289392E+00  0.468940905586E+00  0.492166836910E+00  0.485008668204E+00  0.000000000000E+00  0.494915806900E+00
  0.468457018716E+00  0.491963240146E+00  0.485198437088E+00  0.000000000000E+00  0.483647168969E+00  0.000000000000E+00  0.000000000000E+00
  0.000000000000E+00  0.739678939553E-05  0.000000000000E+00  0.000000000000E+00  0.000000000000E+00  0.259721955612E-05 -0.185766811469E-04
  0.128579667319E-04 -0.343194323282E-04  0.000000000000E+00 -0.276388595612E-09 -0.435332792972E-05  0.646747515381E-04 -0.828352175409E-05
 -0.108402226391E-02  0.000000000000E+00 -0.259717210806E-05  0.917253915232E-09 -0.394850132278E-08  0.128474484150E-08 -0.138969465766E-03
  0.000000000000E+00 -0.739627374923E-05  0.435496593105E-05 -0.646768987074E-04  0.828461422827E-05  0.276110481524E-09  0.000000000000E+00
  0.000000000000E+00  0.185773212606E-04 -0.128698809564E-04  0.343199105386E-04  0.138970334678E-03  0.000000000000E+00  0.000000000000E+00
  0.000000000000E+00  0.000000000000E+00  0.108401854100E-02  0.000000000000E+00  0.000000000000E+00  0.000000000000E+00  0.000000000000E+00
  0.177022007594E-02  0.174872332110E-02 -0.839322916141E-03 -0.500672233970E-02  0.363929788587E-02  0.176203287038E-02 -0.827926885059E-03
 -0.522785854462E-02  0.368568567674E-02  0.352738027815E-01  0.174957336191E-02 -0.835526897411E-03 -0.525005754263E-02  0.368278667433E-02
  0.339323931391E-01  0.000000000000E+00  0.176203289879E-02 -0.832014300687E-03 -0.527607992858E-02  0.368983370615E-02  0.340561850774E-01
  0.000000000000E+00  0.174872431504E-02 -0.835527368161E-03 -0.525006242030E-02  0.368278632166E-02  0.340204496652E-01  0.000000000000E+00
  0.177021986186E-02 -0.827925129561E-03 -0.522787788330E-02  0.368568888692E-02  0.340561899967E-01  0.000000000000E+00 -0.839323476990E-03
 -0.500672364902E-02  0.363929814539E-02  0.339324042010E-01  0.000000000000E+00  0.352738622221E-01  0.000000000000E+00  0.000000000000E+00
  0.717938355384E+00  0.717911660267E+00  0.720348670874E+00  0.741923117035E+00  0.723055172854E+00  0.717932682112E+00  0.720254931919E+00
  0.741395499904E+00  0.722829660486E+00  0.744874892704E+00  0.717912944261E+00  0.720299446037E+00  0.741518302739E+00  0.722896190466E+00
  0.742490421216E+00  0.107355267835E+01  0.717932682058E+00  0.720260673534E+00  0.741408241549E+00  0.722826342221E+00  0.742508588613E+00
  0.107478149041E+01  0.717911661296E+00  0.720299445981E+00  0.741518301685E+00  0.722896189934E+00  0.742297545292E+00  0.107516747279E+01
  0.717938357249E+00  0.720254932262E+00  0.741395514554E+00  0.722829659080E+00  0.742508585810E+00  0.107508758478E+01  0.720348670502E+00
  0.741923128484E+00  0.723055167633E+00  0.742490420512E+00  0.107516746947E+01  0.744874838382E+00  0.107478142956E+01  0.107355251928E+01
  0.495501729612E+00  0.495541374780E+00  0.494189795272E+00  0.467616854244E+00  0.490880096005E+00  0.495515234418E+00  0.494264942389E+00
  0.468195934034E+00  0.491101507750E+00  0.476586186384E+00  0.495538886419E+00  0.494225266222E+00  0.468036603230E+00  0.491031426708E+00
  0.478024857240E+00  0.000000000000E+00  0.495515234491E+00  0.494267197037E+00  0.468187663575E+00  0.491105199295E+00  0.477831274574E+00
  0.000000000000E+00  0.495541373943E+00  0.494225266345E+00  0.468036601754E+00  0.491031427354E+00  0.478028256346E+00  0.000000000000E+00
  0.495501727281E+00  0.494264941620E+00  0.468195944451E+00  0.491101505803E+00  0.477831280104E+00  0.000000000000E+00  0.494189791238E+00
  0.467616911901E+00  0.490880091043E+00  0.478024843042E+00  0.000000000000E+00  0.476586227239E+00  0.000000000000E+00  0.000000000000E+00
  0.100130950300E+01  0.100129922245E+01  0.100294324950E+01  0.100371099877E+01  0.100447292957E+01  0.100130692565E+01  0.100290759922E+01
  0.100330946743E+01  0.100439957443E+01  0.103532886169E+01  0.100129923538E+01  0.100292795494E+01  0.100334227188E+01  0.100442934382E+01
  0.103528263277E+01  0.100000000000E+01  0.100130692563E+01  0.100291160593E+01  0.100330496633E+01  0.100440041394E+01  0.103534698288E+01
  0.100000000000E+01  0.100129922321E+01  0.100292795488E+01  0.100334227143E+01  0.100442934340E+01  0.103524234151E+01  0.100000000000E+01
  0.100130950442E+01  0.100290759887E+01  0.100330947433E+01  0.100439957211E+01  0.103534698143E+01  0.100000000000E+01  0.100294324859E+01
  0.100371100648E+01  0.100447292399E+01  0.103528263666E+01  0.100000000000E+01  0.103532884620E+01  0.100000000000E+01  0.100000000000E+01
         2         7         3         1
         7         9         5         3
         9         8         4         5
         8        15        10         4
        15        22        16        10
         6        12         7         2
        12        14         9         7
        14        13         8         9
        13        21        15         8
        21        28        22        15
        11        18        12         6
        18        20        14        12
        20        19        13        14
        19        27        21        13
        27        34        28        21
        17        24        18        11
        24        26        20        18
        26        25        19        20
        25        33        27        19
        33        39        34        27
        23        30        24        17
        30        32        26        24
        32        31        25        26
        31        38        33        25
        38        41        39        33
        29        35        30        23
        35        37        32        30
        37        36        31        32
        36        40        38        31
        40        42        41        38
zone t="boundary 2 bc-2", solutiontime= 0.5000000E+02, strandid=1002, i=50, j=78, f=feblock
  0.500000000000E+01  0.400000000000E+01  0.500000000000E+01  0.432205072469E+01  0.300000000000E+01  0.339985167428E+01  0.500000000000E+01
  0.414352482062E+01  0.200000000000E+01  0.238772260472E+01  0.328766614337E+01  0.253053942594E+01  0.500000000000E+01  0.437470683547E+01
  0.355186041251E+01  0.100000000000E+01  0.148474164412E+01  0.182006405350E+01  0.265208498144E+01  0.158439218620E+01  0.500000000000E+01
  0.421824364393E+01  0.356601661300E+01  0.279151482472E+01  0.000000000000E+00  0.691584087487E+00  0.102677755985E+01  0.203910647352E+01
  0.786163368796E+00  0.130062434092E+01  0.579883387792E+00  0.500000000000E+01  0.439593351493E+01  0.365358382485E+01  0.222719085292E+01
  0.294979435250E+01  0.181898636514E+01  0.000000000000E+00  0.000000000000E+00  0.608717331133E+00  0.956798945949E+00  0.000000000000E+00
  0.400000000000E+01  0.200000000000E+01  0.160059523280E+01  0.300000000000E+01  0.000000000000E+00  0.482256655205E+00  0.100000000000E+01
  0.000000000000E+00
 -0.500000000000E+01 -0.500000000000E+01 -0.500000000000E+01 -0.500000000000E+01 -0.500000000000E+01 -0.500000000000E+01 -0.500000000000E+01
 -0.500000000000E+01 -0.500000000000E+01 -0.500000000000E+01 -0.500000000000E+01 -0.500000000000E+01 -0.500000000000E+01 -0.500000000000E+01
 -0.500000000000E+01 -0.500000000000E+01 -0.500000000000E+01 -0.500000000000E+01 -0.500000000000E+01 -0.500000000000E+01 -0.500000000000E+01
 -0.500000000000E+01 -0.500000000000E+01 -0.500000000000E+01 -0.500000000000E+01 -0.500000000000E+01 -0.500000000000E+01 -0.500000000000E+01
 -0.500000000000E+01 -0.500000000000E+01 -0.500000000000E+01 -0.500000000000E+01 -0.500000000000E+01 -0.500000000000E+01 -0.500000000000E+01
 -0.500000000000E+01 -0.500000000000E+01 -0.500000000000E+01 -0.500000000000E+01 -0.500000000000E+01 -0.500000000000E+01 -0.500000000000E+01
 -0.500000000000E+01 -0.500000000000E+01 -0.500000000000E+01 -0.500000000000E+01 -0.500000000000E+01 -0.500000000000E+01 -0.500000000000E+01
 -0.500000000000E+01
  0.500000000000E+01  0.500000000000E+01  0.400000000000E+01  0.427284776458E+01  0.500000000000E+01  0.409791606955E+01  0.300000000000E+01
  0.334954216394E+01  0.500000000000E+01  0.428961258157E+01  0.317389756208E+01  0.342579600005E+01  0.200000000000E+01  0.245604909385E+01
  0.233993022181E+01  0.500000000000E+01  0.436396516571E+01  0.369973104758E+01  0.256908373316E+01  0.279597472668E+01  0.100000000000E+01
  0.157729503259E+01  0.159701071514E+01  0.152167522831E+01  0.500000000000E+01  0.441213888848E+01  0.370665089386E+01  0.199896920986E+01
  0.224835513052E+01  0.181406525358E+01  0.296809553468E+01  0.000000000000E+00  0.696815730569E+00  0.990157383601E+00  0.787866207738E+00
  0.548147595005E+00  0.128672970530E+01  0.400000000000E+01  0.200000000000E+01  0.160443740745E+01  0.959766653149E+00  0.300000000000E+01
  0.000000000000E+00  0.000000000000E+00  0.606872513237E+00  0.000000000000E+00  0.100000000000E+01  0.486991412371E+00  0.000000000000E+00
  0.000000000000E+00
  0.100230091708E+01  0.100191136384E+01  0.100208669561E+01  0.100305032046E+01  0.100199633474E+01  0.100313062616E+01  0.100511528879E+01
  0.100369646506E+01  0.100548307032E+01  0.100303725881E+01  0.100096333465E+01  0.100461425616E+01  0.101903091957E+01  0.100460667217E+01
  0.996427840655E+00  0.100461536747E+01  0.100463229520E+01  0.100385786702E+01  0.996054012176E+00  0.101002536260E+01  0.983186384030E+00
  0.999200592359E+00  0.100338820261E+01  0.100830585635E+01  0.100379922063E+01  0.100495201688E+01  0.100724265381E+01  0.997528810512E+00
  0.101249153510E+01  0.993492660567E+00  0.100751130023E+01  0.820303668123E+00  0.996139689935E+00  0.984670500185E+00  0.101949669113E+01
  0.100280375249E+01  0.100187252403E+01  0.100552861801E+01  0.103485203727E+01  0.100265247566E+01  0.106810506146E+01  0.100776955805E+01
  0.980064268839E+00  0.984130766072E+00  0.975525730276E+00  0.986241021119E+00  0.100724014168E+01  0.109839934366E+01  0.922325162445E+00
  0.150297352699E+01
  0.500080915132E+00  0.499200681928E+00  0.499428212179E+00  0.497829915924E+00  0.499696231448E+00  0.497946983793E+00  0.512030213602E+00
  0.500204507011E+00  0.494201268675E+00  0.498607512454E+00  0.501681276089E+00  0.498591676085E+00  0.523958955849E+00  0.537338928155E+00
  0.549692876526E+00  0.493153704824E+00  0.495428613039E+00  0.497561978866E+00  0.522247750995E+00  0.493537681784E+00  0.477417389640E+00
  0.570416253428E+00  0.584150310331E+00  0.571388803645E+00  0.495822891922E+00  0.494727466379E+00  0.493738017935E+00  0.547549773511E+00
  0.488844483249E+00  0.537948164235E+00  0.492249072031E+00  0.000000000000E+00  0.397689911780E+00  0.465942021216E+00  0.413354930222E+00
  0.307148235112E+00  0.585767928116E+00  0.494915806900E+00  0.468457018716E+00  0.493116919049E+00  0.532068123441E+00  0.491963240146E+00
  0.000000000000E+00  0.000000000000E+00  0.377546246085E+00  0.000000000000E+00  0.483647168969E+00  0.446821496176E+00  0.000000000000E+00
  0.000000000000E+00
  0.000000000000E+00  0.000000000000E+00  0.000000000000E+00  0.000000000000E+00  0.000000000000E+00  0.000000000000E+00  0.000000000000E+00
  0.000000000000E+00  0.000000000000E+00  0.000000000000E+00  0.000000000000E+00  0.000000000000E+00  0.000000000000E+00  0.000000000000E+00
  0.000000000000E+00  0.000000000000E+00  0.000000000000E+00  0.000000000000E+00  0.000000000000E+00  0.000000000000E+00  0.000000000000E+00
  0.000000000000E+00  0.000000000000E+00  0.000000000000E+00  0.000000000000E+00  0.000000000000E+00  0.000000000000E+00  0.000000000000E+00
  0.000000000000E+00  0.000000000000E+00  0.000000000000E+00  0.000000000000E+00  0.000000000000E+00  0.000000000000E+00  0.000000000000E+00
  0.000000000000E+00  0.000000000000E+00  0.000000000000E+00  0.000000000000E+00  0.000000000000E+00  0.000000000000E+00  0.000000000000E+00
  0.000000000000E+00  0.000000000000E+00  0.000000000000E+00  0.000000000000E+00  0.000000000000E+00  0.000000000000E+00  0.000000000000E+00
  0.000000000000E+00
  0.326652204127E-02  0.433112034478E-02  0.733537504979E-02  0.466529484034E-02  0.461647612244E-02  0.429252047161E-02  0.121343418992E-01
  0.421217621332E-02  0.342535547887E-02  0.532019594299E-02  0.321302540887E-02  0.656299599604E-02 -0.228649297454E-01  0.630494394168E-02
  0.934021208553E-02  0.482040900454E-02  0.603763864913E-02  0.734565087045E-02  0.127815378781E-01  0.106211253159E-01 -0.872611346966E-01
 -0.932887540357E-02  0.727624185091E-02  0.219474093323E-01  0.177021986186E-02  0.391514587347E-02  0.536473127865E-02  0.250612209814E-01
  0.861743511941E-02  0.445507399441E-01  0.601783380080E-02  0.000000000000E+00 -0.437734383896E-01  0.126978839126E-01  0.560153263936E-02
  0.453799929936E-02  0.380555443832E-01 -0.839323476990E-03 -0.500672364902E-02  0.258315001340E-01  0.733035614356E-01  0.363929814539E-02
  0.000000000000E+00  0.000000000000E+00 -0.110059015254E-01  0.000000000000E+00  0.352738622221E-01  0.179012084164E+00  0.000000000000E+00
  0.000000000000E+00
  0.716678890604E+00  0.716863494178E+00  0.716426731795E+00  0.717007616635E+00  0.716859085031E+00  0.716848225639E+00  0.720760963067E+00
  0.718674268418E+00  0.719248176054E+00  0.718219085666E+00  0.715863109736E+00  0.716773906091E+00  0.730501912200E+00  0.720079954205E+00
  0.711996125326E+00  0.719027179196E+00  0.719199843421E+00  0.718603101757E+00  0.714412082991E+00  0.721663865116E+00  0.687383189389E+00
  0.705378761953E+00  0.708076318752E+00  0.712750268323E+00  0.717938357249E+00  0.719437911105E+00  0.721992948063E+00  0.718921618855E+00
  0.723520664156E+00  0.717705576730E+00  0.720782057621E+00  0.585931191516E+00  0.694220189826E+00  0.690305416564E+00  0.715889433956E+00
  0.707671152943E+00  0.698077482905E+00  0.720348670502E+00  0.741923128484E+00  0.738946574256E+00  0.749085391259E+00  0.723055167633E+00
  0.700045906313E+00  0.702950547195E+00  0.681417502759E+00  0.704457872228E+00  0.744874838382E+00  0.724804001399E+00  0.658803687460E+00
  0.107355251928E+01
  0.499829960848E+00  0.498797095677E+00  0.499255260439E+00  0.497663189065E+00  0.499317467249E+00  0.497852121236E+00  0.511170522121E+00
  0.499613459835E+00  0.493853648185E+00  0.498023209604E+00  0.501379848485E+00  0.498915736095E+00  0.523515304052E+00  0.536440859721E+00
  0.549671080016E+00  0.492681532338E+00  0.494912120838E+00  0.497075160414E+00  0.521326303363E+00  0.493577668549E+00  0.490555913523E+00
  0.573853583780E+00  0.587744729053E+00  0.574798063553E+00  0.495501727281E+00  0.494187329972E+00  0.492899937155E+00  0.545677387800E+00
  0.488814859951E+00  0.536747219024E+00  0.491899429536E+00  0.000000000000E+00  0.405048512660E+00  0.470493788730E+00  0.416935535212E+00
  0.309046358752E+00  0.594333999389E+00  0.494189791238E+00  0.467616911901E+00  0.486126882530E+00  0.542035282739E+00  0.490880091043E+00
  0.000000000000E+00  0.000000000000E+00  0.381947183280E+00  0.000000000000E+00  0.476586227239E+00  0.500799566278E+00  0.000000000000E+00
  0.000000000000E+00
  0.100104712042E+01  0.100169428961E+01  0.100090883244E+01  0.100075803060E+01  0.100160318382E+01  0.100045546384E+01  0.100392995664E+01
  0.100243849691E+01  0.100145639066E+01  0.100246198344E+01  0.100124382077E+01  0.998874406149E+00  0.100360318557E+01  0.100348919016E+01
  0.100036804953E+01  0.100201339086E+01  0.100223712258E+01  0.100217807272E+01  0.100413923739E+01  0.100030103062E+01  0.978793523564E+00
  0.988320337565E+00  0.987959439499E+00  0.989630645666E+00  0.100130950442E+01  0.100224991704E+01  0.100352196511E+01  0.100898365620E+01
  0.100043199839E+01  0.101136912964E+01  0.100157177437E+01  0.100000000000E+01  0.975674672516E+00  0.981473074504E+00  0.983078431010E+00
  0.987969591916E+00  0.975481862837E+00  0.100294324859E+01  0.100371100648E+01  0.103178841031E+01  0.981850555350E+00  0.100447292399E+01
  0.100000000000E+01  0.100000000000E+01  0.977918341111E+00  0.100000000000E+01  0.103532884620E+01  0.923822112436E+00  0.100000000000E+01
  0.100000000000E+01
        44        35        36        36
        24        34        36        36
        38        27        31        31
        20        29        31        31
        24        23        34        34
        15        22        23        23
        24        35        37        37
        41        30        37        37
        27        18        20        20
        17        18        27        27
        15        19        11        11
        12         6        11        11
         8         7        14        14
        13        14         7         7
        41        40        30        30
        47        39        40        40
        17         9        10        10
         5        10         9         9
        44        45        35        35
        49        41        45        45
        19        15        24        24
        36        35        24        24
        37        45        41        41
        40        39        29        29
        30        29        20        20
        12        18        10        10
        20        12        19        19
        11         8        15        15
        20        18        12        12
        27        20        31        31
        28        20        19        19
        23        24        15        15
        23        22        34        34
        28        24        37        37
        11        19        12        12
        11         6         8         8
        28        19        24        24
        40        41        47        47
        30        40        29        29
        45        44        49        49
        37        35        45        45
        16        26        25        25
        27        38        26        26
        47        48        50        50
        43        33        32        32
        22        21        33        33
         3         4         1         1
         6         2         4         4
        10         5         6         6
        14        13        22        22
         4         3         8         8
         7         8         3         3
        42        38        31        31
         9        17        16        16
        33        43        34        34
        36        34        43        43
        41        48        47        47
        15         8        14        14
        28        30        20        20
        18        17        10        10
        42        31        39        39
        26        16        17        17
         8         6         4         4
        34        22        33        33
        37        30        28        28
        27        26        17        17
        49        48        41        41
        46        36        43        43
        31        29        39        39
        36        46        44        44
        22        13        21        21
        15        14        22        22
         6         5         2         2
        12        10         6         6
        26        38        25        25
        48        49        50        50
        33        21        32        32
         4         2         1         1
zone t="boundary 3 bc-3", solutiontime= 0.5000000E+02, strandid=1003, i=50, j=78, f=feblock
  0.500000000000E+01  0.400000000000E+01  0.500000000000E+01  0.432205072469E+01  0.300000000000E+01  0.339985167428E+01  0.500000000000E+01
  0.414352482062E+01  0.200000000000E+01  0.238772260472E+01  0.328766614337E+01  0.253053942594E+01  0.500000000000E+01  0.437470683547E+01
  0.355186041251E+01  0.100000000000E+01  0.148474164412E+01  0.182006405350E+01  0.265208498144E+01  0.158439218620E+01  0.500000000000E+01
  0.421824364393E+01  0.356601661300E+01  0.279151482472E+01  0.000000000000E+00  0.691584087487E+00  0.102677755985E+01  0.203910647352E+01
  0.786163368796E+00  0.130062434092E+01  0.579883387792E+00  0.500000000000E+01  0.439593351493E+01  0.365358382485E+01  0.222719085292E+01
  0.294979435250E+01  0.181898636514E+01  0.000000000000E+00  0.000000000000E+00  0.608717331133E+00  0.956798945949E+00  0.000000000000E+00
  0.400000000000E+01  0.200000000000E+01  0.160059523280E+01  0.300000000000E+01  0.000000000000E+00  0.482256655205E+00  0.100000000000E+01
  0.000000000000E+00
  0.000000000000E+00  0.000000000000E+00  0.000000000000E+00  0.000000000000E+00  0.000000000000E+00  0.000000000000E+00  0.000000000000E+00
  0.000000000000E+00  0.000000000000E+00  0.000000000000E+00  0.000000000000E+00  0.000000000000E+00  0.000000000000E+00  0.000000000000E+00
  0.000000000000E+00  0.000000000000E+00  0.000000000000E+00  0.000000000000E+00  0.000000000000E+00  0.000000000000E+00  0.000000000000E+00
  0.000000000000E+00  0.000000000000E+00  0.000000000000E+00  0.000000000000E+00  0.000000000000E+00  0.000000000000E+00  0.000000000000E+00
  0.000000000000E+00  0.000000000000E+00  0.000000000000E+00  0.000000000000E+00  0.000000000000E+00  0.000000000000E+00  0.000000000000E+00
  0.000000000000E+00  0.000000000000E+00  0.000000000000E+00  0.000000000000E+00  0.000000000000E+00  0.000000000000E+00  0.000000000000E+00
  0.000000000000E+00  0.000000000000E+00  0.000000000000E+00  0.000000000000E+00  0.000000000000E+00  0.000000000000E+00  0.000000000000E+00
  0.000000000000E+00
  0.500000000000E+01  0.500000000000E+01  0.400000000000E+01  0.427284776458E+01  0.500000000000E+01  0.409791606955E+01  0.300000000000E+01
  0.334954216394E+01  0.500000000000E+01  0.428961258157E+01  0.317389756208E+01  0.342579600005E+01  0.200000000000E+01  0.245604909385E+01
  0.233993022181E+01  0.500000000000E+01  0.436396516571E+01  0.369973104758E+01  0.256908373316E+01  0.279597472668E+01  0.100000000000E+01
  0.157729503259E+01  0.159701071514E+01  0.152167522831E+01  0.500000000000E+01  0.441213888848E+01  0.370665089386E+01  0.199896920986E+01
  0.224835513052E+01  0.181406525358E+01  0.296809553468E+01  0.000000000000E+00  0.696815730569E+00  0.990157383601E+00  0.787866207738E+00
  0.548147595005E+00  0.128672970530E+01  0.400000000000E+01  0.200000000000E+01  0.160443740745E+01  0.959766653149E+00  0.300000000000E+01
  0.000000000000E+00  0.000000000000E+00  0.606872513237E+00  0.000000000000E+00  0.100000000000E+01  0.486991412371E+00  0.000000000000E+00
  0.000000000000E+00
  0.100230091354E+01  0.100191136398E+01  0.100208670561E+01  0.100305031485E+01  0.100199634755E+01  0.100313062885E+01  0.100511531393E+01
  0.100369647256E+01  0.100548306961E+01  0.100303726526E+01  0.100096332893E+01  0.100461425904E+01  0.101903096936E+01  0.100460669868E+01
  0.996427853140E+00  0.100461536785E+01  0.100463229690E+01  0.100385786640E+01  0.996054026435E+00  0.101002536576E+01  0.983186190620E+00
  0.999200607791E+00  0.100338823666E+01  0.100830592203E+01  0.100379921945E+01  0.100495201555E+01  0.100724265291E+01  0.997528799205E+00
  0.101249150864E+01  0.993492714190E+00  0.100751129579E+01  0.820303090013E+00  0.996139420177E+00  0.984670380682E+00  0.101949667556E+01
  0.100280351726E+01  0.100187252737E+01  0.100552861762E+01  0.103485202924E+01  0.100265250155E+01  0.106810507944E+01  0.100776955973E+01
  0.980063968899E+00  0.984130736820E+00  0.975525680165E+00  0.986241244343E+00  0.100724020007E+01  0.109839931093E+01  0.922325056790E+00
  0.150297374970E+01
  0.500080906576E+00  0.499200654521E+00  0.499428171928E+00  0.497829891006E+00  0.499696189987E+00  0.497946956504E+00  0.512030168982E+00
  0.500204465207E+00  0.494201244959E+00  0.498607508440E+00  0.501681251450E+00  0.498591645627E+00  0.523958924748E+00  0.537338953065E+00
  0.549692839268E+00  0.493153703447E+00  0.495428610911E+00  0.497561970047E+00  0.522247730001E+00  0.493537643663E+00  0.477417386615E+00
  0.570416272838E+00  0.584150159017E+00  0.571388724162E+00  0.495822893903E+00  0.494727471464E+00  0.493738019771E+00  0.547549676893E+00
  0.488844471812E+00  0.537948094028E+00  0.492249064884E+00  0.000000000000E+00  0.397689785743E+00  0.465942031687E+00  0.413355040699E+00
  0.307148343583E+00  0.585767908109E+00  0.494915811165E+00  0.468456959164E+00  0.493116920303E+00  0.532068135149E+00  0.491963246488E+00
  0.000000000000E+00  0.000000000000E+00  0.377546225425E+00  0.000000000000E+00  0.483647135262E+00  0.446821391538E+00  0.000000000000E+00
  0.000000000000E+00
  0.000000000000E+00  0.000000000000E+00  0.000000000000E+00  0.000000000000E+00  0.000000000000E+00  0.000000000000E+00  0.000000000000E+00
  0.000000000000E+00  0.000000000000E+00  0.000000000000E+00  0.000000000000E+00  0.000000000000E+00  0.000000000000E+00  0.000000000000E+00
  0.000000000000E+00  0.000000000000E+00  0.000000000000E+00  0.000000000000E+00  0.000000000000E+00  0.000000000000E+00  0.000000000000E+00
  0.000000000000E+00  0.000000000000E+00  0.000000000000E+00  0.000000000000E+00  0.000000000000E+00  0.000000000000E+00  0.000000000000E+00
  0.000000000000E+00  0.000000000000E+00  0.000000000000E+00  0.000000000000E+00  0.000000000000E+00  0.000000000000E+00  0.000000000000E+00
  0.000000000000E+00  0.000000000000E+00  0.000000000000E+00  0.000000000000E+00  0.000000000000E+00  0.000000000000E+00  0.000000000000E+00
  0.000000000000E+00  0.000000000000E+00  0.000000000000E+00  0.000000000000E+00  0.000000000000E+00  0.000000000000E+00  0.000000000000E+00
  0.000000000000E+00
  0.326651591817E-02  0.433112927364E-02  0.733540798353E-02  0.466530315485E-02  0.461647258168E-02  0.429255883277E-02  0.121344148583E-01
  0.421217274006E-02  0.342535803553E-02  0.532017573444E-02  0.321306887527E-02  0.656297613283E-02 -0.228649853218E-01  0.630499888822E-02
  0.934025509073E-02  0.482040730376E-02  0.603763197890E-02  0.734564721649E-02  0.127815380304E-01  0.106211008243E-01 -0.872612048314E-01
 -0.932876879660E-02  0.727617638400E-02  0.219475000847E-01  0.177022007594E-02  0.391513974710E-02  0.536472176280E-02  0.250612634767E-01
  0.861741790045E-02  0.445506669519E-01  0.601783047697E-02  0.000000000000E+00 -0.437732340974E-01  0.126980330272E-01  0.560169237086E-02
  0.453789765878E-02  0.380553950499E-01 -0.839322916141E-03 -0.500672233970E-02  0.258314437984E-01  0.733036338603E-01  0.363929788587E-02
  0.000000000000E+00  0.000000000000E+00 -0.110060263664E-01  0.000000000000E+00  0.352738027815E-01  0.179012129642E+00  0.000000000000E+00
  0.000000000000E+00
  0.716678886592E+00  0.716863494648E+00  0.716426741677E+00  0.717007610228E+00  0.716859097734E+00  0.716848228028E+00  0.720760984263E+00
  0.718674274740E+00  0.719248176243E+00  0.718219091435E+00  0.715863108799E+00  0.716773906988E+00  0.730501952564E+00  0.720079976871E+00
  0.711996127087E+00  0.719027179766E+00  0.719199844817E+00  0.718603100262E+00  0.714412102955E+00  0.721663868040E+00  0.687383111044E+00
  0.705378779590E+00  0.708076378725E+00  0.712750320635E+00  0.717938355384E+00  0.719437910136E+00  0.721992945429E+00  0.718921608784E+00
  0.723520642488E+00  0.717705624013E+00  0.720782052366E+00  0.585930778581E+00  0.694220112253E+00  0.690305396332E+00  0.715889430651E+00
  0.707671123468E+00  0.698077521385E+00  0.720348670874E+00  0.741923117035E+00  0.738946582790E+00  0.749085419186E+00  0.723055172854E+00
  0.700045692071E+00  0.702950526300E+00  0.681417512528E+00  0.704458031673E+00  0.744874892704E+00  0.724804039540E+00  0.658803611993E+00
  0.107355267835E+01
  0.499829952770E+00  0.498797068244E+00  0.499255219742E+00  0.497663165069E+00  0.499317424558E+00  0.497852094121E+00  0.511170478203E+00
  0.499613417723E+00  0.493853624263E+00  0.498023204981E+00  0.501379823036E+00  0.498915705766E+00  0.523515273780E+00  0.536440883863E+00
  0.549671046265E+00  0.492681530845E+00  0.494912118570E+00  0.497075151913E+00  0.521326278870E+00  0.493577629688E+00  0.490555902968E+00
  0.573853598805E+00  0.587744561093E+00  0.574797984841E+00  0.495501729612E+00  0.494187335009E+00  0.492899939564E+00  0.545677294378E+00
  0.488814849147E+00  0.536747140265E+00  0.491899423062E+00  0.000000000000E+00  0.405048330985E+00  0.470493781741E+00  0.416935646587E+00
  0.309046436548E+00  0.594333953981E+00  0.494189795272E+00  0.467616854244E+00  0.486126884331E+00  0.542035298880E+00  0.490880096005E+00
  0.000000000000E+00  0.000000000000E+00  0.381947153528E+00  0.000000000000E+00  0.476586186384E+00  0.500799462178E+00  0.000000000000E+00
  0.000000000000E+00
  0.100104711836E+01  0.100169429012E+01  0.100090883626E+01  0.100075802725E+01  0.100160318876E+01  0.100045546450E+01  0.100392996105E+01
  0.100243849824E+01  0.100145639164E+01  0.100246198505E+01  0.100124382518E+01  0.998874404527E+00  0.100360319200E+01  0.100348919527E+01
  0.100036803947E+01  0.100201339128E+01  0.100223712283E+01  0.100217807126E+01  0.100413925108E+01  0.100030103154E+01  0.978793604551E+00
  0.988320347011E+00  0.987959489652E+00  0.989630653840E+00  0.100130950300E+01  0.100224991701E+01  0.100352196234E+01  0.100898365350E+01
  0.100043199458E+01  0.101136914168E+01  0.100157177148E+01  0.100000000000E+01  0.975674827708E+00  0.981473164852E+00  0.983078441486E+00
  0.987969782513E+00  0.975481913361E+00  0.100294324950E+01  0.100371099877E+01  0.103178839558E+01  0.981850575420E+00  0.100447292957E+01
  0.100000000000E+01  0.100000000000E+01  0.977918405365E+00  0.100000000000E+01  0.103532886169E+01  0.923822188578E+00  0.100000000000E+01
  0.100000000000E+01
        36        35        44        44
        36        34        24        24
        31        27        38        38
        31        29        20        20
        34        23        24        24
        23        22        15        15
        37        35        24        24
        37        30        41        41
        20        18        27        27
        27        18        17        17
        11        19        15        15
        11         6        12        12
        14         7         8         8
         7        14        13        13
        30        40        41        41
        40        39        47        47
        10         9        17        17
         9        10         5         5
        35        45        44        44
        45        41        49        49
        24        15        19        19
        24        35        36        36
        41        45        37        37
        29        39        40        40
        20        29        30        30
        10        18        12        12
        19        12        20        20
        15         8        11        11
        12        18        20        20
        31        20        27        27
        19        20        28        28
        15        24        23        23
        34        22        23        23
        37        24        28        28
        12        19        11        11
         8         6        11        11
        24        19        28        28
        47        41        40        40
        29        40        30        30
        49        44        45        45
        45        35        37        37
        25        26        16        16
        26        38        27        27
        50        48        47        47
        32        33        43        43
        33        21        22        22
         1         4         3         3
         4         2         6         6
         6         5        10        10
        22        13        14        14
         8         3         4         4
         3         8         7         7
        31        38        42        42
        16        17         9         9
        34        43        33        33
        43        34        36        36
        47        48        41        41
        14         8        15        15
        20        30        28        28
        10        17        18        18
        39        31        42        42
        17        16        26        26
         4         6         8         8
        33        22        34        34
        28        30        37        37
        17        26        27        27
        41        48        49        49
        43        36        46        46
        39        29        31        31
        44        46        36        36
        21        13        22        22
        22        14        15        15
         2         5         6         6
         6        10        12        12
        25        38        26        26
        50        49        48        48
        32        21        33        33
         1         2         4         4
zone t="boundary 4 bc-4", solutiontime= 0.5000000E+02, strandid=1004, i=42, j=30, f=feblock
  0.500000000000E+01  0.400000000000E+01  0.500000000000E+01  0.300000000000E+01  0.400000000000E+01  0.500000000000E+01  0.200000000000E+01
  0.300000000000E+01  0.400000000000E+01  0.500000000000E+01  0.100000000000E+01  0.200000000000E+01  0.300000000000E+01  0.400000000000E+01
  0.500000000000E+01  0.000000000000E+00  0.100000000000E+01  0.200000000000E+01  0.300000000000E+01  0.400000000000E+01  0.500000000000E+01
  0.000000000000E+00  0.100000000000E+01  0.200000000000E+01  0.300000000000E+01  0.400000000000E+01  0.500000000000E+01  0.000000000000E+00
  0.100000000000E+01  0.200000000000E+01  0.300000000000E+01  0.400000000000E+01  0.000000000000E+00  0.100000000000E+01  0.200000000000E+01
  0.300000000000E+01  0.000000000000E+00  0.100000000000E+01  0.200000000000E+01  0.000000000000E+00  0.100000000000E+01  0.000000000000E+00
  0.000000000000E+00  0.000000000000E+00 -0.833333333333E+00  0.000000000000E+00 -0.833333333333E+00 -0.166666666667E+01  0.000000000000E+00
 -0.833333333333E+00 -0.166666666667E+01 -0.250000000000E+01  0.000000000000E+00 -0.833333333333E+00 -0.166666666667E+01 -0.250000000000E+01
 -0.333333333333E+01  0.000000000000E+00 -0.833333333333E+00 -0.166666666667E+01 -0.250000000000E+01 -0.333333333333E+01 -0.416666666667E+01
 -0.833333333333E+00 -0.166666666667E+01 -0.250000000000E+01 -0.333333333333E+01 -0.416666666667E+01 -0.500000000000E+01 -0.166666666667E+01
 -0.250000000000E+01 -0.333333333333E+01 -0.416666666667E+01 -0.500000000000E+01 -0.250000000000E+01 -0.333333333333E+01 -0.416666666667E+01
 -0.500000000000E+01 -0.333333333333E+01 -0.416666666667E+01 -0.500000000000E+01 -0.416666666667E+01 -0.500000000000E+01 -0.500000000000E+01
  0.500000000000E+01  0.500000000000E+01  0.500000000000E+01  0.500000000000E+01  0.500000000000E+01  0.500000000000E+01  0.500000000000E+01
  0.500000000000E+01  0.500000000000E+01  0.500000000000E+01  0.500000000000E+01  0.500000000000E+01  0.500000000000E+01  0.500000000000E+01
  0.500000000000E+01  0.500000000000E+01  0.500000000000E+01  0.500000000000E+01  0.500000000000E+01  0.500000000000E+01  0.500000000000E+01
  0.500000000000E+01  0.500000000000E+01  0.500000000000E+01  0.500000000000E+01  0.500000000000E+01  0.500000000000E+01  0.500000000000E+01
  0.500000000000E+01  0.500000000000E+01  0.500000000000E+01  0.500000000000E+01  0.500000000000E+01  0.500000000000E+01  0.500000000000E+01
  0.500000000000E+01  0.500000000000E+01  0.500000000000E+01  0.500000000000E+01  0.500000000000E+01  0.500000000000E+01  0.500000000000E+01
  0.100230091354E+01  0.100191136398E+01  0.100223808850E+01  0.100199634755E+01  0.100178449712E+01  0.100227289335E+01  0.100548306961E+01
  0.100185081364E+01  0.100185122308E+01  0.100226227846E+01  0.100461536785E+01  0.100541640586E+01  0.100192723805E+01  0.100181879084E+01
  0.100227289291E+01  0.100379921945E+01  0.100454146840E+01  0.100548471348E+01  0.100187915943E+01  0.100185122224E+01  0.100223809040E+01
  0.100377220100E+01  0.100459148544E+01  0.100543339389E+01  0.100192723670E+01  0.100178449791E+01  0.100230091708E+01  0.100379387100E+01
  0.100455071136E+01  0.100548471376E+01  0.100185080810E+01  0.100191136384E+01  0.100377398329E+01  0.100459148565E+01  0.100541640703E+01
  0.100199633474E+01  0.100379387095E+01  0.100454146889E+01  0.100548307032E+01  0.100377220167E+01  0.100461536747E+01  0.100379922063E+01
  0.500080906576E+00  0.499200654521E+00  0.500306083625E+00  0.499696189987E+00  0.499541635406E+00  0.500281096189E+00  0.494201244959E+00
  0.499906597992E+00  0.499425050115E+00  0.500282374721E+00  0.493153703447E+00  0.494338966185E+00  0.499768463957E+00  0.499481339747E+00
  0.500281095727E+00  0.495822893903E+00  0.493226545949E+00  0.494219772617E+00  0.499857589748E+00  0.499425046560E+00  0.500306086440E+00
  0.495860095918E+00  0.493151471543E+00  0.494308623045E+00  0.499768467547E+00  0.499541638923E+00  0.500080915132E+00  0.495835798645E+00
  0.493215295567E+00  0.494219773585E+00  0.499906608244E+00  0.499200681928E+00  0.495857606186E+00  0.493151471883E+00  0.494338968600E+00
  0.499696231448E+00  0.495835798712E+00  0.493226545798E+00  0.494201268675E+00  0.495860095265E+00  0.493153704824E+00  0.495822891922E+00
  0.000000000000E+00  0.000000000000E+00 -0.486346211181E-04  0.000000000000E+00 -0.751655714903E-04  0.209779786819E-04  0.000000000000E+00
 -0.648807601100E-04  0.186449147939E-04 -0.262241953070E-08  0.000000000000E+00 -0.106019085977E-04  0.139634048410E-04 -0.421410976283E-08
 -0.209809781386E-04  0.000000000000E+00 -0.190047679538E-04  0.163336577450E-04 -0.252819766727E-09 -0.186530791150E-04  0.486315687435E-04
  0.739678939553E-05  0.132166549787E-05  0.184246041383E-08 -0.139652656302E-04  0.751512822340E-04  0.000000000000E+00  0.259721955612E-05
  0.595004305416E-10 -0.163284264036E-04  0.648758578417E-04  0.000000000000E+00 -0.276388595612E-09 -0.132200687074E-05  0.106101990302E-04
  0.000000000000E+00 -0.259717210806E-05  0.190065648061E-04  0.000000000000E+00 -0.739627374923E-05  0.000000000000E+00  0.000000000000E+00
  0.326651591817E-02  0.433112927364E-02  0.318681762192E-02  0.461647258168E-02  0.429418136758E-02  0.323482632631E-02  0.342535803553E-02
  0.450536045643E-02  0.436016637418E-02  0.321554284572E-02  0.482040730376E-02  0.328043419426E-02  0.459164930992E-02  0.432744074592E-02
  0.323482629803E-02  0.177022007594E-02  0.476796345245E-02  0.335403230566E-02  0.454044424036E-02  0.436016531291E-02  0.318682173825E-02
  0.174872332110E-02  0.481440161033E-02  0.330247335244E-02  0.459164727277E-02  0.429417954237E-02  0.326652204127E-02  0.176203287038E-02
  0.477643074154E-02  0.335403103294E-02  0.450536347518E-02  0.433112034478E-02  0.174957336191E-02  0.481440102822E-02  0.328043280129E-02
  0.461647612244E-02  0.176203289879E-02  0.476796422719E-02  0.342535547887E-02  0.174872431504E-02  0.482040900454E-02  0.177021986186E-02
  0.716678886592E+00  0.716863494648E+00  0.716631838994E+00  0.716859097734E+00  0.716753039890E+00  0.716664409752E+00  0.719248176243E+00
  0.716722525622E+00  0.716821191100E+00  0.716654105895E+00  0.719027179766E+00  0.719158487218E+00  0.716802611782E+00  0.716788069712E+00
  0.716664409277E+00  0.717938355384E+00  0.718956166021E+00  0.719227386653E+00  0.716752948813E+00  0.716821190162E+00  0.716631840982E+00
  0.717911660267E+00  0.719006309473E+00  0.719175802860E+00  0.716802610429E+00  0.716753040332E+00  0.716678890604E+00  0.717932682112E+00
  0.718965501281E+00  0.719227387031E+00  0.716722520117E+00  0.716863494178E+00  0.717912944261E+00  0.719006309637E+00  0.719158487911E+00
  0.716859085031E+00  0.717932682058E+00  0.718956166361E+00  0.719248176054E+00  0.717911661296E+00  0.719027179196E+00  0.717938357249E+00
  0.499829952770E+00  0.498797068244E+00  0.500055237456E+00  0.499317424558E+00  0.499144287882E+00  0.500027888880E+00  0.493853624263E+00
  0.499537955431E+00  0.499021265272E+00  0.500029988770E+00  0.492681530845E+00  0.494004685529E+00  0.499391862637E+00  0.499080672578E+00
  0.500027888474E+00  0.495501729612E+00  0.492759997979E+00  0.493879190898E+00  0.499485765484E+00  0.499021261829E+00  0.500055240076E+00
  0.495541374780E+00  0.492680536754E+00  0.493972737168E+00  0.499391866341E+00  0.499144291422E+00  0.499829960848E+00  0.495515234418E+00
  0.492747908671E+00  0.493879191797E+00  0.499537966239E+00  0.498797095677E+00  0.495538886419E+00  0.492680537085E+00  0.494004687983E+00
  0.499317467249E+00  0.495515234491E+00  0.492759997839E+00  0.493853648185E+00  0.495541373943E+00  0.492681532338E+00  0.495501727281E+00
  0.100104711836E+01  0.100169429012E+01  0.100104414919E+01  0.100160318876E+01  0.100166678436E+01  0.100105488267E+01  0.100145639164E+01
  0.100155783896E+01  0.100169530607E+01  0.100105109193E+01  0.100201339128E+01  0.100139790463E+01  0.100159334769E+01  0.100168144856E+01
  0.100105488245E+01  0.100130950300E+01  0.100198813498E+01  0.100142580769E+01  0.100157201484E+01  0.100169530560E+01  0.100104415007E+01
  0.100129922245E+01  0.100200812754E+01  0.100140509567E+01  0.100159334714E+01  0.100166678418E+01  0.100104712042E+01  0.100130692565E+01
  0.100199192575E+01  0.100142580793E+01  0.100155783681E+01  0.100169428961E+01  0.100129923538E+01  0.100200812755E+01  0.100139790443E+01
  0.100160318382E+01  0.100130692563E+01  0.100198813496E+01  0.100145639066E+01  0.100129922321E+01  0.100201339086E+01  0.100130950442E+01
         3         5         2         1
         5         8         4         2
         8        12         7         4
        12        17        11         7
        17        22        16        11
         6         9         5         3
         9        13         8         5
        13        18        12         8
        18        23        17        12
        23        28        22        17
        10        14         9         6
        14        19        13         9
        19        24        18        13
        24        29        23        18
        29        33        28        23
        15        20        14        10
        20        25        19        14
        25        30        24        19
        30        34        29        24
        34        37        33        29
        21        26        20        15
        26        31        25        20
        31        35        30        25
        35        38        34        30
        38        40        37        34
        27        32        26        21
        32        36        31        26
        36        39        35        31
        39        41        38        35
        41        42        40        38
zone t="boundary 5 bc-5", solutiontime= 0.5000000E+02, strandid=1005, i=42, j=30, f=feblock
  0.500000000000E+01  0.500000000000E+01  0.500000000000E+01  0.500000000000E+01  0.500000000000E+01  0.500000000000E+01  0.500000000000E+01
  0.500000000000E+01  0.500000000000E+01  0.500000000000E+01  0.500000000000E+01  0.500000000000E+01  0.500000000000E+01  0.500000000000E+01
  0.500000000000E+01  0.500000000000E+01  0.500000000000E+01  0.500000000000E+01  0.500000000000E+01  0.500000000000E+01  0.500000000000E+01
  0.500000000000E+01  0.500000000000E+01  0.500000000000E+01  0.500000000000E+01  0.500000000000E+01  0.500000000000E+01  0.500000000000E+01
  0.500000000000E+01  0.500000000000E+01  0.500000000000E+01  0.500000000000E+01  0.500000000000E+01  0.500000000000E+01  0.500000000000E+01
  0.500000000000E+01  0.500000000000E+01  0.500000000000E+01  0.500000000000E+01  0.500000000000E+01  0.500000000000E+01  0.500000000000E+01
  0.000000000000E+00  0.000000000000E+00 -0.833333333333E+00  0.000000000000E+00 -0.833333333333E+00 -0.166666666667E+01  0.000000000000E+00
 -0.833333333333E+00 -0.166666666667E+01 -0.250000000000E+01  0.000000000000E+00 -0.833333333333E+00 -0.166666666667E+01 -0.250000000000E+01
 -0.333333333333E+01  0.000000000000E+00 -0.833333333333E+00 -0.166666666667E+01 -0.250000000000E+01 -0.333333333333E+01 -0.416666666667E+01
 -0.833333333333E+00 -0.166666666667E+01 -0.250000000000E+01 -0.333333333333E+01 -0.416666666667E+01 -0.500000000000E+01 -0.166666666667E+01
 -0.250000000000E+01 -0.333333333333E+01 -0.416666666667E+01 -0.500000000000E+01 -0.250000000000E+01 -0.333333333333E+01 -0.416666666667E+01
 -0.500000000000E+01 -0.333333333333E+01 -0.416666666667E+01 -0.500000000000E+01 -0.416666666667E+01 -0.500000000000E+01 -0.500000000000E+01
  0.500000000000E+01  0.400000000000E+01  0.500000000000E+01  0.300000000000E+01  0.400000000000E+01  0.500000000000E+01  0.200000000000E+01
  0.300000000000E+01  0.400000000000E+01  0.500000000000E+01  0.100000000000E+01  0.200000000000E+01  0.300000000000E+01  0.400000000000E+01
  0.500000000000E+01  0.000000000000E+00  0.100000000000E+01  0.200000000000E+01  0.300000000000E+01  0.400000000000E+01  0.500000000000E+01
  0.000000000000E+00  0.100000000000E+01  0.200000000000E+01  0.300000000000E+01  0.400000000000E+01  0.500000000000E+01  0.000000000000E+00
  0.100000000000E+01  0.200000000000E+01  0.300000000000E+01  0.400000000000E+01  0.000000000000E+00  0.100000000000E+01  0.200000000000E+01
  0.300000000000E+01  0.000000000000E+00  0.100000000000E+01  0.200000000000E+01  0.000000000000E+00  0.100000000000E+01  0.000000000000E+00
  0.100230091354E+01  0.100208670561E+01  0.100223808850E+01  0.100511531393E+01  0.100200402605E+01  0.100227289335E+01  0.101903096936E+01
  0.100503044438E+01  0.100202249904E+01  0.100226227846E+01  0.983186190620E+00  0.102055521113E+01  0.100503523059E+01  0.100200802802E+01
  0.100227289291E+01  0.820303090013E+00  0.988620097848E+00  0.102056293792E+01  0.100502815582E+01  0.100202249928E+01  0.100223809040E+01
  0.821470765714E+00  0.988544465187E+00  0.102061385714E+01  0.100503523144E+01  0.100200401901E+01  0.100230091708E+01  0.821766119274E+00
  0.988779273757E+00  0.102056293714E+01  0.100503042847E+01  0.100208669561E+01  0.821736350723E+00  0.988544488985E+00  0.102055518356E+01
  0.100511528879E+01  0.821766146053E+00  0.988620175931E+00  0.101903091957E+01  0.821470961498E+00  0.983186384030E+00  0.820303668123E+00
  0.500080906576E+00  0.499428171928E+00  0.500306083625E+00  0.512030168982E+00  0.499152687432E+00  0.500281096189E+00  0.523958924748E+00
  0.511520582712E+00  0.499159113247E+00  0.500282374721E+00  0.477417386615E+00  0.525361538522E+00  0.511597556386E+00  0.499148631974E+00
  0.500281095727E+00  0.000000000000E+00  0.480941888266E+00  0.525564695798E+00  0.511549252202E+00  0.499159115625E+00  0.500306086440E+00
  0.000000000000E+00  0.481149986956E+00  0.525361384981E+00  0.511597564301E+00  0.499152697480E+00  0.500080915132E+00  0.000000000000E+00
  0.480846535472E+00  0.525564704712E+00  0.511520577820E+00  0.499428212179E+00  0.000000000000E+00  0.481149977845E+00  0.525361527904E+00
  0.512030213602E+00  0.000000000000E+00  0.480941821521E+00  0.523958955849E+00  0.000000000000E+00  0.477417389640E+00  0.000000000000E+00
  0.000000000000E+00  0.000000000000E+00 -0.486346211181E-04  0.000000000000E+00 -0.826193321256E-04  0.209779786819E-04  0.000000000000E+00
  0.314609044576E-04  0.156316591751E-04 -0.262241953070E-08  0.000000000000E+00  0.106460006317E-02  0.195044655094E-04 -0.835918024512E-09
 -0.209809781386E-04  0.000000000000E+00  0.287876694638E-02  0.180444770957E-03  0.804627766415E-09 -0.156361712061E-04  0.486315687435E-04
  0.000000000000E+00  0.631870366521E-03 -0.374630916086E-08 -0.195111774029E-04  0.826180199294E-04  0.000000000000E+00  0.000000000000E+00
  0.120811791801E-07 -0.180462387912E-03 -0.314657293154E-04  0.000000000000E+00  0.000000000000E+00 -0.631843092108E-03 -0.106460093255E-02
  0.000000000000E+00  0.000000000000E+00 -0.287869270576E-02  0.000000000000E+00  0.000000000000E+00  0.000000000000E+00  0.000000000000E+00
  0.326651591817E-02  0.733540798353E-02  0.318681762192E-02  0.121344148583E-01  0.690218990121E-02  0.323482632631E-02 -0.228649853218E-01
  0.124537865704E-01  0.704950027625E-02  0.321554284572E-02 -0.872612048314E-01 -0.207425170068E-01  0.126560831459E-01  0.708195571479E-02
  0.323482629803E-02  0.000000000000E+00 -0.850373214037E-01 -0.206134214720E-01  0.128085803889E-01  0.704949873013E-02  0.318682173825E-02
  0.000000000000E+00 -0.849171122568E-01 -0.204097857518E-01  0.126560788927E-01  0.690218472971E-02  0.326652204127E-02  0.000000000000E+00
 -0.849177151756E-01 -0.206134230338E-01  0.124537919421E-01  0.733537504979E-02  0.000000000000E+00 -0.849171206572E-01 -0.207424307372E-01
  0.121343418992E-01  0.000000000000E+00 -0.850372176057E-01 -0.228649297454E-01  0.000000000000E+00 -0.872611346966E-01  0.000000000000E+00
  0.716678886592E+00  0.716426741677E+00  0.716631838994E+00  0.720760984263E+00  0.716322440609E+00  0.716664409752E+00  0.730501952564E+00
  0.720757411381E+00  0.716343292062E+00  0.716654105895E+00  0.687383111044E+00  0.731976734624E+00  0.720770645474E+00  0.716329683520E+00
  0.716664409277E+00  0.585930778581E+00  0.691139203665E+00  0.731962303065E+00  0.720759086417E+00  0.716343292369E+00  0.716631840982E+00
  0.586764832653E+00  0.691025198865E+00  0.732011037374E+00  0.720770646360E+00  0.716322433846E+00  0.716678890604E+00  0.586975799481E+00
  0.691247696804E+00  0.731962302259E+00  0.720757397209E+00  0.716426731795E+00  0.586954536231E+00  0.691025218925E+00  0.731976709060E+00
  0.720760963067E+00  0.586975818609E+00  0.691139229037E+00  0.730501912200E+00  0.586764972499E+00  0.687383189389E+00  0.585931191516E+00
  0.499829952770E+00  0.499255219742E+00  0.500055237456E+00  0.511170478203E+00  0.498989460977E+00  0.500027888880E+00  0.523515273780E+00
  0.510649398192E+00  0.498995271665E+00  0.500029988770E+00  0.490555902968E+00  0.524690256132E+00  0.510727675039E+00  0.498986391422E+00
  0.500027888474E+00  0.000000000000E+00  0.493688319086E+00  0.524893889548E+00  0.510685566475E+00  0.498995273971E+00  0.500055240076E+00
  0.000000000000E+00  0.493888003487E+00  0.524678813615E+00  0.510727682733E+00  0.498989471551E+00  0.499829960848E+00  0.000000000000E+00
  0.493564787477E+00  0.524893898591E+00  0.510649394421E+00  0.499255260439E+00  0.000000000000E+00  0.493887994634E+00  0.524690244224E+00
  0.511170522121E+00  0.000000000000E+00  0.493688244376E+00  0.523515304052E+00  0.000000000000E+00  0.490555913523E+00  0.000000000000E+00
  0.100104711836E+01  0.100090883626E+01  0.100104414919E+01  0.100392996105E+01  0.100084569601E+01  0.100105488267E+01  0.100360319200E+01
  0.100400976068E+01  0.100085637782E+01  0.100105109193E+01  0.978793604551E+00  0.100412737821E+01  0.100402341425E+01  0.100085181844E+01
  0.100105488245E+01  0.100000000000E+01  0.978732768267E+00  0.100409997876E+01  0.100401438024E+01  0.100085637802E+01  0.100104415007E+01
  0.100000000000E+01  0.978646193956E+00  0.100411673343E+01  0.100402341464E+01  0.100084569358E+01  0.100104712042E+01  0.100000000000E+01
  0.978728823722E+00  0.100409997843E+01  0.100400975683E+01  0.100090883244E+01  0.100000000000E+01  0.978646198805E+00  0.100412737027E+01
  0.100392995664E+01  0.100000000000E+01  0.978732726894E+00  0.100360318557E+01  0.100000000000E+01  0.978793523564E+00  0.100000000000E+01
        22        17        11        16
        17        12         7        11
        12         8         4         7
         8         5         2         4
         5         3         1         2
        28        23        17        22
        23        18        12        17
        18        13         8        12
        13         9         5         8
         9         6         3         5
        33        29        23        28
        29        24        18        23
        24        19        13        18
        19        14         9        13
        14        10         6         9
        37        34        29        33
        34        30        24        29
        30        25        19        24
        25        20        14        19
        20        15        10        14
        40        38        34        37
        38        35        30        34
        35        31        25        30
        31        26        20        25
        26        21        15        20
        42        41        38        40
        41        39        35        38
        39        36        31        35
        36        32        26        31
        32        27        21        26
zone t="boundary 6 bc-6", solutiontime= 0.5000000E+02, strandid=1006, i=42, j=30, f=feblock
  0.500000000000E+01  0.500000000000E+01  0.400000000000E+01  0.200000000000E+01  0.300000000000E+01  0.100000000000E+01  0.500000000000E+01
  0.400000000000E+01  0.200000000000E+01  0.300000000000E+01  0.100000000000E+01  0.000000000000E+00  0.500000000000E+01  0.400000000000E+01
  0.200000000000E+01  0.300000000000E+01  0.100000000000E+01  0.000000000000E+00  0.500000000000E+01  0.400000000000E+01  0.200000000000E+01
  0.300000000000E+01  0.100000000000E+01  0.000000000000E+00  0.500000000000E+01  0.400000000000E+01  0.200000000000E+01  0.300000000000E+01
  0.100000000000E+01  0.000000000000E+00  0.500000000000E+01  0.400000000000E+01  0.200000000000E+01  0.300000000000E+01  0.100000000000E+01
  0.000000000000E+00  0.400000000000E+01  0.200000000000E+01  0.300000000000E+01  0.100000000000E+01  0.000000000000E+00  0.000000000000E+00
  0.000000000000E+00 -0.833333333333E+00  0.000000000000E+00  0.000000000000E+00  0.000000000000E+00  0.000000000000E+00 -0.166666666667E+01
 -0.833333333333E+00 -0.833333333333E+00 -0.833333333333E+00 -0.833333333333E+00  0.000000000000E+00 -0.250000000000E+01 -0.166666666667E+01
 -0.166666666667E+01 -0.166666666667E+01 -0.166666666667E+01 -0.833333333333E+00 -0.333333333333E+01 -0.250000000000E+01 -0.250000000000E+01
 -0.250000000000E+01 -0.250000000000E+01 -0.166666666667E+01 -0.416666666667E+01 -0.333333333333E+01 -0.333333333333E+01 -0.333333333333E+01
 -0.333333333333E+01 -0.250000000000E+01 -0.500000000000E+01 -0.416666666667E+01 -0.416666666667E+01 -0.416666666667E+01 -0.416666666667E+01
 -0.333333333333E+01 -0.500000000000E+01 -0.500000000000E+01 -0.500000000000E+01 -0.500000000000E+01 -0.416666666667E+01 -0.500000000000E+01
  0.000000000000E+00  0.000000000000E+00  0.000000000000E+00  0.000000000000E+00  0.000000000000E+00  0.000000000000E+00  0.000000000000E+00
  0.000000000000E+00  0.000000000000E+00  0.000000000000E+00  0.000000000000E+00  0.000000000000E+00  0.000000000000E+00  0.000000000000E+00
  0.000000000000E+00  0.000000000000E+00  0.000000000000E+00  0.000000000000E+00  0.000000000000E+00  0.000000000000E+00  0.000000000000E+00
  0.000000000000E+00  0.000000000000E+00  0.000000000000E+00  0.000000000000E+00  0.000000000000E+00  0.000000000000E+00  0.000000000000E+00
  0.000000000000E+00  0.000000000000E+00  0.000000000000E+00  0.000000000000E+00  0.000000000000E+00  0.000000000000E+00  0.000000000000E+00
  0.000000000000E+00  0.000000000000E+00  0.000000000000E+00  0.000000000000E+00  0.000000000000E+00  0.000000000000E+00  0.000000000000E+00
  0.820303090013E+00  0.821470765714E+00  0.980063968899E+00  0.984130736820E+00  0.986241244343E+00  0.922325056790E+00  0.821766119274E+00
  0.980338022818E+00  0.983822486502E+00  0.987089082272E+00  0.919506411207E+00  0.150297374970E+01  0.821736350723E+00  0.980449387536E+00
  0.984049721525E+00  0.987359571948E+00  0.919159071849E+00  0.150469408657E+01  0.821766146053E+00  0.980590055226E+00  0.984118943433E+00
  0.987425044304E+00  0.919146425016E+00  0.150523446191E+01  0.821470961498E+00  0.980449412736E+00  0.984049721336E+00  0.987359558593E+00
  0.919159085595E+00  0.150512261869E+01  0.820303668123E+00  0.980338198260E+00  0.983822468161E+00  0.987088959145E+00  0.919506453196E+00
  0.150523445726E+01  0.980064268839E+00  0.984130766072E+00  0.986241021119E+00  0.922325162445E+00  0.150469400138E+01  0.150297352699E+01
  0.000000000000E+00  0.000000000000E+00  0.000000000000E+00  0.000000000000E+00  0.000000000000E+00  0.000000000000E+00  0.000000000000E+00
  0.000000000000E+00  0.000000000000E+00  0.000000000000E+00  0.000000000000E+00  0.000000000000E+00  0.000000000000E+00  0.000000000000E+00
  0.000000000000E+00  0.000000000000E+00  0.000000000000E+00  0.000000000000E+00  0.000000000000E+00  0.000000000000E+00  0.000000000000E+00
  0.000000000000E+00  0.000000000000E+00  0.000000000000E+00  0.000000000000E+00  0.000000000000E+00  0.000000000000E+00  0.000000000000E+00
  0.000000000000E+00  0.000000000000E+00  0.000000000000E+00  0.000000000000E+00  0.000000000000E+00  0.000000000000E+00  0.000000000000E+00
  0.000000000000E+00  0.000000000000E+00  0.000000000000E+00  0.000000000000E+00  0.000000000000E+00  0.000000000000E+00  0.000000000000E+00
  0.000000000000E+00  0.000000000000E+00  0.000000000000E+00  0.000000000000E+00  0.000000000000E+00  0.000000000000E+00  0.000000000000E+00
  0.000000000000E+00  0.000000000000E+00  0.000000000000E+00  0.000000000000E+00  0.000000000000E+00  0.000000000000E+00  0.000000000000E+00
  0.000000000000E+00  0.000000000000E+00  0.000000000000E+00  0.000000000000E+00  0.000000000000E+00  0.000000000000E+00  0.000000000000E+00
  0.000000000000E+00  0.000000000000E+00  0.000000000000E+00  0.000000000000E+00  0.000000000000E+00  0.000000000000E+00  0.000000000000E+00
  0.000000000000E+00  0.000000000000E+00  0.000000000000E+00  0.000000000000E+00  0.000000000000E+00  0.000000000000E+00  0.000000000000E+00
  0.000000000000E+00  0.000000000000E+00  0.000000000000E+00  0.000000000000E+00  0.000000000000E+00  0.000000000000E+00  0.000000000000E+00
  0.000000000000E+00  0.000000000000E+00  0.000000000000E+00  0.000000000000E+00  0.000000000000E+00  0.000000000000E+00  0.000000000000E+00
  0.000000000000E+00  0.000000000000E+00  0.000000000000E+00  0.000000000000E+00  0.000000000000E+00  0.000000000000E+00  0.000000000000E+00
  0.000000000000E+00  0.000000000000E+00  0.000000000000E+00  0.000000000000E+00  0.000000000000E+00  0.000000000000E+00  0.000000000000E+00
  0.000000000000E+00  0.000000000000E+00  0.000000000000E+00  0.000000000000E+00  0.000000000000E+00  0.000000000000E+00  0.000000000000E+00
  0.000000000000E+00  0.000000000000E+00  0.000000000000E+00  0.000000000000E+00  0.000000000000E+00  0.000000000000E+00  0.000000000000E+00
  0.000000000000E+00  0.000000000000E+00  0.000000000000E+00  0.000000000000E+00  0.000000000000E+00  0.000000000000E+00  0.000000000000E+00
  0.585930778581E+00  0.586764832653E+00  0.700045692071E+00  0.702950526300E+00  0.704458031673E+00  0.658803611993E+00  0.586975799481E+00
  0.700241444870E+00  0.702730347501E+00  0.705063630194E+00  0.656790293719E+00  0.107355267835E+01  0.586954536231E+00  0.700320991097E+00
  0.702892658232E+00  0.705256837106E+00  0.656542194178E+00  0.107478149041E+01  0.586975818609E+00  0.700421468019E+00  0.702942102452E+00
  0.705303603074E+00  0.656533160726E+00  0.107516747279E+01  0.586764972499E+00  0.700321009097E+00  0.702892658097E+00  0.705256827566E+00
  0.656542203996E+00  0.107508758478E+01  0.585931191516E+00  0.700241570186E+00  0.702730334401E+00  0.705063542246E+00  0.656790323711E+00
  0.107516746947E+01  0.700045906313E+00  0.702950547195E+00  0.704457872228E+00  0.658803687460E+00  0.107478142956E+01  0.107355251928E+01
  0.000000000000E+00  0.000000000000E+00  0.000000000000E+00  0.000000000000E+00  0.000000000000E+00  0.000000000000E+00  0.000000000000E+00
  0.000000000000E+00  0.000000000000E+00  0.000000000000E+00  0.000000000000E+00  0.000000000000E+00  0.000000000000E+00  0.000000000000E+00
  0.000000000000E+00  0.000000000000E+00  0.000000000000E+00  0.000000000000E+00  0.000000000000E+00  0.000000000000E+00  0.000000000000E+00
  0.000000000000E+00  0.000000000000E+00  0.000000000000E+00  0.000000000000E+00  0.000000000000E+00  0.000000000000E+00  0.000000000000E+00
  0.000000000000E+00  0.000000000000E+00  0.000000000000E+00  0.000000000000E+00  0.000000000000E+00  0.000000000000E+00  0.000000000000E+00
  0.000000000000E+00  0.000000000000E+00  0.000000000000E+00  0.000000000000E+00  0.000000000000E+00  0.000000000000E+00  0.000000000000E+00
  0.100000000000E+01  0.100000000000E+01  0.100000000000E+01  0.100000000000E+01  0.100000000000E+01  0.100000000000E+01  0.100000000000E+01
  0.100000000000E+01  0.100000000000E+01  0.100000000000E+01  0.100000000000E+01  0.100000000000E+01  0.100000000000E+01  0.100000000000E+01
  0.100000000000E+01  0.100000000000E+01  0.100000000000E+01  0.100000000000E+01  0.100000000000E+01  0.100000000000E+01  0.100000000000E+01
  0.100000000000E+01  0.100000000000E+01  0.100000000000E+01  0.100000000000E+01  0.100000000000E+01  0.100000000000E+01  0.100000000000E+01
  0.100000000000E+01  0.100000000000E+01  0.100000000000E+01  0.100000000000E+01  0.100000000000E+01  0.100000000000E+01  0.100000000000E+01
  0.100000000000E+01  0.100000000000E+01  0.100000000000E+01  0.100000000000E+01  0.100000000000E+01  0.100000000000E+01  0.100000000000E+01
        18        11         6        12
        11         9         4         6
         9        10         5         4
        10         8         3         5
         8         2         1         3
        24        17        11        18
        17        15         9        11
        15        16        10         9
        16        14         8        10
        14         7         2         8
        30        23        17        24
        23        21        15        17
        21        22        16        15
        22        20        14        16
        20        13         7        14
        36        29        23        30
        29        27        21        23
        27        28        22        21
        28        26        20        22
        26        19        13        20
        41        35        29        36
        35        33        27        29
        33        34        28        27
        34        32        26        28
        32        25        19        26
        42        40        35        41
        40        38        33        35
        38        39        34        33
        39        37        32        34
        37        31        25        32
