title="tecplot geometry and solution file"
variables = x y z rho u v w p mach temperature
zone t="boundary 1 bc-1", solutiontime= 0.1000000E+03, strandid=1001, i=42, j=30, f=feblock
  0.000000000000E+00  0.000000000000E+00  0.000000000000E+00  0.000000000000E+00  0.000000000000E+00  0.000000000000E+00  0.000000000000E+00
  0.000000000000E+00  0.000000000000E+00  0.000000000000E+00  0.000000000000E+00  0.000000000000E+00  0.000000000000E+00  0.000000000000E+00
  0.000000000000E+00  0.000000000000E+00  0.000000000000E+00  0.000000000000E+00  0.000000000000E+00  0.000000000000E+00  0.000000000000E+00
  0.000000000000E+00  0.000000000000E+00  0.000000000000E+00  0.000000000000E+00  0.000000000000E+00  0.000000000000E+00  0.000000000000E+00
  0.000000000000E+00  0.000000000000E+00  0.000000000000E+00  0.000000000000E+00  0.000000000000E+00  0.000000000000E+00  0.000000000000E+00
  0.000000000000E+00  0.000000000000E+00  0.000000000000E+00  0.000000000000E+00  0.000000000000E+00  0.000000000000E+00  0.000000000000E+00
  0.000000000000E+00  0.000000000000E+00 -0.833333333333E+00  0.000000000000E+00  0.000000000000E+00 -0.833333333333E+00 -0.166666666667E+01
  0.000000000000E+00 -0.833333333333E+00 -0.833333333333E+00  0.000000000000E+00 -0.166666666667E+01 -0.250000000000E+01 -0.833333333333E+00
 -0.166666666667E+01 -0.166666666667E+01 -0.833333333333E+00 -0.250000000000E+01 -0.333333333333E+01 -0.166666666667E+01 -0.250000000000E+01
 -0.250000000000E+01 -0.166666666667E+01 -0.333333333333E+01 -0.416666666667E+01 -0.250000000000E+01 -0.333333333333E+01 -0.333333333333E+01
 -0.250000000000E+01 -0.416666666667E+01 -0.500000000000E+01 -0.333333333333E+01 -0.416666666667E+01 -0.416666666667E+01 -0.333333333333E+01
 -0.500000000000E+01 -0.416666666667E+01 -0.500000000000E+01 -0.500000000000E+01 -0.416666666667E+01 -0.500000000000E+01 -0.500000000000E+01
  0.250000000000E+01  0.150000000000E+01  0.250000000000E+01  0.500000000000E+00 -0.150000000000E+01  0.150000000000E+01  0.250000000000E+01
 -0.500000000000E+00  0.500000000000E+00 -0.150000000000E+01 -0.250000000000E+01  0.150000000000E+01  0.250000000000E+01 -0.500000000000E+00
  0.500000000000E+00 -0.150000000000E+01 -0.250000000000E+01  0.150000000000E+01  0.250000000000E+01 -0.500000000000E+00  0.500000000000E+00
 -0.150000000000E+01 -0.250000000000E+01  0.150000000000E+01  0.250000000000E+01 -0.500000000000E+00  0.500000000000E+00 -0.150000000000E+01
 -0.250000000000E+01  0.150000000000E+01  0.250000000000E+01 -0.500000000000E+00  0.500000000000E+00 -0.150000000000E+01 -0.250000000000E+01
  0.150000000000E+01 -0.500000000000E+00  0.500000000000E+00 -0.150000000000E+01 -0.250000000000E+01 -0.500000000000E+00 -0.250000000000E+01
  0.100325250818E+01  0.100705384068E+01  0.100321469186E+01  0.100550799935E+01  0.101083216538E+01  0.100700231849E+01  0.100323823430E+01
  0.103970295120E+01  0.100519123298E+01  0.100773845015E+01  0.150953881179E+01  0.100704219608E+01  0.100321672064E+01  0.103941423180E+01
  0.100526196715E+01  0.100772628646E+01  0.151110019545E+01  0.100700597659E+01  0.100323823344E+01  0.103955526158E+01  0.100518897699E+01
  0.100753921951E+01  0.151161275456E+01  0.100704219507E+01  0.100321468938E+01  0.103944078147E+01  0.100526196515E+01  0.100772630203E+01
  0.151150390660E+01  0.100700231828E+01  0.100325250661E+01  0.103955526010E+01  0.100519123324E+01  0.100773852994E+01  0.151161275901E+01
  0.100705384091E+01  0.103941424653E+01  0.100550799815E+01  0.101083231877E+01  0.151110025254E+01  0.103970295360E+01  0.150953898940E+01
  0.496174019661E+00  0.493571856473E+00  0.496211051254E+00  0.494247835226E+00  0.479350534574E+00  0.493627750084E+00  0.496188481213E+00
  0.466767291962E+00  0.494606259322E+00  0.480709091103E+00  0.000000000000E+00  0.493586213181E+00  0.496210855811E+00  0.467320861100E+00
  0.494533938672E+00  0.480518673677E+00  0.000000000000E+00  0.493626263633E+00  0.496188481571E+00  0.467173108873E+00  0.494614593449E+00
  0.480694522332E+00  0.000000000000E+00  0.493586214002E+00  0.496211053087E+00  0.467323309130E+00  0.494533940107E+00  0.480518670764E+00
  0.000000000000E+00  0.493627753274E+00  0.496174022186E+00  0.467173105094E+00  0.494606253423E+00  0.480709015089E+00  0.000000000000E+00
  0.493571861788E+00  0.467320855873E+00  0.494247811517E+00  0.479350395870E+00  0.000000000000E+00  0.466767318711E+00  0.000000000000E+00
  0.000000000000E+00  0.000000000000E+00  0.112860795044E-05  0.000000000000E+00  0.000000000000E+00  0.716956561781E-05 -0.707075102729E-07
  0.000000000000E+00 -0.527761165230E-04 -0.110056146033E-02  0.000000000000E+00  0.306013497830E-05 -0.721235534823E-09  0.952926480432E-04
 -0.952766591349E-05 -0.157026254246E-03  0.000000000000E+00  0.409511024580E-10  0.697287001271E-07  0.865829781483E-04  0.472886844776E-09
  0.745781146327E-08  0.000000000000E+00 -0.305763213988E-05 -0.112999511686E-05 -0.555293409920E-08  0.952733436208E-05  0.157064535484E-03
  0.000000000000E+00 -0.717010530065E-05  0.000000000000E+00 -0.865893367291E-04  0.527721376845E-04  0.110062882532E-02  0.000000000000E+00
  0.000000000000E+00 -0.953009253872E-04  0.000000000000E+00  0.000000000000E+00  0.000000000000E+00  0.000000000000E+00  0.000000000000E+00
  0.241325941555E-02  0.284811150608E-03  0.239961437880E-02  0.435740751721E-02  0.431903687502E-01  0.298974330231E-03  0.241321018054E-02
 -0.475956691937E-02  0.447848342581E-02  0.419822868330E-01  0.000000000000E+00  0.290302311099E-03  0.240004294914E-02 -0.494749142888E-02
  0.445853109292E-02  0.421012746515E-01  0.000000000000E+00  0.294684936977E-03  0.241320998908E-02 -0.497526753786E-02  0.446122383711E-02
  0.420725478492E-01  0.000000000000E+00  0.290301033467E-03  0.239961446851E-02 -0.500038784191E-02  0.445853127978E-02  0.421012781596E-01
  0.000000000000E+00  0.298972254167E-03  0.241326168676E-02 -0.497526541189E-02  0.447848953222E-02  0.419823169521E-01  0.000000000000E+00
  0.284812909273E-03 -0.494749584584E-02  0.435740911751E-02  0.431904799200E-01  0.000000000000E+00 -0.475956849869E-02  0.000000000000E+00
  0.717657277636E+00  0.721033270280E+00  0.717623363536E+00  0.721848913267E+00  0.749905383494E+00  0.720967954138E+00  0.717647188146E+00
  0.745363214844E+00  0.721595823352E+00  0.747614123306E+00  0.107824200842E+01  0.721008015353E+00  0.717625567142E+00  0.744851660718E+00
  0.721669746496E+00  0.747655151262E+00  0.107935728247E+01  0.720971575436E+00  0.717647187319E+00  0.744975609662E+00  0.721595476959E+00
  0.747441631103E+00  0.107972339612E+01  0.721008014395E+00  0.717623361052E+00  0.744866560804E+00  0.721669744325E+00  0.747655167233E+00
  0.107964564757E+01  0.720967954401E+00  0.717657275789E+00  0.744975608364E+00  0.721595819731E+00  0.747614172114E+00  0.107972339930E+01
  0.721033271528E+00  0.744851682965E+00  0.721848904375E+00  0.749905470547E+00  0.107935732324E+01  0.745363232119E+00  0.107824213529E+01
  0.495817349759E+00  0.492986623444E+00  0.495856658757E+00  0.493023075846E+00  0.472260092091E+00  0.493052179201E+00  0.495831758514E+00
  0.465939613996E+00  0.493390446317E+00  0.473483188514E+00  0.000000000000E+00  0.493006750134E+00  0.495856205594E+00  0.466589467287E+00
  0.493310215943E+00  0.473290180669E+00  0.000000000000E+00  0.493050349146E+00  0.495831758943E+00  0.466435090926E+00  0.493398165634E+00
  0.473483249410E+00  0.000000000000E+00  0.493006751034E+00  0.495856660832E+00  0.466593755727E+00  0.493310217628E+00  0.473290176735E+00
  0.000000000000E+00  0.493052182243E+00  0.495817352542E+00  0.466435087206E+00  0.493390441790E+00  0.473483120222E+00  0.000000000000E+00
  0.492986628382E+00  0.466589458457E+00  0.493023054954E+00  0.472259974747E+00  0.000000000000E+00  0.465939635850E+00  0.000000000000E+00
  0.100146292234E+01  0.100237597794E+01  0.100145334503E+01  0.100505264924E+01  0.103861706507E+01  0.100233645669E+01  0.100146309128E+01
  0.100366022774E+01  0.100501687594E+01  0.103862244462E+01  0.100000000000E+01  0.100235245894E+01  0.100145439498E+01  0.100324999707E+01
  0.100504910970E+01  0.103869197999E+01  0.100000000000E+01  0.100233785010E+01  0.100146309098E+01  0.100328081832E+01  0.100501864910E+01
  0.103858813958E+01  0.100000000000E+01  0.100235245861E+01  0.100145334405E+01  0.100324444039E+01  0.100504910867E+01  0.103869198613E+01
  0.100000000000E+01  0.100233645727E+01  0.100146292133E+01  0.100328081800E+01  0.100501687064E+01  0.103862243018E+01  0.100000000000E+01
  0.100237597945E+01  0.100325001281E+01  0.100505263806E+01  0.103861702804E+01  0.100000000000E+01  0.100366024869E+01  0.100000000000E+01
         3         6         2         1
         6         9         4         2
         9        14         8         4
        14        10         5         8
        10        17        11         5
         7        12         6         3
        12        15         9         6
        15        20        14         9
        20        16        10        14
        16        23        17        10
        13        18        12         7
        18        21        15        12
        21        26        20        15
        26        22        16        20
        22        29        23        16
        19        24        18        13
        24        27        21        18
        27        32        26        21
        32        28        22        26
        28        35        29        22
        25        30        24        19
        30        33        27        24
        33        37        32        27
        37        34        28        32
        34        40        35        28
        31        36        30        25
        36        38        33        30
        38        41        37        33
        41        39        34        37
        39        42        40        34
zone t="boundary 2 bc-2", solutiontime= 0.1000000E+03, strandid=1002, i=51, j=80, f=feblock
  0.500000000000E+01  0.500000000000E+01  0.400000000000E+01  0.425172245441E+01  0.500000000000E+01  0.427741389634E+01  0.300000000000E+01
  0.341887665662E+01  0.368116975164E+01  0.500000000000E+01  0.430894944607E+01  0.352044655687E+01  0.200000000000E+01  0.259168638257E+01
  0.301798341022E+01  0.500000000000E+01  0.435643616790E+01  0.375117520592E+01  0.271663237208E+01  0.288980181581E+01  0.100000000000E+01
  0.191939879870E+01  0.130679496696E+01  0.219385942988E+01  0.500000000000E+01  0.441735041915E+01  0.373031592783E+01  0.208456665067E+01
  0.230848460393E+01  0.190054259015E+01  0.298584217914E+01  0.000000000000E+00  0.613733212775E+00  0.151350918120E+01  0.794128609067E+00
  0.144135983281E+01  0.400000000000E+01  0.132476136006E+01  0.200000000000E+01  0.164582171489E+01  0.102008138039E+01  0.300000000000E+01
  0.000000000000E+00  0.000000000000E+00  0.701034609231E+00  0.609175469936E+00  0.100000000000E+01  0.505577837730E+00  0.000000000000E+00
  0.000000000000E+00  0.000000000000E+00
 -0.500000000000E+01 -0.500000000000E+01 -0.500000000000E+01 -0.500000000000E+01 -0.500000000000E+01 -0.500000000000E+01 -0.500000000000E+01
 -0.500000000000E+01 -0.500000000000E+01 -0.500000000000E+01 -0.500000000000E+01 -0.500000000000E+01 -0.500000000000E+01 -0.500000000000E+01
 -0.500000000000E+01 -0.500000000000E+01 -0.500000000000E+01 -0.500000000000E+01 -0.500000000000E+01 -0.500000000000E+01 -0.500000000000E+01
 -0.500000000000E+01 -0.500000000000E+01 -0.500000000000E+01 -0.500000000000E+01 -0.500000000000E+01 -0.500000000000E+01 -0.500000000000E+01
 -0.500000000000E+01 -0.500000000000E+01 -0.500000000000E+01 -0.500000000000E+01 -0.500000000000E+01 -0.500000000000E+01 -0.500000000000E+01
 -0.500000000000E+01 -0.500000000000E+01 -0.500000000000E+01 -0.500000000000E+01 -0.500000000000E+01 -0.500000000000E+01 -0.500000000000E+01
 -0.500000000000E+01 -0.500000000000E+01 -0.500000000000E+01 -0.500000000000E+01 -0.500000000000E+01 -0.500000000000E+01 -0.500000000000E+01
 -0.500000000000E+01 -0.500000000000E+01
  0.250000000000E+01  0.150000000000E+01  0.250000000000E+01  0.168388151981E+01  0.500000000000E+00  0.784980628699E+00  0.250000000000E+01
  0.172616846193E+01  0.104016062853E+01 -0.500000000000E+00 -0.103062804534E+00  0.179404976675E+00  0.250000000000E+01  0.166729536217E+01
  0.923171218453E+00 -0.150000000000E+01 -0.102255113015E+01 -0.669125930414E+00  0.135977239814E+00 -0.856266143819E+00  0.250000000000E+01
  0.158034275708E+01  0.175813852804E+01  0.774089735567E+00 -0.250000000000E+01 -0.179804978092E+01 -0.146769777443E+01 -0.223755606368E+00
 -0.164420331359E+01 -0.108875578595E+01 -0.190240885061E+01  0.250000000000E+01  0.185787993997E+01  0.110883669208E+01  0.100177177909E+01
  0.349093656766E+00 -0.250000000000E+01 -0.526785284186E+00 -0.250000000000E+01 -0.183798308008E+01 -0.145695630084E+01 -0.250000000000E+01
  0.150000000000E+01  0.500000000000E+00  0.396172271494E-01 -0.788824871575E+00 -0.250000000000E+01 -0.198405114581E+01 -0.150000000000E+01
 -0.500000000000E+00 -0.250000000000E+01
  0.100261592911E+01  0.100231888081E+01  0.100239850010E+01  0.100286665255E+01  0.100985993562E+01  0.100305404066E+01  0.100361926807E+01
  0.100277583570E+01  0.100418764994E+01  0.102073961336E+01  0.100585290177E+01  0.996618796901E+00  0.100483049915E+01  0.100346682760E+01
  0.100148439757E+01  0.977523220650E+00  0.992900641254E+00  0.100175487633E+01  0.994517484770E+00  0.100581710021E+01  0.100496745059E+01
  0.100368160477E+01  0.100496675197E+01  0.100471796603E+01  0.813911393637E+00  0.992130517531E+00  0.973026840354E+00  0.996809353431E+00
  0.101126512978E+01  0.998504480933E+00  0.993697834155E+00  0.100325250661E+01  0.100506729869E+01  0.100390175830E+01  0.100672493182E+01
  0.101179185294E+01  0.978281727560E+00  0.996623446700E+00  0.972678195386E+00  0.968810129809E+00  0.106048478732E+01  0.982300411060E+00
  0.100705384091E+01  0.100550799815E+01  0.101276576808E+01  0.999311411448E+00  0.925197653960E+00  0.110201010344E+01  0.101083231877E+01
  0.103970295360E+01  0.150953898940E+01
  0.497706455531E+00  0.499191622465E+00  0.498620504191E+00  0.495281005631E+00  0.514810144437E+00  0.507436417666E+00  0.497687122521E+00
  0.496423271734E+00  0.499201961274E+00  0.522002638576E+00  0.552731277796E+00  0.540644967512E+00  0.495406484175E+00  0.496624321873E+00
  0.501431157822E+00  0.473885361551E+00  0.551656088346E+00  0.578841689112E+00  0.530108535945E+00  0.577369477380E+00  0.494104605408E+00
  0.495199718750E+00  0.494824193935E+00  0.500003968989E+00  0.000000000000E+00  0.396957552806E+00  0.472493262143E+00  0.541532911071E+00
  0.423725813959E+00  0.591703091513E+00  0.318672974677E+00  0.496174022186E+00  0.494828657848E+00  0.494710357973E+00  0.492185737721E+00
  0.492940885596E+00  0.000000000000E+00  0.533395539850E+00  0.000000000000E+00  0.390056247991E+00  0.540969013077E+00  0.000000000000E+00
  0.493571861788E+00  0.494247811517E+00  0.488496657957E+00  0.493069401005E+00  0.000000000000E+00  0.451826484843E+00  0.479350395870E+00
  0.466767318711E+00  0.000000000000E+00
  0.000000000000E+00  0.000000000000E+00  0.000000000000E+00  0.000000000000E+00  0.000000000000E+00  0.000000000000E+00  0.000000000000E+00
  0.000000000000E+00  0.000000000000E+00  0.000000000000E+00  0.000000000000E+00  0.000000000000E+00  0.000000000000E+00  0.000000000000E+00
  0.000000000000E+00  0.000000000000E+00  0.000000000000E+00  0.000000000000E+00  0.000000000000E+00  0.000000000000E+00  0.000000000000E+00
  0.000000000000E+00  0.000000000000E+00  0.000000000000E+00  0.000000000000E+00  0.000000000000E+00  0.000000000000E+00  0.000000000000E+00
  0.000000000000E+00  0.000000000000E+00  0.000000000000E+00  0.000000000000E+00  0.000000000000E+00  0.000000000000E+00  0.000000000000E+00
  0.000000000000E+00  0.000000000000E+00  0.000000000000E+00  0.000000000000E+00  0.000000000000E+00  0.000000000000E+00  0.000000000000E+00
  0.000000000000E+00  0.000000000000E+00  0.000000000000E+00  0.000000000000E+00  0.000000000000E+00  0.000000000000E+00  0.000000000000E+00
  0.000000000000E+00  0.000000000000E+00
  0.185254540991E-02  0.808543785905E-02  0.296812764011E-02  0.297829839240E-02  0.992208587043E-02  0.454873239268E-02  0.298460539355E-02
  0.284149158879E-02  0.144566880314E-02 -0.328564128988E-01 -0.576441487051E-03  0.771089667945E-02  0.422496742160E-02  0.428493380252E-02
  0.316225747173E-02 -0.940450282623E-01 -0.231548508204E-01 -0.139454749463E-02  0.121289276245E-01  0.193779626005E-01  0.421903680666E-02
  0.534840889485E-02  0.533190900170E-02  0.840959734007E-02  0.000000000000E+00 -0.489709341009E-01  0.817004262538E-02  0.238079872143E-01
  0.452813335488E-02  0.403440255340E-01  0.368596187744E-02  0.241326168676E-02  0.408081062846E-02  0.620853334428E-02  0.367544305983E-02
  0.943632629792E-02  0.000000000000E+00  0.434111795114E-01  0.000000000000E+00 -0.584707665701E-02  0.776847503278E-01  0.000000000000E+00
  0.284812909273E-03  0.435740911751E-02  0.542021324553E-02  0.228475036928E-01  0.000000000000E+00  0.178838612627E+00  0.431904799200E-01
 -0.475956849869E-02  0.000000000000E+00
  0.716617579450E+00  0.716948985958E+00  0.716839744505E+00  0.716743660487E+00  0.725094028715E+00  0.718972733214E+00  0.717663606189E+00
  0.717073890435E+00  0.718289771443E+00  0.731803423280E+00  0.719013667406E+00  0.713102728064E+00  0.718852980754E+00  0.717837339685E+00
  0.715741897390E+00  0.684046100117E+00  0.700357648891E+00  0.708883915998E+00  0.713351308308E+00  0.710759189948E+00  0.719173407962E+00
  0.719041759336E+00  0.719172858616E+00  0.717230156500E+00  0.581365281169E+00  0.692799829977E+00  0.682760684765E+00  0.716388178699E+00
  0.712115480296E+00  0.698545710409E+00  0.703727326059E+00  0.717657275789E+00  0.719092249856E+00  0.718998974612E+00  0.722066590981E+00
  0.723224610594E+00  0.698772662543E+00  0.719973585799E+00  0.694770139561E+00  0.677238918874E+00  0.745925648646E+00  0.701643150757E+00
  0.721033271528E+00  0.721848904375E+00  0.721985557383E+00  0.733886413681E+00  0.660855467114E+00  0.730094478691E+00  0.749905470547E+00
  0.745363232119E+00  0.107824213529E+01
  0.497548974767E+00  0.498906381125E+00  0.498336819282E+00  0.495148162763E+00  0.513567026149E+00  0.506571810513E+00  0.497421128903E+00
  0.496152523140E+00  0.498851960251E+00  0.522068566886E+00  0.552521170311E+00  0.540232617294E+00  0.495039469901E+00  0.496270682239E+00
  0.501302428521E+00  0.488110606411E+00  0.555622188048E+00  0.581554225956E+00  0.529137945128E+00  0.580807926775E+00  0.493662232949E+00
  0.494495821426E+00  0.494391871477E+00  0.500223010215E+00  0.000000000000E+00  0.404520427199E+00  0.476787295466E+00  0.540395831184E+00
  0.426778963634E+00  0.599272808557E+00  0.320062821826E+00  0.495817352542E+00  0.494436884558E+00  0.494086121671E+00  0.491183650287E+00
  0.492855234369E+00  0.000000000000E+00  0.532140383684E+00  0.000000000000E+00  0.394330520937E+00  0.550738255769E+00  0.000000000000E+00
  0.492986628382E+00  0.493023054954E+00  0.489006422557E+00  0.486794631791E+00  0.000000000000E+00  0.504562778611E+00  0.472259974747E+00
  0.465939635850E+00  0.000000000000E+00
  0.100064698964E+01  0.100140643817E+01  0.100117432559E+01  0.100057283003E+01  0.100522023342E+01  0.100349710553E+01  0.100110577848E+01
  0.100112448951E+01  0.100141211663E+01  0.100370827112E+01  0.100076177401E+01  0.100173087483E+01  0.100155615689E+01  0.100150024686E+01
  0.100055343726E+01  0.979684696928E+00  0.987511406187E+00  0.990698928298E+00  0.100419735894E+01  0.989307962375E+00  0.100186605104E+01
  0.100296593888E+01  0.100186598222E+01  0.999407050585E+00  0.100000000000E+01  0.977613070892E+00  0.982362375865E+00  0.100615373113E+01
  0.985855878006E+00  0.979428748942E+00  0.991466643701E+00  0.100146292133E+01  0.100165347247E+01  0.100268632476E+01  0.100414045130E+01
  0.100071418038E+01  0.100000000000E+01  0.101137799181E+01  0.100000000000E+01  0.978658725017E+00  0.984734454085E+00  0.100000000000E+01
  0.100237597945E+01  0.100505263806E+01  0.998039045347E+00  0.102814895075E+01  0.100000000000E+01  0.927516242346E+00  0.103861702804E+01
  0.100366024869E+01  0.100000000000E+01
        28        24        19        19
        19        24        15        15
        19        15        12        12
        22        13        14        14
        13        22        23        23
        31        27        37        37
        31        29        20        20
        35        34        36        36
        34        23        22        22
         8         9        15        15
         9         6        12        12
        20        18        27        27
        27        18        17        17
        38        45        36        36
        38        30        41        41
        28        19        20        20
        30        40        41        41
        40        39        47        47
        11        10        17        17
        10        11         5         5
         8        14         7         7
        14        24        22        22
        45        46        50        50
        46        41        49        49
        41        46        38        38
        29        39        40        40
        36        24        28        28
        36        45        35        35
        20        29        30        30
        11        18        12        12
        15        24        14        14
        12        20        19        19
        12        18        20        20
        31        20        27        27
         9        12        15        15
         9         4         6         6
        24        36        34        34
        35        23        34        34
        38        36        28        28
        41        47        48        48
        29        40        30        30
        49        50        46        46
        46        45        38        38
        25        26        16        16
        26        37        27        27
        32        33        43        43
        33        21        23        23
        51        48        47        47
         1         4         3         3
         4         2         6         6
         6         5        11        11
        35        43        33        33
        43        35        44        44
         8         3         4         4
         3         8         7         7
        31        37        42        42
        17        16        26        26
        16        17        10        10
        34        22        24        24
        47        41        40        40
        15        14         8         8
        20        30        28        28
        11        17        18        18
        39        31        42        42
         4         9         8         8
        33        23        35        35
        28        30        38        38
        17        26        27        27
        41        48        49        49
        35        45        44        44
        39        29        31        31
        45        50        44        44
        21        13        23        23
        13         7        14        14
         2         5         6         6
         6        11        12        12
        25        37        26        26
        51        49        48        48
        32        21        33        33
         1         2         4         4
zone t="boundary 3 bc-3", solutiontime= 0.1000000E+03, strandid=1003, i=51, j=80, f=feblock
  0.500000000000E+01  0.500000000000E+01  0.400000000000E+01  0.425172245441E+01  0.500000000000E+01  0.427741389634E+01  0.300000000000E+01
  0.341887665662E+01  0.368116975164E+01  0.500000000000E+01  0.430894944607E+01  0.352044655687E+01  0.200000000000E+01  0.259168638257E+01
  0.301798341022E+01  0.500000000000E+01  0.435643616790E+01  0.375117520592E+01  0.271663237208E+01  0.288980181581E+01  0.100000000000E+01
  0.191939879870E+01  0.130679496696E+01  0.219385942988E+01  0.500000000000E+01  0.441735041915E+01  0.373031592783E+01  0.208456665067E+01
  0.230848460393E+01  0.190054259015E+01  0.298584217914E+01  0.000000000000E+00  0.613733212775E+00  0.151350918120E+01  0.794128609067E+00
  0.144135983281E+01  0.400000000000E+01  0.132476136006E+01  0.200000000000E+01  0.164582171489E+01  0.102008138039E+01  0.300000000000E+01
  0.000000000000E+00  0.000000000000E+00  0.701034609231E+00  0.609175469936E+00  0.100000000000E+01  0.505577837730E+00  0.000000000000E+00
  0.000000000000E+00  0.000000000000E+00
  0.000000000000E+00  0.000000000000E+00  0.000000000000E+00  0.000000000000E+00  0.000000000000E+00  0.000000000000E+00  0.000000000000E+00
  0.000000000000E+00  0.000000000000E+00  0.000000000000E+00  0.000000000000E+00  0.000000000000E+00  0.000000000000E+00  0.000000000000E+00
  0.000000000000E+00  0.000000000000E+00  0.000000000000E+00  0.000000000000E+00  0.000000000000E+00  0.000000000000E+00  0.000000000000E+00
  0.000000000000E+00  0.000000000000E+00  0.000000000000E+00  0.000000000000E+00  0.000000000000E+00  0.000000000000E+00  0.000000000000E+00
  0.000000000000E+00  0.000000000000E+00  0.000000000000E+00  0.000000000000E+00  0.000000000000E+00  0.000000000000E+00  0.000000000000E+00
  0.000000000000E+00  0.000000000000E+00  0.000000000000E+00  0.000000000000E+00  0.000000000000E+00  0.000000000000E+00  0.000000000000E+00
  0.000000000000E+00  0.000000000000E+00  0.000000000000E+00  0.000000000000E+00  0.000000000000E+00  0.000000000000E+00  0.000000000000E+00
  0.000000000000E+00  0.000000000000E+00
  0.250000000000E+01  0.150000000000E+01  0.250000000000E+01  0.168388151981E+01  0.500000000000E+00  0.784980628699E+00  0.250000000000E+01
  0.172616846193E+01  0.104016062853E+01 -0.500000000000E+00 -0.103062804534E+00  0.179404976675E+00  0.250000000000E+01  0.166729536217E+01
  0.923171218453E+00 -0.150000000000E+01 -0.102255113015E+01 -0.669125930414E+00  0.135977239814E+00 -0.856266143819E+00  0.250000000000E+01
  0.158034275708E+01  0.175813852804E+01  0.774089735567E+00 -0.250000000000E+01 -0.179804978092E+01 -0.146769777443E+01 -0.223755606368E+00
 -0.164420331359E+01 -0.108875578595E+01 -0.190240885061E+01  0.250000000000E+01  0.185787993997E+01  0.110883669208E+01  0.100177177909E+01
  0.349093656766E+00 -0.250000000000E+01 -0.526785284186E+00 -0.250000000000E+01 -0.183798308008E+01 -0.145695630084E+01 -0.250000000000E+01
  0.150000000000E+01  0.500000000000E+00  0.396172271494E-01 -0.788824871575E+00 -0.250000000000E+01 -0.198405114581E+01 -0.150000000000E+01
 -0.500000000000E+00 -0.250000000000E+01
  0.100261591854E+01  0.100231887300E+01  0.100239849781E+01  0.100286664283E+01  0.100985994618E+01  0.100305406053E+01  0.100361926341E+01
  0.100277582589E+01  0.100418764456E+01  0.102073971608E+01  0.100585294743E+01  0.996618805485E+00  0.100483050864E+01  0.100346682419E+01
  0.100148437447E+01  0.977523367213E+00  0.992900770737E+00  0.100175496854E+01  0.994517497805E+00  0.100581717220E+01  0.100496745262E+01
  0.100368161000E+01  0.100496675818E+01  0.100471798500E+01  0.813911112494E+00  0.992130541117E+00  0.973026953718E+00  0.996809382436E+00
  0.101126514455E+01  0.998504540305E+00  0.993697847820E+00  0.100325250818E+01  0.100506730023E+01  0.100390176238E+01  0.100672493293E+01
  0.101179186740E+01  0.978281571465E+00  0.996623464831E+00  0.972678064945E+00  0.968810153256E+00  0.106048485716E+01  0.982300363840E+00
  0.100705384068E+01  0.100550799935E+01  0.101276577729E+01  0.999311385631E+00  0.925197580362E+00  0.110201025717E+01  0.101083216538E+01
  0.103970295120E+01  0.150953881179E+01
  0.497706455330E+00  0.499191603653E+00  0.498620513890E+00  0.495280985523E+00  0.514810057025E+00  0.507436319258E+00  0.497687129663E+00
  0.496423285210E+00  0.499201886323E+00  0.522002626185E+00  0.552731180969E+00  0.540644865148E+00  0.495406465500E+00  0.496624318118E+00
  0.501431074828E+00  0.473885265485E+00  0.551656234838E+00  0.578841558630E+00  0.530108331040E+00  0.577369518271E+00  0.494104598207E+00
  0.495199703518E+00  0.494824180393E+00  0.500003897519E+00  0.000000000000E+00  0.396957575971E+00  0.472493441993E+00  0.541532769987E+00
  0.423726032690E+00  0.591703110453E+00  0.318673174698E+00  0.496174019661E+00  0.494828653838E+00  0.494710348963E+00  0.492185747201E+00
  0.492940793528E+00  0.000000000000E+00  0.533395417480E+00  0.000000000000E+00  0.390056588199E+00  0.540969134705E+00  0.000000000000E+00
  0.493571856473E+00  0.494247835226E+00  0.488496580627E+00  0.493069395122E+00  0.000000000000E+00  0.451826578648E+00  0.479350534574E+00
  0.466767291962E+00  0.000000000000E+00
  0.000000000000E+00  0.000000000000E+00  0.000000000000E+00  0.000000000000E+00  0.000000000000E+00  0.000000000000E+00  0.000000000000E+00
  0.000000000000E+00  0.000000000000E+00  0.000000000000E+00  0.000000000000E+00  0.000000000000E+00  0.000000000000E+00  0.000000000000E+00
  0.000000000000E+00  0.000000000000E+00  0.000000000000E+00  0.000000000000E+00  0.000000000000E+00  0.000000000000E+00  0.000000000000E+00
  0.000000000000E+00  0.000000000000E+00  0.000000000000E+00  0.000000000000E+00  0.000000000000E+00  0.000000000000E+00  0.000000000000E+00
  0.000000000000E+00  0.000000000000E+00  0.000000000000E+00  0.000000000000E+00  0.000000000000E+00  0.000000000000E+00  0.000000000000E+00
  0.000000000000E+00  0.000000000000E+00  0.000000000000E+00  0.000000000000E+00  0.000000000000E+00  0.000000000000E+00  0.000000000000E+00
  0.000000000000E+00  0.000000000000E+00  0.000000000000E+00  0.000000000000E+00  0.000000000000E+00  0.000000000000E+00  0.000000000000E+00
  0.000000000000E+00  0.000000000000E+00
  0.185254895724E-02  0.808544490012E-02  0.296812574616E-02  0.297829885398E-02  0.992217166601E-02  0.454872577425E-02  0.298460551136E-02
  0.284147852385E-02  0.144565276565E-02 -0.328562552140E-01 -0.576444150584E-03  0.771088767493E-02  0.422496136305E-02  0.428496145653E-02
  0.316228331989E-02 -0.940450328281E-01 -0.231545306916E-01 -0.139470929677E-02  0.121288990252E-01  0.193780054212E-01  0.421904178171E-02
  0.534841900899E-02  0.533191011483E-02  0.840962827582E-02  0.000000000000E+00 -0.489707185802E-01  0.817005623003E-02  0.238079890370E-01
  0.452837843537E-02  0.403440409215E-01  0.368593706250E-02  0.241325941555E-02  0.408081380051E-02  0.620851459342E-02  0.367544378742E-02
  0.943628348291E-02  0.000000000000E+00  0.434110746096E-01  0.000000000000E+00 -0.584719088137E-02  0.776846572346E-01  0.000000000000E+00
  0.284811150608E-03  0.435740751721E-02  0.542019311495E-02  0.228473308707E-01  0.000000000000E+00  0.178838660955E+00  0.431903687502E-01
 -0.475956691937E-02  0.000000000000E+00
  0.716617570218E+00  0.716948975278E+00  0.716839741389E+00  0.716743651659E+00  0.725094045060E+00  0.718972746481E+00  0.717663601176E+00
  0.717073880272E+00  0.718289766116E+00  0.731803514577E+00  0.719013730737E+00  0.713102732062E+00  0.718852987385E+00  0.717837338495E+00
  0.715741868601E+00  0.684046191386E+00  0.700357730882E+00  0.708884026431E+00  0.713351328520E+00  0.710759258909E+00  0.719173410860E+00
  0.719041770754E+00  0.719172863743E+00  0.717230167533E+00  0.581365080353E+00  0.692799786391E+00  0.682760703445E+00  0.716388209712E+00
  0.712115461392E+00  0.698545761522E+00  0.703727270660E+00  0.717657277636E+00  0.719092250561E+00  0.718998984032E+00  0.722066594879E+00
  0.723224610918E+00  0.698772551046E+00  0.719973620411E+00  0.694770046390E+00  0.677238865691E+00  0.745925692764E+00  0.701643117029E+00
  0.721033270280E+00  0.721848913267E+00  0.721985549397E+00  0.733886411673E+00  0.660855414544E+00  0.730094445279E+00  0.749905383494E+00
  0.745363214844E+00  0.107824200842E+01
  0.497548975162E+00  0.498906364216E+00  0.498336829479E+00  0.495148143314E+00  0.513566937526E+00  0.506571712564E+00  0.497421136622E+00
  0.496152537622E+00  0.498851885819E+00  0.522068538359E+00  0.552521061731E+00  0.540232515712E+00  0.495039451246E+00  0.496270678293E+00
  0.501302350016E+00  0.488110516137E+00  0.555622325530E+00  0.581554076721E+00  0.529137736024E+00  0.580807961917E+00  0.493662225302E+00
  0.494495803687E+00  0.494391857726E+00  0.500222940130E+00  0.000000000000E+00  0.404520441296E+00  0.476787498385E+00  0.540395686913E+00
  0.426779195336E+00  0.599272824600E+00  0.320063037203E+00  0.495817349759E+00  0.494436880714E+00  0.494086110206E+00  0.491183658698E+00
  0.492855144943E+00  0.000000000000E+00  0.532140245994E+00  0.000000000000E+00  0.394330886782E+00  0.550738365604E+00  0.000000000000E+00
  0.492986623444E+00  0.493023075846E+00  0.489006349860E+00  0.486794612484E+00  0.000000000000E+00  0.504562934385E+00  0.472260092091E+00
  0.465939613996E+00  0.000000000000E+00
  0.100064698730E+01  0.100140643105E+01  0.100117432352E+01  0.100057282740E+01  0.100522024557E+01  0.100349710418E+01  0.100110577614E+01
  0.100112448511E+01  0.100141211457E+01  0.100370829533E+01  0.100076181673E+01  0.100173087182E+01  0.100155615667E+01  0.100150024861E+01
  0.100055342009E+01  0.979684680756E+00  0.987511393013E+00  0.990698991443E+00  0.100419737424E+01  0.989307987553E+00  0.100186605305E+01
  0.100296594959E+01  0.100186598317E+01  0.999407047087E+00  0.100000000000E+01  0.977612986145E+00  0.982362288291E+00  0.100615374541E+01
  0.985855837434E+00  0.979428762369E+00  0.991466552015E+00  0.100146292234E+01  0.100165347192E+01  0.100268633383E+01  0.100414045562E+01
  0.100071416653E+01  0.100000000000E+01  0.101137802204E+01  0.100000000000E+01  0.978658624479E+00  0.984734447479E+00  0.100000000000E+01
  0.100237597794E+01  0.100505264924E+01  0.998039025231E+00  0.102814897450E+01  0.100000000000E+01  0.927516070504E+00  0.103861706507E+01
  0.100366022774E+01  0.100000000000E+01
        19        24        28        28
        15        24        19        19
        12        15        19        19
        14        13        22        22
        23        22        13        13
        37        27        31        31
        20        29        31        31
        36        34        35        35
        22        23        34        34
        15         9         8         8
        12         6         9         9
        27        18        20        20
        17        18        27        27
        36        45        38        38
        41        30        38        38
        20        19        28        28
        41        40        30        30
        47        39        40        40
        17        10        11        11
         5        11        10        10
         7        14         8         8
        22        24        14        14
        50        46        45        45
        49        41        46        46
        38        46        41        41
        40        39        29        29
        28        24        36        36
        35        45        36        36
        30        29        20        20
        12        18        11        11
        14        24        15        15
        19        20        12        12
        20        18        12        12
        27        20        31        31
        15        12         9         9
         6         4         9         9
        34        36        24        24
        34        23        35        35
        28        36        38        38
        48        47        41        41
        30        40        29        29
        46        50        49        49
        38        45        46        46
        16        26        25        25
        27        37        26        26
        43        33        32        32
        23        21        33        33
        47        48        51        51
         3         4         1         1
         6         2         4         4
        11         5         6         6
        33        43        35        35
        44        35        43        43
         4         3         8         8
         7         8         3         3
        42        37        31        31
        26        16        17        17
        10        17        16        16
        24        22        34        34
        40        41        47        47
         8        14        15        15
        28        30        20        20
        18        17        11        11
        42        31        39        39
         8         9         4         4
        35        23        33        33
        38        30        28        28
        27        26        17        17
        49        48        41        41
        44        45        35        35
        31        29        39        39
        44        50        45        45
        23        13        21        21
        14         7        13        13
         6         5         2         2
        12        11         6         6
        26        37        25        25
        48        49        51        51
        33        21        32        32
         4         2         1         1
zone t="boundary 4 bc-4", solutiontime= 0.1000000E+03, strandid=1004, i=42, j=30, f=feblock
  0.500000000000E+01  0.400000000000E+01  0.500000000000E+01  0.300000000000E+01  0.400000000000E+01  0.500000000000E+01  0.200000000000E+01
  0.300000000000E+01  0.400000000000E+01  0.500000000000E+01  0.100000000000E+01  0.200000000000E+01  0.300000000000E+01  0.400000000000E+01
  0.500000000000E+01  0.000000000000E+00  0.100000000000E+01  0.200000000000E+01  0.300000000000E+01  0.400000000000E+01  0.500000000000E+01
  0.000000000000E+00  0.100000000000E+01  0.200000000000E+01  0.300000000000E+01  0.400000000000E+01  0.500000000000E+01  0.000000000000E+00
  0.100000000000E+01  0.200000000000E+01  0.300000000000E+01  0.400000000000E+01  0.000000000000E+00  0.100000000000E+01  0.200000000000E+01
  0.300000000000E+01  0.000000000000E+00  0.100000000000E+01  0.200000000000E+01  0.000000000000E+00  0.100000000000E+01  0.000000000000E+00
  0.000000000000E+00  0.000000000000E+00 -0.833333333333E+00  0.000000000000E+00 -0.833333333333E+00 -0.166666666667E+01  0.000000000000E+00
 -0.833333333333E+00 -0.166666666667E+01 -0.250000000000E+01  0.000000000000E+00 -0.833333333333E+00 -0.166666666667E+01 -0.250000000000E+01
 -0.333333333333E+01  0.000000000000E+00 -0.833333333333E+00 -0.166666666667E+01 -0.250000000000E+01 -0.333333333333E+01 -0.416666666667E+01
 -0.833333333333E+00 -0.166666666667E+01 -0.250000000000E+01 -0.333333333333E+01 -0.416666666667E+01 -0.500000000000E+01 -0.166666666667E+01
 -0.250000000000E+01 -0.333333333333E+01 -0.416666666667E+01 -0.500000000000E+01 -0.250000000000E+01 -0.333333333333E+01 -0.416666666667E+01
 -0.500000000000E+01 -0.333333333333E+01 -0.416666666667E+01 -0.500000000000E+01 -0.416666666667E+01 -0.500000000000E+01 -0.500000000000E+01
  0.250000000000E+01  0.250000000000E+01  0.250000000000E+01  0.250000000000E+01  0.250000000000E+01  0.250000000000E+01  0.250000000000E+01
  0.250000000000E+01  0.250000000000E+01  0.250000000000E+01  0.250000000000E+01  0.250000000000E+01  0.250000000000E+01  0.250000000000E+01
  0.250000000000E+01  0.250000000000E+01  0.250000000000E+01  0.250000000000E+01  0.250000000000E+01  0.250000000000E+01  0.250000000000E+01
  0.250000000000E+01  0.250000000000E+01  0.250000000000E+01  0.250000000000E+01  0.250000000000E+01  0.250000000000E+01  0.250000000000E+01
  0.250000000000E+01  0.250000000000E+01  0.250000000000E+01  0.250000000000E+01  0.250000000000E+01  0.250000000000E+01  0.250000000000E+01
  0.250000000000E+01  0.250000000000E+01  0.250000000000E+01  0.250000000000E+01  0.250000000000E+01  0.250000000000E+01  0.250000000000E+01
  0.100261591854E+01  0.100239849781E+01  0.100255927744E+01  0.100361926341E+01  0.100227944653E+01  0.100259418389E+01  0.100483050864E+01
  0.100349402743E+01  0.100234902840E+01  0.100258224904E+01  0.100496745262E+01  0.100474326773E+01  0.100357705134E+01  0.100231642241E+01
  0.100259418308E+01  0.100325250818E+01  0.100489944899E+01  0.100481745538E+01  0.100352631209E+01  0.100234902883E+01  0.100255927951E+01
  0.100321469186E+01  0.100495227379E+01  0.100476377555E+01  0.100357705272E+01  0.100227944500E+01  0.100261592911E+01  0.100323823430E+01
  0.100490964823E+01  0.100481745459E+01  0.100349402849E+01  0.100239850010E+01  0.100321672064E+01  0.100495227316E+01  0.100474326233E+01
  0.100361926807E+01  0.100323823344E+01  0.100489944765E+01  0.100483049915E+01  0.100321468938E+01  0.100496745059E+01  0.100325250661E+01
  0.497706455330E+00  0.498620513890E+00  0.497878935442E+00  0.497687129663E+00  0.499057040358E+00  0.497849933996E+00  0.495406465500E+00
  0.498045820332E+00  0.498929145422E+00  0.497855682266E+00  0.494104598207E+00  0.495560693133E+00  0.497891105997E+00  0.498988748339E+00
  0.497849929776E+00  0.496174019661E+00  0.494193482178E+00  0.495429277106E+00  0.497986507752E+00  0.498929137986E+00  0.497878935703E+00
  0.496211051254E+00  0.494112774351E+00  0.495525539861E+00  0.497891100956E+00  0.499057039668E+00  0.497706455531E+00  0.496188481213E+00
  0.494180953220E+00  0.495429276189E+00  0.498045818873E+00  0.498620504191E+00  0.496210855811E+00  0.494112775400E+00  0.495560699090E+00
  0.497687122521E+00  0.496188481571E+00  0.494193485857E+00  0.495406484175E+00  0.496211053087E+00  0.494104605408E+00  0.496174022186E+00
  0.000000000000E+00  0.000000000000E+00 -0.483282421014E-04  0.000000000000E+00 -0.668894295844E-04  0.245837119263E-04  0.000000000000E+00
 -0.498457324734E-04  0.267624866926E-04 -0.508950739911E-08  0.000000000000E+00 -0.290964598308E-04  0.230474338693E-04 -0.267449441192E-08
 -0.245925201858E-04  0.000000000000E+00 -0.864278136072E-05  0.116312610577E-04 -0.222240074409E-08 -0.267697508572E-04  0.483177399079E-04
  0.112860795044E-05  0.677378561819E-05 -0.228256131852E-08 -0.230543278451E-04  0.668798869144E-04  0.000000000000E+00 -0.707075102729E-07
 -0.900322954998E-09 -0.116369105076E-04  0.498415216113E-04  0.000000000000E+00 -0.721235534823E-09 -0.677456263022E-05  0.290890213594E-04
  0.000000000000E+00  0.697287001271E-07  0.864064785255E-05  0.000000000000E+00 -0.112999511686E-05  0.000000000000E+00  0.000000000000E+00
  0.185254895724E-02  0.296812574616E-02  0.171879691449E-02  0.298460551136E-02  0.289448609101E-02  0.177228210950E-02  0.422496136305E-02
  0.286503665404E-02  0.296183929859E-02  0.175089743625E-02  0.421904178171E-02  0.409082255316E-02  0.295113237909E-02  0.292653785434E-02
  0.177228484919E-02  0.241325941555E-02  0.415003263626E-02  0.416974108731E-02  0.289725813134E-02  0.296183989946E-02  0.171879237954E-02
  0.239961437880E-02  0.419852112303E-02  0.411257310593E-02  0.295113267830E-02  0.289448568123E-02  0.185254540991E-02  0.241321018054E-02
  0.415702403769E-02  0.416974008279E-02  0.286503575532E-02  0.296812764011E-02  0.240004294914E-02  0.419852021846E-02  0.409082462391E-02
  0.298460539355E-02  0.241320998908E-02  0.415002978293E-02  0.422496742160E-02  0.239961446851E-02  0.421903680666E-02  0.241326168676E-02
  0.716617570218E+00  0.716839741389E+00  0.716561854049E+00  0.717663601176E+00  0.716729916943E+00  0.716595153020E+00  0.718852987385E+00
  0.717531172436E+00  0.716799154408E+00  0.716583406077E+00  0.719173410860E+00  0.718747775163E+00  0.717614882432E+00  0.716766134279E+00
  0.716595152259E+00  0.717657277636E+00  0.719104812363E+00  0.718823239944E+00  0.717563475290E+00  0.716799154838E+00  0.716561855576E+00
  0.717623363536E+00  0.719157029100E+00  0.718768900958E+00  0.717614883853E+00  0.716729915902E+00  0.716617579450E+00  0.717647188146E+00
  0.719114618539E+00  0.718823239185E+00  0.717531173740E+00  0.716839744505E+00  0.717625567142E+00  0.719157028404E+00  0.718747771066E+00
  0.717663606189E+00  0.717647187319E+00  0.719104810506E+00  0.718852980754E+00  0.717623361052E+00  0.719173407962E+00  0.717657275789E+00
  0.497548975162E+00  0.498336829479E+00  0.497726211142E+00  0.497421136622E+00  0.498781254449E+00  0.497694504925E+00  0.495039451246E+00
  0.497793795399E+00  0.498647050119E+00  0.497701292121E+00  0.493662225302E+00  0.495207173472E+00  0.497631223792E+00  0.498709783871E+00
  0.497694500782E+00  0.495817349759E+00  0.493757282952E+00  0.495068804941E+00  0.497731501506E+00  0.498647042650E+00  0.497726211370E+00
  0.495856658757E+00  0.493672113399E+00  0.495170003083E+00  0.497631218607E+00  0.498781253736E+00  0.497548974767E+00  0.495831758514E+00
  0.493743963699E+00  0.495068804084E+00  0.497793793744E+00  0.498336819282E+00  0.495856205594E+00  0.493672114524E+00  0.495207179521E+00
  0.497421128903E+00  0.495831758943E+00  0.493757286912E+00  0.495039469901E+00  0.495856660832E+00  0.493662232949E+00  0.495817352542E+00
  0.100064698730E+01  0.100117432352E+01  0.100062571684E+01  0.100110577614E+01  0.100113983899E+01  0.100063737686E+01  0.100155615667E+01
  0.100104595936E+01  0.100116704635E+01  0.100063288520E+01  0.100186605305E+01  0.100149651910E+01  0.100107992114E+01  0.100115349360E+01
  0.100063737661E+01  0.100146292234E+01  0.100183828175E+01  0.100152772082E+01  0.100105881959E+01  0.100116704651E+01  0.100062571691E+01
  0.100145334503E+01  0.100185836383E+01  0.100150551386E+01  0.100107992173E+01  0.100113983906E+01  0.100064698964E+01  0.100146309128E+01
  0.100184177526E+01  0.100152772054E+01  0.100104596013E+01  0.100117432559E+01  0.100145439498E+01  0.100185836349E+01  0.100149651878E+01
  0.100110577848E+01  0.100146309098E+01  0.100183828050E+01  0.100155615689E+01  0.100145334405E+01  0.100186605104E+01  0.100146292133E+01
         3         5         2         1
         5         8         4         2
         8        12         7         4
        12        17        11         7
        17        22        16        11
         6         9         5         3
         9        13         8         5
        13        18        12         8
        18        23        17        12
        23        28        22        17
        10        14         9         6
        14        19        13         9
        19        24        18        13
        24        29        23        18
        29        33        28        23
        15        20        14        10
        20        25        19        14
        25        30        24        19
        30        34        29        24
        34        37        33        29
        21        26        20        15
        26        31        25        20
        31        35        30        25
        35        38        34        30
        38        40        37        34
        27        32        26        21
        32        36        31        26
        36        39        35        31
        39        41        38        35
        41        42        40        38
zone t="boundary 5 bc-5", solutiontime= 0.1000000E+03, strandid=1005, i=42, j=30, f=feblock
  0.500000000000E+01  0.500000000000E+01  0.500000000000E+01  0.500000000000E+01  0.500000000000E+01  0.500000000000E+01  0.500000000000E+01
  0.500000000000E+01  0.500000000000E+01  0.500000000000E+01  0.500000000000E+01  0.500000000000E+01  0.500000000000E+01  0.500000000000E+01
  0.500000000000E+01  0.500000000000E+01  0.500000000000E+01  0.500000000000E+01  0.500000000000E+01  0.500000000000E+01  0.500000000000E+01
  0.500000000000E+01  0.500000000000E+01  0.500000000000E+01  0.500000000000E+01  0.500000000000E+01  0.500000000000E+01  0.500000000000E+01
  0.500000000000E+01  0.500000000000E+01  0.500000000000E+01  0.500000000000E+01  0.500000000000E+01  0.500000000000E+01  0.500000000000E+01
  0.500000000000E+01  0.500000000000E+01  0.500000000000E+01  0.500000000000E+01  0.500000000000E+01  0.500000000000E+01  0.500000000000E+01
  0.000000000000E+00  0.000000000000E+00 -0.833333333333E+00  0.000000000000E+00 -0.833333333333E+00 -0.166666666667E+01  0.000000000000E+00
 -0.833333333333E+00 -0.166666666667E+01 -0.250000000000E+01  0.000000000000E+00 -0.833333333333E+00 -0.166666666667E+01 -0.250000000000E+01
 -0.333333333333E+01  0.000000000000E+00 -0.833333333333E+00 -0.166666666667E+01 -0.250000000000E+01 -0.333333333333E+01 -0.416666666667E+01
 -0.833333333333E+00 -0.166666666667E+01 -0.250000000000E+01 -0.333333333333E+01 -0.416666666667E+01 -0.500000000000E+01 -0.166666666667E+01
 -0.250000000000E+01 -0.333333333333E+01 -0.416666666667E+01 -0.500000000000E+01 -0.250000000000E+01 -0.333333333333E+01 -0.416666666667E+01
 -0.500000000000E+01 -0.333333333333E+01 -0.416666666667E+01 -0.500000000000E+01 -0.416666666667E+01 -0.500000000000E+01 -0.500000000000E+01
  0.250000000000E+01  0.150000000000E+01  0.250000000000E+01  0.500000000000E+00  0.150000000000E+01  0.250000000000E+01 -0.500000000000E+00
  0.500000000000E+00  0.150000000000E+01  0.250000000000E+01 -0.150000000000E+01 -0.500000000000E+00  0.500000000000E+00  0.150000000000E+01
  0.250000000000E+01 -0.250000000000E+01 -0.150000000000E+01 -0.500000000000E+00  0.500000000000E+00  0.150000000000E+01  0.250000000000E+01
 -0.250000000000E+01 -0.150000000000E+01 -0.500000000000E+00  0.500000000000E+00  0.150000000000E+01  0.250000000000E+01 -0.250000000000E+01
 -0.150000000000E+01 -0.500000000000E+00  0.500000000000E+00  0.150000000000E+01 -0.250000000000E+01 -0.150000000000E+01 -0.500000000000E+00
  0.500000000000E+00 -0.250000000000E+01 -0.150000000000E+01 -0.500000000000E+00 -0.250000000000E+01 -0.150000000000E+01 -0.250000000000E+01
  0.100261591854E+01  0.100231887300E+01  0.100255927744E+01  0.100985994618E+01  0.100222257701E+01  0.100259418389E+01  0.102073971608E+01
  0.100977784163E+01  0.100224481055E+01  0.100258224904E+01  0.977523367213E+00  0.102252819968E+01  0.100979207341E+01  0.100222708685E+01
  0.100259418308E+01  0.813911112494E+00  0.983531643475E+00  0.102254378226E+01  0.100978434070E+01  0.100224481195E+01  0.100255927951E+01
  0.814972016041E+00  0.983493486755E+00  0.102258861154E+01  0.100979207249E+01  0.100222257817E+01  0.100261592911E+01  0.815194749211E+00
  0.983725887814E+00  0.102254377063E+01  0.100977783543E+01  0.100231888081E+01  0.815188041881E+00  0.983493475684E+00  0.102252816370E+01
  0.100985993562E+01  0.815194761984E+00  0.983531579393E+00  0.102073961336E+01  0.814972130331E+00  0.977523220650E+00  0.813911393637E+00
  0.497706455330E+00  0.499191603653E+00  0.497878935442E+00  0.514810057025E+00  0.498876463950E+00  0.497849933996E+00  0.522002626185E+00
  0.514394472735E+00  0.498889822786E+00  0.497855682266E+00  0.473885265485E+00  0.523583830449E+00  0.514472834429E+00  0.498878239790E+00
  0.497849929776E+00  0.000000000000E+00  0.477191415823E+00  0.523770630423E+00  0.514418699548E+00  0.498889821924E+00  0.497878935703E+00
  0.000000000000E+00  0.477361123663E+00  0.523565069755E+00  0.514472844055E+00  0.498876462960E+00  0.497706455531E+00  0.000000000000E+00
  0.477065717058E+00  0.523770649854E+00  0.514394477641E+00  0.499191622465E+00  0.000000000000E+00  0.477361123794E+00  0.523583800317E+00
  0.514810144437E+00  0.000000000000E+00  0.477191491336E+00  0.522002638576E+00  0.000000000000E+00  0.473885361551E+00  0.000000000000E+00
  0.000000000000E+00  0.000000000000E+00 -0.483282421014E-04  0.000000000000E+00 -0.859973532056E-04  0.245837119263E-04  0.000000000000E+00
  0.641156891360E-04  0.158062462986E-04 -0.508950739911E-08  0.000000000000E+00  0.119327961439E-02  0.268362270035E-04 -0.186056145417E-08
 -0.245925201858E-04  0.000000000000E+00  0.302663529129E-02  0.207041714746E-03 -0.188628700199E-08 -0.158073599123E-04  0.483177399079E-04
  0.000000000000E+00  0.617086152294E-03 -0.190142084763E-07 -0.268390732973E-04  0.860026071893E-04  0.000000000000E+00  0.000000000000E+00
 -0.185328436217E-07 -0.207090545529E-03 -0.641048044287E-04  0.000000000000E+00  0.000000000000E+00 -0.617144860732E-03 -0.119333510122E-02
  0.000000000000E+00  0.000000000000E+00 -0.302669649619E-02  0.000000000000E+00  0.000000000000E+00  0.000000000000E+00  0.000000000000E+00
  0.185254895724E-02  0.808544490012E-02  0.171879691449E-02  0.992217166601E-02  0.765791260690E-02  0.177228210950E-02 -0.328562552140E-01
  0.102613783491E-01  0.781808761961E-02  0.175089743625E-02 -0.940450328281E-01 -0.307478062764E-01  0.104733881361E-01  0.784894599790E-02
  0.177228484919E-02  0.000000000000E+00 -0.917834865694E-01 -0.305706284426E-01  0.106210208834E-01  0.781808817347E-02  0.171879237954E-02
  0.000000000000E+00 -0.916418055420E-01 -0.303900627004E-01  0.104733726281E-01  0.765790587715E-02  0.185254540991E-02  0.000000000000E+00
 -0.916682758553E-01 -0.305706645124E-01  0.102613615741E-01  0.808543785905E-02  0.000000000000E+00 -0.916418388984E-01 -0.307477931608E-01
  0.992208587043E-02  0.000000000000E+00 -0.917833545524E-01 -0.328564128988E-01  0.000000000000E+00 -0.940450282623E-01  0.000000000000E+00
  0.716617570218E+00  0.716948975278E+00  0.716561854049E+00  0.725094045060E+00  0.716830948830E+00  0.716595153020E+00  0.731803514577E+00
  0.725128752872E+00  0.716856711555E+00  0.716583406077E+00  0.684046191386E+00  0.733482290956E+00  0.725149648365E+00  0.716839921217E+00
  0.716595152259E+00  0.581365080353E+00  0.688321116897E+00  0.733472012101E+00  0.725135373431E+00  0.716856712900E+00  0.716561855576E+00
  0.582122868601E+00  0.688250078163E+00  0.733517882385E+00  0.725149647659E+00  0.716830951135E+00  0.716617579450E+00  0.582281963722E+00
  0.688470598040E+00  0.733472001437E+00  0.725128743682E+00  0.716948985958E+00  0.582277172772E+00  0.688250069542E+00  0.733482259251E+00
  0.725094028715E+00  0.582281972846E+00  0.688321080058E+00  0.731803423280E+00  0.582122950236E+00  0.684046100117E+00  0.581365281169E+00
  0.497548975162E+00  0.498906364216E+00  0.497726211142E+00  0.513566937526E+00  0.498601845765E+00  0.497694504925E+00  0.522068538359E+00
  0.513126009228E+00  0.498614240112E+00  0.497701292121E+00  0.488110516137E+00  0.523375936252E+00  0.513204625663E+00  0.498604580830E+00
  0.497694500782E+00  0.000000000000E+00  0.490935001235E+00  0.523558032368E+00  0.513156750217E+00  0.498614239138E+00  0.497726211370E+00
  0.000000000000E+00  0.491083049768E+00  0.523337847654E+00  0.513204634963E+00  0.498601844159E+00  0.497548974767E+00  0.000000000000E+00
  0.490773973949E+00  0.523558054669E+00  0.513126015461E+00  0.498906381125E+00  0.000000000000E+00  0.491083056638E+00  0.523375907698E+00
  0.513567026149E+00  0.000000000000E+00  0.490935048487E+00  0.522068566886E+00  0.000000000000E+00  0.488110606411E+00  0.000000000000E+00
  0.100064698730E+01  0.100140643105E+01  0.100062571684E+01  0.100522024557E+01  0.100133777804E+01  0.100063737686E+01  0.100370829533E+01
  0.100535009996E+01  0.100135155165E+01  0.100063288520E+01  0.979684680756E+00  0.100425123499E+01  0.100536490080E+01  0.100134580563E+01
  0.100063737661E+01  0.100000000000E+01  0.979785012560E+00  0.100422185803E+01  0.100535280841E+01  0.100135155213E+01  0.100062571691E+01
  0.100000000000E+01  0.979721901980E+00  0.100424063377E+01  0.100536490074E+01  0.100133778010E+01  0.100064698964E+01  0.100000000000E+01
  0.979804282062E+00  0.100422185486E+01  0.100535009339E+01  0.100140643817E+01  0.100000000000E+01  0.979721900736E+00  0.100425122692E+01
  0.100522023342E+01  0.100000000000E+01  0.979785023960E+00  0.100370827112E+01  0.100000000000E+01  0.979684696928E+00  0.100000000000E+01
        22        17        11        16
        17        12         7        11
        12         8         4         7
         8         5         2         4
         5         3         1         2
        28        23        17        22
        23        18        12        17
        18        13         8        12
        13         9         5         8
         9         6         3         5
        33        29        23        28
        29        24        18        23
        24        19        13        18
        19        14         9        13
        14        10         6         9
        37        34        29        33
        34        30        24        29
        30        25        19        24
        25        20        14        19
        20        15        10        14
        40        38        34        37
        38        35        30        34
        35        31        25        30
        31        26        20        25
        26        21        15        20
        42        41        38        40
        41        39        35        38
        39        36        31        35
        36        32        26        31
        32        27        21        26
zone t="boundary 6 bc-6", solutiontime= 0.1000000E+03, strandid=1006, i=42, j=30, f=feblock
  0.500000000000E+01  0.500000000000E+01  0.400000000000E+01  0.200000000000E+01  0.300000000000E+01  0.500000000000E+01  0.400000000000E+01
  0.200000000000E+01  0.300000000000E+01  0.100000000000E+01  0.500000000000E+01  0.400000000000E+01  0.200000000000E+01  0.300000000000E+01
  0.100000000000E+01  0.000000000000E+00  0.500000000000E+01  0.400000000000E+01  0.200000000000E+01  0.300000000000E+01  0.100000000000E+01
  0.000000000000E+00  0.500000000000E+01  0.400000000000E+01  0.200000000000E+01  0.300000000000E+01  0.100000000000E+01  0.000000000000E+00
  0.500000000000E+01  0.400000000000E+01  0.200000000000E+01  0.300000000000E+01  0.100000000000E+01  0.000000000000E+00  0.400000000000E+01
  0.200000000000E+01  0.300000000000E+01  0.100000000000E+01  0.000000000000E+00  0.100000000000E+01  0.000000000000E+00  0.000000000000E+00
  0.000000000000E+00 -0.833333333333E+00  0.000000000000E+00  0.000000000000E+00  0.000000000000E+00 -0.166666666667E+01 -0.833333333333E+00
 -0.833333333333E+00 -0.833333333333E+00  0.000000000000E+00 -0.250000000000E+01 -0.166666666667E+01 -0.166666666667E+01 -0.166666666667E+01
 -0.833333333333E+00  0.000000000000E+00 -0.333333333333E+01 -0.250000000000E+01 -0.250000000000E+01 -0.250000000000E+01 -0.166666666667E+01
 -0.833333333333E+00 -0.416666666667E+01 -0.333333333333E+01 -0.333333333333E+01 -0.333333333333E+01 -0.250000000000E+01 -0.166666666667E+01
 -0.500000000000E+01 -0.416666666667E+01 -0.416666666667E+01 -0.416666666667E+01 -0.333333333333E+01 -0.250000000000E+01 -0.500000000000E+01
 -0.500000000000E+01 -0.500000000000E+01 -0.416666666667E+01 -0.333333333333E+01 -0.500000000000E+01 -0.416666666667E+01 -0.500000000000E+01
 -0.250000000000E+01 -0.250000000000E+01 -0.250000000000E+01 -0.250000000000E+01 -0.250000000000E+01 -0.250000000000E+01 -0.250000000000E+01
 -0.250000000000E+01 -0.250000000000E+01 -0.250000000000E+01 -0.250000000000E+01 -0.250000000000E+01 -0.250000000000E+01 -0.250000000000E+01
 -0.250000000000E+01 -0.250000000000E+01 -0.250000000000E+01 -0.250000000000E+01 -0.250000000000E+01 -0.250000000000E+01 -0.250000000000E+01
 -0.250000000000E+01 -0.250000000000E+01 -0.250000000000E+01 -0.250000000000E+01 -0.250000000000E+01 -0.250000000000E+01 -0.250000000000E+01
 -0.250000000000E+01 -0.250000000000E+01 -0.250000000000E+01 -0.250000000000E+01 -0.250000000000E+01 -0.250000000000E+01 -0.250000000000E+01
 -0.250000000000E+01 -0.250000000000E+01 -0.250000000000E+01 -0.250000000000E+01 -0.250000000000E+01 -0.250000000000E+01 -0.250000000000E+01
  0.813911112494E+00  0.814972016041E+00  0.978281571465E+00  0.972678064945E+00  0.982300363840E+00  0.815194749211E+00  0.978665527642E+00
  0.972328163660E+00  0.983167222909E+00  0.925197580362E+00  0.815188041881E+00  0.978811431392E+00  0.972540777111E+00  0.983485467324E+00
  0.922788857242E+00  0.150953881179E+01  0.815194761984E+00  0.978958363125E+00  0.972597069980E+00  0.983541452966E+00  0.922505797480E+00
  0.151110019545E+01  0.814972130331E+00  0.978811430724E+00  0.972540773249E+00  0.983485455520E+00  0.922473766502E+00  0.151161275456E+01
  0.813911393637E+00  0.978665602255E+00  0.972328223552E+00  0.983167238680E+00  0.922505800649E+00  0.151150390660E+01  0.978281727560E+00
  0.972678195386E+00  0.982300411060E+00  0.922788900169E+00  0.151161275901E+01  0.925197653960E+00  0.151110025254E+01  0.150953898940E+01
  0.000000000000E+00  0.000000000000E+00  0.000000000000E+00  0.000000000000E+00  0.000000000000E+00  0.000000000000E+00  0.000000000000E+00
  0.000000000000E+00  0.000000000000E+00  0.000000000000E+00  0.000000000000E+00  0.000000000000E+00  0.000000000000E+00  0.000000000000E+00
  0.000000000000E+00  0.000000000000E+00  0.000000000000E+00  0.000000000000E+00  0.000000000000E+00  0.000000000000E+00  0.000000000000E+00
  0.000000000000E+00  0.000000000000E+00  0.000000000000E+00  0.000000000000E+00  0.000000000000E+00  0.000000000000E+00  0.000000000000E+00
  0.000000000000E+00  0.000000000000E+00  0.000000000000E+00  0.000000000000E+00  0.000000000000E+00  0.000000000000E+00  0.000000000000E+00
  0.000000000000E+00  0.000000000000E+00  0.000000000000E+00  0.000000000000E+00  0.000000000000E+00  0.000000000000E+00  0.000000000000E+00
  0.000000000000E+00  0.000000000000E+00  0.000000000000E+00  0.000000000000E+00  0.000000000000E+00  0.000000000000E+00  0.000000000000E+00
  0.000000000000E+00  0.000000000000E+00  0.000000000000E+00  0.000000000000E+00  0.000000000000E+00  0.000000000000E+00  0.000000000000E+00
  0.000000000000E+00  0.000000000000E+00  0.000000000000E+00  0.000000000000E+00  0.000000000000E+00  0.000000000000E+00  0.000000000000E+00
  0.000000000000E+00  0.000000000000E+00  0.000000000000E+00  0.000000000000E+00  0.000000000000E+00  0.000000000000E+00  0.000000000000E+00
  0.000000000000E+00  0.000000000000E+00  0.000000000000E+00  0.000000000000E+00  0.000000000000E+00  0.000000000000E+00  0.000000000000E+00
  0.000000000000E+00  0.000000000000E+00  0.000000000000E+00  0.000000000000E+00  0.000000000000E+00  0.000000000000E+00  0.000000000000E+00
  0.000000000000E+00  0.000000000000E+00  0.000000000000E+00  0.000000000000E+00  0.000000000000E+00  0.000000000000E+00  0.000000000000E+00
  0.000000000000E+00  0.000000000000E+00  0.000000000000E+00  0.000000000000E+00  0.000000000000E+00  0.000000000000E+00  0.000000000000E+00
  0.000000000000E+00  0.000000000000E+00  0.000000000000E+00  0.000000000000E+00  0.000000000000E+00  0.000000000000E+00  0.000000000000E+00
  0.000000000000E+00  0.000000000000E+00  0.000000000000E+00  0.000000000000E+00  0.000000000000E+00  0.000000000000E+00  0.000000000000E+00
  0.000000000000E+00  0.000000000000E+00  0.000000000000E+00  0.000000000000E+00  0.000000000000E+00  0.000000000000E+00  0.000000000000E+00
  0.000000000000E+00  0.000000000000E+00  0.000000000000E+00  0.000000000000E+00  0.000000000000E+00  0.000000000000E+00  0.000000000000E+00
  0.581365080353E+00  0.582122868601E+00  0.698772551046E+00  0.694770046390E+00  0.701643117029E+00  0.582281963722E+00  0.699046805458E+00
  0.694520116900E+00  0.702262302078E+00  0.660855414544E+00  0.582277172772E+00  0.699151022423E+00  0.694671983651E+00  0.702489619517E+00
  0.659134898030E+00  0.107824200842E+01  0.582281972846E+00  0.699255973661E+00  0.694712192843E+00  0.702529609261E+00  0.658932712486E+00
  0.107935728247E+01  0.582122950236E+00  0.699151021946E+00  0.694671980892E+00  0.702489611086E+00  0.658909833215E+00  0.107972339612E+01
  0.581365281169E+00  0.699046858754E+00  0.694520159680E+00  0.702262313343E+00  0.658932714749E+00  0.107964564757E+01  0.698772662543E+00
  0.694770139561E+00  0.701643150757E+00  0.659134928692E+00  0.107972339930E+01  0.660855467114E+00  0.107935732324E+01  0.107824213529E+01
  0.000000000000E+00  0.000000000000E+00  0.000000000000E+00  0.000000000000E+00  0.000000000000E+00  0.000000000000E+00  0.000000000000E+00
  0.000000000000E+00  0.000000000000E+00  0.000000000000E+00  0.000000000000E+00  0.000000000000E+00  0.000000000000E+00  0.000000000000E+00
  0.000000000000E+00  0.000000000000E+00  0.000000000000E+00  0.000000000000E+00  0.000000000000E+00  0.000000000000E+00  0.000000000000E+00
  0.000000000000E+00  0.000000000000E+00  0.000000000000E+00  0.000000000000E+00  0.000000000000E+00  0.000000000000E+00  0.000000000000E+00
  0.000000000000E+00  0.000000000000E+00  0.000000000000E+00  0.000000000000E+00  0.000000000000E+00  0.000000000000E+00  0.000000000000E+00
  0.000000000000E+00  0.000000000000E+00  0.000000000000E+00  0.000000000000E+00  0.000000000000E+00  0.000000000000E+00  0.000000000000E+00
  0.100000000000E+01  0.100000000000E+01  0.100000000000E+01  0.100000000000E+01  0.100000000000E+01  0.100000000000E+01  0.100000000000E+01
  0.100000000000E+01  0.100000000000E+01  0.100000000000E+01  0.100000000000E+01  0.100000000000E+01  0.100000000000E+01  0.100000000000E+01
  0.100000000000E+01  0.100000000000E+01  0.100000000000E+01  0.100000000000E+01  0.100000000000E+01  0.100000000000E+01  0.100000000000E+01
  0.100000000000E+01  0.100000000000E+01  0.100000000000E+01  0.100000000000E+01  0.100000000000E+01  0.100000000000E+01  0.100000000000E+01
  0.100000000000E+01  0.100000000000E+01  0.100000000000E+01  0.100000000000E+01  0.100000000000E+01  0.100000000000E+01  0.100000000000E+01
  0.100000000000E+01  0.100000000000E+01  0.100000000000E+01  0.100000000000E+01  0.100000000000E+01  0.100000000000E+01  0.100000000000E+01
        22        15        10        16
        15         8         4        10
         8         9         5         4
         9         7         3         5
         7         2         1         3
        28        21        15        22
        21        13         8        15
        13        14         9         8
        14        12         7         9
        12         6         2         7
        34        27        21        28
        27        19        13        21
        19        20        14        13
        20        18        12        14
        18        11         6        12
        39        33        27        34
        33        25        19        27
        25        26        20        19
        26        24        18        20
        24        17        11        18
        41        38        33        39
        38        31        25        33
        31        32        26        25
        32        30        24        26
        30        23        17        24
        42        40        38        41
        40        36        31        38
        36        37        32        31
        37        35        30        32
        35        29        23        30
