title="tecplot geometry and solution file"
variables = x y z rho u v w p mach temperature
zone t="boundary 1 bc-1", solutiontime= 0.5000000E+02, strandid=1001, i=32, j=46, f=feblock
  0.000000000000E+00  0.000000000000E+00  0.000000000000E+00  0.000000000000E+00  0.000000000000E+00  0.000000000000E+00  0.000000000000E+00
  0.000000000000E+00  0.000000000000E+00  0.000000000000E+00  0.000000000000E+00  0.000000000000E+00  0.000000000000E+00  0.000000000000E+00
  0.000000000000E+00  0.000000000000E+00  0.000000000000E+00  0.000000000000E+00  0.000000000000E+00  0.000000000000E+00  0.000000000000E+00
  0.000000000000E+00  0.000000000000E+00  0.000000000000E+00  0.000000000000E+00  0.000000000000E+00  0.000000000000E+00  0.000000000000E+00
  0.000000000000E+00  0.000000000000E+00  0.000000000000E+00  0.000000000000E+00
  0.250000000000E+01  0.250000000000E+01  0.125000000000E+01  0.146289271009E+01  0.157686156160E+01  0.308372018325E+00  0.000000000000E+00
 -0.125000000000E+01 -0.600232012419E+00  0.250000000000E+01  0.477386199275E+00  0.742988685424E+00 -0.739814786992E+00  0.177790177481E+01
  0.155830813274E+01  0.250000000000E+01 -0.250000000000E+01 -0.154800130438E+01 -0.487811078581E+00  0.250000000000E+01  0.627766083140E+00
 -0.345533899378E+00 -0.178862290564E+01 -0.158811787973E+01  0.125000000000E+01 -0.250000000000E+01 -0.144524380962E+01  0.000000000000E+00
 -0.125000000000E+01 -0.250000000000E+01 -0.250000000000E+01 -0.250000000000E+01
  0.000000000000E+00  0.125000000000E+01  0.000000000000E+00  0.103724302461E+01  0.219251206392E+01  0.922061490191E+00  0.000000000000E+00
  0.000000000000E+00  0.715990576545E+00  0.250000000000E+01  0.202479342020E+01  0.324151231464E+01  0.175434191980E+01  0.310152362409E+01
  0.404200324774E+01  0.375000000000E+01  0.000000000000E+00  0.930412228790E+00  0.299062775774E+01  0.500000000000E+01  0.429310310915E+01
  0.409252726285E+01  0.187029682677E+01  0.284428995242E+01  0.500000000000E+01  0.125000000000E+01  0.394624082883E+01  0.500000000000E+01
  0.500000000000E+01  0.250000000000E+01  0.375000000000E+01  0.500000000000E+01
  0.134427144115E+01  0.106355395589E+01  0.142583204021E+01  0.108608796957E+01  0.103229115296E+01  0.120095364155E+01  0.164466727089E+01
  0.149409063550E+01  0.123520366842E+01  0.102389313770E+01  0.102809523638E+01  0.101301828679E+01  0.103252946693E+01  0.101471891591E+01
  0.100663883738E+01  0.100830818990E+01  0.144945745011E+01  0.116393552096E+01  0.101462863964E+01  0.100426040807E+01  0.100679807401E+01
  0.100724553314E+01  0.104668119122E+01  0.101938460932E+01  0.100424800567E+01  0.106442280108E+01  0.100789341908E+01  0.100288843755E+01
  0.100334542023E+01  0.102847362116E+01  0.100958665723E+01  0.100399273180E+01
  0.000000000000E+00  0.445481415711E+00  0.000000000000E+00  0.468737856989E+00  0.462182264715E+00  0.443613739301E+00  0.000000000000E+00
  0.000000000000E+00  0.379272523411E+00  0.471738849610E+00  0.466574953765E+00  0.479355157875E+00  0.490159652789E+00  0.484514724260E+00
  0.488524784389E+00  0.489830188680E+00  0.000000000000E+00  0.450653305550E+00  0.474814030201E+00  0.495784887672E+00  0.490899471419E+00
  0.486835368345E+00  0.448668669335E+00  0.465807175086E+00  0.496536481866E+00  0.444686657335E+00  0.487701045571E+00  0.497534090372E+00
  0.496384264468E+00  0.470002878305E+00  0.489199905747E+00  0.495522026802E+00
  0.000000000000E+00  0.000000000000E+00  0.000000000000E+00  0.186085476920E-01 -0.276688492222E-02  0.332952482754E-01  0.000000000000E+00
  0.000000000000E+00 -0.594701673797E-02  0.000000000000E+00  0.356648477955E-02 -0.566638312751E-02 -0.416060190830E-02  0.305514183265E-04
 -0.106175918593E-02  0.000000000000E+00  0.000000000000E+00 -0.764112845234E-02  0.359618974551E-03  0.000000000000E+00 -0.203512304481E-02
 -0.138312918494E-02  0.156561480792E-02 -0.158521032027E-02 -0.638374713928E-04  0.000000000000E+00 -0.283455305735E-04 -0.196339536007E-03
  0.807126751793E-03  0.000000000000E+00  0.000000000000E+00  0.000000000000E+00
  0.000000000000E+00  0.452181754242E-01  0.000000000000E+00  0.123933294737E+00  0.247647170004E-01  0.165644511269E+00  0.000000000000E+00
  0.000000000000E+00  0.155763096518E+00  0.351822587008E-02  0.259783172673E-01 -0.651224681457E-02  0.748997916800E-01  0.371839286774E-02
 -0.149294496814E-03  0.459062411473E-03  0.000000000000E+00  0.140954084013E+00 -0.808565307623E-02  0.237177353455E-02 -0.304305761229E-03
 -0.438193608771E-02  0.255017489730E-01 -0.194957038561E-02  0.308362542542E-02  0.837461427719E-01 -0.121909321346E-02  0.268514640593E-02
  0.264043136044E-02  0.279387059905E-02 -0.834662798570E-03  0.345019199267E-02
  0.960184570725E+00  0.782340562041E+00  0.101844204767E+01  0.808726657861E+00  0.746125891983E+00  0.879446499048E+00  0.117475225461E+01
  0.106719924158E+01  0.916620146758E+00  0.737395238773E+00  0.743553972606E+00  0.725759211338E+00  0.757455250889E+00  0.729188343626E+00
  0.720785048210E+00  0.722781670906E+00  0.103531921516E+01  0.858317140620E+00  0.728065073295E+00  0.718615293716E+00  0.721013448691E+00
  0.721151587048E+00  0.760018786218E+00  0.732628403441E+00  0.718531161583E+00  0.791043235458E+00  0.722107949697E+00  0.717199382926E+00
  0.717636870733E+00  0.741799737325E+00  0.724056580038E+00  0.718400634580E+00
  0.000000000000E+00  0.441238348737E+00  0.000000000000E+00  0.475214987202E+00  0.460123709102E+00  0.468827815364E+00  0.000000000000E+00
  0.000000000000E+00  0.402302517119E+00  0.469814974641E+00  0.464411129322E+00  0.478714034439E+00  0.489298241485E+00  0.483068558077E+00
  0.487930073167E+00  0.488961654934E+00  0.000000000000E+00  0.464775722277E+00  0.473795652216E+00  0.495346591690E+00  0.490266103294E+00
  0.486286083940E+00  0.445717618435E+00  0.464382275091E+00  0.496127394943E+00  0.443624103213E+00  0.486964461886E+00  0.497246279773E+00
  0.496059270926E+00  0.467732355723E+00  0.488212087504E+00  0.495098264889E+00
  0.999990297993E+00  0.102982719475E+01  0.999990760848E+00  0.104247294209E+01  0.101190080510E+01  0.102520618288E+01  0.999991418058E+00
  0.999992170967E+00  0.103891223632E+01  0.100826277301E+01  0.101252833863E+01  0.100300548285E+01  0.102702865652E+01  0.100605563282E+01
  0.100244400476E+01  0.100355660045E+01  0.999992722187E+00  0.103239739249E+01  0.100459524085E+01  0.100179336268E+01  0.100260305837E+01
  0.100234966416E+01  0.101657153069E+01  0.100617544687E+01  0.100168844801E+01  0.104043292620E+01  0.100303376373E+01  0.100118726920E+01
  0.100134171021E+01  0.100976788407E+01  0.100405369345E+01  0.100176112491E+01
        12        19        11        11
        11         5        12        12
        10        14         5         5
        19        13        11        11
        19        24        13        13
        30        23        24        24
        19        12        22        22
        28        22        21        21
        11        13         6         6
         7         6         9         9
        15        12        14        14
        18        13        23        23
        15        25        21        21
        27        19        22        22
        18         8         9         9
        27        31        24        24
         4        11         6         6
         5        14        12        12
         4         2         5         5
        21        12        15        15
        14        16        15        15
        24        19        27        27
        22        29        27        27
        23        26        18        18
        17         8        18        18
         5        11         4         4
         6         3         4         4
        26        23        30        30
         5         2        10        10
        16        14        10        10
         3         6         7         7
        21        25        28        28
        29        22        28        28
         6        13         9         9
         2         4         1         1
        31        27        32        32
        25        15        20        20
        24        23        13        13
         8         7         9         9
        13        18         9         9
        31        30        24        24
        12        21        22        22
        29        32        27        27
         3         1         4         4
        26        17        18        18
        16        20        15        15
zone t="boundary 2 bc-2", solutiontime= 0.5000000E+02, strandid=1002, i=33, j=48, f=feblock
  0.500000000000E+01  0.375000000000E+01  0.250000000000E+01  0.288078410721E+01  0.125000000000E+01  0.190974100652E+01  0.326683758169E+01
  0.201431602454E+01  0.000000000000E+00  0.963108083381E+00  0.500000000000E+01  0.403552511878E+01  0.423153924130E+01  0.500000000000E+01
  0.385533350601E+01  0.500000000000E+01  0.398173246726E+01  0.315249557942E+01  0.267000324704E+01  0.154774304040E+01  0.218329375016E+01
  0.893127759452E+00  0.000000000000E+00  0.698517061619E+00  0.964171764089E+00  0.310324758057E+01  0.000000000000E+00  0.000000000000E+00
  0.125000000000E+01  0.500000000000E+01  0.375000000000E+01  0.250000000000E+01  0.000000000000E+00
 -0.250000000000E+01 -0.250000000000E+01 -0.250000000000E+01 -0.250000000000E+01 -0.250000000000E+01 -0.250000000000E+01 -0.250000000000E+01
 -0.250000000000E+01 -0.250000000000E+01 -0.250000000000E+01 -0.250000000000E+01 -0.250000000000E+01 -0.250000000000E+01 -0.250000000000E+01
 -0.250000000000E+01 -0.250000000000E+01 -0.250000000000E+01 -0.250000000000E+01 -0.250000000000E+01 -0.250000000000E+01 -0.250000000000E+01
 -0.250000000000E+01 -0.250000000000E+01 -0.250000000000E+01 -0.250000000000E+01 -0.250000000000E+01 -0.250000000000E+01 -0.250000000000E+01
 -0.250000000000E+01 -0.250000000000E+01 -0.250000000000E+01 -0.250000000000E+01 -0.250000000000E+01
  0.000000000000E+00  0.000000000000E+00  0.000000000000E+00  0.904659890645E+00  0.000000000000E+00  0.717002441913E+00  0.188609243358E+01
  0.176246431481E+01  0.000000000000E+00  0.961328577125E+00  0.125000000000E+01  0.101201586758E+01  0.191586535653E+01  0.250000000000E+01
  0.293121848150E+01  0.375000000000E+01  0.406975391361E+01  0.363585050272E+01  0.285047954584E+01  0.292817774674E+01  0.395907379566E+01
  0.205246550326E+01  0.125000000000E+01  0.306828197606E+01  0.397245519226E+01  0.433168271247E+01  0.250000000000E+01  0.375000000000E+01
  0.500000000000E+01  0.500000000000E+01  0.500000000000E+01  0.500000000000E+01  0.500000000000E+01
  0.830787402027E+00  0.935297253845E+00  0.934221980412E+00  0.968087712749E+00  0.961719527936E+00  0.964848332458E+00  0.984136201264E+00
  0.991412447253E+00  0.144945745011E+01  0.102921689309E+01  0.955878696497E+00  0.960692919841E+00  0.981487961827E+00  0.100642910921E+01
  0.997912123470E+00  0.100977863981E+01  0.100199481676E+01  0.998063236996E+00  0.991085838873E+00  0.100132719326E+01  0.100094600677E+01
  0.101224609880E+01  0.106442280108E+01  0.101082190522E+01  0.100685258269E+01  0.100118414308E+01  0.102847362116E+01  0.100958665723E+01
  0.100510171606E+01  0.100179475822E+01  0.100266315899E+01  0.100321164508E+01  0.100399273180E+01
  0.000000000000E+00  0.000000000000E+00  0.000000000000E+00  0.378986941092E+00  0.000000000000E+00  0.340639444278E+00  0.582179008530E+00
  0.575195820365E+00  0.000000000000E+00  0.489449421376E+00  0.494741335213E+00  0.431507387498E+00  0.568961825138E+00  0.536179830437E+00
  0.568879739627E+00  0.516235684944E+00  0.508555698964E+00  0.527399282554E+00  0.566648549417E+00  0.531828923560E+00  0.506096460512E+00
  0.520701999199E+00  0.444686657335E+00  0.491339919799E+00  0.492734936175E+00  0.501504485008E+00  0.470002878305E+00  0.489199905747E+00
  0.490458183116E+00  0.491426954050E+00  0.486218275739E+00  0.490304438788E+00  0.495522026802E+00
  0.000000000000E+00  0.000000000000E+00  0.000000000000E+00  0.000000000000E+00  0.000000000000E+00  0.000000000000E+00  0.000000000000E+00
  0.000000000000E+00  0.000000000000E+00  0.000000000000E+00  0.000000000000E+00  0.000000000000E+00  0.000000000000E+00  0.000000000000E+00
  0.000000000000E+00  0.000000000000E+00  0.000000000000E+00  0.000000000000E+00  0.000000000000E+00  0.000000000000E+00  0.000000000000E+00
  0.000000000000E+00  0.000000000000E+00  0.000000000000E+00  0.000000000000E+00  0.000000000000E+00  0.000000000000E+00  0.000000000000E+00
  0.000000000000E+00  0.000000000000E+00  0.000000000000E+00  0.000000000000E+00  0.000000000000E+00
  0.000000000000E+00  0.000000000000E+00  0.000000000000E+00 -0.229669069234E-02  0.000000000000E+00  0.183565247005E-01  0.121122187288E-01
  0.454986544141E-01  0.000000000000E+00  0.870789630515E-01 -0.995426188018E-01 -0.211864969408E-01 -0.306441471538E-01 -0.414442958806E-01
 -0.137882999036E-02  0.259919292771E-02  0.609480398709E-03  0.503573372910E-03  0.150967303972E-01  0.284025721065E-01  0.564163874563E-02
  0.553419830768E-01  0.837461427719E-01  0.110441020924E-01  0.679169181673E-02 -0.758115496080E-03  0.279387059905E-02 -0.834662798570E-03
  0.400708355036E-02  0.602719328640E-02 -0.143884325931E-03  0.120121357194E-02  0.345019199267E-02
  0.593415709244E+00  0.668065253327E+00  0.667297107163E+00  0.684257572392E+00  0.686937806422E+00  0.679201335847E+00  0.695811645375E+00
  0.702343853147E+00  0.103531921516E+01  0.723694676362E+00  0.672591690953E+00  0.675702734186E+00  0.694093188838E+00  0.720959962602E+00
  0.712691281882E+00  0.724770830454E+00  0.716580562842E+00  0.713298991767E+00  0.706429557519E+00  0.717737238881E+00  0.715376602337E+00
  0.730937674846E+00  0.791043235458E+00  0.724372849796E+00  0.721010721271E+00  0.715457540467E+00  0.741799737325E+00  0.724056580038E+00
  0.719312937993E+00  0.715892799135E+00  0.716608904363E+00  0.717367939230E+00  0.718400634580E+00
  0.000000000000E+00  0.000000000000E+00  0.000000000000E+00  0.380991906597E+00  0.000000000000E+00  0.343629825067E+00  0.585286157426E+00
  0.579373263971E+00  0.000000000000E+00  0.501056068765E+00  0.508460362380E+00  0.435373027306E+00  0.572640041318E+00  0.537002098801E+00
  0.568922553955E+00  0.514994090460E+00  0.508247258923E+00  0.527252853937E+00  0.567446661244E+00  0.531657144094E+00  0.505981017199E+00
  0.520795579303E+00  0.443624103213E+00  0.490663730688E+00  0.492155873859E+00  0.501390785595E+00  0.467732355723E+00  0.488212087504E+00
  0.490002767159E+00  0.491352304365E+00  0.486075474558E+00  0.490036479618E+00  0.495098264889E+00
  0.999993489206E+00  0.999993692714E+00  0.999993545021E+00  0.989539055949E+00  0.999993138389E+00  0.985524707043E+00  0.989838908755E+00
  0.991798516481E+00  0.999992722187E+00  0.984411112670E+00  0.985091906311E+00  0.984689080478E+00  0.990058464461E+00  0.100289621833E+01
  0.999855369193E+00  0.100485306643E+01  0.100121554643E+01  0.100055642915E+01  0.997896793331E+00  0.100350029560E+01  0.100058068717E+01
  0.101093276230E+01  0.104043292620E+01  0.100326475364E+01  0.100254498736E+01  0.100045587376E+01  0.100976788407E+01  0.100405369345E+01
  0.100192656833E+01  0.100045434513E+01  0.100058774187E+01  0.100109993723E+01  0.100176112491E+01
        15         7        19        19
         8        20        19        19
        18        19        21        21
         7         4         8         8
         3         6         4         4
        19         7         8         8
        19        18        15        15
        14        13        15        15
         8        22        20        20
        27        24        22        22
        19        20        21        21
        32        26        21        21
        17        18        26        26
        17        16        15        15
        25        29        21        21
        12         7        13        13
        10         8         6         6
        25        20        24        24
         4         6         8         8
        12         2         4         4
        10        23        22        22
        26        31        17        17
        30        16        17        17
         4         7        12        12
        13        11        12        12
        21        20        25        25
        24        28        25        25
        22         8        10        10
         6         5        10        10
        31        26        32        32
         4         2         3         3
         5         6         3         3
        11        13        14        14
        22        23        27        27
        28        24        27        27
        15        13         7         7
         2        12         1         1
        29        25        33        33
        23        10         9         9
        21        26        18        18
        16        14        15        15
        18        17        15        15
        29        32        21        21
        22        24        20        20
        28        33        25        25
        11         1        12        12
        31        30        17        17
         5         9        10        10
zone t="boundary 3 bc-3", solutiontime= 0.5000000E+02, strandid=1003, i=33, j=48, f=feblock
  0.375000000000E+01  0.250000000000E+01  0.500000000000E+01  0.403552511878E+01  0.288078410721E+01  0.125000000000E+01  0.190974100652E+01
  0.500000000000E+01  0.326683758169E+01  0.423153924130E+01  0.201431602454E+01  0.000000000000E+00  0.963108083381E+00  0.500000000000E+01
  0.267000324704E+01  0.385533350601E+01  0.893127759452E+00  0.154774304040E+01  0.000000000000E+00  0.500000000000E+01  0.315249557942E+01
  0.218329375016E+01  0.398173246726E+01  0.000000000000E+00  0.698517061619E+00  0.964171764089E+00  0.125000000000E+01  0.000000000000E+00
  0.500000000000E+01  0.310324758057E+01  0.250000000000E+01  0.375000000000E+01  0.000000000000E+00
  0.250000000000E+01  0.250000000000E+01  0.250000000000E+01  0.250000000000E+01  0.250000000000E+01  0.250000000000E+01  0.250000000000E+01
  0.250000000000E+01  0.250000000000E+01  0.250000000000E+01  0.250000000000E+01  0.250000000000E+01  0.250000000000E+01  0.250000000000E+01
  0.250000000000E+01  0.250000000000E+01  0.250000000000E+01  0.250000000000E+01  0.250000000000E+01  0.250000000000E+01  0.250000000000E+01
  0.250000000000E+01  0.250000000000E+01  0.250000000000E+01  0.250000000000E+01  0.250000000000E+01  0.250000000000E+01  0.250000000000E+01
  0.250000000000E+01  0.250000000000E+01  0.250000000000E+01  0.250000000000E+01  0.250000000000E+01
  0.000000000000E+00  0.000000000000E+00  0.000000000000E+00  0.101201586758E+01  0.904659890645E+00  0.000000000000E+00  0.717002441913E+00
  0.125000000000E+01  0.188609243358E+01  0.191586535653E+01  0.176246431481E+01  0.000000000000E+00  0.961328577125E+00  0.250000000000E+01
  0.285047954584E+01  0.293121848150E+01  0.205246550326E+01  0.292817774674E+01  0.125000000000E+01  0.375000000000E+01  0.363585050272E+01
  0.395907379566E+01  0.406975391361E+01  0.250000000000E+01  0.306828197606E+01  0.397245519226E+01  0.500000000000E+01  0.375000000000E+01
  0.500000000000E+01  0.433168271247E+01  0.500000000000E+01  0.500000000000E+01  0.500000000000E+01
  0.941861272045E+00  0.946296417825E+00  0.843730488800E+00  0.964331005559E+00  0.978820742366E+00  0.956975889923E+00  0.983331402363E+00
  0.963500316270E+00  0.982689306360E+00  0.984243965230E+00  0.990263815660E+00  0.134427144115E+01  0.101918251244E+01  0.100829903910E+01
  0.993456155327E+00  0.997998684807E+00  0.100807808370E+01  0.100072116334E+01  0.106355395589E+01  0.100673529113E+01  0.100058356132E+01
  0.100234980715E+01  0.100178076607E+01  0.102389313770E+01  0.100874208371E+01  0.100528370888E+01  0.100522860290E+01  0.100830818990E+01
  0.100196461972E+01  0.100162012353E+01  0.100413205348E+01  0.100321958195E+01  0.100426040807E+01
  0.000000000000E+00  0.000000000000E+00  0.000000000000E+00  0.439071269848E+00  0.399865812924E+00  0.000000000000E+00  0.373794144575E+00
  0.495017674076E+00  0.573056189820E+00  0.569605109132E+00  0.559932658470E+00  0.000000000000E+00  0.483390704265E+00  0.533822130939E+00
  0.556458762714E+00  0.564688361209E+00  0.522615496298E+00  0.522533036137E+00  0.445481415711E+00  0.518326923304E+00  0.524750914823E+00
  0.503888174054E+00  0.509839741708E+00  0.471738849610E+00  0.496245454675E+00  0.494940396441E+00  0.489076359090E+00  0.489830188680E+00
  0.493064989612E+00  0.499146610250E+00  0.486766643161E+00  0.484757875548E+00  0.495784887672E+00
  0.000000000000E+00  0.000000000000E+00  0.000000000000E+00  0.000000000000E+00  0.000000000000E+00  0.000000000000E+00  0.000000000000E+00
  0.000000000000E+00  0.000000000000E+00  0.000000000000E+00  0.000000000000E+00  0.000000000000E+00  0.000000000000E+00  0.000000000000E+00
  0.000000000000E+00  0.000000000000E+00  0.000000000000E+00  0.000000000000E+00  0.000000000000E+00  0.000000000000E+00  0.000000000000E+00
  0.000000000000E+00  0.000000000000E+00  0.000000000000E+00  0.000000000000E+00  0.000000000000E+00  0.000000000000E+00  0.000000000000E+00
  0.000000000000E+00  0.000000000000E+00  0.000000000000E+00  0.000000000000E+00  0.000000000000E+00
  0.000000000000E+00  0.000000000000E+00  0.000000000000E+00 -0.226115193337E-01  0.111963814827E-01  0.000000000000E+00  0.179816808187E-01
 -0.100761226822E+00  0.390410728989E-02 -0.389325420825E-01  0.340377322317E-01  0.000000000000E+00  0.652293774575E-01 -0.424929697535E-01
  0.843880998738E-02 -0.650994088500E-02  0.490054838476E-01  0.135873482142E-01  0.452181754242E-01  0.737197917672E-03 -0.701223201972E-03
  0.243744337926E-02  0.868930259533E-03  0.351822587008E-02  0.103945254204E-01  0.431655361186E-02  0.337507272865E-02  0.459062411473E-03
  0.572579789305E-02  0.341102215549E-03  0.160978411825E-02  0.569905672069E-03  0.237177353455E-02
  0.672750879524E+00  0.675918855778E+00  0.602658384509E+00  0.676093765124E+00  0.691308921402E+00  0.683547254826E+00  0.690066482762E+00
  0.677274863952E+00  0.695201828061E+00  0.696250866444E+00  0.703344068704E+00  0.960184570725E+00  0.719726359006E+00  0.722866646076E+00
  0.709447759087E+00  0.713700946720E+00  0.726067413879E+00  0.716602922681E+00  0.782340562041E+00  0.722284531899E+00  0.716128637150E+00
  0.716551643752E+00  0.716546536612E+00  0.737395238773E+00  0.722682910861E+00  0.719441264092E+00  0.719566095208E+00  0.722781670906E+00
  0.716030183374E+00  0.715847822328E+00  0.718146782952E+00  0.717062470380E+00  0.718615293716E+00
  0.000000000000E+00  0.000000000000E+00  0.000000000000E+00  0.443767748194E+00  0.402286945342E+00  0.000000000000E+00  0.377550368833E+00
  0.509232119861E+00  0.575832179111E+00  0.573707404837E+00  0.562554063968E+00  0.000000000000E+00  0.490563298882E+00  0.534527097265E+00
  0.556586981832E+00  0.564391578054E+00  0.522730517346E+00  0.522052000091E+00  0.441238348737E+00  0.517182330302E+00  0.524228629921E+00
  0.503687457299E+00  0.509488566397E+00  0.469814974641E+00  0.495614442525E+00  0.494483780187E+00  0.488562429146E+00  0.488961654934E+00
  0.492980746299E+00  0.499005550433E+00  0.486460937290E+00  0.484596931258E+00  0.495346591690E+00
  0.999989339501E+00  0.999989411631E+00  0.999989628812E+00  0.981541883147E+00  0.988773989018E+00  0.999989829246E+00  0.982469464054E+00
  0.984104305438E+00  0.990427547127E+00  0.990355285332E+00  0.994362997631E+00  0.999990297993E+00  0.988652071943E+00  0.100368369428E+01
  0.999769197057E+00  0.100118501218E+01  0.100834885300E+01  0.100252111028E+01  0.102982719475E+01  0.100443319467E+01  0.100199536627E+01
  0.100082056593E+01  0.100138192431E+01  0.100826277301E+01  0.100298787128E+01  0.100192389554E+01  0.100215267491E+01  0.100355660045E+01
  0.100047670046E+01  0.100056591089E+01  0.100126820237E+01  0.100066573320E+01  0.100179336268E+01
        15         9        16        16
        15        18        11        11
        22        15        21        21
        11         5         9         9
         5         7         2         2
        11         9        15        15
        16        21        15        15
        16        10        14        14
        18        17        11        11
        17        25        24        24
        22        18        15        15
        22        30        31        31
        30        21        23        23
        16        20        23        23
        22        27        26        26
        10         9         4         4
         7        11        13        13
        25        18        26        26
        11         7         5         5
         5         1         4         4
        17        19        13        13
        23        32        30        30
        23        20        29        29
         4         9         5         5
         4         8        10        10
        26        18        22        22
        26        28        25        25
        13        11        17        17
        13         6         7         7
        31        30        32        32
         2         1         5         5
         2         7         6         6
        14        10         8         8
        24        19        17        17
        24        25        28        28
         9        10        16        16
         3         4         1         1
        33        26        27        27
        12        13        19        19
        21        30        22        22
        16        14        20        20
        16        23        21        21
        22        31        27        27
        18        25        17        17
        26        33        28        28
         4         3         8         8
        23        29        32        32
        13        12         6         6
zone t="boundary 4 bc-4", solutiontime= 0.5000000E+02, strandid=1004, i=32, j=46, f=feblock
  0.125000000000E+01  0.219251206392E+01  0.103724302461E+01  0.500000000000E+01  0.250000000000E+01  0.375000000000E+01  0.404200324774E+01
  0.500000000000E+01  0.000000000000E+00  0.310152362409E+01  0.202479342020E+01  0.324151231464E+01  0.922061490191E+00  0.000000000000E+00
  0.299062775774E+01  0.394624082883E+01  0.500000000000E+01  0.409252726285E+01  0.500000000000E+01  0.429310310915E+01  0.175434191980E+01
  0.284428995242E+01  0.000000000000E+00  0.000000000000E+00  0.715990576545E+00  0.930412228790E+00  0.125000000000E+01  0.187029682677E+01
  0.500000000000E+01  0.375000000000E+01  0.250000000000E+01  0.000000000000E+00
  0.250000000000E+01  0.157686156160E+01  0.146289271009E+01  0.250000000000E+01  0.250000000000E+01  0.250000000000E+01  0.155830813274E+01
  0.125000000000E+01  0.250000000000E+01  0.177790177481E+01  0.477386199275E+00  0.742988685424E+00  0.308372018325E+00  0.125000000000E+01
 -0.487811078581E+00 -0.144524380962E+01 -0.125000000000E+01 -0.345533899378E+00  0.000000000000E+00  0.627766083140E+00 -0.739814786992E+00
 -0.158811787973E+01  0.000000000000E+00 -0.125000000000E+01 -0.600232012419E+00 -0.154800130438E+01 -0.250000000000E+01 -0.178862290564E+01
 -0.250000000000E+01 -0.250000000000E+01 -0.250000000000E+01 -0.250000000000E+01
  0.500000000000E+01  0.500000000000E+01  0.500000000000E+01  0.500000000000E+01  0.500000000000E+01  0.500000000000E+01  0.500000000000E+01
  0.500000000000E+01  0.500000000000E+01  0.500000000000E+01  0.500000000000E+01  0.500000000000E+01  0.500000000000E+01  0.500000000000E+01
  0.500000000000E+01  0.500000000000E+01  0.500000000000E+01  0.500000000000E+01  0.500000000000E+01  0.500000000000E+01  0.500000000000E+01
  0.500000000000E+01  0.500000000000E+01  0.500000000000E+01  0.500000000000E+01  0.500000000000E+01  0.500000000000E+01  0.500000000000E+01
  0.500000000000E+01  0.500000000000E+01  0.500000000000E+01  0.500000000000E+01
  0.100522860290E+01  0.100432972627E+01  0.100432034570E+01  0.100196461972E+01  0.100413205348E+01  0.100321958195E+01  0.100258623312E+01
  0.100201175427E+01  0.100426040807E+01  0.100372310370E+01  0.100446502178E+01  0.100346952066E+01  0.100365984923E+01  0.100424800567E+01
  0.100362337493E+01  0.100164191959E+01  0.100227632646E+01  0.100227311660E+01  0.100213446727E+01  0.100254347679E+01  0.100442386304E+01
  0.100337263987E+01  0.100288843755E+01  0.100334542023E+01  0.100323223007E+01  0.100406087099E+01  0.100510171606E+01  0.100431307064E+01
  0.100179475822E+01  0.100266315899E+01  0.100321164508E+01  0.100399273180E+01
  0.489076359090E+00  0.489238599931E+00  0.490983331982E+00  0.493064989612E+00  0.486766643161E+00  0.484757875548E+00  0.485404962374E+00
  0.494262736425E+00  0.495784887672E+00  0.486800249481E+00  0.488139338385E+00  0.487244596274E+00  0.494423293235E+00  0.496536481866E+00
  0.487845784670E+00  0.483219470630E+00  0.492573587990E+00  0.487262282247E+00  0.494865949255E+00  0.488012497552E+00  0.490096717078E+00
  0.488269666874E+00  0.497534090372E+00  0.496384264468E+00  0.495259755935E+00  0.493216439090E+00  0.490458183116E+00  0.490400009331E+00
  0.491426954050E+00  0.486218275739E+00  0.490304438788E+00  0.495522026802E+00
  0.000000000000E+00 -0.893973186171E-04 -0.129755082295E-02  0.000000000000E+00  0.000000000000E+00  0.000000000000E+00  0.425702057634E-03
  0.797025612147E-03  0.000000000000E+00  0.274713445261E-03 -0.942430800534E-03 -0.820004664953E-03 -0.174523846040E-02 -0.638374713928E-04
 -0.110022565853E-02 -0.102277308241E-02 -0.133259049171E-02 -0.213433858584E-02 -0.132929166687E-02 -0.106401013009E-02 -0.624408468010E-03
 -0.761701585883E-03 -0.196339536007E-03  0.807126751793E-03  0.520226554681E-04  0.161630473999E-02  0.000000000000E+00  0.791647259486E-03
  0.000000000000E+00  0.000000000000E+00  0.000000000000E+00  0.000000000000E+00
  0.337507272865E-02  0.271221793105E-02  0.385738576563E-02  0.572579789305E-02  0.160978411825E-02  0.569905672069E-03  0.203987601160E-02
  0.493731091024E-02  0.237177353455E-02  0.107168995836E-02  0.201396402062E-02 -0.165356847971E-04  0.501060099244E-02  0.308362542542E-02
  0.287909809279E-04  0.111420314047E-02  0.487151853249E-02  0.118268158219E-02  0.497034557529E-02  0.146529654458E-02  0.271572453976E-02
  0.899662265622E-04  0.268514640593E-02  0.264043136044E-02  0.438666764802E-02  0.489569330497E-02  0.400708355036E-02  0.232275519037E-02
  0.602719328640E-02 -0.143884325931E-03  0.120121357194E-02  0.345019199267E-02
  0.719566095208E+00  0.718473475176E+00  0.718651091004E+00  0.716030183374E+00  0.718146782952E+00  0.717062470380E+00  0.716314618346E+00
  0.716083346539E+00  0.718615293716E+00  0.717750685513E+00  0.718429581908E+00  0.717283116590E+00  0.718078237115E+00  0.718531161583E+00
  0.717564005854E+00  0.715464773139E+00  0.716504897047E+00  0.716068795956E+00  0.716255182081E+00  0.716270748331E+00  0.718698532792E+00
  0.717403234892E+00  0.717199382926E+00  0.717636870733E+00  0.717544911885E+00  0.718476366523E+00  0.719312937993E+00  0.718541156691E+00
  0.715892799135E+00  0.716608904363E+00  0.717367939230E+00  0.718400634580E+00
  0.488562429146E+00  0.488873128636E+00  0.490562940071E+00  0.492980746299E+00  0.486460937290E+00  0.484596931258E+00  0.485347902660E+00
  0.494163545346E+00  0.495346591690E+00  0.486528234210E+00  0.487819999940E+00  0.487068919305E+00  0.494045905119E+00  0.496127394943E+00
  0.487612359489E+00  0.483219723871E+00  0.492395511533E+00  0.487214145782E+00  0.494738987861E+00  0.487958532074E+00  0.489677249778E+00
  0.488029107085E+00  0.497246279773E+00  0.496059270926E+00  0.494951052578E+00  0.492800374005E+00  0.490002767159E+00  0.490005124874E+00
  0.491352304365E+00  0.486075474558E+00  0.490036479618E+00  0.495098264889E+00
  0.100215267491E+01  0.100152652952E+01  0.100178347647E+01  0.100047670046E+01  0.100126820237E+01  0.100066573320E+01  0.100025357676E+01
  0.100050391713E+01  0.100179336268E+01  0.100112367247E+01  0.100133045239E+01  0.100072432949E+01  0.100164366715E+01  0.100168844801E+01
  0.100096274488E+01  0.100000874844E+01  0.100082864314E+01  0.100022269153E+01  0.100062146115E+01  0.100023497323E+01  0.100174635722E+01
  0.100098855494E+01  0.100118726920E+01  0.100134171021E+01  0.100132635947E+01  0.100179873770E+01  0.100192656833E+01  0.100163748614E+01
  0.100045434513E+01  0.100058774187E+01  0.100109993723E+01  0.100176112491E+01
        12        15        11        11
        11         2        12        12
         5        10         2         2
        15        21        11        11
        15        22        21        21
        31        28        22        22
        15        12        18        18
        19        18        20        20
        11        21        13        13
        23        13        25        25
         7        12        10        10
        26        21        28        28
         7         8        20        20
        16        15        18        18
        26        24        25        25
        16        30        22        22
         3        11        13        13
         2        10        12        12
         3         1         2         2
        20        12         7         7
        10         6         7         7
        22        15        16        16
        18        17        16        16
        28        27        26        26
        32        24        26        26
         2        11         3         3
        13        14         3         3
        27        28        31        31
         2         1         5         5
         6        10         5         5
        14        13        23        23
        20         8        19        19
        17        18        19        19
        13        21        25        25
         1         3         9         9
        30        16        29        29
         8         7         4         4
        22        28        21        21
        24        23        25        25
        21        26        25        25
        30        31        22        22
        12        20        18        18
        17        29        16        16
        14         9         3         3
        27        32        26        26
         6         4         7         7
zone t="boundary 5 bc-5", solutiontime= 0.5000000E+02, strandid=1005, i=33, j=48, f=feblock
  0.500000000000E+01  0.500000000000E+01  0.500000000000E+01  0.500000000000E+01  0.500000000000E+01  0.500000000000E+01  0.500000000000E+01
  0.500000000000E+01  0.500000000000E+01  0.500000000000E+01  0.500000000000E+01  0.500000000000E+01  0.500000000000E+01  0.500000000000E+01
  0.500000000000E+01  0.500000000000E+01  0.500000000000E+01  0.500000000000E+01  0.500000000000E+01  0.500000000000E+01  0.500000000000E+01
  0.500000000000E+01  0.500000000000E+01  0.500000000000E+01  0.500000000000E+01  0.500000000000E+01  0.500000000000E+01  0.500000000000E+01
  0.500000000000E+01  0.500000000000E+01  0.500000000000E+01  0.500000000000E+01  0.500000000000E+01
  0.250000000000E+01  0.125000000000E+01  0.250000000000E+01  0.157899473280E+01  0.000000000000E+00  0.659350882208E+00  0.250000000000E+01
  0.173899611320E+01  0.825621401394E+00  0.132549389334E+01 -0.125000000000E+01 -0.322732261638E+00  0.250000000000E+01  0.490615021923E-01
 -0.873141960959E+00  0.350800286361E+00  0.145332269920E+01 -0.250000000000E+01 -0.147959633950E+01  0.250000000000E+01 -0.857924212153E+00
 -0.165007033378E+01  0.518568023061E+00 -0.461282870254E+00  0.125000000000E+01 -0.250000000000E+01 -0.183684615440E+01 -0.158398995423E+01
 -0.250000000000E+01 -0.250000000000E+01 -0.125000000000E+01  0.000000000000E+00 -0.250000000000E+01
  0.000000000000E+00  0.000000000000E+00  0.125000000000E+01  0.905837536509E+00  0.000000000000E+00  0.735450417037E+00  0.250000000000E+01
  0.182727219356E+01  0.162230260845E+01  0.280856328277E+01  0.000000000000E+00  0.109945440014E+01  0.375000000000E+01  0.227317933631E+01
  0.189599568386E+01  0.342819755379E+01  0.403384942830E+01  0.000000000000E+00  0.104050588738E+01  0.500000000000E+01  0.297954017413E+01
  0.214587157439E+01  0.430969386006E+01  0.408642231822E+01  0.500000000000E+01  0.125000000000E+01  0.304506426164E+01  0.398205049073E+01
  0.250000000000E+01  0.375000000000E+01  0.500000000000E+01  0.500000000000E+01  0.500000000000E+01
  0.843730488800E+00  0.773800427971E+00  0.963500316270E+00  0.924939842330E+00  0.762981892115E+00  0.875168887920E+00  0.100829903910E+01
  0.990761266603E+00  0.976727187272E+00  0.100514032574E+01  0.766457791423E+00  0.908966785578E+00  0.100673529113E+01  0.100560973785E+01
  0.986056724371E+00  0.101043864863E+01  0.100450492521E+01  0.830787402027E+00  0.914364206936E+00  0.100196461972E+01  0.101288280311E+01
  0.100045262107E+01  0.100546828148E+01  0.100583108782E+01  0.100201175427E+01  0.955878696497E+00  0.101161895141E+01  0.100703675609E+01
  0.100642910921E+01  0.100977863981E+01  0.100227632646E+01  0.100213446727E+01  0.100179475822E+01
  0.000000000000E+00  0.000000000000E+00  0.495017674076E+00  0.452411218992E+00  0.000000000000E+00  0.460317361389E+00  0.533822130939E+00
  0.528246197038E+00  0.524489273076E+00  0.541031273102E+00  0.000000000000E+00  0.493169666136E+00  0.518326923304E+00  0.537410527574E+00
  0.536126148216E+00  0.530985615769E+00  0.511794201453E+00  0.000000000000E+00  0.478351751130E+00  0.493064989612E+00  0.532835831780E+00
  0.529743424772E+00  0.506365672166E+00  0.512957928722E+00  0.494262736425E+00  0.494741335213E+00  0.530894103738E+00  0.512877732108E+00
  0.536179830437E+00  0.516235684944E+00  0.492573587990E+00  0.494865949255E+00  0.491426954050E+00
  0.000000000000E+00  0.000000000000E+00  0.000000000000E+00 -0.192256289603E-01  0.000000000000E+00 -0.782162425389E-02  0.000000000000E+00
 -0.731618909001E-02 -0.132772513904E-01 -0.770193838886E-04  0.000000000000E+00 -0.648828180869E-02  0.000000000000E+00 -0.438715828044E-03
  0.446873792014E-02  0.314795903313E-02  0.218335982903E-02  0.000000000000E+00  0.142733304099E-01  0.000000000000E+00  0.343441747070E-02
  0.491448165919E-02  0.170477765116E-02  0.690710923207E-03  0.797025612147E-03  0.000000000000E+00  0.192084699148E-02  0.477061597379E-03
  0.000000000000E+00  0.000000000000E+00 -0.133259049171E-02 -0.132929166687E-02  0.000000000000E+00
  0.000000000000E+00  0.000000000000E+00 -0.100761226822E+00 -0.112167822631E+00  0.000000000000E+00 -0.987545098464E-01 -0.424929697535E-01
 -0.801005065093E-01 -0.946250960356E-01 -0.278109249283E-01  0.000000000000E+00 -0.989525250113E-01  0.737197917672E-03 -0.587327759576E-01
 -0.809645738884E-01 -0.600286341040E-02  0.423076906448E-02  0.000000000000E+00 -0.100473230705E+00  0.572579789305E-02 -0.193533082659E-01
 -0.680713384603E-01  0.681905601821E-02  0.515492166152E-02  0.493731091024E-02 -0.995426188018E-01 -0.157580030175E-01  0.507087574856E-02
 -0.414442958806E-01  0.259919292771E-02  0.487151853249E-02  0.497034557529E-02  0.602719328640E-02
  0.602658384509E+00  0.552709220828E+00  0.677274863952E+00  0.645108612527E+00  0.544982428077E+00  0.599517148657E+00  0.722866646076E+00
  0.703744455487E+00  0.691534286411E+00  0.720507472066E+00  0.547465920807E+00  0.630782399338E+00  0.722284531899E+00  0.722089069406E+00
  0.702365844339E+00  0.726526611887E+00  0.719694279196E+00  0.593415709244E+00  0.635820122973E+00  0.716030183374E+00  0.729014168554E+00
  0.715528229709E+00  0.720447107729E+00  0.721204027716E+00  0.716083346539E+00  0.672591690953E+00  0.726895552275E+00  0.722102549132E+00
  0.720959962602E+00  0.724770830454E+00  0.716504897047E+00  0.716255182081E+00  0.715892799135E+00
  0.000000000000E+00  0.000000000000E+00  0.509232119861E+00  0.472098748849E+00  0.000000000000E+00  0.480805631442E+00  0.534527097265E+00
  0.535829285876E+00  0.535479022323E+00  0.540786045520E+00  0.000000000000E+00  0.510356198037E+00  0.517182330302E+00  0.539187577831E+00
  0.542979820994E+00  0.529277377714E+00  0.511036762706E+00  0.000000000000E+00  0.495604790398E+00  0.492980746299E+00  0.531173387879E+00
  0.533778472986E+00  0.505621126267E+00  0.512004180617E+00  0.494163545346E+00  0.508460362380E+00  0.529554208762E+00  0.511910999888E+00
  0.537002098801E+00  0.514994090460E+00  0.492395511533E+00  0.494738987861E+00  0.491352304365E+00
  0.999989628812E+00  0.999990283267E+00  0.984104305438E+00  0.976444106096E+00  0.999991490220E+00  0.959042328520E+00  0.100368369428E+01
  0.994429506777E+00  0.991216394497E+00  0.100355187735E+01  0.999992821140E+00  0.971537544699E+00  0.100443319467E+01  0.100528531012E+01
  0.997216648669E+00  0.100662940597E+01  0.100305331072E+01  0.999993489206E+00  0.973515985654E+00  0.100047670046E+01  0.100763862595E+01
  0.100128631831E+01  0.100314049622E+01  0.100383220506E+01  0.100050391713E+01  0.985091906311E+00  0.100596550881E+01  0.100387951350E+01
  0.100289621833E+01  0.100485306643E+01  0.100082864314E+01  0.100062146115E+01  0.100045434513E+01
        12        15        14        14
        21        16        14        14
         9        14        10        10
        15        22        21        21
        29        27        22        22
        14        16        10        10
         7         8        10        10
        14        15        21        21
        14         9        12        12
         5        12         6         6
        21        24        16        16
        32        23        24        24
        28        21        27        27
        17        16        23        23
        28        31        24        24
        19        15        12        12
         4         2         6         6
         4         9         8         8
        10         8         9         9
        17        13        10        10
        19        26        22        22
        10        16        17        17
        23        25        17        17
        22        15        19        19
        12        11        19        19
        27        30        28        28
        33        31        28        28
         6         9         4         4
         8         3         4         4
        25        23        32        32
        10        13         7         7
         3         8         7         7
        30        27        29        29
         6         2         5         5
        11        12         5         5
        24        23        16        16
        13        17        20        20
        26        19        18        18
         2         4         1         1
        22        27        21        21
        31        32        24        24
        21        28        24        24
        26        29        22        22
         9         6        12        12
        11        18        19        19
        25        20        17        17
        30        33        28        28
         3         1         4         4
zone t="boundary 6 bc-6", solutiontime= 0.5000000E+02, strandid=1006, i=33, j=48, f=feblock
  0.375000000000E+01  0.250000000000E+01  0.500000000000E+01  0.403384942830E+01  0.280856328277E+01  0.125000000000E+01  0.182727219356E+01
  0.500000000000E+01  0.430969386006E+01  0.342819755379E+01  0.227317933631E+01  0.162230260845E+01  0.000000000000E+00  0.905837536509E+00
  0.500000000000E+01  0.408642231822E+01  0.297954017413E+01  0.189599568386E+01  0.109945440014E+01  0.735450417037E+00  0.000000000000E+00
  0.500000000000E+01  0.398205049073E+01  0.304506426164E+01  0.214587157439E+01  0.104050588738E+01  0.000000000000E+00  0.000000000000E+00
  0.500000000000E+01  0.375000000000E+01  0.250000000000E+01  0.125000000000E+01  0.000000000000E+00
  0.250000000000E+01  0.250000000000E+01  0.250000000000E+01  0.145332269920E+01  0.132549389334E+01  0.250000000000E+01  0.173899611320E+01
  0.125000000000E+01  0.518568023061E+00  0.350800286361E+00  0.490615021923E-01  0.825621401394E+00  0.250000000000E+01  0.157899473280E+01
  0.000000000000E+00 -0.461282870254E+00 -0.857924212153E+00 -0.873141960959E+00 -0.322732261638E+00  0.659350882208E+00  0.125000000000E+01
 -0.125000000000E+01 -0.158398995423E+01 -0.183684615440E+01 -0.165007033378E+01 -0.147959633950E+01  0.000000000000E+00 -0.125000000000E+01
 -0.250000000000E+01 -0.250000000000E+01 -0.250000000000E+01 -0.250000000000E+01 -0.250000000000E+01
  0.000000000000E+00  0.000000000000E+00  0.000000000000E+00  0.000000000000E+00  0.000000000000E+00  0.000000000000E+00  0.000000000000E+00
  0.000000000000E+00  0.000000000000E+00  0.000000000000E+00  0.000000000000E+00  0.000000000000E+00  0.000000000000E+00  0.000000000000E+00
  0.000000000000E+00  0.000000000000E+00  0.000000000000E+00  0.000000000000E+00  0.000000000000E+00  0.000000000000E+00  0.000000000000E+00
  0.000000000000E+00  0.000000000000E+00  0.000000000000E+00  0.000000000000E+00  0.000000000000E+00  0.000000000000E+00  0.000000000000E+00
  0.000000000000E+00  0.000000000000E+00  0.000000000000E+00  0.000000000000E+00  0.000000000000E+00
  0.941861272045E+00  0.946296417825E+00  0.843730488800E+00  0.943650848549E+00  0.944515747052E+00  0.956975889923E+00  0.930066152747E+00
  0.773800427971E+00  0.937609839367E+00  0.956402841317E+00  0.942357996269E+00  0.925616110685E+00  0.134427144115E+01  0.100901443245E+01
  0.762981892115E+00  0.953747956309E+00  0.951876953794E+00  0.886350649552E+00  0.941585243932E+00  0.103637723993E+01  0.142583204021E+01
  0.766457791423E+00  0.950881085733E+00  0.934858312219E+00  0.932234985545E+00  0.958156103068E+00  0.164466727089E+01  0.149409063550E+01
  0.830787402027E+00  0.935297253845E+00  0.934221980412E+00  0.961719527936E+00  0.144945745011E+01
  0.000000000000E+00  0.000000000000E+00  0.000000000000E+00  0.000000000000E+00  0.000000000000E+00  0.000000000000E+00  0.000000000000E+00
  0.000000000000E+00  0.000000000000E+00  0.000000000000E+00  0.000000000000E+00  0.000000000000E+00  0.000000000000E+00  0.000000000000E+00
  0.000000000000E+00  0.000000000000E+00  0.000000000000E+00  0.000000000000E+00  0.000000000000E+00  0.000000000000E+00  0.000000000000E+00
  0.000000000000E+00  0.000000000000E+00  0.000000000000E+00  0.000000000000E+00  0.000000000000E+00  0.000000000000E+00  0.000000000000E+00
  0.000000000000E+00  0.000000000000E+00  0.000000000000E+00  0.000000000000E+00  0.000000000000E+00
  0.000000000000E+00  0.000000000000E+00  0.000000000000E+00  0.000000000000E+00  0.000000000000E+00  0.000000000000E+00  0.000000000000E+00
  0.000000000000E+00  0.000000000000E+00  0.000000000000E+00  0.000000000000E+00  0.000000000000E+00  0.000000000000E+00  0.000000000000E+00
  0.000000000000E+00  0.000000000000E+00  0.000000000000E+00  0.000000000000E+00  0.000000000000E+00  0.000000000000E+00  0.000000000000E+00
  0.000000000000E+00  0.000000000000E+00  0.000000000000E+00  0.000000000000E+00  0.000000000000E+00  0.000000000000E+00  0.000000000000E+00
  0.000000000000E+00  0.000000000000E+00  0.000000000000E+00  0.000000000000E+00  0.000000000000E+00
  0.000000000000E+00  0.000000000000E+00  0.000000000000E+00  0.000000000000E+00  0.000000000000E+00  0.000000000000E+00  0.000000000000E+00
  0.000000000000E+00  0.000000000000E+00  0.000000000000E+00  0.000000000000E+00  0.000000000000E+00  0.000000000000E+00  0.000000000000E+00
  0.000000000000E+00  0.000000000000E+00  0.000000000000E+00  0.000000000000E+00  0.000000000000E+00  0.000000000000E+00  0.000000000000E+00
  0.000000000000E+00  0.000000000000E+00  0.000000000000E+00  0.000000000000E+00  0.000000000000E+00  0.000000000000E+00  0.000000000000E+00
  0.000000000000E+00  0.000000000000E+00  0.000000000000E+00  0.000000000000E+00  0.000000000000E+00
  0.672750879524E+00  0.675918855778E+00  0.602658384509E+00  0.674029310281E+00  0.674647102392E+00  0.683547254826E+00  0.664326188157E+00
  0.552709220828E+00  0.669715074317E+00  0.683138389620E+00  0.673106951484E+00  0.661148136696E+00  0.960184570725E+00  0.720717655631E+00
  0.544982428077E+00  0.681243186939E+00  0.679907140982E+00  0.633102744833E+00  0.672555270548E+00  0.740262733551E+00  0.101844204767E+01
  0.547465920807E+00  0.679196290115E+00  0.667751583130E+00  0.665877574531E+00  0.684392096636E+00  0.117475225461E+01  0.106719924158E+01
  0.593415709244E+00  0.668065253327E+00  0.667297107163E+00  0.686937806422E+00  0.103531921516E+01
  0.000000000000E+00  0.000000000000E+00  0.000000000000E+00  0.000000000000E+00  0.000000000000E+00  0.000000000000E+00  0.000000000000E+00
  0.000000000000E+00  0.000000000000E+00  0.000000000000E+00  0.000000000000E+00  0.000000000000E+00  0.000000000000E+00  0.000000000000E+00
  0.000000000000E+00  0.000000000000E+00  0.000000000000E+00  0.000000000000E+00  0.000000000000E+00  0.000000000000E+00  0.000000000000E+00
  0.000000000000E+00  0.000000000000E+00  0.000000000000E+00  0.000000000000E+00  0.000000000000E+00  0.000000000000E+00  0.000000000000E+00
  0.000000000000E+00  0.000000000000E+00  0.000000000000E+00  0.000000000000E+00  0.000000000000E+00
  0.999989339501E+00  0.999989411631E+00  0.999989628812E+00  0.999989599803E+00  0.999989620392E+00  0.999989829246E+00  0.999989797148E+00
  0.999990283267E+00  0.999990683414E+00  0.999990489520E+00  0.999991230306E+00  0.999990579994E+00  0.999990297993E+00  0.999990372222E+00
  0.999991490220E+00  0.999992141955E+00  0.999992691892E+00  0.999992320437E+00  0.999991646891E+00  0.999990917444E+00  0.999990760848E+00
  0.999992821140E+00  0.999993396049E+00  0.999993479399E+00  0.999993154944E+00  0.999992519197E+00  0.999991418058E+00  0.999992170967E+00
  0.999993489206E+00  0.999993692714E+00  0.999993545021E+00  0.999993138389E+00  0.999992722187E+00
        19        18        11        11
        17        10        11        11
        12        11         5         5
        18        25        17        17
        31        24        25        25
        11        10         5         5
         2         7         5         5
        11        18        17        17
        11        12        19        19
        27        19        20        20
        17        16        10        10
        15         9        16        16
        23        17        24        24
         4        10         9         9
        23        22        16        16
        26        18        19        19
        14        21        20        20
        14        12         7         7
         5         7        12        12
         4         1         5         5
        26        32        25        25
         5        10         4         4
         9         8         4         4
        25        18        26        26
        19        28        26        26
        24        30        23        23
        29        22        23        23
        20        12        14        14
         7         6        14        14
         8         9        15        15
         5         1         2         2
         6         7         2         2
        30        24        31        31
        20        21        27        27
        28        19        27        27
        16         9        10        10
         1         4         3         3
        32        26        33        33
        21        14        13        13
        25        24        17        17
        22        15        16        16
        17        23        16        16
        32        31        25        25
        12        20        19        19
        28        33        26        26
         8         3         4         4
        30        29        23        23
         6        13        14        14
