title="tecplot geometry and solution file"
variables = x y z rho u v w p mach temperature
zone t="boundary 1 bc-1", solutiontime= 0.6000000E+02, strandid=1001, i=32, j=46, f=feblock
  0.000000000000E+00  0.000000000000E+00  0.000000000000E+00  0.000000000000E+00  0.000000000000E+00  0.000000000000E+00  0.000000000000E+00
  0.000000000000E+00  0.000000000000E+00  0.000000000000E+00  0.000000000000E+00  0.000000000000E+00  0.000000000000E+00  0.000000000000E+00
  0.000000000000E+00  0.000000000000E+00  0.000000000000E+00  0.000000000000E+00  0.000000000000E+00  0.000000000000E+00  0.000000000000E+00
  0.000000000000E+00  0.000000000000E+00  0.000000000000E+00  0.000000000000E+00  0.000000000000E+00  0.000000000000E+00  0.000000000000E+00
  0.000000000000E+00  0.000000000000E+00  0.000000000000E+00  0.000000000000E+00
  0.250000000000E+01  0.250000000000E+01  0.125000000000E+01  0.146289271009E+01  0.157686156160E+01  0.308372018325E+00  0.000000000000E+00
 -0.125000000000E+01 -0.600232012419E+00  0.250000000000E+01  0.477386199275E+00  0.742988685424E+00 -0.739814786992E+00  0.177790177481E+01
  0.155830813274E+01  0.250000000000E+01 -0.250000000000E+01 -0.154800130438E+01 -0.487811078581E+00  0.250000000000E+01  0.627766083140E+00
 -0.345533899378E+00 -0.178862290564E+01 -0.158811787973E+01  0.125000000000E+01 -0.250000000000E+01 -0.144524380962E+01  0.000000000000E+00
 -0.125000000000E+01 -0.250000000000E+01 -0.250000000000E+01 -0.250000000000E+01
  0.000000000000E+00  0.125000000000E+01  0.000000000000E+00  0.103724302461E+01  0.219251206392E+01  0.922061490191E+00  0.000000000000E+00
  0.000000000000E+00  0.715990576545E+00  0.250000000000E+01  0.202479342020E+01  0.324151231464E+01  0.175434191980E+01  0.310152362409E+01
  0.404200324774E+01  0.375000000000E+01  0.000000000000E+00  0.930412228790E+00  0.299062775774E+01  0.500000000000E+01  0.429310310915E+01
  0.409252726285E+01  0.187029682677E+01  0.284428995242E+01  0.500000000000E+01  0.125000000000E+01  0.394624082883E+01  0.500000000000E+01
  0.500000000000E+01  0.250000000000E+01  0.375000000000E+01  0.500000000000E+01
  0.742774737796E+00  0.103012932446E+01  0.728327691154E+00  0.107070806592E+01  0.989403384757E+00  0.107402268594E+01  0.620672422394E+00
  0.748233241936E+00  0.108365108628E+01  0.990651460059E+00  0.965679828049E+00  0.986599603251E+00  0.979304220247E+00  0.994012732321E+00
  0.994366563588E+00  0.994903072057E+00  0.643210813476E+00  0.108136037191E+01  0.988093639650E+00  0.995231093739E+00  0.994932342789E+00
  0.994675215891E+00  0.985607326273E+00  0.986171568882E+00  0.995113804667E+00  0.103581107167E+01  0.993594199344E+00  0.994987145454E+00
  0.995530639373E+00  0.989003487890E+00  0.993852219971E+00  0.995744838746E+00
  0.000000000000E+00  0.487424734953E+00  0.000000000000E+00  0.499495328683E+00  0.501695135439E+00  0.498235223953E+00  0.000000000000E+00
  0.000000000000E+00  0.457211224460E+00  0.504712942230E+00  0.510144934086E+00  0.505725420236E+00  0.516830125536E+00  0.506241143476E+00
  0.503542137617E+00  0.505052133060E+00  0.000000000000E+00  0.500133849038E+00  0.505187521371E+00  0.505623826860E+00  0.503461550762E+00
  0.502302878929E+00  0.500552268237E+00  0.502482429530E+00  0.505068798633E+00  0.497597856627E+00  0.504079384908E+00  0.505156542407E+00
  0.504830014605E+00  0.506262168861E+00  0.505544772034E+00  0.504819637274E+00
  0.000000000000E+00  0.000000000000E+00  0.000000000000E+00  0.794503595618E-02 -0.108475840357E-01  0.104078241456E-01  0.000000000000E+00
  0.000000000000E+00  0.431593002012E-02  0.000000000000E+00 -0.264966620177E-02 -0.315281235293E-02  0.328690264615E-02 -0.862317243106E-03
 -0.100608028255E-02  0.000000000000E+00  0.000000000000E+00 -0.285654057509E-01  0.373704747529E-02  0.000000000000E+00 -0.230144615651E-03
  0.222852670876E-03  0.753007922154E-02  0.275492254069E-02  0.394837903835E-03  0.000000000000E+00  0.818909193160E-03 -0.860723473402E-04
 -0.271543839213E-03  0.000000000000E+00  0.000000000000E+00  0.000000000000E+00
  0.000000000000E+00  0.598322187034E-02  0.000000000000E+00  0.852866767186E-02  0.117608307196E-01 -0.390536860006E-01  0.000000000000E+00
  0.000000000000E+00 -0.504837544779E-01  0.185036538078E-02  0.447801233060E-02 -0.100646291125E-01  0.249881795432E-01 -0.766769757516E-03
 -0.379636327555E-02 -0.666371226019E-03  0.000000000000E+00 -0.317958679708E-01 -0.109163765672E-01 -0.305409712653E-02 -0.279938276784E-02
 -0.436539342662E-02  0.102818025339E-01 -0.642762332464E-02 -0.284118684379E-02 -0.244519326280E-02 -0.384540009736E-02 -0.239784313503E-02
 -0.222088703432E-02  0.565262198271E-03 -0.232493327037E-02 -0.212140871027E-02
  0.634290882971E+00  0.740449717886E+00  0.624274285545E+00  0.766525626926E+00  0.706080468629E+00  0.772224108437E+00  0.544761422197E+00
  0.644827971588E+00  0.785672725286E+00  0.705982590822E+00  0.688881496564E+00  0.702408013438E+00  0.696824562518E+00  0.707962286593E+00
  0.708118289264E+00  0.708706074353E+00  0.566717886216E+00  0.773518590156E+00  0.703926943983E+00  0.709812690663E+00  0.708805537626E+00
  0.708341251216E+00  0.703190702277E+00  0.704190377455E+00  0.709747547949E+00  0.742067057543E+00  0.707758328726E+00  0.709569318501E+00
  0.709842353843E+00  0.704196140338E+00  0.707953778412E+00  0.710071967865E+00
  0.000000000000E+00  0.485930716888E+00  0.000000000000E+00  0.499065818093E+00  0.502176290530E+00  0.498229799072E+00  0.000000000000E+00
  0.000000000000E+00  0.456590946573E+00  0.505297079693E+00  0.510500849194E+00  0.506665028363E+00  0.518437809825E+00  0.506973735690E+00
  0.504319035859E+00  0.505742997455E+00  0.000000000000E+00  0.501594010089E+00  0.505984367713E+00  0.506012824740E+00  0.504129687988E+00
  0.503080488395E+00  0.501004394068E+00  0.502608828459E+00  0.505449709813E+00  0.496865022205E+00  0.504789319897E+00  0.505566377703E+00
  0.505279613995E+00  0.507065216092E+00  0.506242558504E+00  0.505241371383E+00
  0.119552697604E+01  0.100631015973E+01  0.119998732765E+01  0.100226748247E+01  0.999099731525E+00  0.100660234273E+01  0.122877376787E+01
  0.120652105470E+01  0.101503318672E+01  0.997702690604E+00  0.998709993910E+00  0.996727766332E+00  0.996170921513E+00  0.997117208868E+00
  0.996982039895E+00  0.997271525198E+00  0.123350699970E+01  0.100144785619E+01  0.997372801554E+00  0.998499517529E+00  0.997382143487E+00
  0.996986489519E+00  0.998843004659E+00  0.999690682175E+00  0.998525558051E+00  0.100297622702E+01  0.997249843920E+00  0.998401889351E+00
  0.998240793480E+00  0.996836319127E+00  0.997266263395E+00  0.998348890528E+00
        12        19        11        11
        11         5        12        12
        10        14         5         5
        19        13        11        11
        19        24        13        13
        30        23        24        24
        19        12        22        22
        28        22        21        21
        11        13         6         6
         7         6         9         9
        15        12        14        14
        18        13        23        23
        15        25        21        21
        27        19        22        22
        18         8         9         9
        27        31        24        24
         4        11         6         6
         5        14        12        12
         4         2         5         5
        21        12        15        15
        14        16        15        15
        24        19        27        27
        22        29        27        27
        23        26        18        18
        17         8        18        18
         5        11         4         4
         6         3         4         4
        26        23        30        30
         5         2        10        10
        16        14        10        10
         3         6         7         7
        21        25        28        28
        29        22        28        28
         6        13         9         9
         2         4         1         1
        31        27        32        32
        25        15        20        20
        24        23        13        13
         8         7         9         9
        13        18         9         9
        31        30        24        24
        12        21        22        22
        29        32        27        27
         3         1         4         4
        26        17        18        18
        16        20        15        15
zone t="boundary 2 bc-2", solutiontime= 0.6000000E+02, strandid=1002, i=33, j=48, f=feblock
  0.500000000000E+01  0.375000000000E+01  0.250000000000E+01  0.288078410721E+01  0.125000000000E+01  0.190974100652E+01  0.326683758169E+01
  0.201431602454E+01  0.000000000000E+00  0.963108083381E+00  0.500000000000E+01  0.403552511878E+01  0.423153924130E+01  0.500000000000E+01
  0.385533350601E+01  0.500000000000E+01  0.398173246726E+01  0.315249557942E+01  0.267000324704E+01  0.154774304040E+01  0.218329375016E+01
  0.893127759452E+00  0.000000000000E+00  0.698517061619E+00  0.964171764089E+00  0.310324758057E+01  0.000000000000E+00  0.000000000000E+00
  0.125000000000E+01  0.500000000000E+01  0.375000000000E+01  0.250000000000E+01  0.000000000000E+00
 -0.250000000000E+01 -0.250000000000E+01 -0.250000000000E+01 -0.250000000000E+01 -0.250000000000E+01 -0.250000000000E+01 -0.250000000000E+01
 -0.250000000000E+01 -0.250000000000E+01 -0.250000000000E+01 -0.250000000000E+01 -0.250000000000E+01 -0.250000000000E+01 -0.250000000000E+01
 -0.250000000000E+01 -0.250000000000E+01 -0.250000000000E+01 -0.250000000000E+01 -0.250000000000E+01 -0.250000000000E+01 -0.250000000000E+01
 -0.250000000000E+01 -0.250000000000E+01 -0.250000000000E+01 -0.250000000000E+01 -0.250000000000E+01 -0.250000000000E+01 -0.250000000000E+01
 -0.250000000000E+01 -0.250000000000E+01 -0.250000000000E+01 -0.250000000000E+01 -0.250000000000E+01
  0.000000000000E+00  0.000000000000E+00  0.000000000000E+00  0.904659890645E+00  0.000000000000E+00  0.717002441913E+00  0.188609243358E+01
  0.176246431481E+01  0.000000000000E+00  0.961328577125E+00  0.125000000000E+01  0.101201586758E+01  0.191586535653E+01  0.250000000000E+01
  0.293121848150E+01  0.375000000000E+01  0.406975391361E+01  0.363585050272E+01  0.285047954584E+01  0.292817774674E+01  0.395907379566E+01
  0.205246550326E+01  0.125000000000E+01  0.306828197606E+01  0.397245519226E+01  0.433168271247E+01  0.250000000000E+01  0.375000000000E+01
  0.500000000000E+01  0.500000000000E+01  0.500000000000E+01  0.500000000000E+01  0.500000000000E+01
  0.584452869781E+00  0.805519875243E+00  0.831059890860E+00  0.933263854671E+00  0.892045045722E+00  0.952004341823E+00  0.987274089459E+00
  0.991089472524E+00  0.643210813476E+00  0.988412663805E+00  0.940615265317E+00  0.933628427824E+00  0.983125639562E+00  0.101137916703E+01
  0.999561653582E+00  0.100648386627E+01  0.995425352482E+00  0.992046523123E+00  0.989965547479E+00  0.991186006612E+00  0.990825028677E+00
  0.999033261292E+00  0.103581107167E+01  0.992844205292E+00  0.993790659211E+00  0.992666142711E+00  0.989003487890E+00  0.993852219971E+00
  0.995296371022E+00  0.994133047415E+00  0.994657044703E+00  0.993575121573E+00  0.995744838746E+00
  0.000000000000E+00  0.000000000000E+00  0.000000000000E+00  0.390285663991E+00  0.000000000000E+00  0.317410531351E+00  0.565238783984E+00
  0.536143035732E+00  0.000000000000E+00  0.417305458680E+00  0.503716308670E+00  0.460753081647E+00  0.559621554366E+00  0.511807894965E+00
  0.546915186887E+00  0.503461487074E+00  0.504637622369E+00  0.518224639153E+00  0.543729229352E+00  0.522391426524E+00  0.509882395348E+00
  0.521735332557E+00  0.497597856627E+00  0.505531105709E+00  0.505347994303E+00  0.505741642954E+00  0.506262168861E+00  0.505544772034E+00
  0.505414573742E+00  0.494625161852E+00  0.498392771909E+00  0.505060253238E+00  0.504819637274E+00
  0.000000000000E+00  0.000000000000E+00  0.000000000000E+00  0.000000000000E+00  0.000000000000E+00  0.000000000000E+00  0.000000000000E+00
  0.000000000000E+00  0.000000000000E+00  0.000000000000E+00  0.000000000000E+00  0.000000000000E+00  0.000000000000E+00  0.000000000000E+00
  0.000000000000E+00  0.000000000000E+00  0.000000000000E+00  0.000000000000E+00  0.000000000000E+00  0.000000000000E+00  0.000000000000E+00
  0.000000000000E+00  0.000000000000E+00  0.000000000000E+00  0.000000000000E+00  0.000000000000E+00  0.000000000000E+00  0.000000000000E+00
  0.000000000000E+00  0.000000000000E+00  0.000000000000E+00  0.000000000000E+00  0.000000000000E+00
  0.000000000000E+00  0.000000000000E+00  0.000000000000E+00  0.483545833556E-02  0.000000000000E+00  0.623914934059E-02  0.113379893249E-02
  0.173708640005E-01  0.000000000000E+00 -0.701326249885E-02 -0.133292209195E+00 -0.370556952049E-01 -0.458926012796E-01 -0.559606719149E-01
 -0.145397326252E-01 -0.510640158290E-02 -0.788320063582E-02 -0.121193804776E-01 -0.314875940220E-02  0.357365894033E-02 -0.737070758957E-02
  0.180958146717E-01 -0.244519326280E-02 -0.126449573727E-02 -0.379164253399E-02 -0.101533962094E-01  0.565262198271E-03 -0.232493327037E-02
 -0.500403397197E-02  0.252642037113E-02 -0.642616521459E-02 -0.727264621059E-02 -0.212140871027E-02
  0.526038505576E+00  0.654606545231E+00  0.693092290867E+00  0.683182432270E+00  0.699127024956E+00  0.704612078831E+00  0.692167508354E+00
  0.699811464730E+00  0.566717886216E+00  0.721801069763E+00  0.661625514381E+00  0.668479509602E+00  0.689110994310E+00  0.717452361829E+00
  0.707854329864E+00  0.719105457482E+00  0.710886005211E+00  0.706638547373E+00  0.701131656813E+00  0.705393620083E+00  0.705998949528E+00
  0.709192892789E+00  0.742067057543E+00  0.708182295507E+00  0.708160721575E+00  0.707507371051E+00  0.704196140338E+00  0.707953778412E+00
  0.709162836243E+00  0.709900662979E+00  0.708916292755E+00  0.707722526949E+00  0.710071967865E+00
  0.000000000000E+00  0.000000000000E+00  0.000000000000E+00  0.385554511006E+00  0.000000000000E+00  0.311878632128E+00  0.570534714581E+00
  0.539523523209E+00  0.000000000000E+00  0.412773455351E+00  0.525071365421E+00  0.461686537574E+00  0.566820799348E+00  0.516635260844E+00
  0.549467777789E+00  0.503421419718E+00  0.504746084215E+00  0.519086969779E+00  0.546054759122E+00  0.523364188181E+00  0.510561224358E+00
  0.523666850216E+00  0.496865022205E+00  0.505886679393E+00  0.505964784169E+00  0.506393733061E+00  0.507065216092E+00  0.506242558504E+00
  0.506067274816E+00  0.494699324433E+00  0.498979860867E+00  0.505816554648E+00  0.505241371383E+00
  0.126007407250E+01  0.113771142276E+01  0.116758036080E+01  0.102484993969E+01  0.109722915859E+01  0.103618950779E+01  0.981525315048E+00
  0.988544503583E+00  0.123350699970E+01  0.102236801963E+01  0.984755143030E+00  0.100240233218E+01  0.981314445695E+00  0.993132288365E+00
  0.991430651884E+00  0.100026207495E+01  0.999814204866E+00  0.997225375286E+00  0.991533818564E+00  0.996332738284E+00  0.997551031446E+00
  0.993830824632E+00  0.100297622702E+01  0.998600997443E+00  0.997619570093E+00  0.997828249452E+00  0.996836319127E+00  0.997266263395E+00
  0.997519934410E+00  0.999726274823E+00  0.997814085913E+00  0.997218545650E+00  0.998348890528E+00
        15         7        19        19
         8        20        19        19
        18        19        21        21
         7         4         8         8
         3         6         4         4
        19         7         8         8
        19        18        15        15
        14        13        15        15
         8        22        20        20
        27        24        22        22
        19        20        21        21
        32        26        21        21
        17        18        26        26
        17        16        15        15
        25        29        21        21
        12         7        13        13
        10         8         6         6
        25        20        24        24
         4         6         8         8
        12         2         4         4
        10        23        22        22
        26        31        17        17
        30        16        17        17
         4         7        12        12
        13        11        12        12
        21        20        25        25
        24        28        25        25
        22         8        10        10
         6         5        10        10
        31        26        32        32
         4         2         3         3
         5         6         3         3
        11        13        14        14
        22        23        27        27
        28        24        27        27
        15        13         7         7
         2        12         1         1
        29        25        33        33
        23        10         9         9
        21        26        18        18
        16        14        15        15
        18        17        15        15
        29        32        21        21
        22        24        20        20
        28        33        25        25
        11         1        12        12
        31        30        17        17
         5         9        10        10
zone t="boundary 3 bc-3", solutiontime= 0.6000000E+02, strandid=1003, i=33, j=48, f=feblock
  0.375000000000E+01  0.250000000000E+01  0.500000000000E+01  0.403552511878E+01  0.288078410721E+01  0.125000000000E+01  0.190974100652E+01
  0.500000000000E+01  0.326683758169E+01  0.423153924130E+01  0.201431602454E+01  0.000000000000E+00  0.963108083381E+00  0.500000000000E+01
  0.267000324704E+01  0.385533350601E+01  0.893127759452E+00  0.154774304040E+01  0.000000000000E+00  0.500000000000E+01  0.315249557942E+01
  0.218329375016E+01  0.398173246726E+01  0.000000000000E+00  0.698517061619E+00  0.964171764089E+00  0.125000000000E+01  0.000000000000E+00
  0.500000000000E+01  0.310324758057E+01  0.250000000000E+01  0.375000000000E+01  0.000000000000E+00
  0.250000000000E+01  0.250000000000E+01  0.250000000000E+01  0.250000000000E+01  0.250000000000E+01  0.250000000000E+01  0.250000000000E+01
  0.250000000000E+01  0.250000000000E+01  0.250000000000E+01  0.250000000000E+01  0.250000000000E+01  0.250000000000E+01  0.250000000000E+01
  0.250000000000E+01  0.250000000000E+01  0.250000000000E+01  0.250000000000E+01  0.250000000000E+01  0.250000000000E+01  0.250000000000E+01
  0.250000000000E+01  0.250000000000E+01  0.250000000000E+01  0.250000000000E+01  0.250000000000E+01  0.250000000000E+01  0.250000000000E+01
  0.250000000000E+01  0.250000000000E+01  0.250000000000E+01  0.250000000000E+01  0.250000000000E+01
  0.000000000000E+00  0.000000000000E+00  0.000000000000E+00  0.101201586758E+01  0.904659890645E+00  0.000000000000E+00  0.717002441913E+00
  0.125000000000E+01  0.188609243358E+01  0.191586535653E+01  0.176246431481E+01  0.000000000000E+00  0.961328577125E+00  0.250000000000E+01
  0.285047954584E+01  0.293121848150E+01  0.205246550326E+01  0.292817774674E+01  0.125000000000E+01  0.375000000000E+01  0.363585050272E+01
  0.395907379566E+01  0.406975391361E+01  0.250000000000E+01  0.306828197606E+01  0.397245519226E+01  0.500000000000E+01  0.375000000000E+01
  0.500000000000E+01  0.433168271247E+01  0.500000000000E+01  0.500000000000E+01  0.500000000000E+01
  0.789248069945E+00  0.837308967706E+00  0.599261396435E+00  0.917140660411E+00  0.926608922185E+00  0.881772947522E+00  0.940264956185E+00
  0.933749067693E+00  0.976174462598E+00  0.976901155580E+00  0.985706979921E+00  0.742774737796E+00  0.980777895541E+00  0.101029998774E+01
  0.990805365380E+00  0.998552954511E+00  0.998369021632E+00  0.991708462215E+00  0.103012932446E+01  0.100483116302E+01  0.994204711658E+00
  0.992012486228E+00  0.995702638135E+00  0.990651460059E+00  0.992197570798E+00  0.993135055477E+00  0.995350640252E+00  0.994903072057E+00
  0.994535753063E+00  0.992442037802E+00  0.993918083312E+00  0.993782528262E+00  0.995231093739E+00
  0.000000000000E+00  0.000000000000E+00  0.000000000000E+00  0.460398822764E+00  0.391524431303E+00  0.000000000000E+00  0.325589234819E+00
  0.508044223830E+00  0.550595367794E+00  0.555831986219E+00  0.523064242535E+00  0.000000000000E+00  0.411890954872E+00  0.509169575301E+00
  0.540905243855E+00  0.546250544245E+00  0.524065532442E+00  0.521059484698E+00  0.487424734953E+00  0.505167775758E+00  0.519821896927E+00
  0.509741417307E+00  0.507739269091E+00  0.504712942230E+00  0.507536247915E+00  0.506227206381E+00  0.503819791830E+00  0.505052133060E+00
  0.495707677280E+00  0.504909590432E+00  0.501850504282E+00  0.496984153754E+00  0.505623826860E+00
  0.000000000000E+00  0.000000000000E+00  0.000000000000E+00  0.000000000000E+00  0.000000000000E+00  0.000000000000E+00  0.000000000000E+00
  0.000000000000E+00  0.000000000000E+00  0.000000000000E+00  0.000000000000E+00  0.000000000000E+00  0.000000000000E+00  0.000000000000E+00
  0.000000000000E+00  0.000000000000E+00  0.000000000000E+00  0.000000000000E+00  0.000000000000E+00  0.000000000000E+00  0.000000000000E+00
  0.000000000000E+00  0.000000000000E+00  0.000000000000E+00  0.000000000000E+00  0.000000000000E+00  0.000000000000E+00  0.000000000000E+00
  0.000000000000E+00  0.000000000000E+00  0.000000000000E+00  0.000000000000E+00  0.000000000000E+00
  0.000000000000E+00  0.000000000000E+00  0.000000000000E+00 -0.388746967438E-01  0.189607442603E-01  0.000000000000E+00  0.945759433936E-02
 -0.140121594394E+00 -0.502582866585E-02 -0.571683967690E-01  0.151341829033E-01  0.000000000000E+00 -0.710071279048E-02 -0.620664207602E-01
 -0.267394335744E-02 -0.174719087014E-01  0.233025256050E-01  0.187311438274E-02  0.598322187034E-02 -0.770044481048E-02 -0.100560655082E-01
 -0.779831516780E-02 -0.715844308270E-02  0.185036538078E-02 -0.906389938428E-03 -0.524780225809E-02 -0.625323070582E-02 -0.666371226019E-03
  0.183116475959E-02 -0.814655409115E-02 -0.722582684892E-02 -0.658715966057E-02 -0.305409712653E-02
  0.659331479557E+00  0.700358168451E+00  0.536984398897E+00  0.662407372056E+00  0.686746578948E+00  0.709616537173E+00  0.702873854083E+00
  0.659421075591E+00  0.688421434413E+00  0.686798859290E+00  0.698849609342E+00  0.634290882971E+00  0.717198714650E+00  0.717189707783E+00
  0.701814033426E+00  0.707069783662E+00  0.708431526713E+00  0.705596153774E+00  0.740449717886E+00  0.716864198850E+00  0.708033419066E+00
  0.706737024086E+00  0.710472459794E+00  0.705982590822E+00  0.706807380436E+00  0.707392045879E+00  0.709343621869E+00  0.708706074353E+00
  0.710116324027E+00  0.707691160173E+00  0.708167687225E+00  0.708624896810E+00  0.709812690663E+00
  0.000000000000E+00  0.000000000000E+00  0.000000000000E+00  0.459481747090E+00  0.384816343766E+00  0.000000000000E+00  0.318401858469E+00
  0.530018730940E+00  0.554144665128E+00  0.563216122449E+00  0.525236353365E+00  0.000000000000E+00  0.407144287422E+00  0.514528484885E+00
  0.543182326986E+00  0.548914009630E+00  0.526316629148E+00  0.522083539841E+00  0.485930716888E+00  0.505533772112E+00  0.520694309418E+00
  0.510465468205E+00  0.508055432055E+00  0.505297079693E+00  0.508220619539E+00  0.506966039842E+00  0.504434022877E+00  0.505742997455E+00
  0.495804018604E+00  0.505401835320E+00  0.502530705007E+00  0.497455392451E+00  0.506012824740E+00
  0.116954872179E+01  0.117101508959E+01  0.125450790411E+01  0.101115386212E+01  0.103759545965E+01  0.112666549233E+01  0.104653841371E+01
  0.988691220980E+00  0.987313277601E+00  0.984253521981E+00  0.992576367023E+00  0.119552697604E+01  0.102375696381E+01  0.993829162709E+00
  0.991657575874E+00  0.991332199915E+00  0.993424391090E+00  0.996093764368E+00  0.100631015973E+01  0.998784587223E+00  0.997024833085E+00
  0.997398568523E+00  0.998954311876E+00  0.997702690604E+00  0.997311787222E+00  0.997194549490E+00  0.997719829029E+00  0.997271525198E+00
  0.999625051764E+00  0.998312834910E+00  0.997501483032E+00  0.998281643439E+00  0.998499517529E+00
        15         9        16        16
        15        18        11        11
        22        15        21        21
        11         5         9         9
         5         7         2         2
        11         9        15        15
        16        21        15        15
        16        10        14        14
        18        17        11        11
        17        25        24        24
        22        18        15        15
        22        30        31        31
        30        21        23        23
        16        20        23        23
        22        27        26        26
        10         9         4         4
         7        11        13        13
        25        18        26        26
        11         7         5         5
         5         1         4         4
        17        19        13        13
        23        32        30        30
        23        20        29        29
         4         9         5         5
         4         8        10        10
        26        18        22        22
        26        28        25        25
        13        11        17        17
        13         6         7         7
        31        30        32        32
         2         1         5         5
         2         7         6         6
        14        10         8         8
        24        19        17        17
        24        25        28        28
         9        10        16        16
         3         4         1         1
        33        26        27        27
        12        13        19        19
        21        30        22        22
        16        14        20        20
        16        23        21        21
        22        31        27        27
        18        25        17        17
        26        33        28        28
         4         3         8         8
        23        29        32        32
        13        12         6         6
zone t="boundary 4 bc-4", solutiontime= 0.6000000E+02, strandid=1004, i=32, j=46, f=feblock
  0.125000000000E+01  0.219251206392E+01  0.103724302461E+01  0.500000000000E+01  0.250000000000E+01  0.375000000000E+01  0.404200324774E+01
  0.500000000000E+01  0.000000000000E+00  0.310152362409E+01  0.202479342020E+01  0.324151231464E+01  0.922061490191E+00  0.000000000000E+00
  0.299062775774E+01  0.394624082883E+01  0.500000000000E+01  0.409252726285E+01  0.500000000000E+01  0.429310310915E+01  0.175434191980E+01
  0.284428995242E+01  0.000000000000E+00  0.000000000000E+00  0.715990576545E+00  0.930412228790E+00  0.125000000000E+01  0.187029682677E+01
  0.500000000000E+01  0.375000000000E+01  0.250000000000E+01  0.000000000000E+00
  0.250000000000E+01  0.157686156160E+01  0.146289271009E+01  0.250000000000E+01  0.250000000000E+01  0.250000000000E+01  0.155830813274E+01
  0.125000000000E+01  0.250000000000E+01  0.177790177481E+01  0.477386199275E+00  0.742988685424E+00  0.308372018325E+00  0.125000000000E+01
 -0.487811078581E+00 -0.144524380962E+01 -0.125000000000E+01 -0.345533899378E+00  0.000000000000E+00  0.627766083140E+00 -0.739814786992E+00
 -0.158811787973E+01  0.000000000000E+00 -0.125000000000E+01 -0.600232012419E+00 -0.154800130438E+01 -0.250000000000E+01 -0.178862290564E+01
 -0.250000000000E+01 -0.250000000000E+01 -0.250000000000E+01 -0.250000000000E+01
  0.500000000000E+01  0.500000000000E+01  0.500000000000E+01  0.500000000000E+01  0.500000000000E+01  0.500000000000E+01  0.500000000000E+01
  0.500000000000E+01  0.500000000000E+01  0.500000000000E+01  0.500000000000E+01  0.500000000000E+01  0.500000000000E+01  0.500000000000E+01
  0.500000000000E+01  0.500000000000E+01  0.500000000000E+01  0.500000000000E+01  0.500000000000E+01  0.500000000000E+01  0.500000000000E+01
  0.500000000000E+01  0.500000000000E+01  0.500000000000E+01  0.500000000000E+01  0.500000000000E+01  0.500000000000E+01  0.500000000000E+01
  0.500000000000E+01  0.500000000000E+01  0.500000000000E+01  0.500000000000E+01
  0.995350640252E+00  0.994156324295E+00  0.995581451282E+00  0.994535753063E+00  0.993918083312E+00  0.993782528262E+00  0.993026566540E+00
  0.994791397189E+00  0.995231093739E+00  0.993848624448E+00  0.993413646815E+00  0.992810777663E+00  0.995700298434E+00  0.995113804667E+00
  0.993666075691E+00  0.991827513605E+00  0.994724186463E+00  0.992676299023E+00  0.995108666260E+00  0.992921263734E+00  0.994281244820E+00
  0.993926825810E+00  0.994987145454E+00  0.995530639373E+00  0.995356237971E+00  0.995558214380E+00  0.995296371022E+00  0.994159819853E+00
  0.994133047415E+00  0.994657044703E+00  0.993575121573E+00  0.995744838746E+00
  0.503819791830E+00  0.503979730951E+00  0.504205590965E+00  0.495707677280E+00  0.501850504282E+00  0.496984153754E+00  0.496286340432E+00
  0.496202242691E+00  0.505623826860E+00  0.500409437745E+00  0.503669470885E+00  0.500419488015E+00  0.505741554257E+00  0.505068798633E+00
  0.501933308527E+00  0.494722243493E+00  0.494541509927E+00  0.497172485415E+00  0.496212085420E+00  0.496917633663E+00  0.505670078182E+00
  0.503125686513E+00  0.505156542407E+00  0.504830014605E+00  0.505621987662E+00  0.505480229958E+00  0.505414573742E+00  0.505868497047E+00
  0.494625161852E+00  0.498392771909E+00  0.505060253238E+00  0.504819637274E+00
  0.000000000000E+00 -0.172463782570E-03 -0.210273026548E-03  0.000000000000E+00  0.000000000000E+00  0.000000000000E+00 -0.644788890726E-03
 -0.629034215248E-04  0.000000000000E+00 -0.301819939956E-03 -0.452525285972E-03 -0.100097991994E-02 -0.651678744810E-03  0.394837903835E-03
 -0.296883120555E-03 -0.557297120470E-03 -0.138880872844E-02 -0.164411897814E-02 -0.173432974899E-02 -0.165465777390E-02 -0.271322105787E-03
 -0.305033448451E-03 -0.860723473402E-04 -0.271543839213E-03 -0.404375758925E-03  0.327531775881E-03  0.000000000000E+00  0.311268418262E-03
  0.000000000000E+00  0.000000000000E+00  0.000000000000E+00  0.000000000000E+00
 -0.625323070582E-02 -0.704086569848E-02 -0.557073225353E-02  0.183116475959E-02 -0.722582684892E-02 -0.658715966057E-02 -0.533870048527E-02
  0.988739595580E-03 -0.305409712653E-02 -0.729564519007E-02 -0.728717504968E-02 -0.789255217569E-02 -0.457212855876E-02 -0.284118684379E-02
 -0.759203344129E-02 -0.615658326243E-02  0.850568030724E-03 -0.637282529341E-02  0.104556581142E-02 -0.595732234231E-02 -0.636291126196E-02
 -0.740102000481E-02 -0.239784313503E-02 -0.222088703432E-02 -0.452285953217E-02 -0.479838574484E-02 -0.500403397197E-02 -0.660271155465E-02
  0.252642037113E-02 -0.642616521459E-02 -0.727264621059E-02 -0.212140871027E-02
  0.709343621869E+00  0.708375844566E+00  0.709564588291E+00  0.710116324027E+00  0.708167687225E+00  0.708624896810E+00  0.708523824420E+00
  0.710355941296E+00  0.709812690663E+00  0.708417182298E+00  0.707865839155E+00  0.707799810029E+00  0.709695000898E+00  0.709747547949E+00
  0.708092161933E+00  0.707671715843E+00  0.710515369035E+00  0.708231271427E+00  0.710691121087E+00  0.708449213461E+00  0.708366391165E+00
  0.708054836563E+00  0.709569318501E+00  0.709842353843E+00  0.709582881228E+00  0.709643950654E+00  0.709162836243E+00  0.708220225129E+00
  0.709900662979E+00  0.708916292755E+00  0.707722526949E+00  0.710071967865E+00
  0.504434022877E+00  0.504646102877E+00  0.504792175169E+00  0.495804018604E+00  0.502530705007E+00  0.497455392451E+00  0.496588893419E+00
  0.496276342105E+00  0.506012824740E+00  0.500983337653E+00  0.504332341220E+00  0.500960051329E+00  0.506303784731E+00  0.505449709813E+00
  0.502582181002E+00  0.495032232887E+00  0.494544855123E+00  0.497504936849E+00  0.496251400877E+00  0.497229686410E+00  0.506364592288E+00
  0.503852356626E+00  0.505566377703E+00  0.505279613995E+00  0.506135912648E+00  0.506026070066E+00  0.506067274816E+00  0.506587687235E+00
  0.494699324433E+00  0.498979860867E+00  0.505816554648E+00  0.505241371383E+00
  0.997719829029E+00  0.997555573663E+00  0.997799248197E+00  0.999625051764E+00  0.997501483032E+00  0.998281643439E+00  0.998899110669E+00
  0.999705386098E+00  0.998499517529E+00  0.997922652223E+00  0.997582606193E+00  0.998095262798E+00  0.997863516581E+00  0.998525558051E+00
  0.997648053967E+00  0.998903930965E+00  0.999997316025E+00  0.998838977996E+00  0.999858209718E+00  0.998899847422E+00  0.997416930872E+00
  0.997333752794E+00  0.998401889351E+00  0.998240793480E+00  0.998050743866E+00  0.997934140430E+00  0.997519934410E+00  0.997332919095E+00
  0.999726274823E+00  0.997814085913E+00  0.997218545650E+00  0.998348890528E+00
        12        15        11        11
        11         2        12        12
         5        10         2         2
        15        21        11        11
        15        22        21        21
        31        28        22        22
        15        12        18        18
        19        18        20        20
        11        21        13        13
        23        13        25        25
         7        12        10        10
        26        21        28        28
         7         8        20        20
        16        15        18        18
        26        24        25        25
        16        30        22        22
         3        11        13        13
         2        10        12        12
         3         1         2         2
        20        12         7         7
        10         6         7         7
        22        15        16        16
        18        17        16        16
        28        27        26        26
        32        24        26        26
         2        11         3         3
        13        14         3         3
        27        28        31        31
         2         1         5         5
         6        10         5         5
        14        13        23        23
        20         8        19        19
        17        18        19        19
        13        21        25        25
         1         3         9         9
        30        16        29        29
         8         7         4         4
        22        28        21        21
        24        23        25        25
        21        26        25        25
        30        31        22        22
        12        20        18        18
        17        29        16        16
        14         9         3         3
        27        32        26        26
         6         4         7         7
zone t="boundary 5 bc-5", solutiontime= 0.6000000E+02, strandid=1005, i=33, j=48, f=feblock
  0.500000000000E+01  0.500000000000E+01  0.500000000000E+01  0.500000000000E+01  0.500000000000E+01  0.500000000000E+01  0.500000000000E+01
  0.500000000000E+01  0.500000000000E+01  0.500000000000E+01  0.500000000000E+01  0.500000000000E+01  0.500000000000E+01  0.500000000000E+01
  0.500000000000E+01  0.500000000000E+01  0.500000000000E+01  0.500000000000E+01  0.500000000000E+01  0.500000000000E+01  0.500000000000E+01
  0.500000000000E+01  0.500000000000E+01  0.500000000000E+01  0.500000000000E+01  0.500000000000E+01  0.500000000000E+01  0.500000000000E+01
  0.500000000000E+01  0.500000000000E+01  0.500000000000E+01  0.500000000000E+01  0.500000000000E+01
  0.250000000000E+01  0.125000000000E+01  0.250000000000E+01  0.157899473280E+01  0.000000000000E+00  0.659350882208E+00  0.250000000000E+01
  0.173899611320E+01  0.825621401394E+00  0.132549389334E+01 -0.125000000000E+01 -0.322732261638E+00  0.250000000000E+01  0.490615021923E-01
 -0.873141960959E+00  0.350800286361E+00  0.145332269920E+01 -0.250000000000E+01 -0.147959633950E+01  0.250000000000E+01 -0.857924212153E+00
 -0.165007033378E+01  0.518568023061E+00 -0.461282870254E+00  0.125000000000E+01 -0.250000000000E+01 -0.183684615440E+01 -0.158398995423E+01
 -0.250000000000E+01 -0.250000000000E+01 -0.125000000000E+01  0.000000000000E+00 -0.250000000000E+01
  0.000000000000E+00  0.000000000000E+00  0.125000000000E+01  0.905837536509E+00  0.000000000000E+00  0.735450417037E+00  0.250000000000E+01
  0.182727219356E+01  0.162230260845E+01  0.280856328277E+01  0.000000000000E+00  0.109945440014E+01  0.375000000000E+01  0.227317933631E+01
  0.189599568386E+01  0.342819755379E+01  0.403384942830E+01  0.000000000000E+00  0.104050588738E+01  0.500000000000E+01  0.297954017413E+01
  0.214587157439E+01  0.430969386006E+01  0.408642231822E+01  0.500000000000E+01  0.125000000000E+01  0.304506426164E+01  0.398205049073E+01
  0.250000000000E+01  0.375000000000E+01  0.500000000000E+01  0.500000000000E+01  0.500000000000E+01
  0.599261396435E+00  0.531529018643E+00  0.933749067693E+00  0.866833768049E+00  0.522101228756E+00  0.805334668500E+00  0.101029998774E+01
  0.984295222153E+00  0.970541546341E+00  0.101075312280E+01  0.530430347560E+00  0.878289042720E+00  0.100483116302E+01  0.101994302458E+01
  0.994528165491E+00  0.101596749632E+01  0.100133781379E+01  0.584452869781E+00  0.879376702329E+00  0.994535753063E+00  0.102076655926E+01
  0.100677373742E+01  0.100203993690E+01  0.100384127136E+01  0.994791397189E+00  0.940615265317E+00  0.101437735345E+01  0.100433318148E+01
  0.101137916703E+01  0.100648386627E+01  0.994724186463E+00  0.995108666260E+00  0.994133047415E+00
  0.000000000000E+00  0.000000000000E+00  0.508044223830E+00  0.495140272446E+00  0.000000000000E+00  0.524520227852E+00  0.509169575301E+00
  0.513442839935E+00  0.521374484578E+00  0.514693019989E+00  0.000000000000E+00  0.521827732857E+00  0.505167775758E+00  0.507866726978E+00
  0.521506209560E+00  0.507721349656E+00  0.502679908702E+00  0.000000000000E+00  0.510141038785E+00  0.495707677280E+00  0.506013867055E+00
  0.508162644752E+00  0.499130318985E+00  0.501765684774E+00  0.496202242691E+00  0.503716308670E+00  0.508021170681E+00  0.502013550963E+00
  0.511807894965E+00  0.503461487074E+00  0.494541509927E+00  0.496212085420E+00  0.494625161852E+00
  0.000000000000E+00  0.000000000000E+00  0.000000000000E+00 -0.122385118888E-01  0.000000000000E+00  0.278624319255E-02  0.000000000000E+00
 -0.227194159336E-02 -0.282380943065E-02  0.322152190825E-02  0.000000000000E+00  0.830161207059E-03  0.000000000000E+00  0.418748307893E-02
  0.591868827301E-02  0.363737586329E-02  0.176719048035E-02  0.000000000000E+00  0.167083432878E-01  0.000000000000E+00  0.195413121285E-02
  0.396554862453E-02  0.101125464874E-02 -0.370974894500E-03 -0.629034215248E-04  0.000000000000E+00  0.146672062986E-03 -0.423289068732E-03
  0.000000000000E+00  0.000000000000E+00 -0.138880872844E-02 -0.173432974899E-02  0.000000000000E+00
  0.000000000000E+00  0.000000000000E+00 -0.140121594394E+00 -0.161972464267E+00  0.000000000000E+00 -0.146937085809E+00 -0.620664207602E-01
 -0.109911007705E+00 -0.129529633635E+00 -0.437536077072E-01  0.000000000000E+00 -0.141667848367E+00 -0.770044481048E-02 -0.809724255715E-01
 -0.106938401681E+00 -0.168678607915E-01 -0.370465228518E-02  0.000000000000E+00 -0.144851770425E+00  0.183116475959E-02 -0.314232960660E-01
 -0.892382456162E-01  0.328157754609E-03 -0.210194764929E-02  0.988739595580E-03 -0.133292209195E+00 -0.262336427960E-01 -0.236468839796E-02
 -0.559606719149E-01 -0.510640158290E-02  0.850568030724E-03  0.104556581142E-02  0.252642037113E-02
  0.536984398897E+00  0.479639037690E+00  0.659421075591E+00  0.616587922590E+00  0.468388562295E+00  0.563501977181E+00  0.717189707783E+00
  0.694189128149E+00  0.683185044654E+00  0.716361682140E+00  0.473382630096E+00  0.612393119074E+00  0.716864198850E+00  0.723123115122E+00
  0.700979673971E+00  0.723885148209E+00  0.714684445619E+00  0.526038505576E+00  0.615388397631E+00  0.710116324027E+00  0.727118128392E+00
  0.712992983235E+00  0.716022862763E+00  0.716853175730E+00  0.710355941296E+00  0.661625514381E+00  0.722570321231E+00  0.717330406036E+00
  0.717452361829E+00  0.719105457482E+00  0.710515369035E+00  0.710691121087E+00  0.709900662979E+00
  0.000000000000E+00  0.000000000000E+00  0.530018730940E+00  0.522192090838E+00  0.000000000000E+00  0.550363567843E+00  0.514528484885E+00
  0.528427425508E+00  0.541171624287E+00  0.518576296567E+00  0.000000000000E+00  0.547279803790E+00  0.505533772112E+00  0.516217657070E+00
  0.535947266781E+00  0.508647784737E+00  0.502892467190E+00  0.000000000000E+00  0.536033495933E+00  0.495804018604E+00  0.507689459659E+00
  0.518167562773E+00  0.499033831642E+00  0.501831923750E+00  0.496276342105E+00  0.525071365421E+00  0.509396307193E+00  0.502036947719E+00
  0.516635260844E+00  0.503421419718E+00  0.494544855123E+00  0.496251400877E+00  0.494699324433E+00
  0.125450790411E+01  0.126332642097E+01  0.988691220980E+00  0.995834638017E+00  0.125597097094E+01  0.979596183935E+00  0.993829162709E+00
  0.987371225153E+00  0.985490076258E+00  0.992236711783E+00  0.124943017530E+01  0.976159698007E+00  0.998784587223E+00  0.992577366359E+00
  0.986770991121E+00  0.997511447132E+00  0.999221451624E+00  0.126007407250E+01  0.979720925517E+00  0.999625051764E+00  0.997255807918E+00
  0.991474190700E+00  0.100039127280E+01  0.999754119157E+00  0.999705386098E+00  0.984755143030E+00  0.997260483277E+00  0.999929691628E+00
  0.993132288365E+00  0.100026207495E+01  0.999997316025E+00  0.999858209718E+00  0.999726274823E+00
        12        15        14        14
        21        16        14        14
         9        14        10        10
        15        22        21        21
        29        27        22        22
        14        16        10        10
         7         8        10        10
        14        15        21        21
        14         9        12        12
         5        12         6         6
        21        24        16        16
        32        23        24        24
        28        21        27        27
        17        16        23        23
        28        31        24        24
        19        15        12        12
         4         2         6         6
         4         9         8         8
        10         8         9         9
        17        13        10        10
        19        26        22        22
        10        16        17        17
        23        25        17        17
        22        15        19        19
        12        11        19        19
        27        30        28        28
        33        31        28        28
         6         9         4         4
         8         3         4         4
        25        23        32        32
        10        13         7         7
         3         8         7         7
        30        27        29        29
         6         2         5         5
        11        12         5         5
        24        23        16        16
        13        17        20        20
        26        19        18        18
         2         4         1         1
        22        27        21        21
        31        32        24        24
        21        28        24        24
        26        29        22        22
         9         6        12        12
        11        18        19        19
        25        20        17        17
        30        33        28        28
         3         1         4         4
zone t="boundary 6 bc-6", solutiontime= 0.6000000E+02, strandid=1006, i=33, j=48, f=feblock
  0.375000000000E+01  0.250000000000E+01  0.500000000000E+01  0.403384942830E+01  0.280856328277E+01  0.125000000000E+01  0.182727219356E+01
  0.500000000000E+01  0.430969386006E+01  0.342819755379E+01  0.227317933631E+01  0.162230260845E+01  0.000000000000E+00  0.905837536509E+00
  0.500000000000E+01  0.408642231822E+01  0.297954017413E+01  0.189599568386E+01  0.109945440014E+01  0.735450417037E+00  0.000000000000E+00
  0.500000000000E+01  0.398205049073E+01  0.304506426164E+01  0.214587157439E+01  0.104050588738E+01  0.000000000000E+00  0.000000000000E+00
  0.500000000000E+01  0.375000000000E+01  0.250000000000E+01  0.125000000000E+01  0.000000000000E+00
  0.250000000000E+01  0.250000000000E+01  0.250000000000E+01  0.145332269920E+01  0.132549389334E+01  0.250000000000E+01  0.173899611320E+01
  0.125000000000E+01  0.518568023061E+00  0.350800286361E+00  0.490615021923E-01  0.825621401394E+00  0.250000000000E+01  0.157899473280E+01
  0.000000000000E+00 -0.461282870254E+00 -0.857924212153E+00 -0.873141960959E+00 -0.322732261638E+00  0.659350882208E+00  0.125000000000E+01
 -0.125000000000E+01 -0.158398995423E+01 -0.183684615440E+01 -0.165007033378E+01 -0.147959633950E+01  0.000000000000E+00 -0.125000000000E+01
 -0.250000000000E+01 -0.250000000000E+01 -0.250000000000E+01 -0.250000000000E+01 -0.250000000000E+01
  0.000000000000E+00  0.000000000000E+00  0.000000000000E+00  0.000000000000E+00  0.000000000000E+00  0.000000000000E+00  0.000000000000E+00
  0.000000000000E+00  0.000000000000E+00  0.000000000000E+00  0.000000000000E+00  0.000000000000E+00  0.000000000000E+00  0.000000000000E+00
  0.000000000000E+00  0.000000000000E+00  0.000000000000E+00  0.000000000000E+00  0.000000000000E+00  0.000000000000E+00  0.000000000000E+00
  0.000000000000E+00  0.000000000000E+00  0.000000000000E+00  0.000000000000E+00  0.000000000000E+00  0.000000000000E+00  0.000000000000E+00
  0.000000000000E+00  0.000000000000E+00  0.000000000000E+00  0.000000000000E+00  0.000000000000E+00
  0.789248069945E+00  0.837308967706E+00  0.599261396435E+00  0.800933442874E+00  0.819677475609E+00  0.881772947522E+00  0.864846798855E+00
  0.531529018643E+00  0.812444247216E+00  0.817236100847E+00  0.841401714286E+00  0.856400486991E+00  0.742774737796E+00  0.851420654763E+00
  0.522101228756E+00  0.823414400010E+00  0.829915996562E+00  0.849580028258E+00  0.840381310222E+00  0.885994718797E+00  0.728327691154E+00
  0.530430347560E+00  0.822737828158E+00  0.824643732497E+00  0.847735983438E+00  0.882277550150E+00  0.620672422394E+00  0.748233241936E+00
  0.584452869781E+00  0.805519875243E+00  0.831059890860E+00  0.892045045722E+00  0.643210813476E+00
  0.000000000000E+00  0.000000000000E+00  0.000000000000E+00  0.000000000000E+00  0.000000000000E+00  0.000000000000E+00  0.000000000000E+00
  0.000000000000E+00  0.000000000000E+00  0.000000000000E+00  0.000000000000E+00  0.000000000000E+00  0.000000000000E+00  0.000000000000E+00
  0.000000000000E+00  0.000000000000E+00  0.000000000000E+00  0.000000000000E+00  0.000000000000E+00  0.000000000000E+00  0.000000000000E+00
  0.000000000000E+00  0.000000000000E+00  0.000000000000E+00  0.000000000000E+00  0.000000000000E+00  0.000000000000E+00  0.000000000000E+00
  0.000000000000E+00  0.000000000000E+00  0.000000000000E+00  0.000000000000E+00  0.000000000000E+00
  0.000000000000E+00  0.000000000000E+00  0.000000000000E+00  0.000000000000E+00  0.000000000000E+00  0.000000000000E+00  0.000000000000E+00
  0.000000000000E+00  0.000000000000E+00  0.000000000000E+00  0.000000000000E+00  0.000000000000E+00  0.000000000000E+00  0.000000000000E+00
  0.000000000000E+00  0.000000000000E+00  0.000000000000E+00  0.000000000000E+00  0.000000000000E+00  0.000000000000E+00  0.000000000000E+00
  0.000000000000E+00  0.000000000000E+00  0.000000000000E+00  0.000000000000E+00  0.000000000000E+00  0.000000000000E+00  0.000000000000E+00
  0.000000000000E+00  0.000000000000E+00  0.000000000000E+00  0.000000000000E+00  0.000000000000E+00
  0.000000000000E+00  0.000000000000E+00  0.000000000000E+00  0.000000000000E+00  0.000000000000E+00  0.000000000000E+00  0.000000000000E+00
  0.000000000000E+00  0.000000000000E+00  0.000000000000E+00  0.000000000000E+00  0.000000000000E+00  0.000000000000E+00  0.000000000000E+00
  0.000000000000E+00  0.000000000000E+00  0.000000000000E+00  0.000000000000E+00  0.000000000000E+00  0.000000000000E+00  0.000000000000E+00
  0.000000000000E+00  0.000000000000E+00  0.000000000000E+00  0.000000000000E+00  0.000000000000E+00  0.000000000000E+00  0.000000000000E+00
  0.000000000000E+00  0.000000000000E+00  0.000000000000E+00  0.000000000000E+00  0.000000000000E+00
  0.659331479557E+00  0.700358168451E+00  0.536984398897E+00  0.657566988106E+00  0.688622429559E+00  0.709616537173E+00  0.717810374365E+00
  0.479639037690E+00  0.650610101730E+00  0.676048868210E+00  0.701701103428E+00  0.713816529153E+00  0.634290882971E+00  0.695544771996E+00
  0.468388562295E+00  0.664369981889E+00  0.684273181125E+00  0.700624795485E+00  0.708036487767E+00  0.690261490571E+00  0.624274285545E+00
  0.473382630096E+00  0.664790451725E+00  0.670969524248E+00  0.704097226377E+00  0.712168979927E+00  0.544761422197E+00  0.644827971588E+00
  0.526038505576E+00  0.654606545231E+00  0.693092290867E+00  0.699127024956E+00  0.566717886216E+00
  0.000000000000E+00  0.000000000000E+00  0.000000000000E+00  0.000000000000E+00  0.000000000000E+00  0.000000000000E+00  0.000000000000E+00
  0.000000000000E+00  0.000000000000E+00  0.000000000000E+00  0.000000000000E+00  0.000000000000E+00  0.000000000000E+00  0.000000000000E+00
  0.000000000000E+00  0.000000000000E+00  0.000000000000E+00  0.000000000000E+00  0.000000000000E+00  0.000000000000E+00  0.000000000000E+00
  0.000000000000E+00  0.000000000000E+00  0.000000000000E+00  0.000000000000E+00  0.000000000000E+00  0.000000000000E+00  0.000000000000E+00
  0.000000000000E+00  0.000000000000E+00  0.000000000000E+00  0.000000000000E+00  0.000000000000E+00
  0.116954872179E+01  0.117101508959E+01  0.125450790411E+01  0.114940110385E+01  0.117615944084E+01  0.112666549233E+01  0.116197981590E+01
  0.126332642097E+01  0.112112818270E+01  0.115813338950E+01  0.116755353373E+01  0.116691099082E+01  0.119552697604E+01  0.114369163509E+01
  0.125597097094E+01  0.112958672405E+01  0.115431255397E+01  0.115454069194E+01  0.117952537832E+01  0.109071314569E+01  0.119998732765E+01
  0.124943017530E+01  0.113123111708E+01  0.113910686146E+01  0.116278668853E+01  0.113007133835E+01  0.122877376787E+01  0.120652105470E+01
  0.126007407250E+01  0.113771142276E+01  0.116758036080E+01  0.109722915859E+01  0.123350699970E+01
        19        18        11        11
        17        10        11        11
        12        11         5         5
        18        25        17        17
        31        24        25        25
        11        10         5         5
         2         7         5         5
        11        18        17        17
        11        12        19        19
        27        19        20        20
        17        16        10        10
        15         9        16        16
        23        17        24        24
         4        10         9         9
        23        22        16        16
        26        18        19        19
        14        21        20        20
        14        12         7         7
         5         7        12        12
         4         1         5         5
        26        32        25        25
         5        10         4         4
         9         8         4         4
        25        18        26        26
        19        28        26        26
        24        30        23        23
        29        22        23        23
        20        12        14        14
         7         6        14        14
         8         9        15        15
         5         1         2         2
         6         7         2         2
        30        24        31        31
        20        21        27        27
        28        19        27        27
        16         9        10        10
         1         4         3         3
        32        26        33        33
        21        14        13        13
        25        24        17        17
        22        15        16        16
        17        23        16        16
        32        31        25        25
        12        20        19        19
        28        33        26        26
         8         3         4         4
        30        29        23        23
         6        13        14        14
