title="tecplot geometry and solution file"
variables = x y z rho u v w p mach temperature
zone t="boundary 1 bc-1", solutiontime= 0.3000000E+02, strandid=1001, i=32, j=46, f=feblock
  0.000000000000E+00  0.000000000000E+00  0.000000000000E+00  0.000000000000E+00  0.000000000000E+00  0.000000000000E+00  0.000000000000E+00
  0.000000000000E+00  0.000000000000E+00  0.000000000000E+00  0.000000000000E+00  0.000000000000E+00  0.000000000000E+00  0.000000000000E+00
  0.000000000000E+00  0.000000000000E+00  0.000000000000E+00  0.000000000000E+00  0.000000000000E+00  0.000000000000E+00  0.000000000000E+00
  0.000000000000E+00  0.000000000000E+00  0.000000000000E+00  0.000000000000E+00  0.000000000000E+00  0.000000000000E+00  0.000000000000E+00
  0.000000000000E+00  0.000000000000E+00  0.000000000000E+00  0.000000000000E+00
  0.250000000000E+01  0.250000000000E+01  0.125000000000E+01  0.146289271009E+01  0.157686156160E+01  0.308372018325E+00  0.000000000000E+00
 -0.125000000000E+01 -0.600232012419E+00  0.250000000000E+01  0.477386199275E+00  0.742988685424E+00 -0.739814786992E+00  0.177790177481E+01
  0.155830813274E+01  0.250000000000E+01 -0.250000000000E+01 -0.154800130438E+01 -0.487811078581E+00  0.250000000000E+01  0.627766083140E+00
 -0.345533899378E+00 -0.178862290564E+01 -0.158811787973E+01  0.125000000000E+01 -0.250000000000E+01 -0.144524380962E+01  0.000000000000E+00
 -0.125000000000E+01 -0.250000000000E+01 -0.250000000000E+01 -0.250000000000E+01
  0.000000000000E+00  0.125000000000E+01  0.000000000000E+00  0.103724302461E+01  0.219251206392E+01  0.922061490191E+00  0.000000000000E+00
  0.000000000000E+00  0.715990576545E+00  0.250000000000E+01  0.202479342020E+01  0.324151231464E+01  0.175434191980E+01  0.310152362409E+01
  0.404200324774E+01  0.375000000000E+01  0.000000000000E+00  0.930412228790E+00  0.299062775774E+01  0.500000000000E+01  0.429310310915E+01
  0.409252726285E+01  0.187029682677E+01  0.284428995242E+01  0.500000000000E+01  0.125000000000E+01  0.394624082883E+01  0.500000000000E+01
  0.500000000000E+01  0.250000000000E+01  0.375000000000E+01  0.500000000000E+01
  0.759729632943E+00  0.103110062178E+01  0.744745616137E+00  0.107209928501E+01  0.990395019590E+00  0.108831133072E+01  0.622078919723E+00
  0.762601146136E+00  0.109253880390E+01  0.991464612374E+00  0.965968465542E+00  0.987189914312E+00  0.980107281191E+00  0.994430704230E+00
  0.994682947704E+00  0.995113280066E+00  0.666844480742E+00  0.109288388441E+01  0.988005784026E+00  0.995236845969E+00  0.995247254511E+00
  0.995000440330E+00  0.987272882667E+00  0.986477475450E+00  0.995109323376E+00  0.103504729454E+01  0.993853049430E+00  0.994916768229E+00
  0.995577762818E+00  0.990282219287E+00  0.994089123814E+00  0.995693869847E+00
  0.000000000000E+00  0.485980768511E+00  0.000000000000E+00  0.497960052182E+00  0.500634459871E+00  0.490205477366E+00  0.000000000000E+00
  0.000000000000E+00  0.452568050148E+00  0.503850843035E+00  0.510123878529E+00  0.505129457477E+00  0.516889056878E+00  0.505796932729E+00
  0.503122282710E+00  0.504803504728E+00  0.000000000000E+00  0.493351607137E+00  0.504873918167E+00  0.505592703704E+00  0.503125970586E+00
  0.501867711162E+00  0.499137878711E+00  0.501773424103E+00  0.505041716714E+00  0.497028544241E+00  0.503733587684E+00  0.505179332829E+00
  0.504765823073E+00  0.505140499528E+00  0.505283382649E+00  0.504792771059E+00
  0.000000000000E+00  0.000000000000E+00  0.000000000000E+00  0.864004331243E-02 -0.106782144412E-01  0.111613553623E-01  0.000000000000E+00
  0.000000000000E+00  0.527473993223E-02  0.000000000000E+00 -0.268703893119E-02 -0.343752066132E-02  0.336727238497E-02 -0.836693242639E-03
 -0.103507612627E-02  0.000000000000E+00  0.000000000000E+00 -0.276900852195E-01  0.360105738120E-02  0.000000000000E+00 -0.313019264486E-03
  0.124529572165E-03  0.719162702987E-02  0.272237666775E-02  0.413772234775E-03  0.000000000000E+00  0.831966979348E-03 -0.814337805476E-04
 -0.236119750097E-03  0.000000000000E+00  0.000000000000E+00  0.000000000000E+00
  0.000000000000E+00  0.749841275654E-02  0.000000000000E+00  0.128762190389E-01  0.124342898424E-01 -0.350476005871E-01  0.000000000000E+00
  0.000000000000E+00 -0.481471500460E-01  0.192109953743E-02  0.569232259450E-02 -0.100979583811E-01  0.268989318427E-01 -0.629195672455E-03
 -0.369794624084E-02 -0.672248803770E-03  0.000000000000E+00 -0.252004080906E-01 -0.110268590337E-01 -0.306295597292E-02 -0.275721086953E-02
 -0.453492969883E-02  0.114814159213E-01 -0.636331108373E-02 -0.282084765204E-02  0.165741373968E-02 -0.390941395083E-02 -0.238212058406E-02
 -0.213590332508E-02  0.731797278870E-03 -0.233500587755E-02 -0.211429894290E-02
  0.646148196389E+00  0.741730166272E+00  0.636007616069E+00  0.768057544406E+00  0.707109923321E+00  0.778302519521E+00  0.546941442041E+00
  0.655370136246E+00  0.791208920659E+00  0.706739256527E+00  0.689851916830E+00  0.702860949362E+00  0.698338833203E+00  0.708387236290E+00
  0.708325010598E+00  0.708934589054E+00  0.581620221195E+00  0.779045478111E+00  0.704098044042E+00  0.709873425945E+00  0.709022653798E+00
  0.708545909993E+00  0.704915943477E+00  0.704634138468E+00  0.709801257175E+00  0.743502598404E+00  0.707970099228E+00  0.709560097951E+00
  0.709889144968E+00  0.705260430902E+00  0.708197303167E+00  0.710079110871E+00
  0.000000000000E+00  0.484322124320E+00  0.000000000000E+00  0.497463901889E+00  0.501014272970E+00  0.491287394615E+00  0.000000000000E+00
  0.000000000000E+00  0.452028456546E+00  0.504371025503E+00  0.510209138148E+00  0.506058984339E+00  0.518243063178E+00  0.506483151221E+00
  0.503904494276E+00  0.505465951590E+00  0.000000000000E+00  0.495273594241E+00  0.505587924947E+00  0.505961548746E+00  0.503796053845E+00
  0.502655708549E+00  0.499420498588E+00  0.501818531125E+00  0.505402248915E+00  0.495631134039E+00  0.504433814889E+00  0.505574514834E+00
  0.505210287825E+00  0.505886813080E+00  0.505954149356E+00  0.505198982017E+00
  0.119069657905E+01  0.100710077256E+01  0.119559033743E+01  0.100296733447E+01  0.999554594953E+00  0.100120571805E+01  0.123090173060E+01
  0.120314294752E+01  0.101387015726E+01  0.997952873748E+00  0.999818025136E+00  0.996774090620E+00  0.997517705710E+00  0.997296369256E+00
  0.996955881396E+00  0.997382352902E+00  0.122107677755E+01  0.997968480382E+00  0.997703938172E+00  0.998579182783E+00  0.997371970451E+00
  0.996948577893E+00  0.999604403396E+00  0.100001045985E+01  0.998605617193E+00  0.100565804409E+01  0.997288421551E+00  0.998459538379E+00
  0.998259342537E+00  0.997053752993E+00  0.997371564262E+00  0.998410038793E+00
        12        19        11        11
        11         5        12        12
        10        14         5         5
        19        13        11        11
        19        24        13        13
        30        23        24        24
        19        12        22        22
        28        22        21        21
        11        13         6         6
         7         6         9         9
        15        12        14        14
        18        13        23        23
        15        25        21        21
        27        19        22        22
        18         8         9         9
        27        31        24        24
         4        11         6         6
         5        14        12        12
         4         2         5         5
        21        12        15        15
        14        16        15        15
        24        19        27        27
        22        29        27        27
        23        26        18        18
        17         8        18        18
         5        11         4         4
         6         3         4         4
        26        23        30        30
         5         2        10        10
        16        14        10        10
         3         6         7         7
        21        25        28        28
        29        22        28        28
         6        13         9         9
         2         4         1         1
        31        27        32        32
        25        15        20        20
        24        23        13        13
         8         7         9         9
        13        18         9         9
        31        30        24        24
        12        21        22        22
        29        32        27        27
         3         1         4         4
        26        17        18        18
        16        20        15        15
zone t="boundary 2 bc-2", solutiontime= 0.3000000E+02, strandid=1002, i=33, j=48, f=feblock
  0.500000000000E+01  0.375000000000E+01  0.250000000000E+01  0.288078410721E+01  0.125000000000E+01  0.190974100652E+01  0.326683758169E+01
  0.201431602454E+01  0.000000000000E+00  0.963108083381E+00  0.500000000000E+01  0.403552511878E+01  0.423153924130E+01  0.500000000000E+01
  0.385533350601E+01  0.500000000000E+01  0.398173246726E+01  0.315249557942E+01  0.267000324704E+01  0.154774304040E+01  0.218329375016E+01
  0.893127759452E+00  0.000000000000E+00  0.698517061619E+00  0.964171764089E+00  0.310324758057E+01  0.000000000000E+00  0.000000000000E+00
  0.125000000000E+01  0.500000000000E+01  0.375000000000E+01  0.250000000000E+01  0.000000000000E+00
 -0.250000000000E+01 -0.250000000000E+01 -0.250000000000E+01 -0.250000000000E+01 -0.250000000000E+01 -0.250000000000E+01 -0.250000000000E+01
 -0.250000000000E+01 -0.250000000000E+01 -0.250000000000E+01 -0.250000000000E+01 -0.250000000000E+01 -0.250000000000E+01 -0.250000000000E+01
 -0.250000000000E+01 -0.250000000000E+01 -0.250000000000E+01 -0.250000000000E+01 -0.250000000000E+01 -0.250000000000E+01 -0.250000000000E+01
 -0.250000000000E+01 -0.250000000000E+01 -0.250000000000E+01 -0.250000000000E+01 -0.250000000000E+01 -0.250000000000E+01 -0.250000000000E+01
 -0.250000000000E+01 -0.250000000000E+01 -0.250000000000E+01 -0.250000000000E+01 -0.250000000000E+01
  0.000000000000E+00  0.000000000000E+00  0.000000000000E+00  0.904659890645E+00  0.000000000000E+00  0.717002441913E+00  0.188609243358E+01
  0.176246431481E+01  0.000000000000E+00  0.961328577125E+00  0.125000000000E+01  0.101201586758E+01  0.191586535653E+01  0.250000000000E+01
  0.293121848150E+01  0.375000000000E+01  0.406975391361E+01  0.363585050272E+01  0.285047954584E+01  0.292817774674E+01  0.395907379566E+01
  0.205246550326E+01  0.125000000000E+01  0.306828197606E+01  0.397245519226E+01  0.433168271247E+01  0.250000000000E+01  0.375000000000E+01
  0.500000000000E+01  0.500000000000E+01  0.500000000000E+01  0.500000000000E+01  0.500000000000E+01
  0.579025958907E+00  0.800845326800E+00  0.822841123282E+00  0.927674450778E+00  0.857217235255E+00  0.939830667946E+00  0.987682926391E+00
  0.991989874292E+00  0.666844480742E+00  0.989900369328E+00  0.939468186124E+00  0.930265873679E+00  0.983595275659E+00  0.101304347302E+01
  0.100044152403E+01  0.100695817372E+01  0.995357507223E+00  0.991991433071E+00  0.990324264568E+00  0.990948983096E+00  0.990669931552E+00
  0.998792279685E+00  0.103504729454E+01  0.993087321905E+00  0.993986041811E+00  0.992610080177E+00  0.990282219287E+00  0.994089123814E+00
  0.995546515179E+00  0.993723220497E+00  0.994767912980E+00  0.993755558463E+00  0.995693869847E+00
  0.000000000000E+00  0.000000000000E+00  0.000000000000E+00  0.390436953771E+00  0.000000000000E+00  0.318151759685E+00  0.566320856204E+00
  0.538010194325E+00  0.000000000000E+00  0.420367617900E+00  0.505139806606E+00  0.461937231402E+00  0.560293187356E+00  0.510932082948E+00
  0.547551562749E+00  0.503336721160E+00  0.504606262613E+00  0.518538671473E+00  0.544861646560E+00  0.523108358056E+00  0.509915123808E+00
  0.522429669822E+00  0.497028544241E+00  0.505359158272E+00  0.505159827347E+00  0.505657594660E+00  0.505140499528E+00  0.505283382649E+00
  0.505134169543E+00  0.494882770356E+00  0.498298757655E+00  0.504844477811E+00  0.504792771059E+00
  0.000000000000E+00  0.000000000000E+00  0.000000000000E+00  0.000000000000E+00  0.000000000000E+00  0.000000000000E+00  0.000000000000E+00
  0.000000000000E+00  0.000000000000E+00  0.000000000000E+00  0.000000000000E+00  0.000000000000E+00  0.000000000000E+00  0.000000000000E+00
  0.000000000000E+00  0.000000000000E+00  0.000000000000E+00  0.000000000000E+00  0.000000000000E+00  0.000000000000E+00  0.000000000000E+00
  0.000000000000E+00  0.000000000000E+00  0.000000000000E+00  0.000000000000E+00  0.000000000000E+00  0.000000000000E+00  0.000000000000E+00
  0.000000000000E+00  0.000000000000E+00  0.000000000000E+00  0.000000000000E+00  0.000000000000E+00
  0.000000000000E+00  0.000000000000E+00  0.000000000000E+00  0.432737962659E-02  0.000000000000E+00  0.646374318406E-02  0.863467530152E-03
  0.179618552188E-01  0.000000000000E+00 -0.362881250377E-02 -0.135617169720E+00 -0.377652130704E-01 -0.469148355447E-01 -0.567143294424E-01
 -0.147085197848E-01 -0.439769708770E-02 -0.768382050966E-02 -0.120779635787E-01 -0.295756684693E-02  0.421574233754E-02 -0.721491854615E-02
  0.194736558243E-01  0.165741373968E-02 -0.101431297525E-02 -0.363476375059E-02 -0.100683655621E-01  0.731797278870E-03 -0.233500587755E-02
 -0.481825632886E-02  0.313633049338E-02 -0.628788211545E-02 -0.713359247074E-02 -0.211429894290E-02
  0.524918245486E+00  0.654325562809E+00  0.691795635126E+00  0.682701174485E+00  0.698052217273E+00  0.703317529461E+00  0.691893586123E+00
  0.699493662827E+00  0.581620221195E+00  0.720780712143E+00  0.661189469196E+00  0.668153143934E+00  0.689201587204E+00  0.718282415280E+00
  0.708038592129E+00  0.719440580804E+00  0.711048873895E+00  0.706679066080E+00  0.701027942394E+00  0.705496797469E+00  0.706008756159E+00
  0.709588662036E+00  0.743502598404E+00  0.708404321093E+00  0.708311415023E+00  0.707546218371E+00  0.705260430902E+00  0.708197303167E+00
  0.709320579720E+00  0.709720228504E+00  0.708976793049E+00  0.707845698472E+00  0.710079110871E+00
  0.000000000000E+00  0.000000000000E+00  0.000000000000E+00  0.384676843731E+00  0.000000000000E+00  0.310891614858E+00  0.571857950863E+00
  0.541788912669E+00  0.000000000000E+00  0.416366310248E+00  0.526913054266E+00  0.462201134823E+00  0.567679939887E+00  0.515970396018E+00
  0.550281646968E+00  0.503291300740E+00  0.504636645422E+00  0.519371073359E+00  0.547330518099E+00  0.523986223623E+00  0.510548249212E+00
  0.524203086156E+00  0.495631134039E+00  0.505696695170E+00  0.505771149724E+00  0.506279712023E+00  0.505886813080E+00  0.505954149356E+00
  0.505792032064E+00  0.494921322339E+00  0.498890500882E+00  0.505600426270E+00  0.505198982017E+00
  0.126917547025E+01  0.114386106440E+01  0.117703632180E+01  0.103029855299E+01  0.114005302739E+01  0.104768292292E+01  0.980730753454E+00
  0.987198713754E+00  0.122107677755E+01  0.101938844379E+01  0.985307720417E+00  0.100553446920E+01  0.980974843986E+00  0.992647806508E+00
  0.990816559662E+00  0.100025685219E+01  0.100011143356E+01  0.997337940156E+00  0.991028044516E+00  0.996716817218E+00  0.997721064446E+00
  0.994625356099E+00  0.100565804409E+01  0.998669530518E+00  0.997635720544E+00  0.997939397857E+00  0.997053752993E+00  0.997371564262E+00
  0.997491123183E+00  0.999884373647E+00  0.997788024037E+00  0.997211003673E+00  0.998410038793E+00
        15         7        19        19
         8        20        19        19
        18        19        21        21
         7         4         8         8
         3         6         4         4
        19         7         8         8
        19        18        15        15
        14        13        15        15
         8        22        20        20
        27        24        22        22
        19        20        21        21
        32        26        21        21
        17        18        26        26
        17        16        15        15
        25        29        21        21
        12         7        13        13
        10         8         6         6
        25        20        24        24
         4         6         8         8
        12         2         4         4
        10        23        22        22
        26        31        17        17
        30        16        17        17
         4         7        12        12
        13        11        12        12
        21        20        25        25
        24        28        25        25
        22         8        10        10
         6         5        10        10
        31        26        32        32
         4         2         3         3
         5         6         3         3
        11        13        14        14
        22        23        27        27
        28        24        27        27
        15        13         7         7
         2        12         1         1
        29        25        33        33
        23        10         9         9
        21        26        18        18
        16        14        15        15
        18        17        15        15
        29        32        21        21
        22        24        20        20
        28        33        25        25
        11         1        12        12
        31        30        17        17
         5         9        10        10
zone t="boundary 3 bc-3", solutiontime= 0.3000000E+02, strandid=1003, i=33, j=48, f=feblock
  0.375000000000E+01  0.250000000000E+01  0.500000000000E+01  0.403552511878E+01  0.288078410721E+01  0.125000000000E+01  0.190974100652E+01
  0.500000000000E+01  0.326683758169E+01  0.423153924130E+01  0.201431602454E+01  0.000000000000E+00  0.963108083381E+00  0.500000000000E+01
  0.267000324704E+01  0.385533350601E+01  0.893127759452E+00  0.154774304040E+01  0.000000000000E+00  0.500000000000E+01  0.315249557942E+01
  0.218329375016E+01  0.398173246726E+01  0.000000000000E+00  0.698517061619E+00  0.964171764089E+00  0.125000000000E+01  0.000000000000E+00
  0.500000000000E+01  0.310324758057E+01  0.250000000000E+01  0.375000000000E+01  0.000000000000E+00
  0.250000000000E+01  0.250000000000E+01  0.250000000000E+01  0.250000000000E+01  0.250000000000E+01  0.250000000000E+01  0.250000000000E+01
  0.250000000000E+01  0.250000000000E+01  0.250000000000E+01  0.250000000000E+01  0.250000000000E+01  0.250000000000E+01  0.250000000000E+01
  0.250000000000E+01  0.250000000000E+01  0.250000000000E+01  0.250000000000E+01  0.250000000000E+01  0.250000000000E+01  0.250000000000E+01
  0.250000000000E+01  0.250000000000E+01  0.250000000000E+01  0.250000000000E+01  0.250000000000E+01  0.250000000000E+01  0.250000000000E+01
  0.250000000000E+01  0.250000000000E+01  0.250000000000E+01  0.250000000000E+01  0.250000000000E+01
  0.000000000000E+00  0.000000000000E+00  0.000000000000E+00  0.101201586758E+01  0.904659890645E+00  0.000000000000E+00  0.717002441913E+00
  0.125000000000E+01  0.188609243358E+01  0.191586535653E+01  0.176246431481E+01  0.000000000000E+00  0.961328577125E+00  0.250000000000E+01
  0.285047954584E+01  0.293121848150E+01  0.205246550326E+01  0.292817774674E+01  0.125000000000E+01  0.375000000000E+01  0.363585050272E+01
  0.395907379566E+01  0.406975391361E+01  0.250000000000E+01  0.306828197606E+01  0.397245519226E+01  0.500000000000E+01  0.375000000000E+01
  0.500000000000E+01  0.433168271247E+01  0.500000000000E+01  0.500000000000E+01  0.500000000000E+01
  0.786770755844E+00  0.817221072071E+00  0.595434155347E+00  0.913822390473E+00  0.921128744058E+00  0.847385075334E+00  0.933295945232E+00
  0.932380134780E+00  0.976144203513E+00  0.977146993556E+00  0.986018972306E+00  0.759729632943E+00  0.980830810957E+00  0.101162639139E+01
  0.991141575298E+00  0.999311155727E+00  0.998322738050E+00  0.991619106920E+00  0.103110062178E+01  0.100530960424E+01  0.994331050569E+00
  0.992070437033E+00  0.995768841143E+00  0.991464612374E+00  0.992415983635E+00  0.993294461208E+00  0.995461703582E+00  0.995113280066E+00
  0.994416987069E+00  0.992454620984E+00  0.993942906972E+00  0.993714687620E+00  0.995236845969E+00
  0.000000000000E+00  0.000000000000E+00  0.000000000000E+00  0.462338429777E+00  0.393264954220E+00  0.000000000000E+00  0.328145015099E+00
  0.510141821564E+00  0.552070244390E+00  0.556898255271E+00  0.524996201698E+00  0.000000000000E+00  0.415572144517E+00  0.508667826207E+00
  0.541589612377E+00  0.546638184645E+00  0.524529662342E+00  0.521392884365E+00  0.485980768511E+00  0.504923823449E+00  0.519903675984E+00
  0.509726889550E+00  0.507593296605E+00  0.503850843035E+00  0.507525840214E+00  0.506104878356E+00  0.503673352335E+00  0.504803504728E+00
  0.495701827274E+00  0.504793107845E+00  0.501715853151E+00  0.496849651849E+00  0.505592703704E+00
  0.000000000000E+00  0.000000000000E+00  0.000000000000E+00  0.000000000000E+00  0.000000000000E+00  0.000000000000E+00  0.000000000000E+00
  0.000000000000E+00  0.000000000000E+00  0.000000000000E+00  0.000000000000E+00  0.000000000000E+00  0.000000000000E+00  0.000000000000E+00
  0.000000000000E+00  0.000000000000E+00  0.000000000000E+00  0.000000000000E+00  0.000000000000E+00  0.000000000000E+00  0.000000000000E+00
  0.000000000000E+00  0.000000000000E+00  0.000000000000E+00  0.000000000000E+00  0.000000000000E+00  0.000000000000E+00  0.000000000000E+00
  0.000000000000E+00  0.000000000000E+00  0.000000000000E+00  0.000000000000E+00  0.000000000000E+00
  0.000000000000E+00  0.000000000000E+00  0.000000000000E+00 -0.393738900886E-01  0.187321918450E-01  0.000000000000E+00  0.970182527811E-02
 -0.141864526469E+00 -0.546024716031E-02 -0.581477014169E-01  0.154378912928E-01  0.000000000000E+00 -0.453522136324E-02 -0.626544294832E-01
 -0.276956921994E-02 -0.176995783314E-01  0.241563605948E-01  0.200419894756E-02  0.749841275654E-02 -0.716465684321E-02 -0.101077360587E-01
 -0.772900986776E-02 -0.698417939898E-02  0.192109953743E-02 -0.634302379066E-03 -0.509689411466E-02 -0.620137976109E-02 -0.672248803770E-03
  0.223954104922E-02 -0.806807280122E-02 -0.720558185573E-02 -0.652490320927E-02 -0.306295597292E-02
  0.659146500322E+00  0.699185390464E+00  0.536420370957E+00  0.662191326311E+00  0.686399108949E+00  0.708804253818E+00  0.701996252265E+00
  0.659051017592E+00  0.688271038600E+00  0.686945797539E+00  0.698595582114E+00  0.646148196389E+00  0.716555019977E+00  0.717938604102E+00
  0.701832826854E+00  0.707308313192E+00  0.708592156234E+00  0.705643006470E+00  0.741730166272E+00  0.717173803811E+00  0.708146371349E+00
  0.706813170685E+00  0.710628681509E+00  0.706739256527E+00  0.707003314112E+00  0.707517066517E+00  0.709461590399E+00  0.708934589054E+00
  0.710102288510E+00  0.707800443473E+00  0.708218050584E+00  0.708611661798E+00  0.709873425945E+00
  0.000000000000E+00  0.000000000000E+00  0.000000000000E+00  0.460685282950E+00  0.385465183765E+00  0.000000000000E+00  0.319914421185E+00
  0.532278486582E+00  0.555685168037E+00  0.564397551175E+00  0.527362867430E+00  0.000000000000E+00  0.410942019025E+00  0.514169640999E+00
  0.543955027135E+00  0.549426334261E+00  0.526748622747E+00  0.522377199654E+00  0.484322124320E+00  0.505292984140E+00  0.520768748940E+00
  0.510437278227E+00  0.507868020734E+00  0.504371025503E+00  0.508195284042E+00  0.506837890544E+00  0.504272989368E+00  0.505465951590E+00
  0.495775139452E+00  0.505248202108E+00  0.502384017674E+00  0.497307633596E+00  0.505961548746E+00
  0.117290213648E+01  0.119779039002E+01  0.126124528228E+01  0.101449457411E+01  0.104324043596E+01  0.117104488176E+01  0.105303656165E+01
  0.989587176100E+00  0.987128183082E+00  0.984216420760E+00  0.991901618963E+00  0.119069657905E+01  0.102278294764E+01  0.993562499258E+00
  0.991347736877E+00  0.990914224057E+00  0.993695706726E+00  0.996249671032E+00  0.100710077256E+01  0.998740409027E+00  0.997057186659E+00
  0.997447763809E+00  0.999107536816E+00  0.997952873748E+00  0.997368700301E+00  0.997210728346E+00  0.997774422647E+00  0.997382352902E+00
  0.999724679728E+00  0.998454337266E+00  0.997547508879E+00  0.998331149651E+00  0.998579182783E+00
        15         9        16        16
        15        18        11        11
        22        15        21        21
        11         5         9         9
         5         7         2         2
        11         9        15        15
        16        21        15        15
        16        10        14        14
        18        17        11        11
        17        25        24        24
        22        18        15        15
        22        30        31        31
        30        21        23        23
        16        20        23        23
        22        27        26        26
        10         9         4         4
         7        11        13        13
        25        18        26        26
        11         7         5         5
         5         1         4         4
        17        19        13        13
        23        32        30        30
        23        20        29        29
         4         9         5         5
         4         8        10        10
        26        18        22        22
        26        28        25        25
        13        11        17        17
        13         6         7         7
        31        30        32        32
         2         1         5         5
         2         7         6         6
        14        10         8         8
        24        19        17        17
        24        25        28        28
         9        10        16        16
         3         4         1         1
        33        26        27        27
        12        13        19        19
        21        30        22        22
        16        14        20        20
        16        23        21        21
        22        31        27        27
        18        25        17        17
        26        33        28        28
         4         3         8         8
        23        29        32        32
        13        12         6         6
zone t="boundary 4 bc-4", solutiontime= 0.3000000E+02, strandid=1004, i=32, j=46, f=feblock
  0.125000000000E+01  0.219251206392E+01  0.103724302461E+01  0.500000000000E+01  0.250000000000E+01  0.375000000000E+01  0.404200324774E+01
  0.500000000000E+01  0.000000000000E+00  0.310152362409E+01  0.202479342020E+01  0.324151231464E+01  0.922061490191E+00  0.000000000000E+00
  0.299062775774E+01  0.394624082883E+01  0.500000000000E+01  0.409252726285E+01  0.500000000000E+01  0.429310310915E+01  0.175434191980E+01
  0.284428995242E+01  0.000000000000E+00  0.000000000000E+00  0.715990576545E+00  0.930412228790E+00  0.125000000000E+01  0.187029682677E+01
  0.500000000000E+01  0.375000000000E+01  0.250000000000E+01  0.000000000000E+00
  0.250000000000E+01  0.157686156160E+01  0.146289271009E+01  0.250000000000E+01  0.250000000000E+01  0.250000000000E+01  0.155830813274E+01
  0.125000000000E+01  0.250000000000E+01  0.177790177481E+01  0.477386199275E+00  0.742988685424E+00  0.308372018325E+00  0.125000000000E+01
 -0.487811078581E+00 -0.144524380962E+01 -0.125000000000E+01 -0.345533899378E+00  0.000000000000E+00  0.627766083140E+00 -0.739814786992E+00
 -0.158811787973E+01  0.000000000000E+00 -0.125000000000E+01 -0.600232012419E+00 -0.154800130438E+01 -0.250000000000E+01 -0.178862290564E+01
 -0.250000000000E+01 -0.250000000000E+01 -0.250000000000E+01 -0.250000000000E+01
  0.500000000000E+01  0.500000000000E+01  0.500000000000E+01  0.500000000000E+01  0.500000000000E+01  0.500000000000E+01  0.500000000000E+01
  0.500000000000E+01  0.500000000000E+01  0.500000000000E+01  0.500000000000E+01  0.500000000000E+01  0.500000000000E+01  0.500000000000E+01
  0.500000000000E+01  0.500000000000E+01  0.500000000000E+01  0.500000000000E+01  0.500000000000E+01  0.500000000000E+01  0.500000000000E+01
  0.500000000000E+01  0.500000000000E+01  0.500000000000E+01  0.500000000000E+01  0.500000000000E+01  0.500000000000E+01  0.500000000000E+01
  0.500000000000E+01  0.500000000000E+01  0.500000000000E+01  0.500000000000E+01
  0.995461703582E+00  0.994258312440E+00  0.995702364117E+00  0.994416987069E+00  0.993942906972E+00  0.993714687620E+00  0.992927253275E+00
  0.994662646571E+00  0.995236845969E+00  0.993824203782E+00  0.993535283981E+00  0.992797617345E+00  0.995808914962E+00  0.995109323376E+00
  0.993768717107E+00  0.991539836072E+00  0.994405806453E+00  0.992572870383E+00  0.994951093518E+00  0.992806408232E+00  0.994449281226E+00
  0.994093137042E+00  0.994916768229E+00  0.995577762818E+00  0.995415209160E+00  0.995655675924E+00  0.995546515179E+00  0.994366937172E+00
  0.993723220497E+00  0.994767912980E+00  0.993755558463E+00  0.995693869847E+00
  0.503673352335E+00  0.503839597855E+00  0.504053597195E+00  0.495701827274E+00  0.501715853151E+00  0.496849651849E+00  0.496258821478E+00
  0.496369645779E+00  0.505592703704E+00  0.500238587606E+00  0.503481506791E+00  0.500315541386E+00  0.505635056054E+00  0.505041716714E+00
  0.501788215489E+00  0.494711405616E+00  0.494764416899E+00  0.497304535385E+00  0.496517158160E+00  0.497117399523E+00  0.505422465154E+00
  0.502934505196E+00  0.505179332829E+00  0.504765823073E+00  0.505518715929E+00  0.505313232546E+00  0.505134169543E+00  0.505614373618E+00
  0.494882770356E+00  0.498298757655E+00  0.504844477811E+00  0.504792771059E+00
  0.000000000000E+00 -0.188825284919E-03 -0.236460539468E-03  0.000000000000E+00  0.000000000000E+00  0.000000000000E+00 -0.733177315026E-03
 -0.188399125669E-03  0.000000000000E+00 -0.342879415974E-03 -0.494358893157E-03 -0.106989916128E-02 -0.678613811490E-03  0.413772234775E-03
 -0.338240173877E-03 -0.638527533281E-03 -0.159256891966E-02 -0.181869824496E-02 -0.197666627882E-02 -0.183731383668E-02 -0.241594073601E-03
 -0.230675705177E-03 -0.814337805476E-04 -0.236119750097E-03 -0.384773828587E-03  0.410355483138E-03  0.000000000000E+00  0.398245273629E-03
  0.000000000000E+00  0.000000000000E+00  0.000000000000E+00  0.000000000000E+00
 -0.620137976109E-02 -0.695294277408E-02 -0.546254642860E-02  0.223954104922E-02 -0.720558185573E-02 -0.652490320927E-02 -0.524304394627E-02
  0.135861064403E-02 -0.306295597292E-02 -0.728106331174E-02 -0.717612184673E-02 -0.785022876796E-02 -0.442664482299E-02 -0.282084765204E-02
 -0.747913273683E-02 -0.620916844033E-02  0.134282784673E-02 -0.641780438930E-02  0.142409977067E-02 -0.602512272862E-02 -0.626599411961E-02
 -0.727665205405E-02 -0.238212058406E-02 -0.213590332508E-02 -0.440605702220E-02 -0.468708879451E-02 -0.481825632886E-02 -0.646479354751E-02
  0.313633049338E-02 -0.628788211545E-02 -0.713359247074E-02 -0.211429894290E-02
  0.709461590399E+00  0.708464927474E+00  0.709662151988E+00  0.710102288510E+00  0.708218050584E+00  0.708611661798E+00  0.708508390973E+00
  0.710339156012E+00  0.709873425945E+00  0.708438940158E+00  0.707957536659E+00  0.707826875723E+00  0.709775922956E+00  0.709801257175E+00
  0.708160143461E+00  0.707582623668E+00  0.710405033275E+00  0.708229990088E+00  0.710676824408E+00  0.708437773301E+00  0.708492448048E+00
  0.708152576040E+00  0.709560097951E+00  0.709889144968E+00  0.709631276273E+00  0.709728863657E+00  0.709320579720E+00  0.708370106045E+00
  0.709720228504E+00  0.708976793049E+00  0.707845698472E+00  0.710079110871E+00
  0.504272989368E+00  0.504498751678E+00  0.504634800702E+00  0.495775139452E+00  0.502384017674E+00  0.497307633596E+00  0.496541040043E+00
  0.496418413908E+00  0.505961548746E+00  0.500798298315E+00  0.504140823060E+00  0.500842599642E+00  0.506194666881E+00  0.505402248915E+00
  0.502437093560E+00  0.494981509139E+00  0.494728694448E+00  0.497612763373E+00  0.496524018172E+00  0.497406251411E+00  0.506113186270E+00
  0.503666458537E+00  0.505574514834E+00  0.505210287825E+00  0.506029230665E+00  0.505852419397E+00  0.505792032064E+00  0.506330688265E+00
  0.494921322339E+00  0.498890500882E+00  0.505600426270E+00  0.505198982017E+00
  0.997774422647E+00  0.997578683581E+00  0.997815259446E+00  0.999724679728E+00  0.997547508879E+00  0.998331149651E+00  0.998977260511E+00
  0.999811163962E+00  0.998579182783E+00  0.997977823892E+00  0.997589685341E+00  0.998146660204E+00  0.997868443642E+00  0.998605617193E+00
  0.997640782788E+00  0.999067951783E+00  0.100016214721E+01  0.998941252284E+00  0.999996442694E+00  0.998999275587E+00  0.997425857701E+00
  0.997304547747E+00  0.998459538379E+00  0.998259342537E+00  0.998059681668E+00  0.997955852758E+00  0.997491123183E+00  0.997336205973E+00
  0.999884373647E+00  0.997788024037E+00  0.997211003673E+00  0.998410038793E+00
        12        15        11        11
        11         2        12        12
         5        10         2         2
        15        21        11        11
        15        22        21        21
        31        28        22        22
        15        12        18        18
        19        18        20        20
        11        21        13        13
        23        13        25        25
         7        12        10        10
        26        21        28        28
         7         8        20        20
        16        15        18        18
        26        24        25        25
        16        30        22        22
         3        11        13        13
         2        10        12        12
         3         1         2         2
        20        12         7         7
        10         6         7         7
        22        15        16        16
        18        17        16        16
        28        27        26        26
        32        24        26        26
         2        11         3         3
        13        14         3         3
        27        28        31        31
         2         1         5         5
         6        10         5         5
        14        13        23        23
        20         8        19        19
        17        18        19        19
        13        21        25        25
         1         3         9         9
        30        16        29        29
         8         7         4         4
        22        28        21        21
        24        23        25        25
        21        26        25        25
        30        31        22        22
        12        20        18        18
        17        29        16        16
        14         9         3         3
        27        32        26        26
         6         4         7         7
zone t="boundary 5 bc-5", solutiontime= 0.3000000E+02, strandid=1005, i=33, j=48, f=feblock
  0.500000000000E+01  0.500000000000E+01  0.500000000000E+01  0.500000000000E+01  0.500000000000E+01  0.500000000000E+01  0.500000000000E+01
  0.500000000000E+01  0.500000000000E+01  0.500000000000E+01  0.500000000000E+01  0.500000000000E+01  0.500000000000E+01  0.500000000000E+01
  0.500000000000E+01  0.500000000000E+01  0.500000000000E+01  0.500000000000E+01  0.500000000000E+01  0.500000000000E+01  0.500000000000E+01
  0.500000000000E+01  0.500000000000E+01  0.500000000000E+01  0.500000000000E+01  0.500000000000E+01  0.500000000000E+01  0.500000000000E+01
  0.500000000000E+01  0.500000000000E+01  0.500000000000E+01  0.500000000000E+01  0.500000000000E+01
  0.250000000000E+01  0.125000000000E+01  0.250000000000E+01  0.157899473280E+01  0.000000000000E+00  0.659350882208E+00  0.250000000000E+01
  0.173899611320E+01  0.825621401394E+00  0.132549389334E+01 -0.125000000000E+01 -0.322732261638E+00  0.250000000000E+01  0.490615021923E-01
 -0.873141960959E+00  0.350800286361E+00  0.145332269920E+01 -0.250000000000E+01 -0.147959633950E+01  0.250000000000E+01 -0.857924212153E+00
 -0.165007033378E+01  0.518568023061E+00 -0.461282870254E+00  0.125000000000E+01 -0.250000000000E+01 -0.183684615440E+01 -0.158398995423E+01
 -0.250000000000E+01 -0.250000000000E+01 -0.125000000000E+01  0.000000000000E+00 -0.250000000000E+01
  0.000000000000E+00  0.000000000000E+00  0.125000000000E+01  0.905837536509E+00  0.000000000000E+00  0.735450417037E+00  0.250000000000E+01
  0.182727219356E+01  0.162230260845E+01  0.280856328277E+01  0.000000000000E+00  0.109945440014E+01  0.375000000000E+01  0.227317933631E+01
  0.189599568386E+01  0.342819755379E+01  0.403384942830E+01  0.000000000000E+00  0.104050588738E+01  0.500000000000E+01  0.297954017413E+01
  0.214587157439E+01  0.430969386006E+01  0.408642231822E+01  0.500000000000E+01  0.125000000000E+01  0.304506426164E+01  0.398205049073E+01
  0.250000000000E+01  0.375000000000E+01  0.500000000000E+01  0.500000000000E+01  0.500000000000E+01
  0.595434155347E+00  0.527323737231E+00  0.932380134780E+00  0.864751244505E+00  0.516920230512E+00  0.802058583171E+00  0.101162639139E+01
  0.985162387220E+00  0.971557301281E+00  0.101222628505E+01  0.523966026939E+00  0.876276290999E+00  0.100530960424E+01  0.102223511958E+01
  0.996234275568E+00  0.101714260000E+01  0.100154858183E+01  0.579025958907E+00  0.876451809179E+00  0.994416987069E+00  0.102251075019E+01
  0.100846776736E+01  0.100216078007E+01  0.100412750848E+01  0.994662646571E+00  0.939468186124E+00  0.101579902277E+01  0.100464333801E+01
  0.101304347302E+01  0.100695817372E+01  0.994405806453E+00  0.994951093518E+00  0.993723220497E+00
  0.000000000000E+00  0.000000000000E+00  0.510141821564E+00  0.497541306717E+00  0.000000000000E+00  0.527899761642E+00  0.508667826207E+00
  0.513431819803E+00  0.521064937478E+00  0.513912476350E+00  0.000000000000E+00  0.523896995062E+00  0.504923823449E+00  0.506253493634E+00
  0.520454964888E+00  0.507014473844E+00  0.502558215717E+00  0.000000000000E+00  0.513055052408E+00  0.495701827274E+00  0.504878707021E+00
  0.507115362272E+00  0.499110398509E+00  0.501639228235E+00  0.496369645779E+00  0.505139806606E+00  0.507273772074E+00  0.501932858435E+00
  0.510932082948E+00  0.503336721160E+00  0.494764416899E+00  0.496517158160E+00  0.494882770356E+00
  0.000000000000E+00  0.000000000000E+00  0.000000000000E+00 -0.127474677325E-01  0.000000000000E+00  0.193879411966E-02  0.000000000000E+00
 -0.222641416800E-02 -0.316679566393E-02  0.338070641651E-02  0.000000000000E+00  0.374415326967E-03  0.000000000000E+00  0.416578963324E-02
  0.571492621178E-02  0.382401044955E-02  0.187478989664E-02  0.000000000000E+00  0.166342504780E-01  0.000000000000E+00  0.199007169429E-02
  0.384057451103E-02  0.104603705258E-02 -0.387105393176E-03 -0.188399125669E-03  0.000000000000E+00  0.109614774898E-03 -0.460602861216E-03
  0.000000000000E+00  0.000000000000E+00 -0.159256891966E-02 -0.197666627882E-02  0.000000000000E+00
  0.000000000000E+00  0.000000000000E+00 -0.141864526469E+00 -0.163661354784E+00  0.000000000000E+00 -0.148651610117E+00 -0.626544294832E-01
 -0.111319229431E+00 -0.131335409543E+00 -0.438815096107E-01  0.000000000000E+00 -0.143893761785E+00 -0.716465684321E-02 -0.820810128437E-01
 -0.108976369048E+00 -0.164296233047E-01 -0.315393938895E-02  0.000000000000E+00 -0.147161013380E+00  0.223954104922E-02 -0.314718921278E-01
 -0.908754851106E-01  0.950539311035E-03 -0.146254207968E-02  0.135861064403E-02 -0.135617169720E+00 -0.260848607206E-01 -0.171436433556E-02
 -0.567143294424E-01 -0.439769708770E-02  0.134282784673E-02  0.142409977067E-02  0.313633049338E-02
  0.536420370957E+00  0.478777076621E+00  0.659051017592E+00  0.615876938317E+00  0.467165617281E+00  0.562065623331E+00  0.717938604102E+00
  0.694701092584E+00  0.683755304044E+00  0.717059001277E+00  0.471856507491E+00  0.611430139584E+00  0.717173803811E+00  0.724260999952E+00
  0.701791922771E+00  0.724455863020E+00  0.714867561419E+00  0.524918245486E+00  0.614144051425E+00  0.710102288510E+00  0.727994101046E+00
  0.713841284654E+00  0.716161815168E+00  0.717042546442E+00  0.710339156012E+00  0.661189469196E+00  0.723310316473E+00  0.717546255917E+00
  0.718282415280E+00  0.719440580804E+00  0.710405033275E+00  0.710676824408E+00  0.709720228504E+00
  0.000000000000E+00  0.000000000000E+00  0.532278486582E+00  0.524688735030E+00  0.000000000000E+00  0.553693504524E+00  0.514169640999E+00
  0.528752764672E+00  0.541369937328E+00  0.517932662771E+00  0.000000000000E+00  0.549695092115E+00  0.505292984140E+00  0.514968554744E+00
  0.535473925298E+00  0.508020845580E+00  0.502755868019E+00  0.000000000000E+00  0.539148096588E+00  0.495775139452E+00  0.506685583290E+00
  0.517545582304E+00  0.498996457225E+00  0.501708452558E+00  0.496418413908E+00  0.526913054266E+00  0.508737072334E+00  0.501955628491E+00
  0.515970396018E+00  0.503291300740E+00  0.494728694448E+00  0.496524018172E+00  0.494921322339E+00
  0.126124528228E+01  0.127111271491E+01  0.989587176100E+00  0.997081784065E+00  0.126524718049E+01  0.981090270929E+00  0.993562499258E+00
  0.987229661053E+00  0.985281490242E+00  0.991757096817E+00  0.126076706604E+01  0.976863352587E+00  0.998740409027E+00  0.991910158934E+00
  0.986222534172E+00  0.997144557930E+00  0.999267139048E+00  0.126917547025E+01  0.981002792156E+00  0.999724679728E+00  0.996754059825E+00
  0.990986356587E+00  0.100046475692E+01  0.999733157927E+00  0.999811163962E+00  0.985307720417E+00  0.996884639934E+00  0.999921783459E+00
  0.992647806508E+00  0.100025685219E+01  0.100016214721E+01  0.999996442694E+00  0.999884373647E+00
        12        15        14        14
        21        16        14        14
         9        14        10        10
        15        22        21        21
        29        27        22        22
        14        16        10        10
         7         8        10        10
        14        15        21        21
        14         9        12        12
         5        12         6         6
        21        24        16        16
        32        23        24        24
        28        21        27        27
        17        16        23        23
        28        31        24        24
        19        15        12        12
         4         2         6         6
         4         9         8         8
        10         8         9         9
        17        13        10        10
        19        26        22        22
        10        16        17        17
        23        25        17        17
        22        15        19        19
        12        11        19        19
        27        30        28        28
        33        31        28        28
         6         9         4         4
         8         3         4         4
        25        23        32        32
        10        13         7         7
         3         8         7         7
        30        27        29        29
         6         2         5         5
        11        12         5         5
        24        23        16        16
        13        17        20        20
        26        19        18        18
         2         4         1         1
        22        27        21        21
        31        32        24        24
        21        28        24        24
        26        29        22        22
         9         6        12        12
        11        18        19        19
        25        20        17        17
        30        33        28        28
         3         1         4         4
zone t="boundary 6 bc-6", solutiontime= 0.3000000E+02, strandid=1006, i=33, j=48, f=feblock
  0.375000000000E+01  0.250000000000E+01  0.500000000000E+01  0.403384942830E+01  0.280856328277E+01  0.125000000000E+01  0.182727219356E+01
  0.500000000000E+01  0.430969386006E+01  0.342819755379E+01  0.227317933631E+01  0.162230260845E+01  0.000000000000E+00  0.905837536509E+00
  0.500000000000E+01  0.408642231822E+01  0.297954017413E+01  0.189599568386E+01  0.109945440014E+01  0.735450417037E+00  0.000000000000E+00
  0.500000000000E+01  0.398205049073E+01  0.304506426164E+01  0.214587157439E+01  0.104050588738E+01  0.000000000000E+00  0.000000000000E+00
  0.500000000000E+01  0.375000000000E+01  0.250000000000E+01  0.125000000000E+01  0.000000000000E+00
  0.250000000000E+01  0.250000000000E+01  0.250000000000E+01  0.145332269920E+01  0.132549389334E+01  0.250000000000E+01  0.173899611320E+01
  0.125000000000E+01  0.518568023061E+00  0.350800286361E+00  0.490615021923E-01  0.825621401394E+00  0.250000000000E+01  0.157899473280E+01
  0.000000000000E+00 -0.461282870254E+00 -0.857924212153E+00 -0.873141960959E+00 -0.322732261638E+00  0.659350882208E+00  0.125000000000E+01
 -0.125000000000E+01 -0.158398995423E+01 -0.183684615440E+01 -0.165007033378E+01 -0.147959633950E+01  0.000000000000E+00 -0.125000000000E+01
 -0.250000000000E+01 -0.250000000000E+01 -0.250000000000E+01 -0.250000000000E+01 -0.250000000000E+01
  0.000000000000E+00  0.000000000000E+00  0.000000000000E+00  0.000000000000E+00  0.000000000000E+00  0.000000000000E+00  0.000000000000E+00
  0.000000000000E+00  0.000000000000E+00  0.000000000000E+00  0.000000000000E+00  0.000000000000E+00  0.000000000000E+00  0.000000000000E+00
  0.000000000000E+00  0.000000000000E+00  0.000000000000E+00  0.000000000000E+00  0.000000000000E+00  0.000000000000E+00  0.000000000000E+00
  0.000000000000E+00  0.000000000000E+00  0.000000000000E+00  0.000000000000E+00  0.000000000000E+00  0.000000000000E+00  0.000000000000E+00
  0.000000000000E+00  0.000000000000E+00  0.000000000000E+00  0.000000000000E+00  0.000000000000E+00
  0.786770755844E+00  0.817221072071E+00  0.595434155347E+00  0.794030566633E+00  0.811125194386E+00  0.847385075334E+00  0.841370067017E+00
  0.527323737231E+00  0.802518699231E+00  0.815126426487E+00  0.832994411686E+00  0.837837203158E+00  0.759729632943E+00  0.817049940020E+00
  0.516920230512E+00  0.808645976873E+00  0.820948577906E+00  0.833027896802E+00  0.818330994242E+00  0.848818764157E+00  0.744745616137E+00
  0.523966026939E+00  0.804908350134E+00  0.817301421719E+00  0.831636611540E+00  0.853178076082E+00  0.622078919723E+00  0.762601146136E+00
  0.579025958907E+00  0.800845326800E+00  0.822841123282E+00  0.857217235255E+00  0.666844480742E+00
  0.000000000000E+00  0.000000000000E+00  0.000000000000E+00  0.000000000000E+00  0.000000000000E+00  0.000000000000E+00  0.000000000000E+00
  0.000000000000E+00  0.000000000000E+00  0.000000000000E+00  0.000000000000E+00  0.000000000000E+00  0.000000000000E+00  0.000000000000E+00
  0.000000000000E+00  0.000000000000E+00  0.000000000000E+00  0.000000000000E+00  0.000000000000E+00  0.000000000000E+00  0.000000000000E+00
  0.000000000000E+00  0.000000000000E+00  0.000000000000E+00  0.000000000000E+00  0.000000000000E+00  0.000000000000E+00  0.000000000000E+00
  0.000000000000E+00  0.000000000000E+00  0.000000000000E+00  0.000000000000E+00  0.000000000000E+00
  0.000000000000E+00  0.000000000000E+00  0.000000000000E+00  0.000000000000E+00  0.000000000000E+00  0.000000000000E+00  0.000000000000E+00
  0.000000000000E+00  0.000000000000E+00  0.000000000000E+00  0.000000000000E+00  0.000000000000E+00  0.000000000000E+00  0.000000000000E+00
  0.000000000000E+00  0.000000000000E+00  0.000000000000E+00  0.000000000000E+00  0.000000000000E+00  0.000000000000E+00  0.000000000000E+00
  0.000000000000E+00  0.000000000000E+00  0.000000000000E+00  0.000000000000E+00  0.000000000000E+00  0.000000000000E+00  0.000000000000E+00
  0.000000000000E+00  0.000000000000E+00  0.000000000000E+00  0.000000000000E+00  0.000000000000E+00
  0.000000000000E+00  0.000000000000E+00  0.000000000000E+00  0.000000000000E+00  0.000000000000E+00  0.000000000000E+00  0.000000000000E+00
  0.000000000000E+00  0.000000000000E+00  0.000000000000E+00  0.000000000000E+00  0.000000000000E+00  0.000000000000E+00  0.000000000000E+00
  0.000000000000E+00  0.000000000000E+00  0.000000000000E+00  0.000000000000E+00  0.000000000000E+00  0.000000000000E+00  0.000000000000E+00
  0.000000000000E+00  0.000000000000E+00  0.000000000000E+00  0.000000000000E+00  0.000000000000E+00  0.000000000000E+00  0.000000000000E+00
  0.000000000000E+00  0.000000000000E+00  0.000000000000E+00  0.000000000000E+00  0.000000000000E+00
  0.659146500322E+00  0.699185390464E+00  0.536420370957E+00  0.657526527659E+00  0.687944744249E+00  0.708804253818E+00  0.715825034802E+00
  0.478777076621E+00  0.650529432803E+00  0.676170469184E+00  0.700672355636E+00  0.711625952280E+00  0.646148196389E+00  0.695994858451E+00
  0.467165617281E+00  0.664321033027E+00  0.684101390508E+00  0.698121956017E+00  0.704324235066E+00  0.689028581112E+00  0.636007616069E+00
  0.471856507491E+00  0.664652291922E+00  0.670663257039E+00  0.702397998964E+00  0.709873710425E+00  0.546941442041E+00  0.655370136246E+00
  0.524918245486E+00  0.654325562809E+00  0.691795635126E+00  0.698052217273E+00  0.581620221195E+00
  0.000000000000E+00  0.000000000000E+00  0.000000000000E+00  0.000000000000E+00  0.000000000000E+00  0.000000000000E+00  0.000000000000E+00
  0.000000000000E+00  0.000000000000E+00  0.000000000000E+00  0.000000000000E+00  0.000000000000E+00  0.000000000000E+00  0.000000000000E+00
  0.000000000000E+00  0.000000000000E+00  0.000000000000E+00  0.000000000000E+00  0.000000000000E+00  0.000000000000E+00  0.000000000000E+00
  0.000000000000E+00  0.000000000000E+00  0.000000000000E+00  0.000000000000E+00  0.000000000000E+00  0.000000000000E+00  0.000000000000E+00
  0.000000000000E+00  0.000000000000E+00  0.000000000000E+00  0.000000000000E+00  0.000000000000E+00
  0.117290213648E+01  0.119779039002E+01  0.126124528228E+01  0.115932204301E+01  0.118739085978E+01  0.117104488176E+01  0.119109900388E+01
  0.127111271491E+01  0.113485356391E+01  0.116133967210E+01  0.117760849788E+01  0.118910491136E+01  0.119069657905E+01  0.119257435085E+01
  0.126524718049E+01  0.115013179171E+01  0.116662842532E+01  0.117327491933E+01  0.120495732904E+01  0.113644991639E+01  0.119559033743E+01
  0.126076706604E+01  0.115604864645E+01  0.114881552253E+01  0.118243615649E+01  0.116484849114E+01  0.123090173060E+01  0.120314294752E+01
  0.126917547025E+01  0.114386106440E+01  0.117703632180E+01  0.114005302739E+01  0.122107677755E+01
        19        18        11        11
        17        10        11        11
        12        11         5         5
        18        25        17        17
        31        24        25        25
        11        10         5         5
         2         7         5         5
        11        18        17        17
        11        12        19        19
        27        19        20        20
        17        16        10        10
        15         9        16        16
        23        17        24        24
         4        10         9         9
        23        22        16        16
        26        18        19        19
        14        21        20        20
        14        12         7         7
         5         7        12        12
         4         1         5         5
        26        32        25        25
         5        10         4         4
         9         8         4         4
        25        18        26        26
        19        28        26        26
        24        30        23        23
        29        22        23        23
        20        12        14        14
         7         6        14        14
         8         9        15        15
         5         1         2         2
         6         7         2         2
        30        24        31        31
        20        21        27        27
        28        19        27        27
        16         9        10        10
         1         4         3         3
        32        26        33        33
        21        14        13        13
        25        24        17        17
        22        15        16        16
        17        23        16        16
        32        31        25        25
        12        20        19        19
        28        33        26        26
         8         3         4         4
        30        29        23        23
         6        13        14        14
