TITLE="fun3d_case_title"
VARIABLES="Iteration" "R_1" "R_2" "R_3" "R_4" "R_5" "C_L" "C_D" "C_M_x" "C_M_y" "C_M_z" "Wall Time" "C_x" "C_y" "C_z" "C_Lp" "C_Dp" "C_Lv" "C_Dv" "C_M_xp" "C_M_yp" "C_M_zp" "C_M_xv" "C_M_yv" "C_M_zv" "C_xp" "C_yp" "C_zp" "C_xv" "C_yv" "C_zv"
ZONE  I=100 F=POINT
1  0.2160287136E-01  0.2804887047E-01  0.2161193411E-02  0.5316853910E-02  0.5302292613E-01 -0.4827319000E+01  0.4117804032E-02 -0.2090018925E+00 -0.3520877703E+00 -0.3609482574E-04  0.3263000000E+00  0.4117804032E-02  0.7182703188E-05 -0.4827319000E+01 -0.4827516630E+01  0.0000000000E+00  0.1976297389E-03  0.4117804032E-02 -0.2089972950E+00 -0.3519085436E+00  0.0000000000E+00 -0.4597491992E-05 -0.1792266777E-03 -0.3609482574E-04  0.0000000000E+00  0.0000000000E+00 -0.4827516630E+01  0.4117804032E-02  0.7182703188E-05  0.1976297389E-03
2  0.1278934504E-01  0.1580635947E-01  0.2338219237E-02  0.4999739238E-02  0.3795345287E-01  0.1387627729E+01  0.4156381580E-02 -0.5309648857E-01 -0.1746251703E+02 -0.6468888830E-04  0.3853000000E+00  0.4156381580E-02  0.1382567129E-06  0.1387627729E+01  0.1387446234E+01  0.0000000000E+00  0.1814955641E-03  0.4156381580E-02 -0.5308828281E-01 -0.1746251490E+02  0.0000000000E+00 -0.8205759782E-05 -0.2127016396E-05 -0.6468888830E-04  0.0000000000E+00  0.0000000000E+00  0.1387446234E+01  0.4156381580E-02  0.1382567129E-06  0.1814955641E-03
3  0.4616343233E-02  0.1070938196E-01  0.1468286660E-02  0.3448527728E-02  0.1138070717E-01  0.5389608594E+01  0.4122720387E-02 -0.9481932631E-01 -0.2521696673E+02 -0.8784987853E-04  0.4398000000E+00  0.4122720387E-02 -0.3691528663E-05  0.5389608594E+01  0.5389516407E+01  0.0000000000E+00  0.9218763813E-04  0.4122720387E-02 -0.9480718813E-01 -0.2521720961E+02  0.0000000000E+00 -0.1213817707E-04  0.2428792321E-03 -0.8784987853E-04  0.0000000000E+00  0.0000000000E+00  0.5389516407E+01  0.4122720387E-02 -0.3691528663E-05  0.9218763813E-04
4  0.3368629894E-02  0.7091773972E-02  0.8190498130E-03  0.3031048410E-02  0.8541404952E+40  0.6941183840E+01  0.5646177512E-02 -0.5060267975E+00 -0.2977213583E+02 -0.1843514772E-04  0.4942000000E+00  0.5646177512E-02  0.8826794075E-05  0.6941183840E+01  0.6940889001E+01  0.0000000000E+00  0.2948392430E-03  0.5646177512E-02 -0.5060397380E+00 -0.2977184548E+02  0.0000000000E+00  0.1294048684E-04 -0.2903511557E-03 -0.1843514772E-04  0.0000000000E+00  0.0000000000E+00  0.6940889001E+01  0.5646177512E-02  0.8826794075E-05  0.2948392430E-03
5  0.1804956571E-01  0.1289650228E-01  0.2650964993E-02  0.2252811772E-01  0.4370233136E-01  0.1239104261E+02  0.4934010599E-02 -0.3058263617E+00 -0.5123606052E+02 -0.2058907332E-04  0.5489000000E+00  0.4934010599E-02  0.3659520787E-06  0.1239104261E+02  0.1239076970E+02  0.0000000000E+00  0.2729089026E-03  0.4934010599E-02 -0.3058455082E+00 -0.5123589615E+02  0.0000000000E+00  0.1914652094E-04 -0.1643647905E-03 -0.2058907332E-04  0.0000000000E+00  0.0000000000E+00  0.1239076970E+02  0.4934010599E-02  0.3659520787E-06  0.2729089026E-03
6  0.1262386103E-01  0.8728155335E-02  0.2012885062E-02  0.9475834189E-02  0.2931824400E-01  0.1266967885E+02  0.4522778303E-02  0.1703607418E+00 -0.4988480559E+02 -0.6109930633E-04  0.6033000000E+00  0.4522778303E-02 -0.2543703440E-05  0.1266967885E+02  0.1266963173E+02  0.0000000000E+00  0.4711327693E-04  0.4522778303E-02  0.1703536534E+00 -0.4988528143E+02  0.0000000000E+00  0.7088372275E-05  0.4758453148E-03 -0.6109930633E-04  0.0000000000E+00  0.0000000000E+00  0.1266963173E+02  0.4522778303E-02 -0.2543703440E-05  0.4711327693E-04
7  0.5446859724E-02  0.6488206482E-02  0.1136890193E-02  0.8426219295E-02  0.1319553315E-01  0.1058842122E+02  0.4307893519E-02 -0.1217558759E-01 -0.4131543920E+02 -0.7573331514E-04  0.6577000000E+00  0.4307893519E-02 -0.3563675371E-05  0.1058842122E+02  0.1058848280E+02  0.0000000000E+00 -0.6157636495E-04  0.4307893519E-02 -0.1218092326E-01 -0.4131619901E+02  0.0000000000E+00  0.5335670328E-05  0.7598075082E-03 -0.7573331514E-04  0.0000000000E+00  0.0000000000E+00  0.1058848280E+02  0.4307893519E-02 -0.3563675371E-05 -0.6157636495E-04
8  0.3822366564E-02  0.4566656407E-02  0.9381683748E-03  0.5811023867E-02  0.9002547653E-02  0.9688470176E+01  0.4201405805E-02 -0.2130932091E+00 -0.3602342053E+02 -0.6587038850E-04  0.7122000000E+00  0.4201405805E-02 -0.1318993356E-05  0.9688470176E+01  0.9688561694E+01  0.0000000000E+00 -0.9151818877E-04  0.4201405805E-02 -0.2130981978E+00 -0.3602420307E+02  0.0000000000E+00  0.4988695185E-05  0.7825429144E-03 -0.6587038850E-04  0.0000000000E+00  0.0000000000E+00  0.9688561694E+01  0.4201405805E-02 -0.1318993356E-05 -0.9151818877E-04
9  0.3010034386E-02  0.3066484837E-02  0.7872020834E-03  0.4447764956E-02  0.6262995088+129  0.1048637271E+02  0.5747498359E-02 -0.5818489339E+00 -0.3837398385E+02  0.3342232726E-04  0.7669000000E+00  0.5747498359E-02  0.1834516741E-04  0.1048637271E+02  0.1048626131E+02  0.0000000000E+00  0.1113923268E-03  0.5747498359E-02 -0.5818866160E+00 -0.3837421701E+02  0.0000000000E+00  0.3768212287E-04  0.2331641943E-03  0.3342232726E-04  0.0000000000E+00  0.0000000000E+00  0.1048626131E+02  0.5747498359E-02  0.1834516741E-04  0.1113923268E-03
10  0.1531521321E-01  0.9858657101E-02  0.2676899042E-02  0.1645526006E-01  0.4111095540E-01  0.1579845379E+02  0.5038019612E-02 -0.5019145924E+00 -0.5791814360E+02  0.3379715277E-04  0.8325000000E+00  0.5038019612E-02  0.9848972681E-05  0.1579845379E+02  0.1579832729E+02  0.0000000000E+00  0.1264979165E-03  0.5038019612E-02 -0.5019453216E+00 -0.5791833131E+02  0.0000000000E+00  0.3072918487E-04  0.1877174311E-03  0.3379715277E-04  0.0000000000E+00  0.0000000000E+00  0.1579832729E+02  0.5038019612E-02  0.9848972681E-05  0.1264979165E-03
11  0.1235931561E-01  0.8097419283E-02  0.1937305884E-02  0.9350187255E-02  0.3253651236E-01  0.1332427348E+02  0.4605211431E-02 -0.5640268658E-01 -0.5213978499E+02 -0.1586920814E-04  0.1093400000E+01  0.4605211431E-02  0.2790514120E-05  0.1332427348E+02  0.1332429703E+02  0.0000000000E+00 -0.2354425817E-04  0.4605211431E-02 -0.5642725298E-01 -0.5214044771E+02  0.0000000000E+00  0.2456640360E-04  0.6627240453E-03 -0.1586920814E-04  0.0000000000E+00  0.0000000000E+00  0.1332429703E+02  0.4605211431E-02  0.2790514120E-05 -0.2354425817E-04
12  0.5539224895E-02  0.7011568033E-02  0.1487907980E-02  0.7390429774E-02  0.1447395179E-01  0.1107699098E+02  0.4394432097E-02 -0.5536658160E-01 -0.4347948121E+02 -0.4806697483E-04  0.1158600000E+01  0.4394432097E-02 -0.1229992724E-06  0.1107699098E+02  0.1107708829E+02  0.0000000000E+00 -0.9731111532E-04  0.4394432097E-02 -0.5538921081E-01 -0.4348036763E+02  0.0000000000E+00  0.2262920558E-04  0.8864198077E-03 -0.4806697483E-04  0.0000000000E+00  0.0000000000E+00  0.1107708829E+02  0.4394432097E-02 -0.1229992724E-06 -0.9731111532E-04
13  0.3718104382E-02  0.4516487204E-02  0.1028235196E-02  0.5382952318E-02  0.9036168143E-02  0.1039534881E+02  0.4294898479E-02 -0.1647214023E+00 -0.3854839366E+02 -0.5109554231E-04  0.1223800000E+01  0.4294898479E-02  0.1042147544E-05  0.1039534881E+02  0.1039546460E+02  0.0000000000E+00 -0.1157904185E-03  0.4294898479E-02 -0.1647396053E+00 -0.3854928246E+02  0.0000000000E+00  0.1820304484E-04  0.8888075424E-03 -0.5109554231E-04  0.0000000000E+00  0.0000000000E+00  0.1039546460E+02  0.4294898479E-02  0.1042147544E-05 -0.1157904185E-03
14  0.2847993380E-02  0.2454559393E-02  0.5902792299E-03  0.3377949842E-02  0.6513302405E-02  0.1067670318E+02  0.4242143831E-02 -0.3423457609E+00 -0.3731551616E+02 -0.4373500051E-04  0.1289000000E+01  0.4242143831E-02  0.2723024045E-05  0.1067670318E+02  0.1067682316E+02  0.0000000000E+00 -0.1199746082E-03  0.4242143831E-02 -0.3423583932E+00 -0.3731634209E+02  0.0000000000E+00  0.1263223064E-04  0.8259269641E-03 -0.4373500051E-04  0.0000000000E+00  0.0000000000E+00  0.1067682316E+02  0.4242143831E-02  0.2723024045E-05 -0.1199746082E-03
15  0.2102414082E-02  0.2037188632E-02  0.4373426367E-03  0.2497354233E-02  0.4312262555E-02  0.1083487041E+02  0.4197180122E-02 -0.4836565786E+00 -0.3675911695E+02 -0.3275576066E-04  0.1344800000E+01  0.4197180122E-02  0.5208391230E-05  0.1083487041E+02  0.1083499858E+02  0.0000000000E+00 -0.1281708969E-03  0.4197180122E-02 -0.4836666925E+00 -0.3675990280E+02  0.0000000000E+00  0.1011396549E-04  0.7858509004E-03 -0.3275576066E-04  0.0000000000E+00  0.0000000000E+00  0.1083499858E+02  0.4197180122E-02  0.5208391230E-05 -0.1281708969E-03
16  0.1494090656E-02  0.1833815630E-02  0.4973153775E-03  0.1920869525E-02  0.2951177513E-02  0.1078568943E+02  0.4152580059E-02 -0.5946682233E+00 -0.3612900041E+02 -0.2097779067E-04  0.1410200000E+01  0.4152580059E-02  0.8186884965E-05  0.1078568943E+02  0.1078583186E+02  0.0000000000E+00 -0.1424232733E-03  0.4152580059E-02 -0.5946785958E+00 -0.3612977936E+02  0.0000000000E+00  0.1037248273E-04  0.7789540894E-03 -0.2097779067E-04  0.0000000000E+00  0.0000000000E+00  0.1078583186E+02  0.4152580059E-02  0.8186884965E-05 -0.1424232733E-03
17  0.9913785638E-03  0.1521994439E-02  0.4752590476E-03  0.1682511127E-02  0.2014261001E-02  0.1064292851E+02  0.4118712026E-02 -0.6730267183E+00 -0.3554920490E+02 -0.9080468529E-05  0.1467300000E+01  0.4118712026E-02  0.1111190999E-04  0.1064292851E+02  0.1064308564E+02  0.0000000000E+00 -0.1571246609E-03  0.4118712026E-02 -0.6730388091E+00 -0.3554999125E+02  0.0000000000E+00  0.1209081612E-04  0.7863523158E-03 -0.9080468529E-05  0.0000000000E+00  0.0000000000E+00  0.1064308564E+02  0.4118712026E-02  0.1111190999E-04 -0.1571246609E-03
18  0.8237028731E-03  0.1239604563E-02  0.3643914411E-03  0.1506679373E-02  0.1763299404E-02  0.1051978747E+02  0.4094132987E-02 -0.7299723563E+00 -0.3505868350E+02  0.1946510457E-05  0.1533000000E+01  0.4094132987E-02  0.1366581050E-04  0.1051978747E+02  0.1051995687E+02  0.0000000000E+00 -0.1693917994E-03  0.4094132987E-02 -0.7299864444E+00 -0.3505947739E+02  0.0000000000E+00  0.1408808789E-04  0.7938926434E-03  0.1946510457E-05  0.0000000000E+00  0.0000000000E+00  0.1051995687E+02  0.4094132987E-02  0.1366581050E-04 -0.1693917994E-03
19  0.6431255470E-03  0.1004151820E-02  0.2827044576E-03  0.1158831194E-02  0.1365743378E-02  0.1045701880E+02  0.4077420183E-02 -0.7682475999E+00 -0.3473114574E+02  0.1201639096E-04  0.1589900000E+01  0.4077420183E-02  0.1580083366E-04  0.1045701880E+02  0.1045719674E+02  0.0000000000E+00 -0.1779373017E-03  0.4077420183E-02 -0.7682634039E+00 -0.3473194137E+02  0.0000000000E+00  0.1580402006E-04  0.7956345762E-03  0.1201639096E-04  0.0000000000E+00  0.0000000000E+00  0.1045719674E+02  0.4077420183E-02  0.1580083366E-04 -0.1779373017E-03
20  0.4681415919E-03  0.8044035314E-03  0.2366620515E-03  0.1196932136E-02  0.9404086080E-03  0.1041447790E+02  0.4064469241E-02 -0.7941044173E+00 -0.3448573838E+02  0.2161818657E-04  0.1655300000E+01  0.4064469241E-02  0.1786940669E-04  0.1041447790E+02  0.1041466157E+02  0.0000000000E+00 -0.1836709203E-03  0.4064469241E-02 -0.7941220349E+00 -0.3448653259E+02  0.0000000000E+00  0.1761762446E-04  0.7942128716E-03  0.2161818657E-04  0.0000000000E+00  0.0000000000E+00  0.1041466157E+02  0.4064469241E-02  0.1786940669E-04 -0.1836709203E-03
21  0.3523042359E-03  0.6470060602E-03  0.1997955156E-03  0.6846948969E-03  0.6313670798E-03  0.1043689349E+02  0.4054214677E-02 -0.8172641936E+00 -0.3438776006E+02  0.2973188403E-04  0.1900200000E+01  0.4054214677E-02  0.1950952375E-04  0.1043689349E+02  0.1043708156E+02  0.0000000000E+00 -0.1880663200E-03  0.4054214677E-02 -0.8172832784E+00 -0.3438855208E+02  0.0000000000E+00  0.1908483949E-04  0.7920279715E-03  0.2973188403E-04  0.0000000000E+00  0.0000000000E+00  0.1043708156E+02  0.4054214677E-02  0.1950952375E-04 -0.1880663200E-03
22  0.2961851469E-03  0.5245411131E-03  0.1675278787E-03  0.4519198601E-03  0.4888540416E-03  0.1047660655E+02  0.4045314906E-02 -0.8379192254E+00 -0.3434102065E+02  0.3635745085E-04  0.1965600000E+01  0.4045314906E-02  0.2083478250E-04  0.1047660655E+02  0.1047679843E+02  0.0000000000E+00 -0.1918767773E-03  0.4045314906E-02 -0.8379397190E+00 -0.3434181118E+02  0.0000000000E+00  0.2049362174E-04  0.7905222074E-03  0.3635745085E-04  0.0000000000E+00  0.0000000000E+00  0.1047679843E+02  0.4045314906E-02  0.2083478250E-04 -0.1918767773E-03
23  0.2543015137E-03  0.4138340423E-03  0.1412009805E-03  0.3428626261E-03  0.3960139993E-03  0.1050821188E+02  0.4037644910E-02 -0.8510564528E+00 -0.3430480958E+02  0.4184597874E-04  0.2022700000E+01  0.4037644910E-02  0.2195957038E-04  0.1050821188E+02  0.1050840699E+02  0.0000000000E+00 -0.1951189855E-03  0.4037644910E-02 -0.8510782303E+00 -0.3430559914E+02  0.0000000000E+00  0.2177746628E-04  0.7895657471E-03  0.4184597874E-04  0.0000000000E+00  0.0000000000E+00  0.1050840699E+02  0.4037644910E-02  0.2195957038E-04 -0.1951189855E-03
24  0.2249667314E-03  0.3223987119E-03  0.1180904819E-03  0.2740627492E-03  0.3204811232E-03  0.1053167905E+02  0.4031119698E-02 -0.8595307835E+00 -0.3427373171E+02  0.4644215878E-04  0.2088900000E+01  0.4031119698E-02  0.2293797074E-04  0.1053167905E+02  0.1053187686E+02  0.0000000000E+00 -0.1978105820E-03  0.4031119698E-02 -0.8595536805E+00 -0.3427452050E+02  0.0000000000E+00  0.2289699064E-04  0.7887960599E-03  0.4644215878E-04  0.0000000000E+00  0.0000000000E+00  0.1053187686E+02  0.4031119698E-02  0.2293797074E-04 -0.1978105820E-03
25  0.1922562944E-03  0.2511772467E-03  0.9848382366E-04  0.2233908866E-03  0.2794190489E-03  0.1054337110E+02  0.4025819358E-02 -0.8560083863E+00 -0.3424259409E+02  0.5050134667E-04  0.2145600000E+01  0.4025819358E-02  0.2382984801E-04  0.1054337110E+02  0.1054357096E+02  0.0000000000E+00 -0.1998587854E-03  0.4025819358E-02 -0.8560320187E+00 -0.3424338189E+02  0.0000000000E+00  0.2363240745E-04  0.7878054209E-03  0.5050134667E-04  0.0000000000E+00  0.0000000000E+00  0.1054357096E+02  0.4025819358E-02  0.2382984801E-04 -0.1998587854E-03
26  0.1758129417E-03  0.1967387093E-03  0.8049410880E-04  0.1794260649E-03  0.2709163260E-03  0.1055144007E+02  0.4021488341E-02 -0.8503254492E+00 -0.3421529879E+02  0.5407897507E-04  0.2202900000E+01  0.4021488341E-02  0.2460551318E-04  0.1055144007E+02  0.1055164152E+02  0.0000000000E+00 -0.2014452501E-03  0.4021488341E-02 -0.8503495122E+00 -0.3421608550E+02  0.0000000000E+00  0.2406306528E-04  0.7867075169E-03  0.5407897507E-04  0.0000000000E+00  0.0000000000E+00  0.1055164152E+02  0.4021488341E-02  0.2460551318E-04 -0.2014452501E-03
27  0.1619566633E-03  0.1579736992E-03  0.6635795157E-04  0.1452460761E-03  0.2605989023E-03  0.1055825942E+02  0.4017821714E-02 -0.8465315298E+00 -0.3419008105E+02  0.5718950048E-04  0.2258900000E+01  0.4017821714E-02  0.2525480073E-04  0.1055825942E+02  0.1055846214E+02  0.0000000000E+00 -0.2027217865E-03  0.4017821714E-02 -0.8465558580E+00 -0.3419086665E+02  0.0000000000E+00  0.2432819691E-04  0.7855977075E-03  0.5718950048E-04  0.0000000000E+00  0.0000000000E+00  0.1055846214E+02  0.4017821714E-02  0.2525480073E-04 -0.2027217865E-03
28  0.1490009104E-03  0.1311610636E-03  0.5546948210E-04  0.1202366694E-03  0.2476709855E-03  0.1055945112E+02  0.4014693146E-02 -0.8351732999E+00 -0.3416427472E+02  0.6003509300E-04  0.2324300000E+01  0.4014693146E-02  0.2583933033E-04  0.1055945112E+02  0.1055965477E+02  0.0000000000E+00 -0.2036507950E-03  0.4014693146E-02 -0.8351975954E+00 -0.3416505908E+02  0.0000000000E+00  0.2429544059E-04  0.7843596526E-03  0.6003509300E-04  0.0000000000E+00  0.0000000000E+00  0.1055965477E+02  0.4014693146E-02  0.2583933033E-04 -0.2036507950E-03
29  0.1376190974E-03  0.1106716064E-03  0.4735818539E-04  0.9892796605E-04  0.1999213130E-03  0.1056569334E+02  0.4011844671E-02 -0.8365236939E+00 -0.3414433937E+02  0.6239405768E-04  0.2380300000E+01  0.4011844671E-02  0.2627422278E-04  0.1056569334E+02  0.1056589787E+02  0.0000000000E+00 -0.2045247782E-03  0.4011844671E-02 -0.8365480621E+00 -0.3414512274E+02  0.0000000000E+00  0.2436819391E-04  0.7833729007E-03  0.6239405768E-04  0.0000000000E+00  0.0000000000E+00  0.1056589787E+02  0.4011844671E-02  0.2627422278E-04 -0.2045247782E-03
30  0.1287991055E-03  0.9685023673E-04  0.3987729358E-04  0.8562086384E-04  0.1950393737E-03  0.1057105679E+02  0.4009179075E-02 -0.8402928293E+00 -0.3412332180E+02  0.6435759790E-04  0.2438200000E+01  0.4009179075E-02  0.2662015941E-04  0.1057105679E+02  0.1057126209E+02  0.0000000000E+00 -0.2052999199E-03  0.4009179075E-02 -0.8403173699E+00 -0.3412410426E+02  0.0000000000E+00  0.2454064794E-04  0.7824574710E-03  0.6435759790E-04  0.0000000000E+00  0.0000000000E+00  0.1057126209E+02  0.4009179075E-02  0.2662015941E-04 -0.2052999199E-03
31  0.1208706906E-03  0.8682870811E-04  0.3376133307E-04  0.7596869616E-04  0.1897866269E-03  0.1057497531E+02  0.4006687958E-02 -0.8429668632E+00 -0.3410279065E+02  0.6604458394E-04  0.2697600000E+01  0.4006687958E-02  0.2691707138E-04  0.1057497531E+02  0.1057518127E+02  0.0000000000E+00 -0.2059594933E-03  0.4006687958E-02 -0.8429916024E+00 -0.3410357221E+02  0.0000000000E+00  0.2473927630E-04  0.7815527629E-03  0.6604458394E-04  0.0000000000E+00  0.0000000000E+00  0.1057518127E+02  0.4006687958E-02  0.2691707138E-04 -0.2059594933E-03
32  0.1135687193E-03  0.7872756915E-04  0.2933312387E-04  0.6776376212E-04  0.1818342353E-03  0.1057780347E+02  0.4004343591E-02 -0.8440166596E+00 -0.3408389551E+02  0.6752694326E-04  0.2763700000E+01  0.4004343591E-02  0.2718105483E-04  0.1057780347E+02  0.1057800998E+02  0.0000000000E+00 -0.2065091449E-03  0.4004343591E-02 -0.8440415633E+00 -0.3408467617E+02  0.0000000000E+00  0.2490368651E-04  0.7806572186E-03  0.6752694326E-04  0.0000000000E+00  0.0000000000E+00  0.1057800998E+02  0.4004343591E-02  0.2718105483E-04 -0.2065091449E-03
33  0.1067643723E-03  0.7173125275E-04  0.2582530028E-04  0.6036048751E-04  0.1730062167E-03  0.1057978169E+02  0.4002154627E-02 -0.8442102116E+00 -0.3406685332E+02  0.6885069404E-04  0.2820900000E+01  0.4002154627E-02  0.2741569160E-04  0.1057978169E+02  0.1057998866E+02  0.0000000000E+00 -0.2069663239E-03  0.4002154627E-02 -0.8442352356E+00 -0.3406763311E+02  0.0000000000E+00  0.2502399794E-04  0.7797888086E-03  0.6885069404E-04  0.0000000000E+00  0.0000000000E+00  0.1057998866E+02  0.4002154627E-02  0.2741569160E-04 -0.2069663239E-03
34  0.1004866395E-03  0.6565358532E-04  0.2288001313E-04  0.5376035682E-04  0.1652981476E-03  0.1058129371E+02  0.4000102622E-02 -0.8439909407E+00 -0.3405148572E+02  0.7004834251E-04  0.2877100000E+01  0.4000102622E-02  0.2762555901E-04  0.1058129371E+02  0.1058150106E+02  0.0000000000E+00 -0.2073512519E-03  0.4000102622E-02 -0.8440160449E+00 -0.3405226468E+02  0.0000000000E+00  0.2510418790E-04  0.7789587952E-03  0.7004834251E-04  0.0000000000E+00  0.0000000000E+00  0.1058150106E+02  0.4000102622E-02  0.2762555901E-04 -0.2073512519E-03
35  0.9461652694E-04  0.6044789690E-04  0.2039172642E-04  0.4816124835E-04  0.1584157010E-03  0.1058246939E+02  0.3998170891E-02 -0.8436016487E+00 -0.3403741989E+02  0.7114554309E-04  0.2933300000E+01  0.3998170891E-02  0.2781453712E-04  0.1058246939E+02  0.1058267707E+02  0.0000000000E+00 -0.2076796803E-03  0.3998170891E-02 -0.8436268016E+00 -0.3403819806E+02  0.0000000000E+00  0.2515292146E-04  0.7781685339E-03  0.7114554309E-04  0.0000000000E+00  0.0000000000E+00  0.1058267707E+02  0.3998170891E-02  0.2781453712E-04 -0.2076796803E-03
36  0.8916024707E-04  0.5597895942E-04  0.1829844175E-04  0.4348459533E-04  0.1519255024E-03  0.1058342015E+02  0.3996334417E-02 -0.8430633843E+00 -0.3402440496E+02  0.7216112174E-04  0.2998800000E+01  0.3996334417E-02  0.2798614999E-04  0.1058342015E+02  0.1058362812E+02  0.0000000000E+00 -0.2079634670E-03  0.3996334417E-02 -0.8430885593E+00 -0.3402518238E+02  0.0000000000E+00  0.2517506065E-04  0.7774160004E-03  0.7216112174E-04  0.0000000000E+00  0.0000000000E+00  0.1058362812E+02  0.3996334417E-02  0.2798614999E-04 -0.2079634670E-03
37  0.8416119363E-04  0.5210943048E-04  0.1652600798E-04  0.3955977943E-04  0.1452531584E-03  0.1058408171E+02  0.3994595047E-02 -0.8425133355E+00 -0.3401220851E+02  0.7310940703E-04  0.3055100000E+01  0.3994595047E-02  0.2814172798E-04  0.1058408171E+02  0.1058428992E+02  0.0000000000E+00 -0.2082094785E-03  0.3994595047E-02 -0.8425385144E+00 -0.3401298521E+02  0.0000000000E+00  0.2517888441E-04  0.7766979747E-03  0.7310940703E-04  0.0000000000E+00  0.0000000000E+00  0.1058428992E+02  0.3994595047E-02  0.2814172798E-04 -0.2082094785E-03
38  0.7950930645E-04  0.4868645279E-04  0.1501317846E-04  0.3621945209E-04  0.1389727451E-03  0.1058455200E+02  0.3992941195E-02 -0.8418968125E+00 -0.3400072856E+02  0.7400177536E-04  0.3111500000E+01  0.3992941195E-02  0.2828359867E-04  0.1058455200E+02  0.1058476043E+02  0.0000000000E+00 -0.2084246380E-03  0.3992941195E-02 -0.8419219800E+00 -0.3400150458E+02  0.0000000000E+00  0.2516744963E-04  0.7760131167E-03  0.7400177536E-04  0.0000000000E+00  0.0000000000E+00  0.1058476043E+02  0.3992941195E-02  0.2828359867E-04 -0.2084246380E-03
39  0.7517058345E-04  0.4566831778E-04  0.1371942915E-04  0.3337474971E-04  0.1329447482E-03  0.1058487094E+02  0.3991362951E-02 -0.8412055073E+00 -0.3398986928E+02  0.7484801093E-04  0.3168700000E+01  0.3991362951E-02  0.2841388626E-04  0.1058487094E+02  0.1058507956E+02  0.0000000000E+00 -0.2086142665E-03  0.3991362951E-02 -0.8412306500E+00 -0.3399064464E+02  0.0000000000E+00  0.2514275833E-04  0.7753595102E-03  0.7484801093E-04  0.0000000000E+00  0.0000000000E+00  0.1058507956E+02  0.3991362951E-02  0.2841388626E-04 -0.2086142665E-03
40  0.7111627379E-04  0.4296968876E-04  0.1260671211E-04  0.3092951559E-04  0.1271328366E-03  0.1058511264E+02  0.3989844984E-02 -0.8404161576E+00 -0.3397960189E+02  0.7565623866E-04  0.3234600000E+01  0.3989844984E-02  0.2853450538E-04  0.1058511264E+02  0.1058532142E+02  0.0000000000E+00 -0.2087833191E-03  0.3989844984E-02 -0.8404412629E+00 -0.3398037663E+02  0.0000000000E+00  0.2510533598E-04  0.7747361450E-03  0.7565623866E-04  0.0000000000E+00  0.0000000000E+00  0.1058532142E+02  0.3989844984E-02  0.2853450538E-04 -0.2087833191E-03
41  0.6737124122E-04  0.4054168220E-04  0.1163956252E-04  0.2879895093E-04  0.1212995458E-03  0.1058523249E+02  0.3988390019E-02 -0.8396387881E+00 -0.3396984564E+02  0.7643130066E-04  0.3489100000E+01  0.3988390019E-02  0.2864605370E-04  0.1058523249E+02  0.1058544143E+02  0.0000000000E+00 -0.2089341027E-03  0.3988390019E-02 -0.8396638476E+00 -0.3397061978E+02  0.0000000000E+00  0.2505943426E-04  0.7741406098E-03  0.7643130066E-04  0.0000000000E+00  0.0000000000E+00  0.1058544143E+02  0.3988390019E-02  0.2864605370E-04 -0.2089341027E-03
42  0.6385047611E-04  0.3830388011E-04  0.1078570874E-04  0.2691918494E-04  0.1158535529E-03  0.1058529113E+02  0.3986992457E-02 -0.8388460650E+00 -0.3396058055E+02  0.7717729132E-04  0.3545500000E+01  0.3986992457E-02  0.2874959408E-04  0.1058529113E+02  0.1058550020E+02  0.0000000000E+00 -0.2090698279E-03  0.3986992457E-02 -0.8388710717E+00 -0.3396135412E+02  0.0000000000E+00  0.2500665382E-04  0.7735720184E-03  0.7717729132E-04  0.0000000000E+00  0.0000000000E+00  0.1058550020E+02  0.3986992457E-02  0.2874959408E-04 -0.2090698279E-03
43  0.6055056495E-04  0.3625906626E-04  0.1003346060E-04  0.2525857579E-04  0.1106947007E-03  0.1058530815E+02  0.3985647760E-02 -0.8380347334E+00 -0.3395176929E+02  0.7789776767E-04  0.3601900000E+01  0.3985647760E-02  0.2884608983E-04  0.1058530815E+02  0.1058551734E+02  0.0000000000E+00 -0.2091929122E-03  0.3985647760E-02 -0.8380596814E+00 -0.3395254232E+02  0.0000000000E+00  0.2494804295E-04  0.7730289024E-03  0.7789776767E-04  0.0000000000E+00  0.0000000000E+00  0.1058551734E+02  0.3985647760E-02  0.2884608983E-04 -0.2091929122E-03
44  0.5745595647E-04  0.3437093084E-04  0.9367420025E-05  0.2377688186E-04  0.1057908756E-03  0.1058532572E+02  0.3984347182E-02 -0.8371813308E+00 -0.3394340471E+02  0.7859640919E-04  0.3667700000E+01  0.3984347182E-02  0.2893642584E-04  0.1058532572E+02  0.1058553503E+02  0.0000000000E+00 -0.2093058582E-03  0.3984347182E-02 -0.8372062143E+00 -0.3394417722E+02  0.0000000000E+00  0.2488357862E-04  0.7725105626E-03  0.7859640919E-04  0.0000000000E+00  0.0000000000E+00  0.1058553503E+02  0.3984347182E-02  0.2893642584E-04 -0.2093058582E-03
45  0.5458596740E-04  0.3262689906E-04  0.8773583983E-05  0.2243671429E-04  0.1009686660E-03  0.1058529954E+02  0.3983094083E-02 -0.8363622360E+00 -0.3393542646E+02  0.7927417673E-04  0.3724200000E+01  0.3983094083E-02  0.2902079512E-04  0.1058529954E+02  0.1058550895E+02  0.0000000000E+00 -0.2094092541E-03  0.3983094083E-02 -0.8363870519E+00 -0.3393619847E+02  0.0000000000E+00  0.2481585485E-04  0.7720148945E-03  0.7927417673E-04  0.0000000000E+00  0.0000000000E+00  0.1058550895E+02  0.3983094083E-02  0.2902079512E-04 -0.2094092541E-03
46  0.5188336508E-04  0.3097985569E-04  0.8231725167E-05  0.2121082952E-04  0.9649213875E-04  0.1058526469E+02  0.3981885631E-02 -0.8355493378E+00 -0.3392781996E+02  0.7993260977E-04  0.3780600000E+01  0.3981885631E-02  0.2909973882E-04  0.1058526469E+02  0.1058547420E+02  0.0000000000E+00 -0.2095046775E-03  0.3981885631E-02 -0.8355740833E+00 -0.3392859150E+02  0.0000000000E+00  0.2474556992E-04  0.7715411928E-03  0.7993260977E-04  0.0000000000E+00  0.0000000000E+00  0.1058547420E+02  0.3981885631E-02  0.2909973882E-04 -0.2095046775E-03
47  0.4934866189E-04  0.2944600758E-04  0.7741318981E-05  0.2009343234E-04  0.9228379076E-04  0.1058522915E+02  0.3980719321E-02 -0.8347368553E+00 -0.3392055857E+02  0.8057325145E-04  0.3837500000E+01  0.3980719321E-02  0.2917379914E-04  0.1058522915E+02  0.1058543874E+02  0.0000000000E+00 -0.2095932958E-03  0.3980719321E-02 -0.8347615284E+00 -0.3392132966E+02  0.0000000000E+00  0.2467310600E-04  0.7710883618E-03  0.8057325145E-04  0.0000000000E+00  0.0000000000E+00  0.1058543874E+02  0.3980719321E-02  0.2917379914E-04 -0.2095932958E-03
48  0.4696821138E-04  0.2800895699E-04  0.7296723808E-05  0.1906883081E-04  0.8831571106E-04  0.1058521784E+02  0.3979589358E-02 -0.8339050879E+00 -0.3391363885E+02  0.8119836990E-04  0.3904100000E+01  0.3979589358E-02  0.2924347278E-04  0.1058521784E+02  0.1058542751E+02  0.0000000000E+00 -0.2096764596E-03  0.3979589358E-02 -0.8339296861E+00 -0.3391440950E+02  0.0000000000E+00  0.2459818138E-04  0.7706558701E-03  0.8119836990E-04  0.0000000000E+00  0.0000000000E+00  0.1058542751E+02  0.3979589358E-02  0.2924347278E-04 -0.2096764596E-03
49  0.4475620034E-04  0.2666438982E-04  0.6893237806E-05  0.1811834352E-04  0.8445223863E-04  0.1058519247E+02  0.3978498460E-02 -0.8331138921E+00 -0.3390701655E+02  0.8180762235E-04  0.3960500000E+01  0.3978498460E-02  0.2930886539E-04  0.1058519247E+02  0.1058540222E+02  0.0000000000E+00 -0.2097540845E-03  0.3978498460E-02 -0.8331384147E+00 -0.3390778679E+02  0.0000000000E+00  0.2452255816E-04  0.7702419502E-03  0.8180762235E-04  0.0000000000E+00  0.0000000000E+00  0.1058540222E+02  0.3978498460E-02  0.2930886539E-04 -0.2097540845E-03
50  0.4267163221E-04  0.2537893596E-04  0.6515336515E-05  0.1722719906E-04  0.8088427948E-04  0.1058517717E+02  0.3977444782E-02 -0.8323375020E+00 -0.3390068457E+02  0.8240173929E-04  0.4017000000E+01  0.3977444782E-02  0.2937032776E-04  0.1058517717E+02  0.1058538700E+02  0.0000000000E+00 -0.2098270206E-03  0.3977444782E-02 -0.8323619486E+00 -0.3390145442E+02  0.0000000000E+00  0.2444653382E-04  0.7698460629E-03  0.8240173929E-04  0.0000000000E+00  0.0000000000E+00  0.1058538700E+02  0.3977444782E-02  0.2937032776E-04 -0.2098270206E-03
51  0.4071775349E-04  0.2417113707E-04  0.6166377469E-05  0.1639959053E-04  0.7754552137E-04  0.1058517588E+02  0.3976426585E-02 -0.8315696429E+00 -0.3389462554E+02  0.8298158703E-04  0.4266500000E+01  0.3976426585E-02  0.2942822338E-04  0.1058517588E+02  0.1058538578E+02  0.0000000000E+00 -0.2098959060E-03  0.3976426585E-02 -0.8315940131E+00 -0.3389539501E+02  0.0000000000E+00  0.2437018426E-04  0.7694674068E-03  0.8298158703E-04  0.0000000000E+00  0.0000000000E+00  0.1058538578E+02  0.3976426585E-02  0.2942822338E-04 -0.2098959060E-03
52  0.3888519706E-04  0.2303292456E-04  0.5845135421E-05  0.1562949723E-04  0.7441273581E-04  0.1058520661E+02  0.3975439598E-02 -0.8307904268E+00 -0.3388883867E+02  0.8354905311E-04  0.4332600000E+01  0.3975439598E-02  0.2948289207E-04  0.1058520661E+02  0.1058541657E+02  0.0000000000E+00 -0.2099616249E-03  0.3975439598E-02 -0.8308147199E+00 -0.3388960778E+02  0.0000000000E+00  0.2429303614E-04  0.7691056644E-03  0.8354905311E-04  0.0000000000E+00  0.0000000000E+00  0.1058541657E+02  0.3975439598E-02  0.2948289207E-04 -0.2099616249E-03
53  0.3718594301E-04  0.2196614005E-04  0.5550995472E-05  0.1490853263E-04  0.7137267217E-04  0.1058523719E+02  0.3974485737E-02 -0.8300476533E+00 -0.3388328906E+02  0.8410350204E-04  0.4391100000E+01  0.3974485737E-02  0.2953442592E-04  0.1058523719E+02  0.1058544722E+02  0.0000000000E+00 -0.2100239170E-03  0.3974485737E-02 -0.8300718695E+00 -0.3388405782E+02  0.0000000000E+00  0.2421624944E-04  0.7687594074E-03  0.8410350204E-04  0.0000000000E+00  0.0000000000E+00  0.1058544722E+02  0.3974485737E-02  0.2953442592E-04 -0.2100239170E-03
54  0.3558392114E-04  0.2094551482E-04  0.5271639556E-05  0.1422634690E-04  0.6858062784E-04  0.1058528446E+02  0.3973563586E-02 -0.8293200073E+00 -0.3387797261E+02  0.8464542022E-04  0.4447800000E+01  0.3973563586E-02  0.2958305865E-04  0.1058528446E+02  0.1058549454E+02  0.0000000000E+00 -0.2100832804E-03  0.3973563586E-02 -0.8293441472E+00 -0.3387874104E+02  0.0000000000E+00  0.2413989845E-04  0.7684281778E-03  0.8464542022E-04  0.0000000000E+00  0.0000000000E+00  0.1058549454E+02  0.3973563586E-02  0.2958305865E-04 -0.2100832804E-03
55  0.3408503750E-04  0.1998585060E-04  0.5011280377E-05  0.1358790349E-04  0.6597223915E-04  0.1058534999E+02  0.3972671801E-02 -0.8286029498E+00 -0.3387287725E+02  0.8517538934E-04  0.4504400000E+01  0.3972671801E-02  0.2962903017E-04  0.1058534999E+02  0.1058556013E+02  0.0000000000E+00 -0.2101400839E-03  0.3972671801E-02 -0.8286270138E+00 -0.3387364536E+02  0.0000000000E+00  0.2406395099E-04  0.7681113425E-03  0.8517538934E-04  0.0000000000E+00  0.0000000000E+00  0.1058556013E+02  0.3972671801E-02  0.2962903017E-04 -0.2101400839E-03
56  0.3268073684E-04  0.1908076094E-04  0.4770112962E-05  0.1298984122E-04  0.6353107468E-04  0.1058544697E+02  0.3971807115E-02 -0.8278791343E+00 -0.3386800336E+02  0.8569502522E-04  0.4570300000E+01  0.3971807115E-02  0.2967256032E-04  0.1058544697E+02  0.1058565716E+02  0.0000000000E+00 -0.2101949291E-03  0.3971807115E-02 -0.8279031222E+00 -0.3386877117E+02  0.0000000000E+00  0.2398795023E-04  0.7678086642E-03  0.8569502522E-04  0.0000000000E+00  0.0000000000E+00  0.1058565716E+02  0.3971807115E-02  0.2967256032E-04 -0.2101949291E-03
57  0.3138313953E-04  0.1823198648E-04  0.4549006962E-05  0.1242716658E-04  0.6115721817E-04  0.1058554832E+02  0.3970970865E-02 -0.8271883607E+00 -0.3386332290E+02  0.8620356730E-04  0.4627500000E+01  0.3970970865E-02  0.2971371660E-04  0.1058554832E+02  0.1058575857E+02  0.0000000000E+00 -0.2102474973E-03  0.3970970865E-02 -0.8272122734E+00 -0.3386409042E+02  0.0000000000E+00  0.2391276287E-04  0.7675189619E-03  0.8620356730E-04  0.0000000000E+00  0.0000000000E+00  0.1058575857E+02  0.3970970865E-02  0.2971371660E-04 -0.2102474973E-03
58  0.3015703645E-04  0.1741884098E-04  0.4337520621E-05  0.1189154510E-04  0.5899247398E-04  0.1058566683E+02  0.3970161909E-02 -0.8265121499E+00 -0.3385883353E+02  0.8670137297E-04  0.4684200000E+01  0.3970161909E-02  0.2975265951E-04  0.1058566683E+02  0.1058587713E+02  0.0000000000E+00 -0.2102981037E-03  0.3970161909E-02 -0.8265359882E+00 -0.3385960077E+02  0.0000000000E+00  0.2383838368E-04  0.7672418533E-03  0.8670137297E-04  0.0000000000E+00  0.0000000000E+00  0.1058587713E+02  0.3970161909E-02  0.2975265951E-04 -0.2102981037E-03
59  0.2901198854E-04  0.1665409454E-04  0.4139755913E-05  0.1138815000E-04  0.5697087988E-04  0.1058580313E+02  0.3969379137E-02 -0.8258466601E+00 -0.3385452600E+02  0.8718888295E-04  0.4743600000E+01  0.3969379137E-02  0.2978955820E-04  0.1058580313E+02  0.1058601348E+02  0.0000000000E+00 -0.2103469860E-03  0.3969379137E-02 -0.8258704248E+00 -0.3385529297E+02  0.0000000000E+00  0.2376474062E-04  0.7669768340E-03  0.8718888295E-04  0.0000000000E+00  0.0000000000E+00  0.1058601348E+02  0.3969379137E-02  0.2978955820E-04 -0.2103469860E-03
60  0.2794010494E-04  0.1593287701E-04  0.3956566127E-05  0.1091522864E-04  0.5508170765E-04  0.1058596753E+02  0.3968619964E-02 -0.8251764553E+00 -0.3385040084E+02  0.8766753493E-04  0.4809500000E+01  0.3968619964E-02  0.2982456573E-04  0.1058596753E+02  0.1058617792E+02  0.0000000000E+00 -0.2103945892E-03  0.3968619964E-02 -0.8252001467E+00 -0.3385116756E+02  0.0000000000E+00  0.2369141335E-04  0.7667237168E-03  0.8766753493E-04  0.0000000000E+00  0.0000000000E+00  0.1058617792E+02  0.3968619964E-02  0.2982456573E-04 -0.2103945892E-03
61  0.2695479944E-04  0.1525698826E-04  0.3789323626E-05  0.1046963843E-04  0.5323290394E-04  0.1058613706E+02  0.3967885295E-02 -0.8245353810E+00 -0.3384643473E+02  0.8813657259E-04  0.5064000000E+01  0.3967885295E-02  0.2985773920E-04  0.1058613706E+02  0.1058634750E+02  0.0000000000E+00 -0.2104406007E-03  0.3967885295E-02 -0.8245590001E+00 -0.3384720121E+02  0.0000000000E+00  0.2361907554E-04  0.7664815121E-03  0.8813657259E-04  0.0000000000E+00  0.0000000000E+00  0.1058634750E+02  0.3967885295E-02  0.2985773920E-04 -0.2104406007E-03
62  0.2601956927E-04  0.1460908239E-04  0.3628987842E-05  0.1004429792E-04  0.5156158993E-04  0.1058632188E+02  0.3967174165E-02 -0.8239074145E+00 -0.3384262629E+02  0.8859629426E-04  0.5122100000E+01  0.3967174165E-02  0.2988919517E-04  0.1058632188E+02  0.1058653237E+02  0.0000000000E+00 -0.2104852345E-03  0.3967174165E-02 -0.8239309621E+00 -0.3384339254E+02  0.0000000000E+00  0.2354768722E-04  0.7662498939E-03  0.8859629426E-04  0.0000000000E+00  0.0000000000E+00  0.1058653237E+02  0.3967174165E-02  0.2988919517E-04 -0.2104852345E-03
63  0.2514755669E-04  0.1400035886E-04  0.3479156148E-05  0.9643882734E-05  0.4999899154E-04  0.1058652220E+02  0.3966485627E-02 -0.8232893696E+00 -0.3383896815E+02  0.8904706285E-04  0.5178800000E+01  0.3966485627E-02  0.2991905886E-04  0.1058652220E+02  0.1058673273E+02  0.0000000000E+00 -0.2105286556E-03  0.3966485627E-02 -0.8233128467E+00 -0.3383973418E+02  0.0000000000E+00  0.2347716600E-04  0.7660284490E-03  0.8904706285E-04  0.0000000000E+00  0.0000000000E+00  0.1058673273E+02  0.3966485627E-02  0.2991905886E-04 -0.2105286556E-03
64  0.2433136172E-04  0.1342677238E-04  0.3340855211E-05  0.9267391628E-05  0.4853922413E-04  0.1058674642E+02  0.3965817580E-02 -0.8226675072E+00 -0.3383546086E+02  0.8949016939E-04  0.5245400000E+01  0.3965817580E-02  0.2994744132E-04  0.1058674642E+02  0.1058695699E+02  0.0000000000E+00 -0.2105712098E-03  0.3965817580E-02 -0.8226909144E+00 -0.3383622668E+02  0.0000000000E+00  0.2340713583E-04  0.7658170218E-03  0.8949016939E-04  0.0000000000E+00  0.0000000000E+00  0.1058695699E+02  0.3965817580E-02  0.2994744132E-04 -0.2105712098E-03
65  0.2358593687E-04  0.1289003767E-04  0.3215490329E-05  0.8912672334E-05  0.4709585183E-04  0.1058697494E+02  0.3965170629E-02 -0.8220710989E+00 -0.3383208475E+02  0.8992490206E-04  0.5302000000E+01  0.3965170629E-02  0.2997439192E-04  0.1058697494E+02  0.1058718556E+02  0.0000000000E+00 -0.2106126101E-03  0.3965170629E-02 -0.8220944370E+00 -0.3383285036E+02  0.0000000000E+00  0.2333813936E-04  0.7656147769E-03  0.8992490206E-04  0.0000000000E+00  0.0000000000E+00  0.1058718556E+02  0.3965170629E-02  0.2997439192E-04 -0.2106126101E-03
66  0.2287301581E-04  0.1237519474E-04  0.3095183670E-05  0.8573580493E-05  0.4580441672E-04  0.1058721613E+02  0.3964543944E-02 -0.8214861655E+00 -0.3382883907E+02  0.9035151850E-04  0.5358700000E+01  0.3964543944E-02  0.2999999715E-04  0.1058721613E+02  0.1058742678E+02  0.0000000000E+00 -0.2106530104E-03  0.3964543944E-02 -0.8215094356E+00 -0.3382960449E+02  0.0000000000E+00  0.2327012337E-04  0.7654214351E-03  0.9035151850E-04  0.0000000000E+00  0.0000000000E+00  0.1058742678E+02  0.3964543944E-02  0.2999999715E-04 -0.2106530104E-03
67  0.2220883619E-04  0.1189224510E-04  0.2982991101E-05  0.8254160091E-05  0.4459377026E-04  0.1058746999E+02  0.3963936706E-02 -0.8209100655E+00 -0.3382571780E+02  0.9077032549E-04  0.5415200000E+01  0.3963936706E-02  0.3002435228E-04  0.1058746999E+02  0.1058768069E+02  0.0000000000E+00 -0.2106925308E-03  0.3963936706E-02 -0.8209332685E+00 -0.3382648303E+02  0.0000000000E+00  0.2320300704E-04  0.7652366519E-03  0.9077032549E-04  0.0000000000E+00  0.0000000000E+00  0.1058768069E+02  0.3963936706E-02  0.3002435228E-04 -0.2106925308E-03
68  0.2158647235E-04  0.1143763474E-04  0.2879937679E-05  0.7953806611E-05  0.4346186410E-04  0.1058773567E+02  0.3963348169E-02 -0.8203428086E+00 -0.3382271603E+02  0.9118159462E-04  0.5472600000E+01  0.3963348169E-02  0.3004753156E-04  0.1058773567E+02  0.1058794641E+02  0.0000000000E+00 -0.2107312557E-03  0.3963348169E-02 -0.8203659453E+00 -0.3382348109E+02  0.0000000000E+00  0.2313674485E-04  0.7650600898E-03  0.9118159462E-04  0.0000000000E+00  0.0000000000E+00  0.1058794641E+02  0.3963348169E-02  0.3004753156E-04 -0.2107312557E-03
69  0.2100448473E-04  0.1100887717E-04  0.2784748623E-05  0.7669608449E-05  0.4239787509E-04  0.1058801206E+02  0.3962777642E-02 -0.8197849778E+00 -0.3381982869E+02  0.9158556419E-04  0.5529400000E+01  0.3962777642E-02  0.3006959982E-04  0.1058801206E+02  0.1058822283E+02  0.0000000000E+00 -0.2107692372E-03  0.3962777642E-02 -0.8198080492E+00 -0.3382059359E+02  0.0000000000E+00  0.2307133987E-04  0.7648914134E-03  0.9158556419E-04  0.0000000000E+00  0.0000000000E+00  0.1058822283E+02  0.3962777642E-02  0.3006959982E-04 -0.2107692372E-03
70  0.2045967346E-04  0.1060358941E-04  0.2696402008E-05  0.7399962091E-05  0.4139769187E-04  0.1058829823E+02  0.3962224460E-02 -0.8192367970E+00 -0.3381705053E+02  0.9198245501E-04  0.5586100000E+01  0.3962224460E-02  0.3009061564E-04  0.1058829823E+02  0.1058850903E+02  0.0000000000E+00 -0.2108065137E-03  0.3962224460E-02 -0.8192598038E+00 -0.3381781526E+02  0.0000000000E+00  0.2300681105E-04  0.7647302852E-03  0.9198245501E-04  0.0000000000E+00  0.0000000000E+00  0.1058850903E+02  0.3962224460E-02  0.3009061564E-04 -0.2108065137E-03
71  0.1994945223E-04  0.1022026359E-04  0.2614191498E-05  0.7143923980E-05  0.4045693485E-04  0.1058859349E+02  0.3961687979E-02 -0.8186980574E+00 -0.3381437651E+02  0.9237247963E-04  0.5846500000E+01  0.3961687979E-02  0.3011063470E-04  0.1058859349E+02  0.1058880433E+02  0.0000000000E+00 -0.2108431226E-03  0.3961687979E-02 -0.8187210006E+00 -0.3381514109E+02  0.0000000000E+00  0.2294317235E-04  0.7645763771E-03  0.9237247963E-04  0.0000000000E+00  0.0000000000E+00  0.1058880433E+02  0.3961687979E-02  0.3011063470E-04 -0.2108431226E-03
72  0.1947123202E-04  0.9857752482E-05  0.2537697468E-05  0.6900987983E-05  0.3957167994E-04  0.1058891161E+02  0.3961165882E-02 -0.8181458430E+00 -0.3381181177E+02  0.9275749181E-04  0.5912600000E+01  0.3961165882E-02  0.3012972274E-04  0.1058891161E+02  0.1058912249E+02  0.0000000000E+00 -0.2108794474E-03  0.3961165882E-02 -0.8181687229E+00 -0.3381257620E+02  0.0000000000E+00  0.2287991047E-04  0.7644297385E-03  0.9275749181E-04  0.0000000000E+00  0.0000000000E+00  0.1058912249E+02  0.3961165882E-02  0.3012972274E-04 -0.2108794474E-03
73  0.1905946323E-04  0.9522652229E-05  0.2471191173E-05  0.6673242469E-05  0.3859859654E-04  0.1058922369E+02  0.3960659419E-02 -0.8176255548E+00 -0.3380933079E+02  0.9313604258E-04  0.5969200000E+01  0.3960659419E-02  0.3014789960E-04  0.1058922369E+02  0.1058943460E+02  0.0000000000E+00 -0.2109149756E-03  0.3960659419E-02 -0.8176483726E+00 -0.3381009508E+02  0.0000000000E+00  0.2281781896E-04  0.7642894056E-03  0.9313604258E-04  0.0000000000E+00  0.0000000000E+00  0.1058943460E+02  0.3960659419E-02  0.3014789960E-04 -0.2109149756E-03
74  0.1863578934E-04  0.9194028003E-05  0.2403859134E-05  0.6453075998E-05  0.3780907053E-04  0.1058954358E+02  0.3960167914E-02 -0.8171140424E+00 -0.3380693836E+02  0.9350833805E-04  0.6025900000E+01  0.3960167914E-02  0.3016522258E-04  0.1058954358E+02  0.1058975453E+02  0.0000000000E+00 -0.2109498796E-03  0.3960167914E-02 -0.8171367991E+00 -0.3380770252E+02  0.0000000000E+00  0.2275675277E-04  0.7641552705E-03  0.9350833805E-04  0.0000000000E+00  0.0000000000E+00  0.1058975453E+02  0.3960167914E-02  0.3016522258E-04 -0.2109498796E-03
75  0.1824302626E-04  0.8890918245E-05  0.2341205561E-05  0.6247907288E-05  0.3705972487E-04  0.1058987182E+02  0.3959690686E-02 -0.8166075127E+00 -0.3380463031E+02  0.9387465840E-04  0.6083700000E+01  0.3959690686E-02  0.3018176957E-04  0.1058987182E+02  0.1059008280E+02  0.0000000000E+00 -0.2109842880E-03  0.3959690686E-02 -0.8166302093E+00 -0.3380539433E+02  0.0000000000E+00  0.2269654513E-04  0.7640271265E-03  0.9387465840E-04  0.0000000000E+00  0.0000000000E+00  0.1059008280E+02  0.3959690686E-02  0.3018176957E-04 -0.2109842880E-03
76  0.1787135535E-04  0.8608406023E-05  0.2285495571E-05  0.6057577456E-05  0.3635899313E-04  0.1059020749E+02  0.3959227144E-02 -0.8161063169E+00 -0.3380240353E+02  0.9423523251E-04  0.6140500000E+01  0.3959227144E-02  0.3019759066E-04  0.1059020749E+02  0.1059041851E+02  0.0000000000E+00 -0.2110182715E-03  0.3959227144E-02 -0.8161289540E+00 -0.3380316743E+02  0.0000000000E+00  0.2263709661E-04  0.7639047498E-03  0.9423523251E-04  0.0000000000E+00  0.0000000000E+00  0.1059041851E+02  0.3959227144E-02  0.3019759066E-04 -0.2110182715E-03
77  0.1752173750E-04  0.8343572439E-05  0.2234847912E-05  0.5878044043E-05  0.3569433787E-04  0.1059054928E+02  0.3958776767E-02 -0.8156117829E+00 -0.3380025466E+02  0.9459023754E-04  0.6197200000E+01  0.3958776767E-02  0.3021272461E-04  0.1059054928E+02  0.1059076033E+02  0.0000000000E+00 -0.2110518515E-03  0.3958776767E-02 -0.8156343613E+00 -0.3380101845E+02  0.0000000000E+00  0.2257839546E-04  0.7637879024E-03  0.9459023754E-04  0.0000000000E+00  0.0000000000E+00  0.1059076033E+02  0.3958776767E-02  0.3021272461E-04 -0.2110518515E-03
78  0.1719175016E-04  0.8093387962E-05  0.2187962039E-05  0.5707296196E-05  0.3506447846E-04  0.1059090498E+02  0.3958338121E-02 -0.8151104124E+00 -0.3379818606E+02  0.9494087705E-04  0.6264200000E+01  0.3958338121E-02  0.3022720757E-04  0.1059090498E+02  0.1059111607E+02  0.0000000000E+00 -0.2110852378E-03  0.3958338121E-02 -0.8151329326E+00 -0.3379894973E+02  0.0000000000E+00  0.2252014887E-04  0.7636765500E-03  0.9494087705E-04  0.0000000000E+00  0.0000000000E+00  0.1059111607E+02  0.3958338121E-02  0.3022720757E-04 -0.2110852378E-03
79  0.1690738023E-04  0.7860968513E-05  0.2146800334E-05  0.5546009929E-05  0.3437038831E-04  0.1059125674E+02  0.3957911741E-02 -0.8146309234E+00 -0.3379618162E+02  0.9528623724E-04  0.6321700000E+01  0.3957911741E-02  0.3024105904E-04  0.1059125674E+02  0.1059146785E+02  0.0000000000E+00 -0.2111181092E-03  0.3957911741E-02 -0.8146533862E+00 -0.3379694519E+02  0.0000000000E+00  0.2246285631E-04  0.7635700633E-03  0.9528623724E-04  0.0000000000E+00  0.0000000000E+00  0.1059146785E+02  0.3957911741E-02  0.3024105904E-04 -0.2111181092E-03
80  0.1660974074E-04  0.7632572684E-05  0.2104850692E-05  0.5389604881E-05  0.3380412724E-04  0.1059161302E+02  0.3957497124E-02 -0.8141587331E+00 -0.3379424398E+02  0.9562645863E-04  0.6378700000E+01  0.3957497124E-02  0.3025431032E-04  0.1059161302E+02  0.1059182417E+02  0.0000000000E+00 -0.2111505594E-03  0.3957497124E-02 -0.8141811395E+00 -0.3379500745E+02  0.0000000000E+00  0.2240643822E-04  0.7634683270E-03  0.9562645863E-04  0.0000000000E+00  0.0000000000E+00  0.1059182417E+02  0.3957497124E-02  0.3025431032E-04 -0.2111505594E-03
81  0.1633174654E-04  0.7420611830E-05  0.2065325662E-05  0.5242587160E-05  0.3326070013E-04  0.1059197408E+02  0.3957093761E-02 -0.8136914636E+00 -0.3379237008E+02  0.9596172988E-04  0.6621700000E+01  0.3957093761E-02  0.3026700976E-04  0.1059197408E+02  0.1059218526E+02  0.0000000000E+00 -0.2111826604E-03  0.3957093761E-02 -0.8137138144E+00 -0.3379313345E+02  0.0000000000E+00  0.2235079817E-04  0.7633711689E-03  0.9596172988E-04  0.0000000000E+00  0.0000000000E+00  0.1059218526E+02  0.3957093761E-02  0.3026700976E-04 -0.2111826604E-03
82  0.1606643445E-04  0.7221809220E-05  0.2029715223E-05  0.5105106397E-05  0.3274813936E-04  0.1059233934E+02  0.3956701200E-02 -0.8132291840E+00 -0.3379055746E+02  0.9629221361E-04  0.6678600000E+01  0.3956701200E-02  0.3027919045E-04  0.1059233934E+02  0.1059255055E+02  0.0000000000E+00 -0.2112144511E-03  0.3956701200E-02 -0.8132514799E+00 -0.3379132074E+02  0.0000000000E+00  0.2229587380E-04  0.7632784028E-03  0.9629221361E-04  0.0000000000E+00  0.0000000000E+00  0.1059255055E+02  0.3956701200E-02  0.3027919045E-04 -0.2112144511E-03
83  0.1581457633E-04  0.7034509136E-05  0.1996838026E-05  0.4974756207E-05  0.3225830429E-04  0.1059270793E+02  0.3956319028E-02 -0.8127726339E+00 -0.3378880355E+02  0.9661804263E-04  0.6735400000E+01  0.3956319028E-02  0.3029087922E-04  0.1059270793E+02  0.1059291918E+02  0.0000000000E+00 -0.2112459420E-03  0.3956319028E-02 -0.8127948755E+00 -0.3378956673E+02  0.0000000000E+00  0.2224165412E-04  0.7631898360E-03  0.9661804263E-04  0.0000000000E+00  0.0000000000E+00  0.1059291918E+02  0.3956319028E-02  0.3029087922E-04 -0.2112459420E-03
84  0.1557463387E-04  0.6856862623E-05  0.1965947567E-05  0.4850350084E-05  0.3179043256E-04  0.1059308662E+02  0.3955946112E-02 -0.8123099185E+00 -0.3378711069E+02  0.9694024560E-04  0.6801800000E+01  0.3955946112E-02  0.3030210085E-04  0.1059308662E+02  0.1059329790E+02  0.0000000000E+00 -0.2112773037E-03  0.3955946112E-02 -0.8123321064E+00 -0.3378787379E+02  0.0000000000E+00  0.2218788336E-04  0.7631054480E-03  0.9694024560E-04  0.0000000000E+00  0.0000000000E+00  0.1059329790E+02  0.3955946112E-02  0.3030210085E-04 -0.2112773037E-03
85  0.1537219134E-04  0.6691969763E-05  0.1938821246E-05  0.4732724020E-05  0.3125369843E-04  0.1059346040E+02  0.3955582858E-02 -0.8118657468E+00 -0.3378546574E+02  0.9725802426E-04  0.6859700000E+01  0.3955582858E-02  0.3031287192E-04  0.1059346040E+02  0.1059367171E+02  0.0000000000E+00 -0.2113082688E-03  0.3955582858E-02 -0.8118878818E+00 -0.3378622876E+02  0.0000000000E+00  0.2213497250E-04  0.7630247361E-03  0.9725802426E-04  0.0000000000E+00  0.0000000000E+00  0.1059367171E+02  0.3955582858E-02  0.3031287192E-04 -0.2113082688E-03
86  0.1515073046E-04  0.6528062496E-05  0.1910331822E-05  0.4618065036E-05  0.3082775010E-04  0.1059383648E+02  0.3955228871E-02 -0.8114276254E+00 -0.3378387127E+02  0.9757148552E-04  0.6917600000E+01  0.3955228871E-02  0.3032321179E-04  0.1059383648E+02  0.1059404782E+02  0.0000000000E+00 -0.2113389119E-03  0.3955228871E-02 -0.8114497083E+00 -0.3378463422E+02  0.0000000000E+00  0.2208284787E-04  0.7629476216E-03  0.9757148552E-04  0.0000000000E+00  0.0000000000E+00  0.1059404782E+02  0.3955228871E-02  0.3032321179E-04 -0.2113389119E-03
87  0.1494274703E-04  0.6376274218E-05  0.1883096667E-05  0.4510132739E-05  0.3041316257E-04  0.1059421505E+02  0.3954883750E-02 -0.8109936696E+00 -0.3378232484E+02  0.9788077559E-04  0.6974900000E+01  0.3954883750E-02  0.3033315624E-04  0.1059421505E+02  0.1059442642E+02  0.0000000000E+00 -0.2113692880E-03  0.3954883750E-02 -0.8110157010E+00 -0.3378308771E+02  0.0000000000E+00  0.2203142685E-04  0.7628739724E-03  0.9788077559E-04  0.0000000000E+00  0.0000000000E+00  0.1059442642E+02  0.3954883750E-02  0.3033315624E-04 -0.2113692880E-03
88  0.1474203860E-04  0.6233665167E-05  0.1858436079E-05  0.4409155839E-05  0.3001913104E-04  0.1059459565E+02  0.3954547136E-02 -0.8105639628E+00 -0.3378082456E+02  0.9818601929E-04  0.7031800000E+01  0.3954547136E-02  0.3034272856E-04  0.1059459565E+02  0.1059480705E+02  0.0000000000E+00 -0.2113994241E-03  0.3954547136E-02 -0.8105859434E+00 -0.3378158737E+02  0.0000000000E+00  0.2198065504E-04  0.7628036417E-03  0.9818601929E-04  0.0000000000E+00  0.0000000000E+00  0.1059480705E+02  0.3954547136E-02  0.3034272856E-04 -0.2113994241E-03
89  0.1454961822E-04  0.6098929155E-05  0.1835361823E-05  0.4313121194E-05  0.2963907916E-04  0.1059497760E+02  0.3954218709E-02 -0.8101391508E+00 -0.3377936854E+02  0.9848731709E-04  0.7088700000E+01  0.3954218709E-02  0.3035194725E-04  0.1059497760E+02  0.1059518903E+02  0.0000000000E+00 -0.2114293237E-03  0.3954218709E-02 -0.8101610814E+00 -0.3378013128E+02  0.0000000000E+00  0.2193052129E-04  0.7627364775E-03  0.9848731709E-04  0.0000000000E+00  0.0000000000E+00  0.1059518903E+02  0.3954218709E-02  0.3035194725E-04 -0.2114293237E-03
90  0.1436441346E-04  0.5970553440E-05  0.1813309764E-05  0.4221071394E-05  0.2927284254E-04  0.1059536679E+02  0.3953897555E-02 -0.8097088506E+00 -0.3377795908E+02  0.9878555067E-04  0.7155000000E+01  0.3953897555E-02  0.3036082873E-04  0.1059536679E+02  0.1059557825E+02  0.0000000000E+00 -0.2114591265E-03  0.3953897555E-02 -0.8097307314E+00 -0.3377872175E+02  0.0000000000E+00  0.2188080475E-04  0.7626724728E-03  0.9878555067E-04  0.0000000000E+00  0.0000000000E+00  0.1059557825E+02  0.3953897555E-02  0.3036082873E-04 -0.2114591265E-03
91  0.1421083768E-04  0.5851341197E-05  0.1793769667E-05  0.4133784022E-05  0.2883781025E-04  0.1059575036E+02  0.3953584012E-02 -0.8092946070E+00 -0.3377658530E+02  0.9908001629E-04  0.7406700000E+01  0.3953584012E-02  0.3036938585E-04  0.1059575036E+02  0.1059596185E+02  0.0000000000E+00 -0.2114886038E-03  0.3953584012E-02 -0.8093164389E+00 -0.3377734791E+02  0.0000000000E+00  0.2183185524E-04  0.7626112208E-03  0.9908001629E-04  0.0000000000E+00  0.0000000000E+00  0.1059596185E+02  0.3953584012E-02  0.3036938585E-04 -0.2114886038E-03
92  0.1403586473E-04  0.5731081977E-05  0.1772649815E-05  0.4048073976E-05  0.2849977209E-04  0.1059613461E+02  0.3953277772E-02 -0.8088855623E+00 -0.3377524971E+02  0.9937079281E-04  0.7464400000E+01  0.3953277772E-02  0.3037762965E-04  0.1059613461E+02  0.1059634613E+02  0.0000000000E+00 -0.2115178163E-03  0.3953277772E-02 -0.8089073459E+00 -0.3377601226E+02  0.0000000000E+00  0.2178360749E-04  0.7625526715E-03  0.9937079281E-04  0.0000000000E+00  0.0000000000E+00  0.1059634613E+02  0.3953277772E-02  0.3037762965E-04 -0.2115178163E-03
93  0.1387050344E-04  0.5619747430E-05  0.1752103623E-05  0.3967156034E-05  0.2816635008E-04  0.1059651970E+02  0.3952978524E-02 -0.8084801671E+00 -0.3377395043E+02  0.9965799350E-04  0.7522300000E+01  0.3952978524E-02  0.3038558713E-04  0.1059651970E+02  0.1059673125E+02  0.0000000000E+00 -0.2115468068E-03  0.3952978524E-02 -0.8085019031E+00 -0.3377471292E+02  0.0000000000E+00  0.2173599102E-04  0.7624967248E-03  0.9965799350E-04  0.0000000000E+00  0.0000000000E+00  0.1059673125E+02  0.3952978524E-02  0.3038558713E-04 -0.2115468068E-03
94  0.1370924456E-04  0.5514728482E-05  0.1733303574E-05  0.3891314687E-05  0.2784701358E-04  0.1059690528E+02  0.3952685989E-02 -0.8080785054E+00 -0.3377268605E+02  0.9994171414E-04  0.7580000000E+01  0.3952685989E-02  0.3039327487E-04  0.1059690528E+02  0.1059711685E+02  0.0000000000E+00 -0.2115755943E-03  0.3952685989E-02 -0.8081001944E+00 -0.3377344849E+02  0.0000000000E+00  0.2168895884E-04  0.7624432663E-03  0.9994171414E-04  0.0000000000E+00  0.0000000000E+00  0.1059711685E+02  0.3952685989E-02  0.3039327487E-04 -0.2115755943E-03
95  0.1355319922E-04  0.5415004616E-05  0.1715422399E-05  0.3818848698E-05  0.2753634017E-04  0.1059729081E+02  0.3952399920E-02 -0.8076811457E+00 -0.3377145519E+02  0.1002220304E-03  0.7637100000E+01  0.3952399920E-02  0.3040070563E-04  0.1059729081E+02  0.1059750241E+02  0.0000000000E+00 -0.2116041784E-03  0.3952399920E-02 -0.8077027882E+00 -0.3377221758E+02  0.0000000000E+00  0.2164250083E-04  0.7623921780E-03  0.1002220304E-03  0.0000000000E+00  0.0000000000E+00  0.1059750241E+02  0.3952399920E-02  0.3040070563E-04 -0.2116041784E-03
96  0.1340160458E-04  0.5319350395E-05  0.1698028082E-05  0.3748985699E-05  0.2723450513E-04  0.1059768146E+02  0.3952119573E-02 -0.8072789533E+00 -0.3377026013E+02  0.1004997025E-03  0.7703500000E+01  0.3952119573E-02  0.3040789016E-04  0.1059768146E+02  0.1059789309E+02  0.0000000000E+00 -0.2116326758E-03  0.3952119573E-02 -0.8073005497E+00 -0.3377102247E+02  0.0000000000E+00  0.2159642481E-04  0.7623434650E-03  0.1004997025E-03  0.0000000000E+00  0.0000000000E+00  0.1059789309E+02  0.3952119573E-02  0.3040789016E-04 -0.2116326758E-03
97  0.1327726688E-04  0.5230316201E-05  0.1682380739E-05  0.3682452297E-05  0.2686676771E-04  0.1059806611E+02  0.3951845245E-02 -0.8068908711E+00 -0.3376909172E+02  0.1007741071E-03  0.7760600000E+01  0.3951845245E-02  0.3041483825E-04  0.1059806611E+02  0.1059827777E+02  0.0000000000E+00 -0.2116608885E-03  0.3951845245E-02 -0.8069124222E+00 -0.3376985402E+02  0.0000000000E+00  0.2155103345E-04  0.7622967955E-03  0.1007741071E-03  0.0000000000E+00  0.0000000000E+00  0.1059827777E+02  0.3951845245E-02  0.3041483825E-04 -0.2116608885E-03
98  0.1313118695E-04  0.5139038454E-05  0.1665167248E-05  0.3616575950E-05  0.2658459413E-04  0.1059845031E+02  0.3951576701E-02 -0.8065073717E+00 -0.3376795241E+02  0.1010453017E-03  0.7817800000E+01  0.3951576701E-02  0.3042155541E-04  0.1059845031E+02  0.1059866200E+02  0.0000000000E+00 -0.2116888675E-03  0.3951576701E-02 -0.8065288779E+00 -0.3376871466E+02  0.0000000000E+00  0.2150626882E-04  0.7622521415E-03  0.1010453017E-03  0.0000000000E+00  0.0000000000E+00  0.1059866200E+02  0.3951576701E-02  0.3042155541E-04 -0.2116888675E-03
99  0.1299231323E-04  0.5054437921E-05  0.1648178257E-05  0.3554150716E-05  0.2630323331E-04  0.1059883419E+02  0.3951313698E-02 -0.8061271569E+00 -0.3376684070E+02  0.1013133749E-03  0.7874800000E+01  0.3951313698E-02  0.3042806245E-04  0.1059883419E+02  0.1059904590E+02  0.0000000000E+00 -0.2117166472E-03  0.3951313698E-02 -0.8061486189E+00 -0.3376760291E+02  0.0000000000E+00  0.2146207028E-04  0.7622094289E-03  0.1013133749E-03  0.0000000000E+00  0.0000000000E+00  0.1059904590E+02  0.3951313698E-02  0.3042806245E-04 -0.2117166472E-03
100  0.1285574306E-04  0.4974213174E-05  0.1632453249E-05  0.3495488175E-05  0.2603191854E-04  0.1059921748E+02  0.3951056025E-02 -0.8057503099E+00 -0.3376575560E+02  0.1015784004E-03  0.7932000000E+01  0.3951056025E-02  0.3043437127E-04  0.1059921748E+02  0.1059942923E+02  0.0000000000E+00 -0.2117442414E-03  0.3951056025E-02 -0.8057717283E+00 -0.3376651777E+02  0.0000000000E+00  0.2141839715E-04  0.7621685695E-03  0.1015784004E-03  0.0000000000E+00  0.0000000000E+00  0.1059942923E+02  0.3951056025E-02  0.3043437127E-04 -0.2117442414E-03
