title="tecplot geometry and solution file"
variables = x y z rho u v w p mach temperature
zone t="boundary 1 bc-1", solutiontime= 0.4000000E+02, strandid=1001, i=42, j=30, f=feblock
  0.000000000000E+00  0.000000000000E+00  0.000000000000E+00  0.000000000000E+00  0.000000000000E+00  0.000000000000E+00  0.000000000000E+00
  0.000000000000E+00  0.000000000000E+00  0.000000000000E+00  0.000000000000E+00  0.000000000000E+00  0.000000000000E+00  0.000000000000E+00
  0.000000000000E+00  0.000000000000E+00  0.000000000000E+00  0.000000000000E+00  0.000000000000E+00  0.000000000000E+00  0.000000000000E+00
  0.000000000000E+00  0.000000000000E+00  0.000000000000E+00  0.000000000000E+00  0.000000000000E+00  0.000000000000E+00  0.000000000000E+00
  0.000000000000E+00  0.000000000000E+00  0.000000000000E+00  0.000000000000E+00  0.000000000000E+00  0.000000000000E+00  0.000000000000E+00
  0.000000000000E+00  0.000000000000E+00  0.000000000000E+00  0.000000000000E+00  0.000000000000E+00  0.000000000000E+00  0.000000000000E+00
  0.000000000000E+00  0.000000000000E+00 -0.833333333333E+00  0.000000000000E+00  0.000000000000E+00 -0.833333333333E+00 -0.166666666667E+01
  0.000000000000E+00 -0.833333333333E+00 -0.833333333333E+00  0.000000000000E+00 -0.166666666667E+01 -0.250000000000E+01 -0.833333333333E+00
 -0.166666666667E+01 -0.166666666667E+01 -0.833333333333E+00 -0.250000000000E+01 -0.333333333333E+01 -0.166666666667E+01 -0.250000000000E+01
 -0.250000000000E+01 -0.166666666667E+01 -0.333333333333E+01 -0.416666666667E+01 -0.250000000000E+01 -0.333333333333E+01 -0.333333333333E+01
 -0.250000000000E+01 -0.416666666667E+01 -0.500000000000E+01 -0.333333333333E+01 -0.416666666667E+01 -0.416666666667E+01 -0.333333333333E+01
 -0.500000000000E+01 -0.416666666667E+01 -0.500000000000E+01 -0.500000000000E+01 -0.416666666667E+01 -0.500000000000E+01 -0.500000000000E+01
  0.250000000000E+01  0.150000000000E+01  0.250000000000E+01  0.500000000000E+00 -0.150000000000E+01  0.150000000000E+01  0.250000000000E+01
 -0.500000000000E+00  0.500000000000E+00 -0.150000000000E+01 -0.250000000000E+01  0.150000000000E+01  0.250000000000E+01 -0.500000000000E+00
  0.500000000000E+00 -0.150000000000E+01 -0.250000000000E+01  0.150000000000E+01  0.250000000000E+01 -0.500000000000E+00  0.500000000000E+00
 -0.150000000000E+01 -0.250000000000E+01  0.150000000000E+01  0.250000000000E+01 -0.500000000000E+00  0.500000000000E+00 -0.150000000000E+01
 -0.250000000000E+01  0.150000000000E+01  0.250000000000E+01 -0.500000000000E+00  0.500000000000E+00 -0.150000000000E+01 -0.250000000000E+01
  0.150000000000E+01 -0.500000000000E+00  0.500000000000E+00 -0.150000000000E+01 -0.250000000000E+01 -0.500000000000E+00 -0.250000000000E+01
  0.100130930495E+01  0.100333587539E+01  0.100127406802E+01  0.100361895695E+01  0.102860012317E+01  0.100328202624E+01  0.100129629803E+01
  0.102295267367E+01  0.100333387544E+01  0.102581282803E+01  0.134581186429E+01  0.100331928796E+01  0.100127537388E+01  0.102261313446E+01
  0.100339878816E+01  0.102580256115E+01  0.134748429145E+01  0.100328389118E+01  0.100129629725E+01  0.102274682932E+01  0.100332875747E+01
  0.102561844123E+01  0.134801095542E+01  0.100331928707E+01  0.100127406584E+01  0.102263513945E+01  0.100339878618E+01  0.102580257563E+01
  0.134790264590E+01  0.100328202617E+01  0.100130930382E+01  0.102274682807E+01  0.100333387554E+01  0.102581290274E+01  0.134801096055E+01
  0.100333587564E+01  0.102261315034E+01  0.100361895451E+01  0.102860026354E+01  0.134748435072E+01  0.102295267791E+01  0.134581204254E+01
  0.498333124348E+00  0.497123732290E+00  0.498365793033E+00  0.496487000051E+00  0.475299093429E+00  0.497182453700E+00  0.498346210985E+00
  0.478292890268E+00  0.496814829907E+00  0.476445715467E+00  0.000000000000E+00  0.497143946881E+00  0.498367094583E+00  0.478861703465E+00
  0.496747062538E+00  0.476248828825E+00  0.000000000000E+00  0.497183027469E+00  0.498346211206E+00  0.478724500843E+00  0.496825084624E+00
  0.476432985538E+00  0.000000000000E+00  0.497143947597E+00  0.498365794746E+00  0.478868467669E+00  0.496747063966E+00  0.476248826021E+00
  0.000000000000E+00  0.497182456347E+00  0.498333126956E+00  0.478724497094E+00  0.496814824540E+00  0.476445642626E+00  0.000000000000E+00
  0.497123736799E+00  0.478861696979E+00  0.496486979688E+00  0.475298968367E+00  0.000000000000E+00  0.478292913229E+00  0.000000000000E+00
  0.000000000000E+00  0.000000000000E+00  0.913137055892E-06  0.000000000000E+00  0.000000000000E+00  0.608412194665E-05 -0.114680625514E-06
  0.000000000000E+00 -0.470348290043E-04 -0.971117448208E-03  0.000000000000E+00  0.280221424411E-05 -0.690462446133E-09  0.662058470053E-04
 -0.908876012543E-05 -0.129326102791E-03  0.000000000000E+00 -0.452578987513E-11  0.113819137062E-06  0.748267283389E-04  0.214233330852E-09
  0.569283807257E-08  0.000000000000E+00 -0.279996342303E-05 -0.914365934947E-06 -0.477418222187E-08  0.908815199805E-05  0.129359274281E-03
  0.000000000000E+00 -0.608484876477E-05  0.000000000000E+00 -0.748317240919E-04  0.470306118326E-04  0.971177846892E-03  0.000000000000E+00
  0.000000000000E+00 -0.662123843441E-04  0.000000000000E+00  0.000000000000E+00  0.000000000000E+00  0.000000000000E+00  0.000000000000E+00
  0.101464669056E-02  0.382382297678E-03  0.100285390552E-02  0.266487191577E-02  0.353937356062E-01  0.398224858788E-03  0.101414293608E-02
 -0.231132151670E-02  0.277153301531E-02  0.342584368858E-01  0.000000000000E+00  0.389204400423E-03  0.100203960789E-02 -0.251634411473E-02
  0.275287112525E-02  0.343793300122E-01  0.000000000000E+00  0.393942815837E-03  0.101414273252E-02 -0.254281893712E-02  0.275617525202E-02
  0.343533188230E-01  0.000000000000E+00  0.389203162652E-03  0.100285398961E-02 -0.256760468675E-02  0.275287132747E-02  0.343793329176E-01
  0.000000000000E+00  0.398222698561E-03  0.101464861590E-02 -0.254281717270E-02  0.277153869014E-02  0.342584652488E-01  0.000000000000E+00
  0.382383831395E-03 -0.251634954042E-02  0.266487223363E-02  0.353938386945E-01  0.000000000000E+00 -0.231132785702E-02  0.000000000000E+00
  0.715647386974E+00  0.717469607852E+00  0.715615633861E+00  0.718899115205E+00  0.755508709604E+00  0.717405170154E+00  0.715637749309E+00
  0.732942428291E+00  0.718662793585E+00  0.753372853229E+00  0.100207844716E+01  0.717442488717E+00  0.715616895316E+00  0.732418763905E+00
  0.718731153753E+00  0.753412751383E+00  0.100332372018E+01  0.717407102971E+00  0.715637748566E+00  0.732538172737E+00  0.718660003287E+00
  0.753207435194E+00  0.100371586906E+01  0.717442487857E+00  0.715615631690E+00  0.732430739841E+00  0.718731151640E+00  0.753412766226E+00
  0.100363522284E+01  0.717405170482E+00  0.715647385549E+00  0.732538171714E+00  0.718662790388E+00  0.753372899073E+00  0.100371587288E+01
  0.717469608951E+00  0.732418785835E+00  0.718899106292E+00  0.755508789500E+00  0.100332376431E+01  0.732942444842E+00  0.100207857987E+01
  0.498185656305E+00  0.496846257964E+00  0.498220577976E+00  0.495793207908E+00  0.470010239573E+00  0.496913939407E+00  0.498198856848E+00
  0.477559861737E+00  0.496132240458E+00  0.471084906274E+00  0.000000000000E+00  0.496871749918E+00  0.498221763270E+00  0.478220336575E+00
  0.496056916989E+00  0.470884024621E+00  0.000000000000E+00  0.496914301873E+00  0.498198857135E+00  0.478075743791E+00  0.496142090994E+00
  0.471085216417E+00  0.000000000000E+00  0.496871750710E+00  0.498220579899E+00  0.478228594217E+00  0.496056918657E+00  0.470884020761E+00
  0.000000000000E+00  0.496913941920E+00  0.498185659131E+00  0.478075740081E+00  0.496132236259E+00  0.471084839572E+00  0.000000000000E+00
  0.496846262153E+00  0.478220326680E+00  0.495793190048E+00  0.470010131353E+00  0.000000000000E+00  0.477559880290E+00  0.000000000000E+00
  0.100059625613E+01  0.100111784661E+01  0.100058707141E+01  0.100282956427E+01  0.102830261209E+01  0.100108166193E+01  0.100059577870E+01
  0.100309567199E+01  0.100278475157E+01  0.102818171668E+01  0.104242640687E+01  0.100109655645E+01  0.100058753024E+01  0.100271181243E+01
  0.100281525863E+01  0.102824645978E+01  0.104242640687E+01  0.100108249817E+01  0.100059577843E+01  0.100274419087E+01  0.100278597330E+01
  0.102815078871E+01  0.104242640687E+01  0.100109655614E+01  0.100058707056E+01  0.100270663135E+01  0.100281525765E+01  0.102824646553E+01
  0.104242640687E+01  0.100108166246E+01  0.100059625527E+01  0.100274419069E+01  0.100278474700E+01  0.102818170436E+01  0.104242640687E+01
  0.100111784788E+01  0.100271182688E+01  0.100282955427E+01  0.102830258050E+01  0.104242640687E+01  0.100309569048E+01  0.104242640687E+01
         3         6         2         1
         6         9         4         2
         9        14         8         4
        14        10         5         8
        10        17        11         5
         7        12         6         3
        12        15         9         6
        15        20        14         9
        20        16        10        14
        16        23        17        10
        13        18        12         7
        18        21        15        12
        21        26        20        15
        26        22        16        20
        22        29        23        16
        19        24        18        13
        24        27        21        18
        27        32        26        21
        32        28        22        26
        28        35        29        22
        25        30        24        19
        30        33        27        24
        33        37        32        27
        37        34        28        32
        34        40        35        28
        31        36        30        25
        36        38        33        30
        38        41        37        33
        41        39        34        37
        39        42        40        34
zone t="boundary 2 bc-2", solutiontime= 0.4000000E+02, strandid=1002, i=51, j=80, f=feblock
  0.500000000000E+01  0.500000000000E+01  0.400000000000E+01  0.425172245441E+01  0.500000000000E+01  0.427741389634E+01  0.300000000000E+01
  0.341887665662E+01  0.368116975164E+01  0.500000000000E+01  0.430894944607E+01  0.352044655687E+01  0.200000000000E+01  0.259168638257E+01
  0.301798341022E+01  0.500000000000E+01  0.435643616790E+01  0.375117520592E+01  0.271663237208E+01  0.288980181581E+01  0.100000000000E+01
  0.191939879870E+01  0.130679496696E+01  0.219385942988E+01  0.500000000000E+01  0.441735041915E+01  0.373031592783E+01  0.208456665067E+01
  0.230848460393E+01  0.190054259015E+01  0.298584217914E+01  0.000000000000E+00  0.613733212775E+00  0.151350918120E+01  0.794128609067E+00
  0.144135983281E+01  0.400000000000E+01  0.132476136006E+01  0.200000000000E+01  0.164582171489E+01  0.102008138039E+01  0.300000000000E+01
  0.000000000000E+00  0.000000000000E+00  0.701034609231E+00  0.609175469936E+00  0.100000000000E+01  0.505577837730E+00  0.000000000000E+00
  0.000000000000E+00  0.000000000000E+00
 -0.500000000000E+01 -0.500000000000E+01 -0.500000000000E+01 -0.500000000000E+01 -0.500000000000E+01 -0.500000000000E+01 -0.500000000000E+01
 -0.500000000000E+01 -0.500000000000E+01 -0.500000000000E+01 -0.500000000000E+01 -0.500000000000E+01 -0.500000000000E+01 -0.500000000000E+01
 -0.500000000000E+01 -0.500000000000E+01 -0.500000000000E+01 -0.500000000000E+01 -0.500000000000E+01 -0.500000000000E+01 -0.500000000000E+01
 -0.500000000000E+01 -0.500000000000E+01 -0.500000000000E+01 -0.500000000000E+01 -0.500000000000E+01 -0.500000000000E+01 -0.500000000000E+01
 -0.500000000000E+01 -0.500000000000E+01 -0.500000000000E+01 -0.500000000000E+01 -0.500000000000E+01 -0.500000000000E+01 -0.500000000000E+01
 -0.500000000000E+01 -0.500000000000E+01 -0.500000000000E+01 -0.500000000000E+01 -0.500000000000E+01 -0.500000000000E+01 -0.500000000000E+01
 -0.500000000000E+01 -0.500000000000E+01 -0.500000000000E+01 -0.500000000000E+01 -0.500000000000E+01 -0.500000000000E+01 -0.500000000000E+01
 -0.500000000000E+01 -0.500000000000E+01
  0.250000000000E+01  0.150000000000E+01  0.250000000000E+01  0.168388151981E+01  0.500000000000E+00  0.784980628699E+00  0.250000000000E+01
  0.172616846193E+01  0.104016062853E+01 -0.500000000000E+00 -0.103062804534E+00  0.179404976675E+00  0.250000000000E+01  0.166729536217E+01
  0.923171218453E+00 -0.150000000000E+01 -0.102255113015E+01 -0.669125930414E+00  0.135977239814E+00 -0.856266143819E+00  0.250000000000E+01
  0.158034275708E+01  0.175813852804E+01  0.774089735567E+00 -0.250000000000E+01 -0.179804978092E+01 -0.146769777443E+01 -0.223755606368E+00
 -0.164420331359E+01 -0.108875578595E+01 -0.190240885061E+01  0.250000000000E+01  0.185787993997E+01  0.110883669208E+01  0.100177177909E+01
  0.349093656766E+00 -0.250000000000E+01 -0.526785284186E+00 -0.250000000000E+01 -0.183798308008E+01 -0.145695630084E+01 -0.250000000000E+01
  0.150000000000E+01  0.500000000000E+00  0.396172271494E-01 -0.788824871575E+00 -0.250000000000E+01 -0.198405114581E+01 -0.150000000000E+01
 -0.500000000000E+00 -0.250000000000E+01
  0.100106709065E+01  0.100104250384E+01  0.100010263484E+01  0.100053638835E+01  0.100993239621E+01  0.100107470923E+01  0.100039908988E+01
  0.999735122840E+00  0.100105793650E+01  0.101761461484E+01  0.100399750019E+01  0.994471887512E+00  0.100126484921E+01  0.100010678244E+01
  0.997764459361E+00  0.960095196289E+00  0.980838378994E+00  0.996378410087E+00  0.992866560024E+00  0.998663143632E+00  0.100187078756E+01
  0.100052321860E+01  0.100163975701E+01  0.100018132928E+01  0.746607514074E+00  0.967552701330E+00  0.953137469512E+00  0.995221152017E+00
  0.991350478689E+00  0.991477136335E+00  0.966994320274E+00  0.100130930382E+01  0.100202514835E+01  0.100081573446E+01  0.100277140802E+01
  0.100508170322E+01  0.928925536626E+00  0.997839769599E+00  0.928841008658E+00  0.953103296950E+00  0.103615981360E+01  0.935077501885E+00
  0.100333587564E+01  0.100361895451E+01  0.100720430982E+01  0.100123515964E+01  0.902783118119E+00  0.104957588788E+01  0.102860026354E+01
  0.102295267791E+01  0.134581204254E+01
  0.497877239555E+00  0.498271426821E+00  0.501505057740E+00  0.496967369815E+00  0.510500623891E+00  0.507454771207E+00  0.501847026904E+00
  0.499613122705E+00  0.501245965887E+00  0.519093204871E+00  0.550987388414E+00  0.541080412292E+00  0.500078941348E+00  0.500626876577E+00
  0.504587348503E+00  0.488833349004E+00  0.557091244082E+00  0.578935997811E+00  0.531880714743E+00  0.576388155757E+00  0.498076186359E+00
  0.499443350332E+00  0.498832553818E+00  0.503490876308E+00  0.000000000000E+00  0.417153349336E+00  0.481198659681E+00  0.542838949388E+00
  0.426091128887E+00  0.583066844031E+00  0.325338703995E+00  0.498333126956E+00  0.498216500281E+00  0.498332877635E+00  0.496487391042E+00
  0.498033765001E+00  0.000000000000E+00  0.535737589582E+00  0.000000000000E+00  0.386598937586E+00  0.536078984412E+00  0.000000000000E+00
  0.497123736799E+00  0.496486979688E+00  0.492023085813E+00  0.505339883790E+00  0.000000000000E+00  0.430701029173E+00  0.475298968367E+00
  0.478292913229E+00  0.000000000000E+00
  0.000000000000E+00  0.000000000000E+00  0.000000000000E+00  0.000000000000E+00  0.000000000000E+00  0.000000000000E+00  0.000000000000E+00
  0.000000000000E+00  0.000000000000E+00  0.000000000000E+00  0.000000000000E+00  0.000000000000E+00  0.000000000000E+00  0.000000000000E+00
  0.000000000000E+00  0.000000000000E+00  0.000000000000E+00  0.000000000000E+00  0.000000000000E+00  0.000000000000E+00  0.000000000000E+00
  0.000000000000E+00  0.000000000000E+00  0.000000000000E+00  0.000000000000E+00  0.000000000000E+00  0.000000000000E+00  0.000000000000E+00
  0.000000000000E+00  0.000000000000E+00  0.000000000000E+00  0.000000000000E+00  0.000000000000E+00  0.000000000000E+00  0.000000000000E+00
  0.000000000000E+00  0.000000000000E+00  0.000000000000E+00  0.000000000000E+00  0.000000000000E+00  0.000000000000E+00  0.000000000000E+00
  0.000000000000E+00  0.000000000000E+00  0.000000000000E+00  0.000000000000E+00  0.000000000000E+00  0.000000000000E+00  0.000000000000E+00
  0.000000000000E+00  0.000000000000E+00
 -0.214011239946E-03  0.366535546736E-02  0.231327419838E-03 -0.105154647169E-02  0.180674880458E-02 -0.140791393734E-02  0.444202134603E-04
 -0.802214199542E-03 -0.329222125822E-02 -0.456464529421E-01 -0.944985505558E-02  0.183237650910E-02  0.116231040134E-02  0.928710248687E-03
 -0.936551352411E-03 -0.110581274574E+00 -0.319587145497E-01 -0.902163305416E-02  0.723039616730E-02  0.141989955627E-01  0.154762342589E-02
  0.242280669800E-02  0.264619543531E-02  0.484806100491E-02  0.000000000000E+00 -0.598828516191E-01  0.589055026074E-02  0.195707407582E-01
  0.327229659392E-02  0.339288532189E-01  0.388209716778E-02  0.101464861590E-02  0.208500409203E-02  0.339323350880E-02  0.251621493866E-02
  0.708090733573E-02  0.000000000000E+00  0.365676876377E-01  0.000000000000E+00 -0.256746085109E-02  0.651945297868E-01  0.000000000000E+00
  0.382383831395E-03  0.266487223363E-02  0.333932600227E-02  0.249686771637E-01  0.000000000000E+00  0.141964519223E+00  0.353938386945E-01
 -0.231132785702E-02  0.000000000000E+00
  0.715162765920E+00  0.715703266962E+00  0.714455581815E+00  0.714611934668E+00  0.723845272290E+00  0.716451143413E+00  0.714524903431E+00
  0.714064711863E+00  0.715315157000E+00  0.729054593879E+00  0.715439953320E+00  0.709319111947E+00  0.715438551555E+00  0.714404551267E+00
  0.712229627845E+00  0.675914067608E+00  0.693032514518E+00  0.704454131036E+00  0.709527381753E+00  0.705777402895E+00  0.716121556273E+00
  0.715354004248E+00  0.715865006998E+00  0.713561963251E+00  0.555916705885E+00  0.685123086182E+00  0.675255433250E+00  0.711767885898E+00
  0.707485822880E+00  0.697301493613E+00  0.699084286508E+00  0.715647385549E+00  0.716186324786E+00  0.715525994928E+00  0.717562162236E+00
  0.718035421200E+00  0.691668935283E+00  0.716078979583E+00  0.691605996579E+00  0.679838426331E+00  0.735176726617E+00  0.696249628883E+00
  0.717469608951E+00  0.718899106292E+00  0.719058011612E+00  0.725489095447E+00  0.672203544289E+00  0.725669968993E+00  0.755508789500E+00
  0.732942444842E+00  0.100207857987E+01
  0.497837308268E+00  0.498050608259E+00  0.501471221351E+00  0.496988272056E+00  0.509633842607E+00  0.506961464438E+00  0.501863138798E+00
  0.499624893029E+00  0.501160844941E+00  0.520314122945E+00  0.551723173708E+00  0.541471632802E+00  0.499993130409E+00  0.500612824221E+00
  0.504750879902E+00  0.504830201667E+00  0.561044991813E+00  0.581975973029E+00  0.531803525606E+00  0.579640074364E+00  0.497904831053E+00
  0.499206701528E+00  0.498697384827E+00  0.503815175788E+00  0.000000000000E+00  0.423266589911E+00  0.483210826713E+00  0.542849759558E+00
  0.426290859777E+00  0.588598872380E+00  0.323407302446E+00  0.498185659131E+00  0.498062897198E+00  0.498115372553E+00  0.496044900476E+00
  0.498042505473E+00  0.000000000000E+00  0.535731741327E+00  0.000000000000E+00  0.386877388042E+00  0.541839081056E+00  0.000000000000E+00
  0.496846262153E+00  0.495793190048E+00  0.492162236884E+00  0.502344484918E+00  0.000000000000E+00  0.460941059303E+00  0.470010131353E+00
  0.477559880290E+00  0.000000000000E+00
  0.100016061025E+01  0.100094108882E+01  0.100013516583E+01  0.999920362907E+00  0.100341704554E+01  0.100195479072E+01  0.999935800546E+00
  0.999955461971E+00  0.100038287824E+01  0.100300881743E+01  0.997627916864E+00  0.998566947136E+00  0.100034868194E+01  0.100005958297E+01
  0.999355578992E+00  0.985610279386E+00  0.989200199649E+00  0.989820507415E+00  0.100047516398E+01  0.989411064534E+00  0.100069808525E+01
  0.100097187884E+01  0.100057031761E+01  0.998805635842E+00  0.104242640687E+01  0.991338579632E+00  0.991837627614E+00  0.100125990915E+01
  0.999122079754E+00  0.984613820412E+00  0.101212383630E+01  0.100059625527E+01  0.100063442155E+01  0.100091990803E+01  0.100181060119E+01
  0.100016703763E+01  0.104242640687E+01  0.100468091367E+01  0.104242640687E+01  0.998605082901E+00  0.993328831861E+00  0.104242640687E+01
  0.100111784788E+01  0.100282955427E+01  0.999480648009E+00  0.101443174847E+01  0.104242640687E+01  0.967950929818E+00  0.102830258050E+01
  0.100309569048E+01  0.104242640687E+01
        28        24        19        19
        19        24        15        15
        19        15        12        12
        22        13        14        14
        13        22        23        23
        31        27        37        37
        31        29        20        20
        35        34        36        36
        34        23        22        22
         8         9        15        15
         9         6        12        12
        20        18        27        27
        27        18        17        17
        38        45        36        36
        38        30        41        41
        28        19        20        20
        30        40        41        41
        40        39        47        47
        11        10        17        17
        10        11         5         5
         8        14         7         7
        14        24        22        22
        45        46        50        50
        46        41        49        49
        41        46        38        38
        29        39        40        40
        36        24        28        28
        36        45        35        35
        20        29        30        30
        11        18        12        12
        15        24        14        14
        12        20        19        19
        12        18        20        20
        31        20        27        27
         9        12        15        15
         9         4         6         6
        24        36        34        34
        35        23        34        34
        38        36        28        28
        41        47        48        48
        29        40        30        30
        49        50        46        46
        46        45        38        38
        25        26        16        16
        26        37        27        27
        32        33        43        43
        33        21        23        23
        51        48        47        47
         1         4         3         3
         4         2         6         6
         6         5        11        11
        35        43        33        33
        43        35        44        44
         8         3         4         4
         3         8         7         7
        31        37        42        42
        17        16        26        26
        16        17        10        10
        34        22        24        24
        47        41        40        40
        15        14         8         8
        20        30        28        28
        11        17        18        18
        39        31        42        42
         4         9         8         8
        33        23        35        35
        28        30        38        38
        17        26        27        27
        41        48        49        49
        35        45        44        44
        39        29        31        31
        45        50        44        44
        21        13        23        23
        13         7        14        14
         2         5         6         6
         6        11        12        12
        25        37        26        26
        51        49        48        48
        32        21        33        33
         1         2         4         4
zone t="boundary 3 bc-3", solutiontime= 0.4000000E+02, strandid=1003, i=51, j=80, f=feblock
  0.500000000000E+01  0.500000000000E+01  0.400000000000E+01  0.425172245441E+01  0.500000000000E+01  0.427741389634E+01  0.300000000000E+01
  0.341887665662E+01  0.368116975164E+01  0.500000000000E+01  0.430894944607E+01  0.352044655687E+01  0.200000000000E+01  0.259168638257E+01
  0.301798341022E+01  0.500000000000E+01  0.435643616790E+01  0.375117520592E+01  0.271663237208E+01  0.288980181581E+01  0.100000000000E+01
  0.191939879870E+01  0.130679496696E+01  0.219385942988E+01  0.500000000000E+01  0.441735041915E+01  0.373031592783E+01  0.208456665067E+01
  0.230848460393E+01  0.190054259015E+01  0.298584217914E+01  0.000000000000E+00  0.613733212775E+00  0.151350918120E+01  0.794128609067E+00
  0.144135983281E+01  0.400000000000E+01  0.132476136006E+01  0.200000000000E+01  0.164582171489E+01  0.102008138039E+01  0.300000000000E+01
  0.000000000000E+00  0.000000000000E+00  0.701034609231E+00  0.609175469936E+00  0.100000000000E+01  0.505577837730E+00  0.000000000000E+00
  0.000000000000E+00  0.000000000000E+00
  0.000000000000E+00  0.000000000000E+00  0.000000000000E+00  0.000000000000E+00  0.000000000000E+00  0.000000000000E+00  0.000000000000E+00
  0.000000000000E+00  0.000000000000E+00  0.000000000000E+00  0.000000000000E+00  0.000000000000E+00  0.000000000000E+00  0.000000000000E+00
  0.000000000000E+00  0.000000000000E+00  0.000000000000E+00  0.000000000000E+00  0.000000000000E+00  0.000000000000E+00  0.000000000000E+00
  0.000000000000E+00  0.000000000000E+00  0.000000000000E+00  0.000000000000E+00  0.000000000000E+00  0.000000000000E+00  0.000000000000E+00
  0.000000000000E+00  0.000000000000E+00  0.000000000000E+00  0.000000000000E+00  0.000000000000E+00  0.000000000000E+00  0.000000000000E+00
  0.000000000000E+00  0.000000000000E+00  0.000000000000E+00  0.000000000000E+00  0.000000000000E+00  0.000000000000E+00  0.000000000000E+00
  0.000000000000E+00  0.000000000000E+00  0.000000000000E+00  0.000000000000E+00  0.000000000000E+00  0.000000000000E+00  0.000000000000E+00
  0.000000000000E+00  0.000000000000E+00
  0.250000000000E+01  0.150000000000E+01  0.250000000000E+01  0.168388151981E+01  0.500000000000E+00  0.784980628699E+00  0.250000000000E+01
  0.172616846193E+01  0.104016062853E+01 -0.500000000000E+00 -0.103062804534E+00  0.179404976675E+00  0.250000000000E+01  0.166729536217E+01
  0.923171218453E+00 -0.150000000000E+01 -0.102255113015E+01 -0.669125930414E+00  0.135977239814E+00 -0.856266143819E+00  0.250000000000E+01
  0.158034275708E+01  0.175813852804E+01  0.774089735567E+00 -0.250000000000E+01 -0.179804978092E+01 -0.146769777443E+01 -0.223755606368E+00
 -0.164420331359E+01 -0.108875578595E+01 -0.190240885061E+01  0.250000000000E+01  0.185787993997E+01  0.110883669208E+01  0.100177177909E+01
  0.349093656766E+00 -0.250000000000E+01 -0.526785284186E+00 -0.250000000000E+01 -0.183798308008E+01 -0.145695630084E+01 -0.250000000000E+01
  0.150000000000E+01  0.500000000000E+00  0.396172271494E-01 -0.788824871575E+00 -0.250000000000E+01 -0.198405114581E+01 -0.150000000000E+01
 -0.500000000000E+00 -0.250000000000E+01
  0.100106708119E+01  0.100104249636E+01  0.100010263171E+01  0.100053638000E+01  0.100993240410E+01  0.100107472655E+01  0.100039908846E+01
  0.999735114770E+00  0.100105793129E+01  0.101761471274E+01  0.100399754187E+01  0.994471893352E+00  0.100126485821E+01  0.100010678045E+01
  0.997764436935E+00  0.960095334342E+00  0.980838508584E+00  0.996378498956E+00  0.992866570817E+00  0.998663215629E+00  0.100187078950E+01
  0.100052322343E+01  0.100163976251E+01  0.100018134683E+01  0.746607241998E+00  0.967552720337E+00  0.953137590673E+00  0.995221180515E+00
  0.991350497155E+00  0.991477200280E+00  0.966994339785E+00  0.100130930495E+01  0.100202514947E+01  0.100081573898E+01  0.100277140881E+01
  0.100508171444E+01  0.928925383570E+00  0.997839788937E+00  0.928840892214E+00  0.953103335681E+00  0.103615988330E+01  0.935077455907E+00
  0.100333587539E+01  0.100361895695E+01  0.100720431746E+01  0.100123513646E+01  0.902783051252E+00  0.104957604519E+01  0.102860012317E+01
  0.102295267367E+01  0.134581186429E+01
  0.497877238829E+00  0.498271410833E+00  0.501505065986E+00  0.496967352836E+00  0.510500541442E+00  0.507454679686E+00  0.501847028423E+00
  0.499613137172E+00  0.501245896200E+00  0.519093192720E+00  0.550987292196E+00  0.541080316718E+00  0.500078926640E+00  0.500626874957E+00
  0.504587269956E+00  0.488833260186E+00  0.557091386518E+00  0.578935868157E+00  0.531880519774E+00  0.576388193293E+00  0.498076181131E+00
  0.499443335406E+00  0.498832540891E+00  0.503490808599E+00  0.000000000000E+00  0.417153367058E+00  0.481198831711E+00  0.542838815156E+00
  0.426091338122E+00  0.583066862198E+00  0.325338899667E+00  0.498333124348E+00  0.498216496591E+00  0.498332868369E+00  0.496487399603E+00
  0.498033679035E+00  0.000000000000E+00  0.535737473436E+00  0.000000000000E+00  0.386599262009E+00  0.536079103834E+00  0.000000000000E+00
  0.497123732290E+00  0.496487000051E+00  0.492023014608E+00  0.505339878407E+00  0.000000000000E+00  0.430701116756E+00  0.475299093429E+00
  0.478292890268E+00  0.000000000000E+00
  0.000000000000E+00  0.000000000000E+00  0.000000000000E+00  0.000000000000E+00  0.000000000000E+00  0.000000000000E+00  0.000000000000E+00
  0.000000000000E+00  0.000000000000E+00  0.000000000000E+00  0.000000000000E+00  0.000000000000E+00  0.000000000000E+00  0.000000000000E+00
  0.000000000000E+00  0.000000000000E+00  0.000000000000E+00  0.000000000000E+00  0.000000000000E+00  0.000000000000E+00  0.000000000000E+00
  0.000000000000E+00  0.000000000000E+00  0.000000000000E+00  0.000000000000E+00  0.000000000000E+00  0.000000000000E+00  0.000000000000E+00
  0.000000000000E+00  0.000000000000E+00  0.000000000000E+00  0.000000000000E+00  0.000000000000E+00  0.000000000000E+00  0.000000000000E+00
  0.000000000000E+00  0.000000000000E+00  0.000000000000E+00  0.000000000000E+00  0.000000000000E+00  0.000000000000E+00  0.000000000000E+00
  0.000000000000E+00  0.000000000000E+00  0.000000000000E+00  0.000000000000E+00  0.000000000000E+00  0.000000000000E+00  0.000000000000E+00
  0.000000000000E+00  0.000000000000E+00
 -0.214007290514E-03  0.366536090190E-02  0.231327557462E-03 -0.105154630093E-02  0.180682788715E-02 -0.140792069119E-02  0.444204404694E-04
 -0.802227614205E-03 -0.329223614110E-02 -0.456462996674E-01 -0.944985943224E-02  0.183237064767E-02  0.116230483000E-02  0.928735962149E-03
 -0.936526912407E-03 -0.110581276941E+00 -0.319584093661E-01 -0.902179279663E-02  0.723036946937E-02  0.141990366615E-01  0.154762724712E-02
  0.242281648810E-02  0.264619603351E-02  0.484808980551E-02  0.000000000000E+00 -0.598826267781E-01  0.589056085674E-02  0.195707418266E-01
  0.327253749746E-02  0.339288655527E-01  0.388207267134E-02  0.101464669056E-02  0.208500712527E-02  0.339321661739E-02  0.251621560425E-02
  0.708086712996E-02  0.000000000000E+00  0.365675865931E-01  0.000000000000E+00 -0.256757828380E-02  0.651944404870E-01  0.000000000000E+00
  0.382382297678E-03  0.266487191577E-02  0.333930400871E-02  0.249685137898E-01  0.000000000000E+00  0.141964569923E+00  0.353937356062E-01
 -0.231132151670E-02  0.000000000000E+00
  0.715162757708E+00  0.715703256945E+00  0.714455578546E+00  0.714611926672E+00  0.723845286689E+00  0.716451155678E+00  0.714524901306E+00
  0.714064703084E+00  0.715315152538E+00  0.729054681164E+00  0.715440012600E+00  0.709319114511E+00  0.715438558146E+00  0.714404551089E+00
  0.712229601378E+00  0.675914154212E+00  0.693032595804E+00  0.704454236280E+00  0.709527401692E+00  0.705777469747E+00  0.716121558668E+00
  0.715354014257E+00  0.715865011797E+00  0.713561973898E+00  0.555916503300E+00  0.685123043532E+00  0.675255453276E+00  0.711767916345E+00
  0.707485803656E+00  0.697301542677E+00  0.699084231775E+00  0.715647386974E+00  0.716186325321E+00  0.715526003764E+00  0.717562165260E+00
  0.718035421946E+00  0.691668821319E+00  0.716079013662E+00  0.691605909876E+00  0.679838375780E+00  0.735176764729E+00  0.696249594648E+00
  0.717469607852E+00  0.718899115205E+00  0.719058005174E+00  0.725489093779E+00  0.672203494500E+00  0.725669933406E+00  0.755508709604E+00
  0.732942428291E+00  0.100207844716E+01
  0.497837308047E+00  0.498050593943E+00  0.501471229959E+00  0.496988255783E+00  0.509633757500E+00  0.506961373070E+00  0.501863140707E+00
  0.499624908572E+00  0.501160775624E+00  0.520314091333E+00  0.551723066060E+00  0.541471537752E+00  0.499993115635E+00  0.500612822214E+00
  0.504750804990E+00  0.504830118888E+00  0.561045121377E+00  0.581975827707E+00  0.531803325757E+00  0.579640106548E+00  0.497904825486E+00
  0.499206684370E+00  0.498697371605E+00  0.503815108981E+00  0.000000000000E+00  0.423266592774E+00  0.483211023114E+00  0.542849621697E+00
  0.426291080711E+00  0.588598889654E+00  0.323407512561E+00  0.498185656305E+00  0.498062893615E+00  0.498115361225E+00  0.496044908181E+00
  0.498042421474E+00  0.000000000000E+00  0.535731611300E+00  0.000000000000E+00  0.386877735709E+00  0.541839193366E+00  0.000000000000E+00
  0.496846257964E+00  0.495793207908E+00  0.492162169584E+00  0.502344466338E+00  0.000000000000E+00  0.460941205826E+00  0.470010239573E+00
  0.477559861737E+00  0.000000000000E+00
  0.100016060822E+01  0.100094108229E+01  0.100013516438E+01  0.999920360062E+00  0.100341705767E+01  0.100195479053E+01  0.999935798994E+00
  0.999955457749E+00  0.100038287721E+01  0.100300884102E+01  0.997627958107E+00  0.998566944882E+00  0.100034868216E+01  0.100005958471E+01
  0.999355564317E+00  0.985610263948E+00  0.989200184979E+00  0.989820567009E+00  0.100047518122E+01  0.989411086923E+00  0.100069808667E+01
  0.100097188801E+01  0.100057031882E+01  0.998805633218E+00  0.104242640687E+01  0.991338498446E+00  0.991837530948E+00  0.100125992331E+01
  0.999122033994E+00  0.984613826190E+00  0.101212373663E+01  0.100059625613E+01  0.100063442118E+01  0.100091991587E+01  0.100181060463E+01
  0.100016702749E+01  0.104242640687E+01  0.100468094201E+01  0.104242640687E+01  0.998604968066E+00  0.993328816532E+00  0.104242640687E+01
  0.100111784661E+01  0.100282956427E+01  0.999480631476E+00  0.101443176962E+01  0.104242640687E+01  0.967950737275E+00  0.102830261209E+01
  0.100309567199E+01  0.104242640687E+01
        19        24        28        28
        15        24        19        19
        12        15        19        19
        14        13        22        22
        23        22        13        13
        37        27        31        31
        20        29        31        31
        36        34        35        35
        22        23        34        34
        15         9         8         8
        12         6         9         9
        27        18        20        20
        17        18        27        27
        36        45        38        38
        41        30        38        38
        20        19        28        28
        41        40        30        30
        47        39        40        40
        17        10        11        11
         5        11        10        10
         7        14         8         8
        22        24        14        14
        50        46        45        45
        49        41        46        46
        38        46        41        41
        40        39        29        29
        28        24        36        36
        35        45        36        36
        30        29        20        20
        12        18        11        11
        14        24        15        15
        19        20        12        12
        20        18        12        12
        27        20        31        31
        15        12         9         9
         6         4         9         9
        34        36        24        24
        34        23        35        35
        28        36        38        38
        48        47        41        41
        30        40        29        29
        46        50        49        49
        38        45        46        46
        16        26        25        25
        27        37        26        26
        43        33        32        32
        23        21        33        33
        47        48        51        51
         3         4         1         1
         6         2         4         4
        11         5         6         6
        33        43        35        35
        44        35        43        43
         4         3         8         8
         7         8         3         3
        42        37        31        31
        26        16        17        17
        10        17        16        16
        24        22        34        34
        40        41        47        47
         8        14        15        15
        28        30        20        20
        18        17        11        11
        42        31        39        39
         8         9         4         4
        35        23        33        33
        38        30        28        28
        27        26        17        17
        49        48        41        41
        44        45        35        35
        31        29        39        39
        44        50        45        45
        23        13        21        21
        14         7        13        13
         6         5         2         2
        12        11         6         6
        26        37        25        25
        48        49        51        51
        33        21        32        32
         4         2         1         1
zone t="boundary 4 bc-4", solutiontime= 0.4000000E+02, strandid=1004, i=42, j=30, f=feblock
  0.500000000000E+01  0.400000000000E+01  0.500000000000E+01  0.300000000000E+01  0.400000000000E+01  0.500000000000E+01  0.200000000000E+01
  0.300000000000E+01  0.400000000000E+01  0.500000000000E+01  0.100000000000E+01  0.200000000000E+01  0.300000000000E+01  0.400000000000E+01
  0.500000000000E+01  0.000000000000E+00  0.100000000000E+01  0.200000000000E+01  0.300000000000E+01  0.400000000000E+01  0.500000000000E+01
  0.000000000000E+00  0.100000000000E+01  0.200000000000E+01  0.300000000000E+01  0.400000000000E+01  0.500000000000E+01  0.000000000000E+00
  0.100000000000E+01  0.200000000000E+01  0.300000000000E+01  0.400000000000E+01  0.000000000000E+00  0.100000000000E+01  0.200000000000E+01
  0.300000000000E+01  0.000000000000E+00  0.100000000000E+01  0.200000000000E+01  0.000000000000E+00  0.100000000000E+01  0.000000000000E+00
  0.000000000000E+00  0.000000000000E+00 -0.833333333333E+00  0.000000000000E+00 -0.833333333333E+00 -0.166666666667E+01  0.000000000000E+00
 -0.833333333333E+00 -0.166666666667E+01 -0.250000000000E+01  0.000000000000E+00 -0.833333333333E+00 -0.166666666667E+01 -0.250000000000E+01
 -0.333333333333E+01  0.000000000000E+00 -0.833333333333E+00 -0.166666666667E+01 -0.250000000000E+01 -0.333333333333E+01 -0.416666666667E+01
 -0.833333333333E+00 -0.166666666667E+01 -0.250000000000E+01 -0.333333333333E+01 -0.416666666667E+01 -0.500000000000E+01 -0.166666666667E+01
 -0.250000000000E+01 -0.333333333333E+01 -0.416666666667E+01 -0.500000000000E+01 -0.250000000000E+01 -0.333333333333E+01 -0.416666666667E+01
 -0.500000000000E+01 -0.333333333333E+01 -0.416666666667E+01 -0.500000000000E+01 -0.416666666667E+01 -0.500000000000E+01 -0.500000000000E+01
  0.250000000000E+01  0.250000000000E+01  0.250000000000E+01  0.250000000000E+01  0.250000000000E+01  0.250000000000E+01  0.250000000000E+01
  0.250000000000E+01  0.250000000000E+01  0.250000000000E+01  0.250000000000E+01  0.250000000000E+01  0.250000000000E+01  0.250000000000E+01
  0.250000000000E+01  0.250000000000E+01  0.250000000000E+01  0.250000000000E+01  0.250000000000E+01  0.250000000000E+01  0.250000000000E+01
  0.250000000000E+01  0.250000000000E+01  0.250000000000E+01  0.250000000000E+01  0.250000000000E+01  0.250000000000E+01  0.250000000000E+01
  0.250000000000E+01  0.250000000000E+01  0.250000000000E+01  0.250000000000E+01  0.250000000000E+01  0.250000000000E+01  0.250000000000E+01
  0.250000000000E+01  0.250000000000E+01  0.250000000000E+01  0.250000000000E+01  0.250000000000E+01  0.250000000000E+01  0.250000000000E+01
  0.100106708119E+01  0.100010263171E+01  0.100102663404E+01  0.100039908846E+01  0.999998970283E+00  0.100105558042E+01  0.100126485821E+01
  0.100028742726E+01  0.100007294709E+01  0.100104813341E+01  0.100187078950E+01  0.100117180459E+01  0.100038832363E+01  0.100004308804E+01
  0.100105557947E+01  0.100130930495E+01  0.100180577911E+01  0.100124781499E+01  0.100033955345E+01  0.100007294714E+01  0.100102663618E+01
  0.100127406802E+01  0.100185574796E+01  0.100119335587E+01  0.100038832536E+01  0.999998968869E+00  0.100106709065E+01  0.100129629803E+01
  0.100181544080E+01  0.100124781445E+01  0.100028742752E+01  0.100010263484E+01  0.100127537388E+01  0.100185574734E+01  0.100117179973E+01
  0.100039908988E+01  0.100129629725E+01  0.100180577791E+01  0.100126484921E+01  0.100127406584E+01  0.100187078756E+01  0.100130930382E+01
  0.497877238829E+00  0.501505065986E+00  0.498042940126E+00  0.501847028423E+00  0.501922181971E+00  0.498012537437E+00  0.500078926640E+00
  0.502199465063E+00  0.501796901037E+00  0.498013983226E+00  0.498076181131E+00  0.500250284277E+00  0.502036405033E+00  0.501850902106E+00
  0.498012533819E+00  0.498333124348E+00  0.498168445285E+00  0.500109704768E+00  0.502135497934E+00  0.501796894261E+00  0.498042941319E+00
  0.498365793033E+00  0.498089679276E+00  0.500212937955E+00  0.502036399975E+00  0.501922182979E+00  0.497877239555E+00  0.498346210985E+00
  0.498156601109E+00  0.500109704345E+00  0.502199465048E+00  0.501505057740E+00  0.498367094583E+00  0.498089680449E+00  0.500250288834E+00
  0.501847026904E+00  0.498346211206E+00  0.498168448110E+00  0.500078941348E+00  0.498365794746E+00  0.498076186359E+00  0.498333126956E+00
  0.000000000000E+00  0.000000000000E+00 -0.437195728344E-04  0.000000000000E+00 -0.640975047036E-04  0.199456181528E-04  0.000000000000E+00
 -0.450700016782E-04  0.246281415331E-04 -0.456252124063E-08  0.000000000000E+00 -0.304070144855E-04  0.233738095649E-04 -0.245799898959E-08
 -0.199533409409E-04  0.000000000000E+00 -0.791515973530E-05  0.110913883914E-04 -0.164281935587E-08 -0.246349675061E-04  0.437105630291E-04
  0.913137055892E-06  0.560877178738E-05 -0.188664901128E-08 -0.233809029800E-04  0.640906048202E-04  0.000000000000E+00 -0.114680625514E-06
 -0.842553529526E-09 -0.110962504870E-04  0.450670224603E-04  0.000000000000E+00 -0.690462446133E-09 -0.560896754634E-05  0.304006400694E-04
  0.000000000000E+00  0.113819137062E-06  0.791293456952E-05  0.000000000000E+00 -0.914365934947E-06  0.000000000000E+00  0.000000000000E+00
 -0.214007290514E-03  0.231327557462E-03 -0.322656069450E-03  0.444204404694E-04  0.214820171630E-03 -0.265573149837E-03  0.116230483000E-02
  0.108121619235E-03  0.284904691425E-03 -0.283027901804E-03  0.154762724712E-02  0.102612422903E-02  0.329231461978E-03  0.261663120941E-03
 -0.265569939234E-03  0.101464669056E-02  0.147576367043E-02  0.112557127951E-02  0.300186199142E-03  0.284905929605E-03 -0.322660305037E-03
  0.100285390552E-02  0.152567126731E-02  0.107256048418E-02  0.329231814886E-03  0.214819903365E-03 -0.214011239946E-03  0.101414293608E-02
  0.148465311972E-02  0.112557031196E-02  0.108120529809E-03  0.231327419838E-03  0.100203960789E-02  0.152567031388E-02  0.102612617874E-02
  0.444202134603E-04  0.101414273252E-02  0.147576112833E-02  0.116231040134E-02  0.100285398961E-02  0.154762342589E-02  0.101464861590E-02
  0.715162757708E+00  0.714455578546E+00  0.715123221994E+00  0.714524901306E+00  0.714366600785E+00  0.715150130170E+00  0.715438558146E+00
  0.714406603614E+00  0.714434421069E+00  0.715142001483E+00  0.716121558668E+00  0.715332725728E+00  0.714504447305E+00  0.714405281159E+00
  0.715150129402E+00  0.715647386974E+00  0.716054217160E+00  0.715408978444E+00  0.714456384794E+00  0.714434421379E+00  0.715123223617E+00
  0.715615633861E+00  0.716104730078E+00  0.715354268505E+00  0.714504448897E+00  0.714366599876E+00  0.715162765920E+00  0.715637749309E+00
  0.716063989408E+00  0.715408977904E+00  0.714406604283E+00  0.714455581815E+00  0.715616895316E+00  0.716104729373E+00  0.715332721976E+00
  0.714524903431E+00  0.715637748566E+00  0.716054215527E+00  0.715438551555E+00  0.715615631690E+00  0.716121556273E+00  0.715647385549E+00
  0.497837308047E+00  0.501471229959E+00  0.498006761330E+00  0.501863140707E+00  0.501893556931E+00  0.497974156866E+00  0.499993115635E+00
  0.502229148348E+00  0.501763056321E+00  0.497976589606E+00  0.497904825486E+00  0.500177900046E+00  0.502057114747E+00  0.501819783134E+00
  0.497974153278E+00  0.498185656305E+00  0.498004097370E+00  0.500029885723E+00  0.502160842113E+00  0.501763049450E+00  0.498006762494E+00
  0.498220577976E+00  0.497920363933E+00  0.500138507795E+00  0.502057109563E+00  0.501893557903E+00  0.497837308268E+00  0.498198856848E+00
  0.497991286808E+00  0.500029885354E+00  0.502229148161E+00  0.501471221351E+00  0.498221763270E+00  0.497920365195E+00  0.500177904704E+00
  0.501863138798E+00  0.498198857135E+00  0.498004100456E+00  0.499993130409E+00  0.498220579899E+00  0.497904831053E+00  0.498185659131E+00
  0.100016060822E+01  0.100013516438E+01  0.100014572715E+01  0.999935798994E+00  0.100011427093E+01  0.100015443880E+01  0.100034868216E+01
  0.999881851754E+00  0.100013523254E+01  0.100015051091E+01  0.100069808667E+01  0.100029366731E+01  0.999917934464E+00  0.100012430023E+01
  0.100015443868E+01  0.100059625613E+01  0.100066891700E+01  0.100032435011E+01  0.999899419414E+00  0.100013523293E+01  0.100014572728E+01
  0.100058707141E+01  0.100068959444E+01  0.100030225933E+01  0.999917934966E+00  0.100011427107E+01  0.100016061025E+01  0.100059577870E+01
  0.100067292272E+01  0.100032434988E+01  0.999881852437E+00  0.100013516583E+01  0.100058753024E+01  0.100068959407E+01  0.100029366692E+01
  0.999935800546E+00  0.100059577843E+01  0.100066891592E+01  0.100034868194E+01  0.100058707056E+01  0.100069808525E+01  0.100059625527E+01
         3         5         2         1
         5         8         4         2
         8        12         7         4
        12        17        11         7
        17        22        16        11
         6         9         5         3
         9        13         8         5
        13        18        12         8
        18        23        17        12
        23        28        22        17
        10        14         9         6
        14        19        13         9
        19        24        18        13
        24        29        23        18
        29        33        28        23
        15        20        14        10
        20        25        19        14
        25        30        24        19
        30        34        29        24
        34        37        33        29
        21        26        20        15
        26        31        25        20
        31        35        30        25
        35        38        34        30
        38        40        37        34
        27        32        26        21
        32        36        31        26
        36        39        35        31
        39        41        38        35
        41        42        40        38
zone t="boundary 5 bc-5", solutiontime= 0.4000000E+02, strandid=1005, i=42, j=30, f=feblock
  0.500000000000E+01  0.500000000000E+01  0.500000000000E+01  0.500000000000E+01  0.500000000000E+01  0.500000000000E+01  0.500000000000E+01
  0.500000000000E+01  0.500000000000E+01  0.500000000000E+01  0.500000000000E+01  0.500000000000E+01  0.500000000000E+01  0.500000000000E+01
  0.500000000000E+01  0.500000000000E+01  0.500000000000E+01  0.500000000000E+01  0.500000000000E+01  0.500000000000E+01  0.500000000000E+01
  0.500000000000E+01  0.500000000000E+01  0.500000000000E+01  0.500000000000E+01  0.500000000000E+01  0.500000000000E+01  0.500000000000E+01
  0.500000000000E+01  0.500000000000E+01  0.500000000000E+01  0.500000000000E+01  0.500000000000E+01  0.500000000000E+01  0.500000000000E+01
  0.500000000000E+01  0.500000000000E+01  0.500000000000E+01  0.500000000000E+01  0.500000000000E+01  0.500000000000E+01  0.500000000000E+01
  0.000000000000E+00  0.000000000000E+00 -0.833333333333E+00  0.000000000000E+00 -0.833333333333E+00 -0.166666666667E+01  0.000000000000E+00
 -0.833333333333E+00 -0.166666666667E+01 -0.250000000000E+01  0.000000000000E+00 -0.833333333333E+00 -0.166666666667E+01 -0.250000000000E+01
 -0.333333333333E+01  0.000000000000E+00 -0.833333333333E+00 -0.166666666667E+01 -0.250000000000E+01 -0.333333333333E+01 -0.416666666667E+01
 -0.833333333333E+00 -0.166666666667E+01 -0.250000000000E+01 -0.333333333333E+01 -0.416666666667E+01 -0.500000000000E+01 -0.166666666667E+01
 -0.250000000000E+01 -0.333333333333E+01 -0.416666666667E+01 -0.500000000000E+01 -0.250000000000E+01 -0.333333333333E+01 -0.416666666667E+01
 -0.500000000000E+01 -0.333333333333E+01 -0.416666666667E+01 -0.500000000000E+01 -0.416666666667E+01 -0.500000000000E+01 -0.500000000000E+01
  0.250000000000E+01  0.150000000000E+01  0.250000000000E+01  0.500000000000E+00  0.150000000000E+01  0.250000000000E+01 -0.500000000000E+00
  0.500000000000E+00  0.150000000000E+01  0.250000000000E+01 -0.150000000000E+01 -0.500000000000E+00  0.500000000000E+00  0.150000000000E+01
  0.250000000000E+01 -0.250000000000E+01 -0.150000000000E+01 -0.500000000000E+00  0.500000000000E+00  0.150000000000E+01  0.250000000000E+01
 -0.250000000000E+01 -0.150000000000E+01 -0.500000000000E+00  0.500000000000E+00  0.150000000000E+01  0.250000000000E+01 -0.250000000000E+01
 -0.150000000000E+01 -0.500000000000E+00  0.500000000000E+00  0.150000000000E+01 -0.250000000000E+01 -0.150000000000E+01 -0.500000000000E+00
  0.500000000000E+00 -0.250000000000E+01 -0.150000000000E+01 -0.500000000000E+00 -0.250000000000E+01 -0.150000000000E+01 -0.250000000000E+01
  0.100106708119E+01  0.100104249636E+01  0.100102663404E+01  0.100993240410E+01  0.100094035769E+01  0.100105558042E+01  0.101761471274E+01
  0.100982793618E+01  0.100095555440E+01  0.100104813341E+01  0.960095334342E+00  0.101930840601E+01  0.100984213968E+01  0.100093756626E+01
  0.100105557947E+01  0.746607241998E+00  0.965788463976E+00  0.101929751787E+01  0.100983008421E+01  0.100095555589E+01  0.100102663618E+01
  0.747424000882E+00  0.965755282808E+00  0.101933790063E+01  0.100984213911E+01  0.100094035868E+01  0.100106709065E+01  0.747590899986E+00
  0.965978851819E+00  0.101929750795E+01  0.100982793066E+01  0.100104250384E+01  0.747594899713E+00  0.965755272476E+00  0.101930837326E+01
  0.100993239621E+01  0.747590911311E+00  0.965788401471E+00  0.101761461484E+01  0.747424112371E+00  0.960095196289E+00  0.746607514074E+00
  0.497877238829E+00  0.498271410833E+00  0.498042940126E+00  0.510500541442E+00  0.497988794749E+00  0.498012537437E+00  0.519093192720E+00
  0.510101012532E+00  0.497995599469E+00  0.498013983226E+00  0.488833260186E+00  0.520501480061E+00  0.510160910818E+00  0.497986045699E+00
  0.498012533819E+00  0.000000000000E+00  0.492235885518E+00  0.520686741414E+00  0.510115322806E+00  0.497995598682E+00  0.498042941319E+00
  0.000000000000E+00  0.492396456547E+00  0.520499244790E+00  0.510160919679E+00  0.497988793810E+00  0.497877239555E+00  0.000000000000E+00
  0.492109659547E+00  0.520686759171E+00  0.510101018072E+00  0.498271426821E+00  0.000000000000E+00  0.492396456717E+00  0.520501448692E+00
  0.510500623891E+00  0.000000000000E+00  0.492235956439E+00  0.519093204871E+00  0.000000000000E+00  0.488833349004E+00  0.000000000000E+00
  0.000000000000E+00  0.000000000000E+00 -0.437195728344E-04  0.000000000000E+00 -0.844790241506E-04  0.199456181528E-04  0.000000000000E+00
  0.501921256100E-04  0.146405745571E-04 -0.456252124063E-08  0.000000000000E+00  0.111405819059E-02  0.259210893376E-04 -0.167809502215E-08
 -0.199533409409E-04  0.000000000000E+00  0.283715697282E-02  0.187334090049E-03 -0.145254394563E-08 -0.146415126110E-04  0.437105630291E-04
  0.000000000000E+00  0.563017746948E-03 -0.176041216766E-07 -0.259229585906E-04  0.844840783246E-04  0.000000000000E+00  0.000000000000E+00
 -0.183808672526E-07 -0.187380400889E-03 -0.501805922953E-04  0.000000000000E+00  0.000000000000E+00 -0.563077012699E-03 -0.111411104207E-02
  0.000000000000E+00  0.000000000000E+00 -0.283721875149E-02  0.000000000000E+00  0.000000000000E+00  0.000000000000E+00  0.000000000000E+00
 -0.214007290514E-03  0.366536090190E-02 -0.322656069450E-03  0.180682788715E-02  0.328966271010E-02 -0.265573149837E-03 -0.456462996674E-01
  0.215244798070E-02  0.344238878820E-02 -0.283027901804E-03 -0.110581276941E+00 -0.436077953356E-01  0.234553471567E-02  0.347327345195E-02
 -0.265569939234E-03  0.000000000000E+00 -0.108324732328E+00 -0.434289197712E-01  0.248762097382E-02  0.344238964702E-02 -0.322660305037E-03
  0.000000000000E+00 -0.108179484639E+00 -0.432551779139E-01  0.234552057244E-02  0.328965625898E-02 -0.214011239946E-03  0.000000000000E+00
 -0.108208364026E+00 -0.434289545358E-01  0.215243237164E-02  0.366535546736E-02  0.000000000000E+00 -0.108179517658E+00 -0.436077877014E-01
  0.180674880458E-02  0.000000000000E+00 -0.108324607835E+00 -0.456464529421E-01  0.000000000000E+00 -0.110581274574E+00  0.000000000000E+00
  0.715162757708E+00  0.715703256945E+00  0.715123221994E+00  0.723845286689E+00  0.715587438691E+00  0.715150130170E+00  0.729054681164E+00
  0.723858690023E+00  0.715606018101E+00  0.715142001483E+00  0.675914154212E+00  0.730627922136E+00  0.723875980096E+00  0.715589127950E+00
  0.715150129402E+00  0.555916503300E+00  0.679998043015E+00  0.730605319185E+00  0.723859651694E+00  0.715606019458E+00  0.715123223617E+00
  0.556524654035E+00  0.679937236815E+00  0.730648048453E+00  0.723875979669E+00  0.715587440840E+00  0.715162765920E+00  0.556648925487E+00
  0.680151601642E+00  0.730605309588E+00  0.723858681565E+00  0.715703266962E+00  0.556651903645E+00  0.679937228602E+00  0.730627891842E+00
  0.723845272290E+00  0.556648933919E+00  0.679998006041E+00  0.729054593879E+00  0.556524737048E+00  0.675914067608E+00  0.555916705885E+00
  0.497837308047E+00  0.498050593943E+00  0.498006761330E+00  0.509633757500E+00  0.497780386721E+00  0.497974156866E+00  0.520314091333E+00
  0.509205200504E+00  0.497785529801E+00  0.497976589606E+00  0.504830118888E+00  0.521413741999E+00  0.509263339797E+00  0.497777596324E+00
  0.497974153278E+00  0.000000000000E+00  0.507659943037E+00  0.521587291896E+00  0.509221207936E+00  0.497785528917E+00  0.498006762494E+00
  0.000000000000E+00  0.507792737122E+00  0.521381424620E+00  0.509263348583E+00  0.497780385240E+00  0.497837308268E+00  0.000000000000E+00
  0.507495272313E+00  0.521587313349E+00  0.509205207549E+00  0.498050608259E+00  0.000000000000E+00  0.507792744843E+00  0.521413712705E+00
  0.509633842607E+00  0.000000000000E+00  0.507659983574E+00  0.520314122945E+00  0.000000000000E+00  0.504830201667E+00  0.000000000000E+00
  0.100016060822E+01  0.100094108229E+01  0.100014572715E+01  0.100341705767E+01  0.100088122781E+01  0.100015443880E+01  0.100300884102E+01
  0.100353944442E+01  0.100089201856E+01  0.100015051091E+01  0.985610263948E+00  0.100350304674E+01  0.100354929975E+01  0.100088638183E+01
  0.100015443868E+01  0.104242640687E+01  0.985720264561E+00  0.100348272112E+01  0.100353864301E+01  0.100089201898E+01  0.100014572728E+01
  0.104242640687E+01  0.985665984424E+00  0.100350165260E+01  0.100354929973E+01  0.100088122982E+01  0.100016061025E+01  0.104242640687E+01
  0.985748539427E+00  0.100348271770E+01  0.100353943818E+01  0.100094108882E+01  0.104242640687E+01  0.985665983062E+00  0.100350303737E+01
  0.100341704554E+01  0.104242640687E+01  0.985720274759E+00  0.100300881743E+01  0.104242640687E+01  0.985610279386E+00  0.104242640687E+01
        22        17        11        16
        17        12         7        11
        12         8         4         7
         8         5         2         4
         5         3         1         2
        28        23        17        22
        23        18        12        17
        18        13         8        12
        13         9         5         8
         9         6         3         5
        33        29        23        28
        29        24        18        23
        24        19        13        18
        19        14         9        13
        14        10         6         9
        37        34        29        33
        34        30        24        29
        30        25        19        24
        25        20        14        19
        20        15        10        14
        40        38        34        37
        38        35        30        34
        35        31        25        30
        31        26        20        25
        26        21        15        20
        42        41        38        40
        41        39        35        38
        39        36        31        35
        36        32        26        31
        32        27        21        26
zone t="boundary 6 bc-6", solutiontime= 0.4000000E+02, strandid=1006, i=42, j=30, f=feblock
  0.500000000000E+01  0.500000000000E+01  0.400000000000E+01  0.200000000000E+01  0.300000000000E+01  0.500000000000E+01  0.400000000000E+01
  0.200000000000E+01  0.300000000000E+01  0.100000000000E+01  0.500000000000E+01  0.400000000000E+01  0.200000000000E+01  0.300000000000E+01
  0.100000000000E+01  0.000000000000E+00  0.500000000000E+01  0.400000000000E+01  0.200000000000E+01  0.300000000000E+01  0.100000000000E+01
  0.000000000000E+00  0.500000000000E+01  0.400000000000E+01  0.200000000000E+01  0.300000000000E+01  0.100000000000E+01  0.000000000000E+00
  0.500000000000E+01  0.400000000000E+01  0.200000000000E+01  0.300000000000E+01  0.100000000000E+01  0.000000000000E+00  0.400000000000E+01
  0.200000000000E+01  0.300000000000E+01  0.100000000000E+01  0.000000000000E+00  0.100000000000E+01  0.000000000000E+00  0.000000000000E+00
  0.000000000000E+00 -0.833333333333E+00  0.000000000000E+00  0.000000000000E+00  0.000000000000E+00 -0.166666666667E+01 -0.833333333333E+00
 -0.833333333333E+00 -0.833333333333E+00  0.000000000000E+00 -0.250000000000E+01 -0.166666666667E+01 -0.166666666667E+01 -0.166666666667E+01
 -0.833333333333E+00  0.000000000000E+00 -0.333333333333E+01 -0.250000000000E+01 -0.250000000000E+01 -0.250000000000E+01 -0.166666666667E+01
 -0.833333333333E+00 -0.416666666667E+01 -0.333333333333E+01 -0.333333333333E+01 -0.333333333333E+01 -0.250000000000E+01 -0.166666666667E+01
 -0.500000000000E+01 -0.416666666667E+01 -0.416666666667E+01 -0.416666666667E+01 -0.333333333333E+01 -0.250000000000E+01 -0.500000000000E+01
 -0.500000000000E+01 -0.500000000000E+01 -0.416666666667E+01 -0.333333333333E+01 -0.500000000000E+01 -0.416666666667E+01 -0.500000000000E+01
 -0.250000000000E+01 -0.250000000000E+01 -0.250000000000E+01 -0.250000000000E+01 -0.250000000000E+01 -0.250000000000E+01 -0.250000000000E+01
 -0.250000000000E+01 -0.250000000000E+01 -0.250000000000E+01 -0.250000000000E+01 -0.250000000000E+01 -0.250000000000E+01 -0.250000000000E+01
 -0.250000000000E+01 -0.250000000000E+01 -0.250000000000E+01 -0.250000000000E+01 -0.250000000000E+01 -0.250000000000E+01 -0.250000000000E+01
 -0.250000000000E+01 -0.250000000000E+01 -0.250000000000E+01 -0.250000000000E+01 -0.250000000000E+01 -0.250000000000E+01 -0.250000000000E+01
 -0.250000000000E+01 -0.250000000000E+01 -0.250000000000E+01 -0.250000000000E+01 -0.250000000000E+01 -0.250000000000E+01 -0.250000000000E+01
 -0.250000000000E+01 -0.250000000000E+01 -0.250000000000E+01 -0.250000000000E+01 -0.250000000000E+01 -0.250000000000E+01 -0.250000000000E+01
  0.746607241998E+00  0.747424000882E+00  0.928925383570E+00  0.928840892214E+00  0.935077455907E+00  0.747590899986E+00  0.929104593624E+00
  0.928570877451E+00  0.935921318886E+00  0.902783051252E+00  0.747594899713E+00  0.929195988798E+00  0.928766198138E+00  0.936212288601E+00
  0.900631245185E+00  0.134581186429E+01  0.747590911311E+00  0.929327222801E+00  0.928810189476E+00  0.936257276255E+00  0.900373054818E+00
  0.134748429145E+01  0.747424112371E+00  0.929195988729E+00  0.928766194408E+00  0.936212277674E+00  0.900339935301E+00  0.134801095542E+01
  0.746607514074E+00  0.929104667449E+00  0.928570931630E+00  0.935921335679E+00  0.900373057975E+00  0.134790264590E+01  0.928925536626E+00
  0.928841008658E+00  0.935077501885E+00  0.900631283766E+00  0.134801096055E+01  0.902783118119E+00  0.134748435072E+01  0.134581204254E+01
  0.000000000000E+00  0.000000000000E+00  0.000000000000E+00  0.000000000000E+00  0.000000000000E+00  0.000000000000E+00  0.000000000000E+00
  0.000000000000E+00  0.000000000000E+00  0.000000000000E+00  0.000000000000E+00  0.000000000000E+00  0.000000000000E+00  0.000000000000E+00
  0.000000000000E+00  0.000000000000E+00  0.000000000000E+00  0.000000000000E+00  0.000000000000E+00  0.000000000000E+00  0.000000000000E+00
  0.000000000000E+00  0.000000000000E+00  0.000000000000E+00  0.000000000000E+00  0.000000000000E+00  0.000000000000E+00  0.000000000000E+00
  0.000000000000E+00  0.000000000000E+00  0.000000000000E+00  0.000000000000E+00  0.000000000000E+00  0.000000000000E+00  0.000000000000E+00
  0.000000000000E+00  0.000000000000E+00  0.000000000000E+00  0.000000000000E+00  0.000000000000E+00  0.000000000000E+00  0.000000000000E+00
  0.000000000000E+00  0.000000000000E+00  0.000000000000E+00  0.000000000000E+00  0.000000000000E+00  0.000000000000E+00  0.000000000000E+00
  0.000000000000E+00  0.000000000000E+00  0.000000000000E+00  0.000000000000E+00  0.000000000000E+00  0.000000000000E+00  0.000000000000E+00
  0.000000000000E+00  0.000000000000E+00  0.000000000000E+00  0.000000000000E+00  0.000000000000E+00  0.000000000000E+00  0.000000000000E+00
  0.000000000000E+00  0.000000000000E+00  0.000000000000E+00  0.000000000000E+00  0.000000000000E+00  0.000000000000E+00  0.000000000000E+00
  0.000000000000E+00  0.000000000000E+00  0.000000000000E+00  0.000000000000E+00  0.000000000000E+00  0.000000000000E+00  0.000000000000E+00
  0.000000000000E+00  0.000000000000E+00  0.000000000000E+00  0.000000000000E+00  0.000000000000E+00  0.000000000000E+00  0.000000000000E+00
  0.000000000000E+00  0.000000000000E+00  0.000000000000E+00  0.000000000000E+00  0.000000000000E+00  0.000000000000E+00  0.000000000000E+00
  0.000000000000E+00  0.000000000000E+00  0.000000000000E+00  0.000000000000E+00  0.000000000000E+00  0.000000000000E+00  0.000000000000E+00
  0.000000000000E+00  0.000000000000E+00  0.000000000000E+00  0.000000000000E+00  0.000000000000E+00  0.000000000000E+00  0.000000000000E+00
  0.000000000000E+00  0.000000000000E+00  0.000000000000E+00  0.000000000000E+00  0.000000000000E+00  0.000000000000E+00  0.000000000000E+00
  0.000000000000E+00  0.000000000000E+00  0.000000000000E+00  0.000000000000E+00  0.000000000000E+00  0.000000000000E+00  0.000000000000E+00
  0.000000000000E+00  0.000000000000E+00  0.000000000000E+00  0.000000000000E+00  0.000000000000E+00  0.000000000000E+00  0.000000000000E+00
  0.555916503300E+00  0.556524654035E+00  0.691668821319E+00  0.691605909876E+00  0.696249594648E+00  0.556648925487E+00  0.691802259385E+00
  0.691404859505E+00  0.696877926829E+00  0.672203494500E+00  0.556651903645E+00  0.691870311344E+00  0.691550293392E+00  0.697094580053E+00
  0.670601280596E+00  0.100207844716E+01  0.556648933919E+00  0.691968026908E+00  0.691583048915E+00  0.697128077424E+00  0.670409034555E+00
  0.100332372018E+01  0.556524737048E+00  0.691870311292E+00  0.691550290614E+00  0.697094571917E+00  0.670384374085E+00  0.100371586906E+01
  0.555916705885E+00  0.691802314354E+00  0.691404899845E+00  0.696877939333E+00  0.670409036906E+00  0.100363522284E+01  0.691668935283E+00
  0.691605996579E+00  0.696249628883E+00  0.670601309323E+00  0.100371587288E+01  0.672203544289E+00  0.100332376431E+01  0.100207857987E+01
  0.000000000000E+00  0.000000000000E+00  0.000000000000E+00  0.000000000000E+00  0.000000000000E+00  0.000000000000E+00  0.000000000000E+00
  0.000000000000E+00  0.000000000000E+00  0.000000000000E+00  0.000000000000E+00  0.000000000000E+00  0.000000000000E+00  0.000000000000E+00
  0.000000000000E+00  0.000000000000E+00  0.000000000000E+00  0.000000000000E+00  0.000000000000E+00  0.000000000000E+00  0.000000000000E+00
  0.000000000000E+00  0.000000000000E+00  0.000000000000E+00  0.000000000000E+00  0.000000000000E+00  0.000000000000E+00  0.000000000000E+00
  0.000000000000E+00  0.000000000000E+00  0.000000000000E+00  0.000000000000E+00  0.000000000000E+00  0.000000000000E+00  0.000000000000E+00
  0.000000000000E+00  0.000000000000E+00  0.000000000000E+00  0.000000000000E+00  0.000000000000E+00  0.000000000000E+00  0.000000000000E+00
  0.104242640687E+01  0.104242640687E+01  0.104242640687E+01  0.104242640687E+01  0.104242640687E+01  0.104242640687E+01  0.104242640687E+01
  0.104242640687E+01  0.104242640687E+01  0.104242640687E+01  0.104242640687E+01  0.104242640687E+01  0.104242640687E+01  0.104242640687E+01
  0.104242640687E+01  0.104242640687E+01  0.104242640687E+01  0.104242640687E+01  0.104242640687E+01  0.104242640687E+01  0.104242640687E+01
  0.104242640687E+01  0.104242640687E+01  0.104242640687E+01  0.104242640687E+01  0.104242640687E+01  0.104242640687E+01  0.104242640687E+01
  0.104242640687E+01  0.104242640687E+01  0.104242640687E+01  0.104242640687E+01  0.104242640687E+01  0.104242640687E+01  0.104242640687E+01
  0.104242640687E+01  0.104242640687E+01  0.104242640687E+01  0.104242640687E+01  0.104242640687E+01  0.104242640687E+01  0.104242640687E+01
        22        15        10        16
        15         8         4        10
         8         9         5         4
         9         7         3         5
         7         2         1         3
        28        21        15        22
        21        13         8        15
        13        14         9         8
        14        12         7         9
        12         6         2         7
        34        27        21        28
        27        19        13        21
        19        20        14        13
        20        18        12        14
        18        11         6        12
        39        33        27        34
        33        25        19        27
        25        26        20        19
        26        24        18        20
        24        17        11        18
        41        38        33        39
        38        31        25        33
        31        32        26        25
        32        30        24        26
        30        23        17        24
        42        40        38        41
        40        36        31        38
        36        37        32        31
        37        35        30        32
        35        29        23        30
