title="tecplot geometry and solution file"
variables = x y z rho u v w p mach temperature
zone t="boundary 1 bc-1", solutiontime= 0.5000000E+02, strandid=1001, i=42, j=30, f=feblock
  0.000000000000E+00  0.000000000000E+00  0.000000000000E+00  0.000000000000E+00  0.000000000000E+00  0.000000000000E+00  0.000000000000E+00
  0.000000000000E+00  0.000000000000E+00  0.000000000000E+00  0.000000000000E+00  0.000000000000E+00  0.000000000000E+00  0.000000000000E+00
  0.000000000000E+00  0.000000000000E+00  0.000000000000E+00  0.000000000000E+00  0.000000000000E+00  0.000000000000E+00  0.000000000000E+00
  0.000000000000E+00  0.000000000000E+00  0.000000000000E+00  0.000000000000E+00  0.000000000000E+00  0.000000000000E+00  0.000000000000E+00
  0.000000000000E+00  0.000000000000E+00  0.000000000000E+00  0.000000000000E+00  0.000000000000E+00  0.000000000000E+00  0.000000000000E+00
  0.000000000000E+00  0.000000000000E+00  0.000000000000E+00  0.000000000000E+00  0.000000000000E+00  0.000000000000E+00  0.000000000000E+00
  0.000000000000E+00  0.000000000000E+00 -0.833333333333E+00  0.000000000000E+00  0.000000000000E+00 -0.833333333333E+00 -0.166666666667E+01
  0.000000000000E+00 -0.833333333333E+00 -0.833333333333E+00  0.000000000000E+00 -0.166666666667E+01 -0.250000000000E+01 -0.833333333333E+00
 -0.166666666667E+01 -0.166666666667E+01 -0.833333333333E+00 -0.250000000000E+01 -0.333333333333E+01 -0.166666666667E+01 -0.250000000000E+01
 -0.250000000000E+01 -0.166666666667E+01 -0.333333333333E+01 -0.416666666667E+01 -0.250000000000E+01 -0.333333333333E+01 -0.333333333333E+01
 -0.250000000000E+01 -0.416666666667E+01 -0.500000000000E+01 -0.333333333333E+01 -0.416666666667E+01 -0.416666666667E+01 -0.333333333333E+01
 -0.500000000000E+01 -0.416666666667E+01 -0.500000000000E+01 -0.500000000000E+01 -0.416666666667E+01 -0.500000000000E+01 -0.500000000000E+01
  0.250000000000E+01  0.150000000000E+01  0.250000000000E+01  0.500000000000E+00 -0.150000000000E+01  0.150000000000E+01  0.250000000000E+01
 -0.500000000000E+00  0.500000000000E+00 -0.150000000000E+01 -0.250000000000E+01  0.150000000000E+01  0.250000000000E+01 -0.500000000000E+00
  0.500000000000E+00 -0.150000000000E+01 -0.250000000000E+01  0.150000000000E+01  0.250000000000E+01 -0.500000000000E+00  0.500000000000E+00
 -0.150000000000E+01 -0.250000000000E+01  0.150000000000E+01  0.250000000000E+01 -0.500000000000E+00  0.500000000000E+00 -0.150000000000E+01
 -0.250000000000E+01  0.150000000000E+01  0.250000000000E+01 -0.500000000000E+00  0.500000000000E+00 -0.150000000000E+01 -0.250000000000E+01
  0.150000000000E+01 -0.500000000000E+00  0.500000000000E+00 -0.150000000000E+01 -0.250000000000E+01 -0.500000000000E+00 -0.250000000000E+01
  0.100130892641E+01  0.100333604757E+01  0.100127411081E+01  0.100361825621E+01  0.102859955221E+01  0.100328141334E+01  0.100129583119E+01
  0.102295216150E+01  0.100333226728E+01  0.102581121533E+01  0.134581058928E+01  0.100331908022E+01  0.100127534099E+01  0.102261065400E+01
  0.100339767852E+01  0.102580143880E+01  0.134748238063E+01  0.100328369628E+01  0.100129583042E+01  0.102274527850E+01  0.100332750136E+01
  0.102561730152E+01  0.134800931644E+01  0.100331907931E+01  0.100127410860E+01  0.102263341360E+01  0.100339767656E+01  0.102580145323E+01
  0.134790094028E+01  0.100328141332E+01  0.100130892524E+01  0.102274527727E+01  0.100333226736E+01  0.102581129007E+01  0.134800932158E+01
  0.100333604797E+01  0.102261066987E+01  0.100361825379E+01  0.102859969285E+01  0.134748243986E+01  0.102295216579E+01  0.134581076771E+01
  0.498332322671E+00  0.497124734773E+00  0.498365946628E+00  0.496488109778E+00  0.475299966903E+00  0.497183846876E+00  0.498345911252E+00
  0.478293503553E+00  0.496816495883E+00  0.476447454405E+00  0.000000000000E+00  0.497145226665E+00  0.498367060621E+00  0.478863818741E+00
  0.496748355451E+00  0.476250207849E+00  0.000000000000E+00  0.497184217297E+00  0.498345911516E+00  0.478725933661E+00  0.496826517580E+00
  0.476434402627E+00  0.000000000000E+00  0.497145227355E+00  0.498365948276E+00  0.478869984337E+00  0.496748356863E+00  0.476250205082E+00
  0.000000000000E+00  0.497183849555E+00  0.498332325023E+00  0.478725929906E+00  0.496816490546E+00  0.476447381532E+00  0.000000000000E+00
  0.497124739378E+00  0.478863812266E+00  0.496488089418E+00  0.475299841646E+00  0.000000000000E+00  0.478293526433E+00  0.000000000000E+00
  0.000000000000E+00  0.000000000000E+00  0.132138755166E-05  0.000000000000E+00  0.000000000000E+00  0.596496269630E-05 -0.199814789451E-06
  0.000000000000E+00 -0.472039981749E-04 -0.971295074936E-03  0.000000000000E+00  0.270461122609E-05 -0.661791997021E-09  0.659613199193E-04
 -0.899221113833E-05 -0.129236968784E-03  0.000000000000E+00 -0.475990241369E-12  0.198948101198E-06  0.749836403753E-04  0.215927838513E-09
  0.567721003418E-08  0.000000000000E+00 -0.270232759981E-05 -0.132258875320E-05 -0.476435257788E-08  0.899158629917E-05  0.129270155604E-03
  0.000000000000E+00 -0.596562740465E-05  0.000000000000E+00 -0.749886353107E-04  0.471997803254E-04  0.971355575699E-03  0.000000000000E+00
  0.000000000000E+00 -0.659678787424E-04  0.000000000000E+00  0.000000000000E+00  0.000000000000E+00  0.000000000000E+00  0.000000000000E+00
  0.101465526008E-02  0.382288371005E-03  0.100037152021E-02  0.266416387208E-02  0.353934697051E-01  0.397832368029E-03  0.101278475428E-02
 -0.231093924296E-02  0.277032312263E-02  0.342581356595E-01  0.000000000000E+00  0.389147488051E-03  0.100025486179E-02 -0.251626177014E-02
  0.275204655384E-02  0.343791504481E-01  0.000000000000E+00  0.393336395183E-03  0.101278458658E-02 -0.254255352664E-02  0.275470120009E-02
  0.343529167566E-01  0.000000000000E+00  0.389146284328E-03  0.100037155059E-02 -0.256760073770E-02  0.275204676939E-02  0.343791533667E-01
  0.000000000000E+00  0.397830216941E-03  0.101465727559E-02 -0.254255176074E-02  0.277032877801E-02  0.342581640191E-01  0.000000000000E+00
  0.382289807293E-03 -0.251626720392E-02  0.266416414251E-02  0.353935727262E-01  0.000000000000E+00 -0.231094563576E-02  0.000000000000E+00
  0.715646933741E+00  0.717469165533E+00  0.715615073546E+00  0.718898049636E+00  0.755507884188E+00  0.717404413480E+00  0.715636989835E+00
  0.732941436921E+00  0.718661256427E+00  0.753371457852E+00  0.100207749780E+01  0.717441967848E+00  0.715616429977E+00  0.732416836232E+00
  0.718729883223E+00  0.753411696949E+00  0.100332229740E+01  0.717406515150E+00  0.715636989114E+00  0.732536742645E+00  0.718658611802E+00
  0.753206291056E+00  0.100371464869E+01  0.717441966979E+00  0.715615071334E+00  0.732429122196E+00  0.718729881125E+00  0.753411711790E+00
  0.100363395286E+01  0.717404413861E+00  0.715646932277E+00  0.732536741633E+00  0.718661253215E+00  0.753371503700E+00  0.100371465252E+01
  0.717469166740E+00  0.732416858150E+00  0.718898040738E+00  0.755507964235E+00  0.100332234151E+01  0.732941453519E+00  0.100207763065E+01
  0.498184918473E+00  0.496847455599E+00  0.498220932232E+00  0.495794506614E+00  0.470011205395E+00  0.496915441789E+00  0.498198702662E+00
  0.477560675643E+00  0.496134030361E+00  0.471086661810E+00  0.000000000000E+00  0.496873157882E+00  0.498221879538E+00  0.478222497826E+00
  0.496058367661E+00  0.470885440177E+00  0.000000000000E+00  0.496915645892E+00  0.498198702986E+00  0.478077277446E+00  0.496143683521E+00
  0.471086677886E+00  0.000000000000E+00  0.496873158646E+00  0.498220934099E+00  0.478230233359E+00  0.496058369314E+00  0.470885436346E+00
  0.000000000000E+00  0.496915444330E+00  0.498184921045E+00  0.478077273729E+00  0.496134026190E+00  0.471086595082E+00  0.000000000000E+00
  0.496847459882E+00  0.478222487944E+00  0.495794488753E+00  0.470011096992E+00  0.000000000000E+00  0.477560694113E+00  0.000000000000E+00
  0.100059600070E+01  0.100111705762E+01  0.100058624521E+01  0.100282877803E+01  0.102830205943E+01  0.100108121761E+01  0.100059518332E+01
  0.100309481744E+01  0.100278421397E+01  0.102818142873E+01  0.104242640687E+01  0.100109603693E+01  0.100058691247E+01  0.100271160555E+01
  0.100281459491E+01  0.102824614573E+01  0.104242640687E+01  0.100108187238E+01  0.100059518308E+01  0.100274375376E+01  0.100278528712E+01
  0.102815036945E+01  0.104242640687E+01  0.100109603663E+01  0.100058624433E+01  0.100270610899E+01  0.100281459393E+01  0.102824615152E+01
  0.104242640687E+01  0.100108121816E+01  0.100059599983E+01  0.100274375358E+01  0.100278420941E+01  0.102818141639E+01  0.104242640687E+01
  0.100111705891E+01  0.100271161999E+01  0.100282876805E+01  0.102830202778E+01  0.104242640687E+01  0.100309483595E+01  0.104242640687E+01
         3         6         2         1
         6         9         4         2
         9        14         8         4
        14        10         5         8
        10        17        11         5
         7        12         6         3
        12        15         9         6
        15        20        14         9
        20        16        10        14
        16        23        17        10
        13        18        12         7
        18        21        15        12
        21        26        20        15
        26        22        16        20
        22        29        23        16
        19        24        18        13
        24        27        21        18
        27        32        26        21
        32        28        22        26
        28        35        29        22
        25        30        24        19
        30        33        27        24
        33        37        32        27
        37        34        28        32
        34        40        35        28
        31        36        30        25
        36        38        33        30
        38        41        37        33
        41        39        34        37
        39        42        40        34
zone t="boundary 2 bc-2", solutiontime= 0.5000000E+02, strandid=1002, i=51, j=80, f=feblock
  0.500000000000E+01  0.500000000000E+01  0.400000000000E+01  0.425172245441E+01  0.500000000000E+01  0.427741389634E+01  0.300000000000E+01
  0.341887665662E+01  0.368116975164E+01  0.500000000000E+01  0.430894944607E+01  0.352044655687E+01  0.200000000000E+01  0.259168638257E+01
  0.301798341022E+01  0.500000000000E+01  0.435643616790E+01  0.375117520592E+01  0.271663237208E+01  0.288980181581E+01  0.100000000000E+01
  0.191939879870E+01  0.130679496696E+01  0.219385942988E+01  0.500000000000E+01  0.441735041915E+01  0.373031592783E+01  0.208456665067E+01
  0.230848460393E+01  0.190054259015E+01  0.298584217914E+01  0.000000000000E+00  0.613733212775E+00  0.151350918120E+01  0.794128609067E+00
  0.144135983281E+01  0.400000000000E+01  0.132476136006E+01  0.200000000000E+01  0.164582171489E+01  0.102008138039E+01  0.300000000000E+01
  0.000000000000E+00  0.000000000000E+00  0.701034609231E+00  0.609175469936E+00  0.100000000000E+01  0.505577837730E+00  0.000000000000E+00
  0.000000000000E+00  0.000000000000E+00
 -0.500000000000E+01 -0.500000000000E+01 -0.500000000000E+01 -0.500000000000E+01 -0.500000000000E+01 -0.500000000000E+01 -0.500000000000E+01
 -0.500000000000E+01 -0.500000000000E+01 -0.500000000000E+01 -0.500000000000E+01 -0.500000000000E+01 -0.500000000000E+01 -0.500000000000E+01
 -0.500000000000E+01 -0.500000000000E+01 -0.500000000000E+01 -0.500000000000E+01 -0.500000000000E+01 -0.500000000000E+01 -0.500000000000E+01
 -0.500000000000E+01 -0.500000000000E+01 -0.500000000000E+01 -0.500000000000E+01 -0.500000000000E+01 -0.500000000000E+01 -0.500000000000E+01
 -0.500000000000E+01 -0.500000000000E+01 -0.500000000000E+01 -0.500000000000E+01 -0.500000000000E+01 -0.500000000000E+01 -0.500000000000E+01
 -0.500000000000E+01 -0.500000000000E+01 -0.500000000000E+01 -0.500000000000E+01 -0.500000000000E+01 -0.500000000000E+01 -0.500000000000E+01
 -0.500000000000E+01 -0.500000000000E+01 -0.500000000000E+01 -0.500000000000E+01 -0.500000000000E+01 -0.500000000000E+01 -0.500000000000E+01
 -0.500000000000E+01 -0.500000000000E+01
  0.250000000000E+01  0.150000000000E+01  0.250000000000E+01  0.168388151981E+01  0.500000000000E+00  0.784980628699E+00  0.250000000000E+01
  0.172616846193E+01  0.104016062853E+01 -0.500000000000E+00 -0.103062804534E+00  0.179404976675E+00  0.250000000000E+01  0.166729536217E+01
  0.923171218453E+00 -0.150000000000E+01 -0.102255113015E+01 -0.669125930414E+00  0.135977239814E+00 -0.856266143819E+00  0.250000000000E+01
  0.158034275708E+01  0.175813852804E+01  0.774089735567E+00 -0.250000000000E+01 -0.179804978092E+01 -0.146769777443E+01 -0.223755606368E+00
 -0.164420331359E+01 -0.108875578595E+01 -0.190240885061E+01  0.250000000000E+01  0.185787993997E+01  0.110883669208E+01  0.100177177909E+01
  0.349093656766E+00 -0.250000000000E+01 -0.526785284186E+00 -0.250000000000E+01 -0.183798308008E+01 -0.145695630084E+01 -0.250000000000E+01
  0.150000000000E+01  0.500000000000E+00  0.396172271494E-01 -0.788824871575E+00 -0.250000000000E+01 -0.198405114581E+01 -0.150000000000E+01
 -0.500000000000E+00 -0.250000000000E+01
  0.100106065109E+01  0.100104694226E+01  0.100009214636E+01  0.100053713002E+01  0.100993011672E+01  0.100107481566E+01  0.100039643426E+01
  0.999734768739E+00  0.100105930139E+01  0.101761858067E+01  0.100399507903E+01  0.994468545578E+00  0.100126171337E+01  0.100010515048E+01
  0.997762675692E+00  0.960082814665E+00  0.980841148690E+00  0.996378237344E+00  0.992864073072E+00  0.998663619825E+00  0.100187001815E+01
  0.100052037102E+01  0.100163822432E+01  0.100017906828E+01  0.746603154030E+00  0.967534193555E+00  0.953132147347E+00  0.995219159294E+00
  0.991350644244E+00  0.991474252308E+00  0.966985163774E+00  0.100130892524E+01  0.100202269591E+01  0.100081390903E+01  0.100276943359E+01
  0.100508007972E+01  0.928922179880E+00  0.997839316281E+00  0.928838686993E+00  0.953101122434E+00  0.103615924018E+01  0.935074574109E+00
  0.100333604797E+01  0.100361825379E+01  0.100720257814E+01  0.100123322591E+01  0.902781844852E+00  0.104957409202E+01  0.102859969285E+01
  0.102295216579E+01  0.134581076771E+01
  0.497875113687E+00  0.498271139442E+00  0.501493986591E+00  0.496975582485E+00  0.510502352143E+00  0.507455309276E+00  0.501848929676E+00
  0.499623613760E+00  0.501251833592E+00  0.519086578065E+00  0.550987978472E+00  0.541080484185E+00  0.500084999372E+00  0.500633919027E+00
  0.504589818350E+00  0.488843952722E+00  0.557090506388E+00  0.578938827141E+00  0.531883717731E+00  0.576391251937E+00  0.498081213812E+00
  0.499449074937E+00  0.498836562363E+00  0.503492834362E+00  0.000000000000E+00  0.417155664090E+00  0.481197359065E+00  0.542841118259E+00
  0.426087902742E+00  0.583067738228E+00  0.325334250060E+00  0.498332325023E+00  0.498218047450E+00  0.498333542847E+00  0.496488193096E+00
  0.498034800585E+00  0.000000000000E+00  0.535739295399E+00  0.000000000000E+00  0.386597954116E+00  0.536079491338E+00  0.000000000000E+00
  0.497124739378E+00  0.496488089418E+00  0.492025238553E+00  0.505340890448E+00  0.000000000000E+00  0.430701721846E+00  0.475299841646E+00
  0.478293526433E+00  0.000000000000E+00
  0.000000000000E+00  0.000000000000E+00  0.000000000000E+00  0.000000000000E+00  0.000000000000E+00  0.000000000000E+00  0.000000000000E+00
  0.000000000000E+00  0.000000000000E+00  0.000000000000E+00  0.000000000000E+00  0.000000000000E+00  0.000000000000E+00  0.000000000000E+00
  0.000000000000E+00  0.000000000000E+00  0.000000000000E+00  0.000000000000E+00  0.000000000000E+00  0.000000000000E+00  0.000000000000E+00
  0.000000000000E+00  0.000000000000E+00  0.000000000000E+00  0.000000000000E+00  0.000000000000E+00  0.000000000000E+00  0.000000000000E+00
  0.000000000000E+00  0.000000000000E+00  0.000000000000E+00  0.000000000000E+00  0.000000000000E+00  0.000000000000E+00  0.000000000000E+00
  0.000000000000E+00  0.000000000000E+00  0.000000000000E+00  0.000000000000E+00  0.000000000000E+00  0.000000000000E+00  0.000000000000E+00
  0.000000000000E+00  0.000000000000E+00  0.000000000000E+00  0.000000000000E+00  0.000000000000E+00  0.000000000000E+00  0.000000000000E+00
  0.000000000000E+00  0.000000000000E+00
 -0.201861318899E-03  0.367416545958E-02  0.244844845261E-03 -0.104061199072E-02  0.181118164897E-02 -0.140293609500E-02  0.463079373448E-04
 -0.799682604896E-03 -0.328570327918E-02 -0.456470269700E-01 -0.944524055608E-02  0.183636603482E-02  0.116043586821E-02  0.929310769477E-03
 -0.931843891692E-03 -0.110584155854E+00 -0.319587517537E-01 -0.902063031399E-02  0.723062337301E-02  0.141998402576E-01  0.154346028025E-02
  0.241908427058E-02  0.264468497010E-02  0.484766618506E-02  0.000000000000E+00 -0.598822648646E-01  0.589001458301E-02  0.195713634983E-01
  0.327422441236E-02  0.339306683640E-01  0.388301904414E-02  0.101465727559E-02  0.208589110721E-02  0.339429944340E-02  0.251696856085E-02
  0.708110471742E-02  0.000000000000E+00  0.365686556364E-01  0.000000000000E+00 -0.256710138515E-02  0.651948770847E-01  0.000000000000E+00
  0.382289807293E-03  0.266416414251E-02  0.333923799036E-02  0.249688412451E-01  0.000000000000E+00  0.141964541571E+00  0.353935727262E-01
 -0.231094563576E-02  0.000000000000E+00
  0.715159562420E+00  0.715706278309E+00  0.714452472799E+00  0.714610649220E+00  0.723843690485E+00  0.716450463306E+00  0.714524733071E+00
  0.714062439617E+00  0.715313692436E+00  0.729055298027E+00  0.715438896858E+00  0.709317667762E+00  0.715436098499E+00  0.714401126665E+00
  0.712227963711E+00  0.675908333877E+00  0.693030626293E+00  0.704451683395E+00  0.709525795000E+00  0.705775258340E+00  0.716120015221E+00
  0.715351257868E+00  0.715862858012E+00  0.713560238607E+00  0.555913459439E+00  0.685120756953E+00  0.675253632678E+00  0.711766086450E+00
  0.707484808406E+00  0.697300208985E+00  0.699082774660E+00  0.715646932277E+00  0.716184580751E+00  0.715524533190E+00  0.717560445644E+00
  0.718033431826E+00  0.691666435882E+00  0.716077833451E+00  0.691604267889E+00  0.679837408687E+00  0.735175518406E+00  0.696247448889E+00
  0.717469166740E+00  0.718898040738E+00  0.719056367031E+00  0.725487777592E+00  0.672202596227E+00  0.725669188173E+00  0.755507964235E+00
  0.732941453519E+00  0.100207763065E+01
  0.497834691285E+00  0.498050442219E+00  0.501458618925E+00  0.496997093224E+00  0.509635565289E+00  0.506962255777E+00  0.501864435514E+00
  0.499636086715E+00  0.501167523349E+00  0.520308344328E+00  0.551723427283E+00  0.541471359692E+00  0.499999257226E+00  0.500620659011E+00
  0.504753480339E+00  0.504840145611E+00  0.561045809911E+00  0.581979761424E+00  0.531806459304E+00  0.579644225879E+00  0.497910188361E+00
  0.499212653135E+00  0.498701751151E+00  0.503817170505E+00  0.000000000000E+00  0.423265478666E+00  0.483208809428E+00  0.542852090808E+00
  0.426287988352E+00  0.588599564403E+00  0.323401705054E+00  0.498184921045E+00  0.498064444508E+00  0.498116099227E+00  0.496045810593E+00
  0.498043831364E+00  0.000000000000E+00  0.535733812029E+00  0.000000000000E+00  0.386876249742E+00  0.541839923337E+00  0.000000000000E+00
  0.496847459882E+00  0.495794488753E+00  0.492164529272E+00  0.502345462367E+00  0.000000000000E+00  0.460941588717E+00  0.470011096992E+00
  0.477560694113E+00  0.000000000000E+00
  0.100016256387E+01  0.100094086235E+01  0.100014130254E+01  0.999917823029E+00  0.100341711758E+01  0.100195373307E+01  0.999938216534E+00
  0.999952634161E+00  0.100037946605E+01  0.100300587728E+01  0.997628849509E+00  0.998568269739E+00  0.100034838496E+01  0.100005642092E+01
  0.999355030497E+00  0.985614629252E+00  0.989194711198E+00  0.989817239868E+00  0.100047543258E+01  0.989407586360E+00  0.100069670031E+01
  0.100097088478E+01  0.100056884501E+01  0.998805479674E+00  0.104242640687E+01  0.991354172414E+00  0.991840521149E+00  0.100125938264E+01
  0.999120480246E+00  0.984614870539E+00  0.101213123137E+01  0.100059599983E+01  0.100063443388E+01  0.100091968890E+01  0.100181017715E+01
  0.100016588214E+01  0.104242640687E+01  0.100467976204E+01  0.104242640687E+01  0.998605866428E+00  0.993327749111E+00  0.104242640687E+01
  0.100111705891E+01  0.100282876805E+01  0.999480080463E+00  0.101443186497E+01  0.104242640687E+01  0.967951544501E+00  0.102830202778E+01
  0.100309483595E+01  0.104242640687E+01
        28        24        19        19
        19        24        15        15
        19        15        12        12
        22        13        14        14
        13        22        23        23
        31        27        37        37
        31        29        20        20
        35        34        36        36
        34        23        22        22
         8         9        15        15
         9         6        12        12
        20        18        27        27
        27        18        17        17
        38        45        36        36
        38        30        41        41
        28        19        20        20
        30        40        41        41
        40        39        47        47
        11        10        17        17
        10        11         5         5
         8        14         7         7
        14        24        22        22
        45        46        50        50
        46        41        49        49
        41        46        38        38
        29        39        40        40
        36        24        28        28
        36        45        35        35
        20        29        30        30
        11        18        12        12
        15        24        14        14
        12        20        19        19
        12        18        20        20
        31        20        27        27
         9        12        15        15
         9         4         6         6
        24        36        34        34
        35        23        34        34
        38        36        28        28
        41        47        48        48
        29        40        30        30
        49        50        46        46
        46        45        38        38
        25        26        16        16
        26        37        27        27
        32        33        43        43
        33        21        23        23
        51        48        47        47
         1         4         3         3
         4         2         6         6
         6         5        11        11
        35        43        33        33
        43        35        44        44
         8         3         4         4
         3         8         7         7
        31        37        42        42
        17        16        26        26
        16        17        10        10
        34        22        24        24
        47        41        40        40
        15        14         8         8
        20        30        28        28
        11        17        18        18
        39        31        42        42
         4         9         8         8
        33        23        35        35
        28        30        38        38
        17        26        27        27
        41        48        49        49
        35        45        44        44
        39        29        31        31
        45        50        44        44
        21        13        23        23
        13         7        14        14
         2         5         6         6
         6        11        12        12
        25        37        26        26
        51        49        48        48
        32        21        33        33
         1         2         4         4
zone t="boundary 3 bc-3", solutiontime= 0.5000000E+02, strandid=1003, i=51, j=80, f=feblock
  0.500000000000E+01  0.500000000000E+01  0.400000000000E+01  0.425172245441E+01  0.500000000000E+01  0.427741389634E+01  0.300000000000E+01
  0.341887665662E+01  0.368116975164E+01  0.500000000000E+01  0.430894944607E+01  0.352044655687E+01  0.200000000000E+01  0.259168638257E+01
  0.301798341022E+01  0.500000000000E+01  0.435643616790E+01  0.375117520592E+01  0.271663237208E+01  0.288980181581E+01  0.100000000000E+01
  0.191939879870E+01  0.130679496696E+01  0.219385942988E+01  0.500000000000E+01  0.441735041915E+01  0.373031592783E+01  0.208456665067E+01
  0.230848460393E+01  0.190054259015E+01  0.298584217914E+01  0.000000000000E+00  0.613733212775E+00  0.151350918120E+01  0.794128609067E+00
  0.144135983281E+01  0.400000000000E+01  0.132476136006E+01  0.200000000000E+01  0.164582171489E+01  0.102008138039E+01  0.300000000000E+01
  0.000000000000E+00  0.000000000000E+00  0.701034609231E+00  0.609175469936E+00  0.100000000000E+01  0.505577837730E+00  0.000000000000E+00
  0.000000000000E+00  0.000000000000E+00
  0.000000000000E+00  0.000000000000E+00  0.000000000000E+00  0.000000000000E+00  0.000000000000E+00  0.000000000000E+00  0.000000000000E+00
  0.000000000000E+00  0.000000000000E+00  0.000000000000E+00  0.000000000000E+00  0.000000000000E+00  0.000000000000E+00  0.000000000000E+00
  0.000000000000E+00  0.000000000000E+00  0.000000000000E+00  0.000000000000E+00  0.000000000000E+00  0.000000000000E+00  0.000000000000E+00
  0.000000000000E+00  0.000000000000E+00  0.000000000000E+00  0.000000000000E+00  0.000000000000E+00  0.000000000000E+00  0.000000000000E+00
  0.000000000000E+00  0.000000000000E+00  0.000000000000E+00  0.000000000000E+00  0.000000000000E+00  0.000000000000E+00  0.000000000000E+00
  0.000000000000E+00  0.000000000000E+00  0.000000000000E+00  0.000000000000E+00  0.000000000000E+00  0.000000000000E+00  0.000000000000E+00
  0.000000000000E+00  0.000000000000E+00  0.000000000000E+00  0.000000000000E+00  0.000000000000E+00  0.000000000000E+00  0.000000000000E+00
  0.000000000000E+00  0.000000000000E+00
  0.250000000000E+01  0.150000000000E+01  0.250000000000E+01  0.168388151981E+01  0.500000000000E+00  0.784980628699E+00  0.250000000000E+01
  0.172616846193E+01  0.104016062853E+01 -0.500000000000E+00 -0.103062804534E+00  0.179404976675E+00  0.250000000000E+01  0.166729536217E+01
  0.923171218453E+00 -0.150000000000E+01 -0.102255113015E+01 -0.669125930414E+00  0.135977239814E+00 -0.856266143819E+00  0.250000000000E+01
  0.158034275708E+01  0.175813852804E+01  0.774089735567E+00 -0.250000000000E+01 -0.179804978092E+01 -0.146769777443E+01 -0.223755606368E+00
 -0.164420331359E+01 -0.108875578595E+01 -0.190240885061E+01  0.250000000000E+01  0.185787993997E+01  0.110883669208E+01  0.100177177909E+01
  0.349093656766E+00 -0.250000000000E+01 -0.526785284186E+00 -0.250000000000E+01 -0.183798308008E+01 -0.145695630084E+01 -0.250000000000E+01
  0.150000000000E+01  0.500000000000E+00  0.396172271494E-01 -0.788824871575E+00 -0.250000000000E+01 -0.198405114581E+01 -0.150000000000E+01
 -0.500000000000E+00 -0.250000000000E+01
  0.100106064129E+01  0.100104693463E+01  0.100009214439E+01  0.100053712134E+01  0.100993012479E+01  0.100107483314E+01  0.100039643280E+01
  0.999734760916E+00  0.100105929613E+01  0.101761867807E+01  0.100399512059E+01  0.994468551675E+00  0.100126172236E+01  0.100010514857E+01
  0.997762653230E+00  0.960082954704E+00  0.980841278529E+00  0.996378326008E+00  0.992864084025E+00  0.998663691449E+00  0.100187001999E+01
  0.100052037598E+01  0.100163822986E+01  0.100017908575E+01  0.746602882731E+00  0.967534214620E+00  0.953132269456E+00  0.995219187808E+00
  0.991350662875E+00  0.991474316299E+00  0.966985183955E+00  0.100130892641E+01  0.100202269715E+01  0.100081391355E+01  0.100276943435E+01
  0.100508009099E+01  0.928922027084E+00  0.997839335478E+00  0.928838570488E+00  0.953101161310E+00  0.103615930979E+01  0.935074528133E+00
  0.100333604757E+01  0.100361825621E+01  0.100720258578E+01  0.100123320273E+01  0.902781777800E+00  0.104957424956E+01  0.102859955221E+01
  0.102295216150E+01  0.134581058928E+01
  0.497875111308E+00  0.498271123271E+00  0.501493990048E+00  0.496975564569E+00  0.510502269677E+00  0.507455218953E+00  0.501848929709E+00
  0.499623627380E+00  0.501251764746E+00  0.519086566656E+00  0.550987881841E+00  0.541080388991E+00  0.500084984056E+00  0.500633917524E+00
  0.504589740690E+00  0.488843862920E+00  0.557090649342E+00  0.578938696986E+00  0.531883522491E+00  0.576391289363E+00  0.498081207813E+00
  0.499449060134E+00  0.498836549574E+00  0.503492766862E+00  0.000000000000E+00  0.417155682606E+00  0.481197532117E+00  0.542840983794E+00
  0.426088112990E+00  0.583067756561E+00  0.325334447095E+00  0.498332322671E+00  0.498218044093E+00  0.498333533840E+00  0.496488201769E+00
  0.498034714605E+00  0.000000000000E+00  0.535739179185E+00  0.000000000000E+00  0.386598279320E+00  0.536079610995E+00  0.000000000000E+00
  0.497124734773E+00  0.496488109778E+00  0.492025167266E+00  0.505340885106E+00  0.000000000000E+00  0.430701809496E+00  0.475299966903E+00
  0.478293503553E+00  0.000000000000E+00
  0.000000000000E+00  0.000000000000E+00  0.000000000000E+00  0.000000000000E+00  0.000000000000E+00  0.000000000000E+00  0.000000000000E+00
  0.000000000000E+00  0.000000000000E+00  0.000000000000E+00  0.000000000000E+00  0.000000000000E+00  0.000000000000E+00  0.000000000000E+00
  0.000000000000E+00  0.000000000000E+00  0.000000000000E+00  0.000000000000E+00  0.000000000000E+00  0.000000000000E+00  0.000000000000E+00
  0.000000000000E+00  0.000000000000E+00  0.000000000000E+00  0.000000000000E+00  0.000000000000E+00  0.000000000000E+00  0.000000000000E+00
  0.000000000000E+00  0.000000000000E+00  0.000000000000E+00  0.000000000000E+00  0.000000000000E+00  0.000000000000E+00  0.000000000000E+00
  0.000000000000E+00  0.000000000000E+00  0.000000000000E+00  0.000000000000E+00  0.000000000000E+00  0.000000000000E+00  0.000000000000E+00
  0.000000000000E+00  0.000000000000E+00  0.000000000000E+00  0.000000000000E+00  0.000000000000E+00  0.000000000000E+00  0.000000000000E+00
  0.000000000000E+00  0.000000000000E+00
 -0.201858535313E-03  0.367417113684E-02  0.244843421587E-03 -0.104061256761E-02  0.181126036357E-02 -0.140294283118E-02  0.463087346134E-04
 -0.799696255354E-03 -0.328571896761E-02 -0.456468732653E-01 -0.944524595282E-02  0.183636019953E-02  0.116043046381E-02  0.929336401945E-03
 -0.931819884409E-03 -0.110584157507E+00 -0.319584461941E-01 -0.902079069082E-02  0.723059656250E-02  0.141998812964E-01  0.154346440060E-02
  0.241909401016E-02  0.264468564226E-02  0.484769504657E-02  0.000000000000E+00 -0.598820398950E-01  0.589002500123E-02  0.195713644183E-01
  0.327446518082E-02  0.339306803698E-01  0.388299453337E-02  0.101465526008E-02  0.208589392108E-02  0.339428245496E-02  0.251696927648E-02
  0.708106449921E-02  0.000000000000E+00  0.365685544967E-01  0.000000000000E+00 -0.256721903408E-02  0.651947876876E-01  0.000000000000E+00
  0.382288371005E-03  0.266416387208E-02  0.333921606652E-02  0.249686777802E-01  0.000000000000E+00  0.141964592249E+00  0.353934697051E-01
 -0.231093924296E-02  0.000000000000E+00
  0.715159553649E+00  0.715706268255E+00  0.714452470069E+00  0.714610641226E+00  0.723843704926E+00  0.716450475483E+00  0.714524731110E+00
  0.714062431189E+00  0.715313687985E+00  0.729055385264E+00  0.715438956146E+00  0.709317670328E+00  0.715436105099E+00  0.714401126504E+00
  0.712227937186E+00  0.675908421628E+00  0.693030708059E+00  0.704451788877E+00  0.709525814862E+00  0.705775325261E+00  0.716120017650E+00
  0.715351267962E+00  0.715862862815E+00  0.713560249266E+00  0.555913257432E+00  0.685120714652E+00  0.675253652826E+00  0.711766116887E+00
  0.707484789124E+00  0.697300258023E+00  0.699082719963E+00  0.715646933741E+00  0.716184581342E+00  0.715524542064E+00  0.717560448683E+00
  0.718033432561E+00  0.691666322112E+00  0.716077867477E+00  0.691604181141E+00  0.679837358017E+00  0.735175556469E+00  0.696247414656E+00
  0.717469165533E+00  0.718898049636E+00  0.719056360575E+00  0.725487775901E+00  0.672202546300E+00  0.725669152526E+00  0.755507884188E+00
  0.732941436921E+00  0.100207749780E+01
  0.497834689521E+00  0.498050427700E+00  0.501458622844E+00  0.496997075933E+00  0.509635480197E+00  0.506962165679E+00  0.501864435870E+00
  0.499636101350E+00  0.501167454863E+00  0.520308313308E+00  0.551723319202E+00  0.541471265092E+00  0.499999241838E+00  0.500620657135E+00
  0.504753406327E+00  0.504840061800E+00  0.561045939850E+00  0.581979615451E+00  0.531806259255E+00  0.579644257815E+00  0.497910181988E+00
  0.499212636104E+00  0.498701738075E+00  0.503817103884E+00  0.000000000000E+00  0.423265482643E+00  0.483209007048E+00  0.542851952718E+00
  0.426288210352E+00  0.588599581847E+00  0.323401916626E+00  0.498184918473E+00  0.498064441267E+00  0.498116088146E+00  0.496045818401E+00
  0.498043747366E+00  0.000000000000E+00  0.535733681908E+00  0.000000000000E+00  0.386876598256E+00  0.541840035864E+00  0.000000000000E+00
  0.496847455599E+00  0.495794506614E+00  0.492164461895E+00  0.502345443831E+00  0.000000000000E+00  0.460941735367E+00  0.470011205395E+00
  0.477560675643E+00  0.000000000000E+00
  0.100016256140E+01  0.100094085591E+01  0.100014130069E+01  0.999917820518E+00  0.100341712958E+01  0.100195373260E+01  0.999938215248E+00
  0.999952630184E+00  0.100037946508E+01  0.100300590129E+01  0.997628890885E+00  0.998568267228E+00  0.100034838521E+01  0.100005642260E+01
  0.999355015777E+00  0.985614613450E+00  0.989194696961E+00  0.989817300000E+00  0.100047544955E+01  0.989407609214E+00  0.100069670188E+01
  0.100097089394E+01  0.100056884618E+01  0.998805477142E+00  0.104242640687E+01  0.991354089621E+00  0.991840423675E+00  0.100125939677E+01
  0.999120434237E+00  0.984614876234E+00  0.101213113105E+01  0.100059600070E+01  0.100063443346E+01  0.100091969679E+01  0.100181018063E+01
  0.100016587195E+01  0.104242640687E+01  0.100467979045E+01  0.104242640687E+01  0.998605751268E+00  0.993327733804E+00  0.104242640687E+01
  0.100111705762E+01  0.100282877803E+01  0.999480063912E+00  0.101443188609E+01  0.104242640687E+01  0.967951351670E+00  0.102830205943E+01
  0.100309481744E+01  0.104242640687E+01
        19        24        28        28
        15        24        19        19
        12        15        19        19
        14        13        22        22
        23        22        13        13
        37        27        31        31
        20        29        31        31
        36        34        35        35
        22        23        34        34
        15         9         8         8
        12         6         9         9
        27        18        20        20
        17        18        27        27
        36        45        38        38
        41        30        38        38
        20        19        28        28
        41        40        30        30
        47        39        40        40
        17        10        11        11
         5        11        10        10
         7        14         8         8
        22        24        14        14
        50        46        45        45
        49        41        46        46
        38        46        41        41
        40        39        29        29
        28        24        36        36
        35        45        36        36
        30        29        20        20
        12        18        11        11
        14        24        15        15
        19        20        12        12
        20        18        12        12
        27        20        31        31
        15        12         9         9
         6         4         9         9
        34        36        24        24
        34        23        35        35
        28        36        38        38
        48        47        41        41
        30        40        29        29
        46        50        49        49
        38        45        46        46
        16        26        25        25
        27        37        26        26
        43        33        32        32
        23        21        33        33
        47        48        51        51
         3         4         1         1
         6         2         4         4
        11         5         6         6
        33        43        35        35
        44        35        43        43
         4         3         8         8
         7         8         3         3
        42        37        31        31
        26        16        17        17
        10        17        16        16
        24        22        34        34
        40        41        47        47
         8        14        15        15
        28        30        20        20
        18        17        11        11
        42        31        39        39
         8         9         4         4
        35        23        33        33
        38        30        28        28
        27        26        17        17
        49        48        41        41
        44        45        35        35
        31        29        39        39
        44        50        45        45
        23        13        21        21
        14         7        13        13
         6         5         2         2
        12        11         6         6
        26        37        25        25
        48        49        51        51
        33        21        32        32
         4         2         1         1
zone t="boundary 4 bc-4", solutiontime= 0.5000000E+02, strandid=1004, i=42, j=30, f=feblock
  0.500000000000E+01  0.400000000000E+01  0.500000000000E+01  0.300000000000E+01  0.400000000000E+01  0.500000000000E+01  0.200000000000E+01
  0.300000000000E+01  0.400000000000E+01  0.500000000000E+01  0.100000000000E+01  0.200000000000E+01  0.300000000000E+01  0.400000000000E+01
  0.500000000000E+01  0.000000000000E+00  0.100000000000E+01  0.200000000000E+01  0.300000000000E+01  0.400000000000E+01  0.500000000000E+01
  0.000000000000E+00  0.100000000000E+01  0.200000000000E+01  0.300000000000E+01  0.400000000000E+01  0.500000000000E+01  0.000000000000E+00
  0.100000000000E+01  0.200000000000E+01  0.300000000000E+01  0.400000000000E+01  0.000000000000E+00  0.100000000000E+01  0.200000000000E+01
  0.300000000000E+01  0.000000000000E+00  0.100000000000E+01  0.200000000000E+01  0.000000000000E+00  0.100000000000E+01  0.000000000000E+00
  0.000000000000E+00  0.000000000000E+00 -0.833333333333E+00  0.000000000000E+00 -0.833333333333E+00 -0.166666666667E+01  0.000000000000E+00
 -0.833333333333E+00 -0.166666666667E+01 -0.250000000000E+01  0.000000000000E+00 -0.833333333333E+00 -0.166666666667E+01 -0.250000000000E+01
 -0.333333333333E+01  0.000000000000E+00 -0.833333333333E+00 -0.166666666667E+01 -0.250000000000E+01 -0.333333333333E+01 -0.416666666667E+01
 -0.833333333333E+00 -0.166666666667E+01 -0.250000000000E+01 -0.333333333333E+01 -0.416666666667E+01 -0.500000000000E+01 -0.166666666667E+01
 -0.250000000000E+01 -0.333333333333E+01 -0.416666666667E+01 -0.500000000000E+01 -0.250000000000E+01 -0.333333333333E+01 -0.416666666667E+01
 -0.500000000000E+01 -0.333333333333E+01 -0.416666666667E+01 -0.500000000000E+01 -0.416666666667E+01 -0.500000000000E+01 -0.500000000000E+01
  0.250000000000E+01  0.250000000000E+01  0.250000000000E+01  0.250000000000E+01  0.250000000000E+01  0.250000000000E+01  0.250000000000E+01
  0.250000000000E+01  0.250000000000E+01  0.250000000000E+01  0.250000000000E+01  0.250000000000E+01  0.250000000000E+01  0.250000000000E+01
  0.250000000000E+01  0.250000000000E+01  0.250000000000E+01  0.250000000000E+01  0.250000000000E+01  0.250000000000E+01  0.250000000000E+01
  0.250000000000E+01  0.250000000000E+01  0.250000000000E+01  0.250000000000E+01  0.250000000000E+01  0.250000000000E+01  0.250000000000E+01
  0.250000000000E+01  0.250000000000E+01  0.250000000000E+01  0.250000000000E+01  0.250000000000E+01  0.250000000000E+01  0.250000000000E+01
  0.250000000000E+01  0.250000000000E+01  0.250000000000E+01  0.250000000000E+01  0.250000000000E+01  0.250000000000E+01  0.250000000000E+01
  0.100106064129E+01  0.100009214439E+01  0.100101938252E+01  0.100039643280E+01  0.999997263888E+00  0.100104958849E+01  0.100126172236E+01
  0.100028708153E+01  0.100006593276E+01  0.100103971200E+01  0.100187001999E+01  0.100117045005E+01  0.100038450666E+01  0.100003587957E+01
  0.100104958792E+01  0.100130892641E+01  0.100180283419E+01  0.100124505941E+01  0.100033878708E+01  0.100006593320E+01  0.100101938423E+01
  0.100127411081E+01  0.100185400404E+01  0.100119188715E+01  0.100038450825E+01  0.999997262390E+00  0.100106065109E+01  0.100129583119E+01
  0.100181320628E+01  0.100124505883E+01  0.100028708198E+01  0.100009214636E+01  0.100127534099E+01  0.100185400344E+01  0.100117044523E+01
  0.100039643426E+01  0.100129583042E+01  0.100180283297E+01  0.100126171337E+01  0.100127410860E+01  0.100187001815E+01  0.100130892524E+01
  0.497875111308E+00  0.501493990048E+00  0.498034778998E+00  0.501848929709E+00  0.501894741037E+00  0.498004262544E+00  0.500084984056E+00
  0.502194182794E+00  0.501772896892E+00  0.498010582136E+00  0.498081207813E+00  0.500251278778E+00  0.502036390992E+00  0.501833933587E+00
  0.498004259111E+00  0.498332322671E+00  0.498172439202E+00  0.500117190936E+00  0.502133152564E+00  0.501772890389E+00  0.498034779502E+00
  0.498365946628E+00  0.498094284975E+00  0.500213994826E+00  0.502036386069E+00  0.501894740997E+00  0.497875113687E+00  0.498345911252E+00
  0.498160246692E+00  0.500117190481E+00  0.502194182929E+00  0.501493986591E+00  0.498367060621E+00  0.498094285839E+00  0.500251283398E+00
  0.501848929676E+00  0.498345911516E+00  0.498172442439E+00  0.500084999372E+00  0.498365948276E+00  0.498081213812E+00  0.498332325023E+00
  0.000000000000E+00  0.000000000000E+00 -0.428413971628E-04  0.000000000000E+00 -0.609254415980E-04  0.206998969650E-04  0.000000000000E+00
 -0.461770448235E-04  0.223861730313E-04 -0.457155918138E-08  0.000000000000E+00 -0.305280089236E-04  0.220704270020E-04 -0.245073226870E-08
 -0.207077128386E-04  0.000000000000E+00 -0.870253895374E-05  0.107739763419E-04 -0.183842138003E-08 -0.223927204790E-04  0.428327139031E-04
  0.132138755166E-05  0.624930823750E-05 -0.196138933029E-08 -0.220769773227E-04  0.609180450103E-04  0.000000000000E+00 -0.199814789451E-06
 -0.785894529793E-09 -0.107787539582E-04  0.461737636918E-04  0.000000000000E+00 -0.661791997021E-09 -0.624967895980E-05  0.305216807700E-04
  0.000000000000E+00  0.198948101198E-06  0.870044157431E-05  0.000000000000E+00 -0.132258875320E-05  0.000000000000E+00  0.000000000000E+00
 -0.201858535313E-03  0.244843421587E-03 -0.319557320505E-03  0.463087346134E-04  0.211022792302E-03 -0.259357991252E-03  0.116043046381E-02
  0.106406444834E-03  0.290922082865E-03 -0.274604655180E-03  0.154346440060E-02  0.102740045041E-02  0.327489072862E-03  0.265417523850E-03
 -0.259355372525E-03  0.101465526008E-02  0.147532630836E-02  0.112479774107E-02  0.296440383552E-03  0.290922788823E-03 -0.319561341495E-03
  0.100037152021E-02  0.152308105279E-02  0.107291169856E-02  0.327489363282E-03  0.211022484378E-03 -0.201861318899E-03  0.101278475428E-02
  0.148303810019E-02  0.112479677989E-02  0.106405286770E-03  0.244844845261E-03  0.100025486179E-02  0.152308013630E-02  0.102740238602E-02
  0.463079373448E-04  0.101278458658E-02  0.147532375461E-02  0.116043586821E-02  0.100037155059E-02  0.154346028025E-02  0.101465727559E-02
  0.715159553649E+00  0.714452470069E+00  0.715116825199E+00  0.714524731110E+00  0.714364766368E+00  0.715145478078E+00  0.715436105099E+00
  0.714407691359E+00  0.714431325292E+00  0.715136116612E+00  0.716120017650E+00  0.715332263181E+00  0.714503681899E+00  0.714401686304E+00
  0.715145477557E+00  0.715646933741E+00  0.716052104551E+00  0.715407120385E+00  0.714457015619E+00  0.714431325740E+00  0.715116826478E+00
  0.715615073546E+00  0.716102865529E+00  0.715353504815E+00  0.714503683459E+00  0.714364765392E+00  0.715159562420E+00  0.715636989835E+00
  0.716062134787E+00  0.715407119821E+00  0.714407692038E+00  0.714452472799E+00  0.715616429977E+00  0.716102864844E+00  0.715332259458E+00
  0.714524733071E+00  0.715636989114E+00  0.716052102913E+00  0.715436098499E+00  0.715615071334E+00  0.716120015221E+00  0.715646932277E+00
  0.497834689521E+00  0.501458622844E+00  0.497999022262E+00  0.501864435870E+00  0.501866331740E+00  0.497966008703E+00  0.499999241838E+00
  0.502223396369E+00  0.501738384658E+00  0.497973138331E+00  0.497910181988E+00  0.500178720379E+00  0.502056410620E+00  0.501802271627E+00
  0.497966005310E+00  0.498184918473E+00  0.498008091326E+00  0.500037330173E+00  0.502158080359E+00  0.501738378109E+00  0.497999022749E+00
  0.498220932232E+00  0.497925174975E+00  0.500139465380E+00  0.502056405549E+00  0.501866331666E+00  0.497834691285E+00  0.498198702662E+00
  0.497995015868E+00  0.500037329768E+00  0.502223396377E+00  0.501458618925E+00  0.498221879538E+00  0.497925175925E+00  0.500178725100E+00
  0.501864435514E+00  0.498198702986E+00  0.498008094821E+00  0.499999257226E+00  0.498220934099E+00  0.497910188361E+00  0.498184921045E+00
  0.100016256140E+01  0.100014130069E+01  0.100014402594E+01  0.999938215248E+00  0.100011340934E+01  0.100015391927E+01  0.100034838521E+01
  0.999883719752E+00  0.100013791355E+01  0.100015069458E+01  0.100069670188E+01  0.100029437385E+01  0.999920678502E+00  0.100012647672E+01
  0.100015391910E+01  0.100059600070E+01  0.100066890626E+01  0.100032450510E+01  0.999901068299E+00  0.100013791375E+01  0.100014402602E+01
  0.100058624521E+01  0.100068873079E+01  0.100030265885E+01  0.999920679089E+00  0.100011340947E+01  0.100016256387E+01  0.100059518332E+01
  0.100067256292E+01  0.100032450489E+01  0.999883720256E+00  0.100014130254E+01  0.100058691247E+01  0.100068873043E+01  0.100029437346E+01
  0.999938216534E+00  0.100059518308E+01  0.100066890518E+01  0.100034838496E+01  0.100058624433E+01  0.100069670031E+01  0.100059599983E+01
         3         5         2         1
         5         8         4         2
         8        12         7         4
        12        17        11         7
        17        22        16        11
         6         9         5         3
         9        13         8         5
        13        18        12         8
        18        23        17        12
        23        28        22        17
        10        14         9         6
        14        19        13         9
        19        24        18        13
        24        29        23        18
        29        33        28        23
        15        20        14        10
        20        25        19        14
        25        30        24        19
        30        34        29        24
        34        37        33        29
        21        26        20        15
        26        31        25        20
        31        35        30        25
        35        38        34        30
        38        40        37        34
        27        32        26        21
        32        36        31        26
        36        39        35        31
        39        41        38        35
        41        42        40        38
zone t="boundary 5 bc-5", solutiontime= 0.5000000E+02, strandid=1005, i=42, j=30, f=feblock
  0.500000000000E+01  0.500000000000E+01  0.500000000000E+01  0.500000000000E+01  0.500000000000E+01  0.500000000000E+01  0.500000000000E+01
  0.500000000000E+01  0.500000000000E+01  0.500000000000E+01  0.500000000000E+01  0.500000000000E+01  0.500000000000E+01  0.500000000000E+01
  0.500000000000E+01  0.500000000000E+01  0.500000000000E+01  0.500000000000E+01  0.500000000000E+01  0.500000000000E+01  0.500000000000E+01
  0.500000000000E+01  0.500000000000E+01  0.500000000000E+01  0.500000000000E+01  0.500000000000E+01  0.500000000000E+01  0.500000000000E+01
  0.500000000000E+01  0.500000000000E+01  0.500000000000E+01  0.500000000000E+01  0.500000000000E+01  0.500000000000E+01  0.500000000000E+01
  0.500000000000E+01  0.500000000000E+01  0.500000000000E+01  0.500000000000E+01  0.500000000000E+01  0.500000000000E+01  0.500000000000E+01
  0.000000000000E+00  0.000000000000E+00 -0.833333333333E+00  0.000000000000E+00 -0.833333333333E+00 -0.166666666667E+01  0.000000000000E+00
 -0.833333333333E+00 -0.166666666667E+01 -0.250000000000E+01  0.000000000000E+00 -0.833333333333E+00 -0.166666666667E+01 -0.250000000000E+01
 -0.333333333333E+01  0.000000000000E+00 -0.833333333333E+00 -0.166666666667E+01 -0.250000000000E+01 -0.333333333333E+01 -0.416666666667E+01
 -0.833333333333E+00 -0.166666666667E+01 -0.250000000000E+01 -0.333333333333E+01 -0.416666666667E+01 -0.500000000000E+01 -0.166666666667E+01
 -0.250000000000E+01 -0.333333333333E+01 -0.416666666667E+01 -0.500000000000E+01 -0.250000000000E+01 -0.333333333333E+01 -0.416666666667E+01
 -0.500000000000E+01 -0.333333333333E+01 -0.416666666667E+01 -0.500000000000E+01 -0.416666666667E+01 -0.500000000000E+01 -0.500000000000E+01
  0.250000000000E+01  0.150000000000E+01  0.250000000000E+01  0.500000000000E+00  0.150000000000E+01  0.250000000000E+01 -0.500000000000E+00
  0.500000000000E+00  0.150000000000E+01  0.250000000000E+01 -0.150000000000E+01 -0.500000000000E+00  0.500000000000E+00  0.150000000000E+01
  0.250000000000E+01 -0.250000000000E+01 -0.150000000000E+01 -0.500000000000E+00  0.500000000000E+00  0.150000000000E+01  0.250000000000E+01
 -0.250000000000E+01 -0.150000000000E+01 -0.500000000000E+00  0.500000000000E+00  0.150000000000E+01  0.250000000000E+01 -0.250000000000E+01
 -0.150000000000E+01 -0.500000000000E+00  0.500000000000E+00  0.150000000000E+01 -0.250000000000E+01 -0.150000000000E+01 -0.500000000000E+00
  0.500000000000E+00 -0.250000000000E+01 -0.150000000000E+01 -0.500000000000E+00 -0.250000000000E+01 -0.150000000000E+01 -0.250000000000E+01
  0.100106064129E+01  0.100104693463E+01  0.100101938252E+01  0.100993012479E+01  0.100094455277E+01  0.100104958849E+01  0.101761867807E+01
  0.100983045240E+01  0.100095948055E+01  0.100103971200E+01  0.960082954704E+00  0.101930050414E+01  0.100984216277E+01  0.100094242697E+01
  0.100104958792E+01  0.746602882731E+00  0.965799638547E+00  0.101929574535E+01  0.100983122735E+01  0.100095948204E+01  0.100101938423E+01
  0.747426245459E+00  0.965753128027E+00  0.101933469662E+01  0.100984216222E+01  0.100094455371E+01  0.100106065109E+01  0.747590013218E+00
  0.965981008900E+00  0.101929573520E+01  0.100983044688E+01  0.100104694226E+01  0.747593922021E+00  0.965753117808E+00  0.101930047146E+01
  0.100993011672E+01  0.747590024296E+00  0.965799576579E+00  0.101761858067E+01  0.747426357622E+00  0.960082814665E+00  0.746603154030E+00
  0.497875111308E+00  0.498271123271E+00  0.498034778998E+00  0.510502269677E+00  0.497991353786E+00  0.498004262544E+00  0.519086566656E+00
  0.510098524892E+00  0.497998135095E+00  0.498010582136E+00  0.488843862920E+00  0.520506659403E+00  0.510161104152E+00  0.497986933820E+00
  0.498004259111E+00  0.000000000000E+00  0.492226086445E+00  0.520685490108E+00  0.510113672838E+00  0.497998134549E+00  0.498034779502E+00
  0.000000000000E+00  0.492398145438E+00  0.520500268234E+00  0.510161112965E+00  0.497991352572E+00  0.497875113687E+00  0.000000000000E+00
  0.492107028501E+00  0.520685508069E+00  0.510098530477E+00  0.498271139442E+00  0.000000000000E+00  0.492398145114E+00  0.520506628075E+00
  0.510502352143E+00  0.000000000000E+00  0.492226157662E+00  0.519086578065E+00  0.000000000000E+00  0.488843952722E+00  0.000000000000E+00
  0.000000000000E+00  0.000000000000E+00 -0.428413971628E-04  0.000000000000E+00 -0.844863102862E-04  0.206998969650E-04  0.000000000000E+00
  0.506677061555E-04  0.134721457017E-04 -0.457155918138E-08  0.000000000000E+00  0.111296133204E-02  0.247507889633E-04 -0.158363678037E-08
 -0.207077128386E-04  0.000000000000E+00  0.284158669614E-02  0.188625647537E-03 -0.136676634142E-08 -0.134732491788E-04  0.428327139031E-04
  0.000000000000E+00  0.559705416861E-03 -0.177032947372E-07 -0.247526984366E-04  0.844910640027E-04  0.000000000000E+00  0.000000000000E+00
 -0.183622985398E-07 -0.188672068102E-03 -0.506563645697E-04  0.000000000000E+00  0.000000000000E+00 -0.559764453184E-03 -0.111301410353E-02
  0.000000000000E+00  0.000000000000E+00 -0.284164926146E-02  0.000000000000E+00  0.000000000000E+00  0.000000000000E+00  0.000000000000E+00
 -0.201858535313E-03  0.367417113684E-02 -0.319557320505E-03  0.181126036357E-02  0.329300216030E-02 -0.259357991252E-03 -0.456468732653E-01
  0.214574067492E-02  0.344968667215E-02 -0.274604655180E-03 -0.110584157507E+00 -0.436054516597E-01  0.234517455339E-02  0.347898142329E-02
 -0.259355372525E-03  0.000000000000E+00 -0.108319701213E+00 -0.434286790960E-01  0.248320341153E-02  0.344968710875E-02 -0.319561341495E-03
  0.000000000000E+00 -0.108178283410E+00 -0.432558082087E-01  0.234516030832E-02  0.329299586766E-02 -0.201861318899E-03  0.000000000000E+00
 -0.108207946017E+00 -0.434287135904E-01  0.214572506146E-02  0.367416545958E-02  0.000000000000E+00 -0.108178316433E+00 -0.436054442206E-01
  0.181118164897E-02  0.000000000000E+00 -0.108319576531E+00 -0.456470269700E-01  0.000000000000E+00 -0.110584155854E+00  0.000000000000E+00
  0.715159553649E+00  0.715706268255E+00  0.715116825199E+00  0.723843704926E+00  0.715591303298E+00  0.715145478078E+00  0.729055385264E+00
  0.723859586816E+00  0.715609447353E+00  0.715136116612E+00  0.675908421628E+00  0.730623637231E+00  0.723875682452E+00  0.715592920440E+00
  0.715145477557E+00  0.555913257432E+00  0.680003767629E+00  0.730603685459E+00  0.723859909675E+00  0.715609448794E+00  0.715116826478E+00
  0.556526325325E+00  0.679936055817E+00  0.730645687680E+00  0.723875682029E+00  0.715591305317E+00  0.715159562420E+00  0.556648265208E+00
  0.680153121374E+00  0.730603675762E+00  0.723859578349E+00  0.715706278309E+00  0.556651175665E+00  0.679936047522E+00  0.730623607034E+00
  0.723843690485E+00  0.556648273457E+00  0.680003731088E+00  0.729055298027E+00  0.556526408840E+00  0.675908333877E+00  0.555913459439E+00
  0.497834689521E+00  0.498050427700E+00  0.497999022262E+00  0.509635480197E+00  0.497782665614E+00  0.497966008703E+00  0.520308313308E+00
  0.509203008085E+00  0.497787898218E+00  0.497973138331E+00  0.504840061800E+00  0.521418204488E+00  0.509263641598E+00  0.497778413434E+00
  0.497966005310E+00  0.000000000000E+00  0.507650040100E+00  0.521586157237E+00  0.509219736893E+00  0.497787897543E+00  0.497999022749E+00
  0.000000000000E+00  0.507794009786E+00  0.521382517776E+00  0.509263650341E+00  0.497782663889E+00  0.497834691285E+00  0.000000000000E+00
  0.507492593388E+00  0.521586178849E+00  0.509203015180E+00  0.498050442219E+00  0.000000000000E+00  0.507794017082E+00  0.521418175231E+00
  0.509635565289E+00  0.000000000000E+00  0.507650080873E+00  0.520308344328E+00  0.000000000000E+00  0.504840145611E+00  0.000000000000E+00
  0.100016256140E+01  0.100094085591E+01  0.100014402594E+01  0.100341712958E+01  0.100088243834E+01  0.100015391927E+01  0.100300590129E+01
  0.100353818717E+01  0.100089288903E+01  0.100015069458E+01  0.985614613450E+00  0.100350494086E+01  0.100354886416E+01  0.100088682588E+01
  0.100015391910E+01  0.104242640687E+01  0.985717157767E+00  0.100348222222E+01  0.100353786465E+01  0.100089288956E+01  0.100014402602E+01
  0.104242640687E+01  0.985666471605E+00  0.100350156444E+01  0.100354886412E+01  0.100088244023E+01  0.100016256387E+01  0.104242640687E+01
  0.985748540758E+00  0.100348221889E+01  0.100353818091E+01  0.100094086235E+01  0.104242640687E+01  0.985666470009E+00  0.100350493156E+01
  0.100341711758E+01  0.104242640687E+01  0.985717168043E+00  0.100300587728E+01  0.104242640687E+01  0.985614629252E+00  0.104242640687E+01
        22        17        11        16
        17        12         7        11
        12         8         4         7
         8         5         2         4
         5         3         1         2
        28        23        17        22
        23        18        12        17
        18        13         8        12
        13         9         5         8
         9         6         3         5
        33        29        23        28
        29        24        18        23
        24        19        13        18
        19        14         9        13
        14        10         6         9
        37        34        29        33
        34        30        24        29
        30        25        19        24
        25        20        14        19
        20        15        10        14
        40        38        34        37
        38        35        30        34
        35        31        25        30
        31        26        20        25
        26        21        15        20
        42        41        38        40
        41        39        35        38
        39        36        31        35
        36        32        26        31
        32        27        21        26
zone t="boundary 6 bc-6", solutiontime= 0.5000000E+02, strandid=1006, i=42, j=30, f=feblock
  0.500000000000E+01  0.500000000000E+01  0.400000000000E+01  0.200000000000E+01  0.300000000000E+01  0.500000000000E+01  0.400000000000E+01
  0.200000000000E+01  0.300000000000E+01  0.100000000000E+01  0.500000000000E+01  0.400000000000E+01  0.200000000000E+01  0.300000000000E+01
  0.100000000000E+01  0.000000000000E+00  0.500000000000E+01  0.400000000000E+01  0.200000000000E+01  0.300000000000E+01  0.100000000000E+01
  0.000000000000E+00  0.500000000000E+01  0.400000000000E+01  0.200000000000E+01  0.300000000000E+01  0.100000000000E+01  0.000000000000E+00
  0.500000000000E+01  0.400000000000E+01  0.200000000000E+01  0.300000000000E+01  0.100000000000E+01  0.000000000000E+00  0.400000000000E+01
  0.200000000000E+01  0.300000000000E+01  0.100000000000E+01  0.000000000000E+00  0.100000000000E+01  0.000000000000E+00  0.000000000000E+00
  0.000000000000E+00 -0.833333333333E+00  0.000000000000E+00  0.000000000000E+00  0.000000000000E+00 -0.166666666667E+01 -0.833333333333E+00
 -0.833333333333E+00 -0.833333333333E+00  0.000000000000E+00 -0.250000000000E+01 -0.166666666667E+01 -0.166666666667E+01 -0.166666666667E+01
 -0.833333333333E+00  0.000000000000E+00 -0.333333333333E+01 -0.250000000000E+01 -0.250000000000E+01 -0.250000000000E+01 -0.166666666667E+01
 -0.833333333333E+00 -0.416666666667E+01 -0.333333333333E+01 -0.333333333333E+01 -0.333333333333E+01 -0.250000000000E+01 -0.166666666667E+01
 -0.500000000000E+01 -0.416666666667E+01 -0.416666666667E+01 -0.416666666667E+01 -0.333333333333E+01 -0.250000000000E+01 -0.500000000000E+01
 -0.500000000000E+01 -0.500000000000E+01 -0.416666666667E+01 -0.333333333333E+01 -0.500000000000E+01 -0.416666666667E+01 -0.500000000000E+01
 -0.250000000000E+01 -0.250000000000E+01 -0.250000000000E+01 -0.250000000000E+01 -0.250000000000E+01 -0.250000000000E+01 -0.250000000000E+01
 -0.250000000000E+01 -0.250000000000E+01 -0.250000000000E+01 -0.250000000000E+01 -0.250000000000E+01 -0.250000000000E+01 -0.250000000000E+01
 -0.250000000000E+01 -0.250000000000E+01 -0.250000000000E+01 -0.250000000000E+01 -0.250000000000E+01 -0.250000000000E+01 -0.250000000000E+01
 -0.250000000000E+01 -0.250000000000E+01 -0.250000000000E+01 -0.250000000000E+01 -0.250000000000E+01 -0.250000000000E+01 -0.250000000000E+01
 -0.250000000000E+01 -0.250000000000E+01 -0.250000000000E+01 -0.250000000000E+01 -0.250000000000E+01 -0.250000000000E+01 -0.250000000000E+01
 -0.250000000000E+01 -0.250000000000E+01 -0.250000000000E+01 -0.250000000000E+01 -0.250000000000E+01 -0.250000000000E+01 -0.250000000000E+01
  0.746602882731E+00  0.747426245459E+00  0.928922027084E+00  0.928838570488E+00  0.935074528133E+00  0.747590013218E+00  0.929107015901E+00
  0.928567911625E+00  0.935920582207E+00  0.902781777800E+00  0.747593922021E+00  0.929195076347E+00  0.928763562439E+00  0.936210330129E+00
  0.900629049415E+00  0.134581058928E+01  0.747590024296E+00  0.929327307729E+00  0.928807694526E+00  0.936255218615E+00  0.900371452899E+00
  0.134748238063E+01  0.747426357622E+00  0.929195076153E+00  0.928763558802E+00  0.936210319244E+00  0.900338218729E+00  0.134800931644E+01
  0.746603154030E+00  0.929107089956E+00  0.928567965648E+00  0.935920598934E+00  0.900371456070E+00  0.134790094028E+01  0.928922179880E+00
  0.928838686993E+00  0.935074574109E+00  0.900629087948E+00  0.134800932158E+01  0.902781844852E+00  0.134748243986E+01  0.134581076771E+01
  0.000000000000E+00  0.000000000000E+00  0.000000000000E+00  0.000000000000E+00  0.000000000000E+00  0.000000000000E+00  0.000000000000E+00
  0.000000000000E+00  0.000000000000E+00  0.000000000000E+00  0.000000000000E+00  0.000000000000E+00  0.000000000000E+00  0.000000000000E+00
  0.000000000000E+00  0.000000000000E+00  0.000000000000E+00  0.000000000000E+00  0.000000000000E+00  0.000000000000E+00  0.000000000000E+00
  0.000000000000E+00  0.000000000000E+00  0.000000000000E+00  0.000000000000E+00  0.000000000000E+00  0.000000000000E+00  0.000000000000E+00
  0.000000000000E+00  0.000000000000E+00  0.000000000000E+00  0.000000000000E+00  0.000000000000E+00  0.000000000000E+00  0.000000000000E+00
  0.000000000000E+00  0.000000000000E+00  0.000000000000E+00  0.000000000000E+00  0.000000000000E+00  0.000000000000E+00  0.000000000000E+00
  0.000000000000E+00  0.000000000000E+00  0.000000000000E+00  0.000000000000E+00  0.000000000000E+00  0.000000000000E+00  0.000000000000E+00
  0.000000000000E+00  0.000000000000E+00  0.000000000000E+00  0.000000000000E+00  0.000000000000E+00  0.000000000000E+00  0.000000000000E+00
  0.000000000000E+00  0.000000000000E+00  0.000000000000E+00  0.000000000000E+00  0.000000000000E+00  0.000000000000E+00  0.000000000000E+00
  0.000000000000E+00  0.000000000000E+00  0.000000000000E+00  0.000000000000E+00  0.000000000000E+00  0.000000000000E+00  0.000000000000E+00
  0.000000000000E+00  0.000000000000E+00  0.000000000000E+00  0.000000000000E+00  0.000000000000E+00  0.000000000000E+00  0.000000000000E+00
  0.000000000000E+00  0.000000000000E+00  0.000000000000E+00  0.000000000000E+00  0.000000000000E+00  0.000000000000E+00  0.000000000000E+00
  0.000000000000E+00  0.000000000000E+00  0.000000000000E+00  0.000000000000E+00  0.000000000000E+00  0.000000000000E+00  0.000000000000E+00
  0.000000000000E+00  0.000000000000E+00  0.000000000000E+00  0.000000000000E+00  0.000000000000E+00  0.000000000000E+00  0.000000000000E+00
  0.000000000000E+00  0.000000000000E+00  0.000000000000E+00  0.000000000000E+00  0.000000000000E+00  0.000000000000E+00  0.000000000000E+00
  0.000000000000E+00  0.000000000000E+00  0.000000000000E+00  0.000000000000E+00  0.000000000000E+00  0.000000000000E+00  0.000000000000E+00
  0.000000000000E+00  0.000000000000E+00  0.000000000000E+00  0.000000000000E+00  0.000000000000E+00  0.000000000000E+00  0.000000000000E+00
  0.000000000000E+00  0.000000000000E+00  0.000000000000E+00  0.000000000000E+00  0.000000000000E+00  0.000000000000E+00  0.000000000000E+00
  0.555913257432E+00  0.556526325325E+00  0.691666322112E+00  0.691604181141E+00  0.696247414656E+00  0.556648265208E+00  0.691804062989E+00
  0.691402651180E+00  0.696877378305E+00  0.672202546300E+00  0.556651175665E+00  0.691869631942E+00  0.691548330876E+00  0.697093121794E+00
  0.670599645646E+00  0.100207749780E+01  0.556648273457E+00  0.691968090145E+00  0.691581191199E+00  0.697126545326E+00  0.670407841782E+00
  0.100332229740E+01  0.556526408840E+00  0.691869631797E+00  0.691548328168E+00  0.697093113689E+00  0.670383095942E+00  0.100371464869E+01
  0.555913459439E+00  0.691804118130E+00  0.691402691405E+00  0.696877390759E+00  0.670407844143E+00  0.100363395286E+01  0.691666435882E+00
  0.691604267889E+00  0.696247448889E+00  0.670599674338E+00  0.100371465252E+01  0.672202596227E+00  0.100332234151E+01  0.100207763065E+01
  0.000000000000E+00  0.000000000000E+00  0.000000000000E+00  0.000000000000E+00  0.000000000000E+00  0.000000000000E+00  0.000000000000E+00
  0.000000000000E+00  0.000000000000E+00  0.000000000000E+00  0.000000000000E+00  0.000000000000E+00  0.000000000000E+00  0.000000000000E+00
  0.000000000000E+00  0.000000000000E+00  0.000000000000E+00  0.000000000000E+00  0.000000000000E+00  0.000000000000E+00  0.000000000000E+00
  0.000000000000E+00  0.000000000000E+00  0.000000000000E+00  0.000000000000E+00  0.000000000000E+00  0.000000000000E+00  0.000000000000E+00
  0.000000000000E+00  0.000000000000E+00  0.000000000000E+00  0.000000000000E+00  0.000000000000E+00  0.000000000000E+00  0.000000000000E+00
  0.000000000000E+00  0.000000000000E+00  0.000000000000E+00  0.000000000000E+00  0.000000000000E+00  0.000000000000E+00  0.000000000000E+00
  0.104242640687E+01  0.104242640687E+01  0.104242640687E+01  0.104242640687E+01  0.104242640687E+01  0.104242640687E+01  0.104242640687E+01
  0.104242640687E+01  0.104242640687E+01  0.104242640687E+01  0.104242640687E+01  0.104242640687E+01  0.104242640687E+01  0.104242640687E+01
  0.104242640687E+01  0.104242640687E+01  0.104242640687E+01  0.104242640687E+01  0.104242640687E+01  0.104242640687E+01  0.104242640687E+01
  0.104242640687E+01  0.104242640687E+01  0.104242640687E+01  0.104242640687E+01  0.104242640687E+01  0.104242640687E+01  0.104242640687E+01
  0.104242640687E+01  0.104242640687E+01  0.104242640687E+01  0.104242640687E+01  0.104242640687E+01  0.104242640687E+01  0.104242640687E+01
  0.104242640687E+01  0.104242640687E+01  0.104242640687E+01  0.104242640687E+01  0.104242640687E+01  0.104242640687E+01  0.104242640687E+01
        22        15        10        16
        15         8         4        10
         8         9         5         4
         9         7         3         5
         7         2         1         3
        28        21        15        22
        21        13         8        15
        13        14         9         8
        14        12         7         9
        12         6         2         7
        34        27        21        28
        27        19        13        21
        19        20        14        13
        20        18        12        14
        18        11         6        12
        39        33        27        34
        33        25        19        27
        25        26        20        19
        26        24        18        20
        24        17        11        18
        41        38        33        39
        38        31        25        33
        31        32        26        25
        32        30        24        26
        30        23        17        24
        42        40        38        41
        40        36        31        38
        36        37        32        31
        37        35        30        32
        35        29        23        30
