title="tecplot geometry and solution file"
variables = x y z rho u v w p mach temperature
zone t="boundary 1 bc-1", solutiontime= 0.9000000E+02, strandid=1001, i=42, j=30, f=feblock
  0.000000000000E+00  0.000000000000E+00  0.000000000000E+00  0.000000000000E+00  0.000000000000E+00  0.000000000000E+00  0.000000000000E+00
  0.000000000000E+00  0.000000000000E+00  0.000000000000E+00  0.000000000000E+00  0.000000000000E+00  0.000000000000E+00  0.000000000000E+00
  0.000000000000E+00  0.000000000000E+00  0.000000000000E+00  0.000000000000E+00  0.000000000000E+00  0.000000000000E+00  0.000000000000E+00
  0.000000000000E+00  0.000000000000E+00  0.000000000000E+00  0.000000000000E+00  0.000000000000E+00  0.000000000000E+00  0.000000000000E+00
  0.000000000000E+00  0.000000000000E+00  0.000000000000E+00  0.000000000000E+00  0.000000000000E+00  0.000000000000E+00  0.000000000000E+00
  0.000000000000E+00  0.000000000000E+00  0.000000000000E+00  0.000000000000E+00  0.000000000000E+00  0.000000000000E+00  0.000000000000E+00
  0.000000000000E+00  0.000000000000E+00 -0.833333333333E+00  0.000000000000E+00  0.000000000000E+00 -0.833333333333E+00 -0.166666666667E+01
  0.000000000000E+00 -0.833333333333E+00 -0.833333333333E+00  0.000000000000E+00 -0.166666666667E+01 -0.250000000000E+01 -0.833333333333E+00
 -0.166666666667E+01 -0.166666666667E+01 -0.833333333333E+00 -0.250000000000E+01 -0.333333333333E+01 -0.166666666667E+01 -0.250000000000E+01
 -0.250000000000E+01 -0.166666666667E+01 -0.333333333333E+01 -0.416666666667E+01 -0.250000000000E+01 -0.333333333333E+01 -0.333333333333E+01
 -0.250000000000E+01 -0.416666666667E+01 -0.500000000000E+01 -0.333333333333E+01 -0.416666666667E+01 -0.416666666667E+01 -0.333333333333E+01
 -0.500000000000E+01 -0.416666666667E+01 -0.500000000000E+01 -0.500000000000E+01 -0.416666666667E+01 -0.500000000000E+01 -0.500000000000E+01
  0.250000000000E+01  0.150000000000E+01  0.250000000000E+01  0.500000000000E+00 -0.150000000000E+01  0.150000000000E+01  0.250000000000E+01
 -0.500000000000E+00  0.500000000000E+00 -0.150000000000E+01 -0.250000000000E+01  0.150000000000E+01  0.250000000000E+01 -0.500000000000E+00
  0.500000000000E+00 -0.150000000000E+01 -0.250000000000E+01  0.150000000000E+01  0.250000000000E+01 -0.500000000000E+00  0.500000000000E+00
 -0.150000000000E+01 -0.250000000000E+01  0.150000000000E+01  0.250000000000E+01 -0.500000000000E+00  0.500000000000E+00 -0.150000000000E+01
 -0.250000000000E+01  0.150000000000E+01  0.250000000000E+01 -0.500000000000E+00  0.500000000000E+00 -0.150000000000E+01 -0.250000000000E+01
  0.150000000000E+01 -0.500000000000E+00  0.500000000000E+00 -0.150000000000E+01 -0.250000000000E+01 -0.500000000000E+00 -0.250000000000E+01
  0.100130326647E+01  0.100332813448E+01  0.100126893891E+01  0.100360856694E+01  0.102858985136E+01  0.100327378003E+01  0.100129119863E+01
  0.102294240250E+01  0.100332296000E+01  0.102580137477E+01  0.134580055069E+01  0.100331247457E+01  0.100127068281E+01  0.102260059785E+01
  0.100338953783E+01  0.102579257911E+01  0.134747252264E+01  0.100327719649E+01  0.100129119788E+01  0.102273653788E+01  0.100331957658E+01
  0.102560857095E+01  0.134800042903E+01  0.100331247364E+01  0.100126893664E+01  0.102262479595E+01  0.100338953586E+01  0.102579259353E+01
  0.134789234638E+01  0.100327377999E+01  0.100130326521E+01  0.102273653664E+01  0.100332296004E+01  0.102580144951E+01  0.134800043417E+01
  0.100332813489E+01  0.102260061369E+01  0.100360856449E+01  0.102858999208E+01  0.134747258183E+01  0.102294240681E+01  0.134580072913E+01
  0.498339677009E+00  0.497133894454E+00  0.498372796349E+00  0.496498919361E+00  0.475308792499E+00  0.497192446175E+00  0.498351617437E+00
  0.478303632044E+00  0.496826709648E+00  0.476456301930E+00  0.000000000000E+00  0.497152381255E+00  0.498372942505E+00  0.478874051916E+00
  0.496756977561E+00  0.476258054409E+00  0.000000000000E+00  0.497191192026E+00  0.498351617750E+00  0.478734692054E+00  0.496834809396E+00
  0.476442038152E+00  0.000000000000E+00  0.497152381964E+00  0.498372798048E+00  0.478878504319E+00  0.496756978990E+00  0.476258051661E+00
  0.000000000000E+00  0.497192448874E+00  0.498339679321E+00  0.478734688312E+00  0.496826704331E+00  0.476456229061E+00  0.000000000000E+00
  0.497133899052E+00  0.478874045461E+00  0.496498899033E+00  0.475308667174E+00  0.000000000000E+00  0.478303654908E+00  0.000000000000E+00
  0.000000000000E+00  0.000000000000E+00  0.169279607420E-05  0.000000000000E+00  0.000000000000E+00  0.625238390949E-05 -0.112705259357E-06
  0.000000000000E+00 -0.468092278006E-04 -0.971111234493E-03  0.000000000000E+00  0.298528359463E-05 -0.674599034789E-09  0.662078382362E-04
 -0.863909406785E-05 -0.128948160272E-03  0.000000000000E+00 -0.110979889557E-10  0.111804322564E-06  0.753467876845E-04  0.211244819183E-09
  0.566862177228E-08  0.000000000000E+00 -0.298300412290E-05 -0.169404011412E-05 -0.476804385510E-08  0.863845861829E-05  0.128981351840E-03
  0.000000000000E+00 -0.625303522920E-05  0.000000000000E+00 -0.753517876516E-04  0.468050159813E-04  0.971171766684E-03  0.000000000000E+00
  0.000000000000E+00 -0.662143925228E-04  0.000000000000E+00  0.000000000000E+00  0.000000000000E+00  0.000000000000E+00  0.000000000000E+00
  0.101098901787E-02  0.378949999312E-03  0.996521951475E-03  0.266244632448E-02  0.353941544612E-01  0.394968669579E-03  0.100961404266E-02
 -0.231123535996E-02  0.276859129397E-02  0.342588719205E-01  0.000000000000E+00  0.386236400697E-03  0.997094713695E-03 -0.251669636473E-02
  0.275012117333E-02  0.343795213734E-01  0.000000000000E+00  0.390757449400E-03  0.100961386637E-02 -0.254336577773E-02  0.275287628483E-02
  0.343533051618E-01  0.000000000000E+00  0.386235181756E-03  0.996521985518E-03 -0.256829795361E-02  0.275012137713E-02  0.343795242977E-01
  0.000000000000E+00  0.394966548191E-03  0.101099113440E-02 -0.254336401366E-02  0.276859696539E-02  0.342589002869E-01  0.000000000000E+00
  0.378951446028E-03 -0.251670179790E-02  0.266244664330E-02  0.353942574703E-01  0.000000000000E+00 -0.231124175528E-02  0.000000000000E+00
  0.715641120773E+00  0.717461100729E+00  0.715609674275E+00  0.718888296574E+00  0.755498536826E+00  0.717396726838E+00  0.715632190329E+00
  0.732931561712E+00  0.718651884028E+00  0.753362192137E+00  0.100207002316E+01  0.717435242658E+00  0.715611577262E+00  0.732407043216E+00
  0.718721668189E+00  0.753403264893E+00  0.100331495724E+01  0.717399932467E+00  0.715632189617E+00  0.732528042824E+00  0.718650613570E+00
  0.753197991212E+00  0.100370803121E+01  0.717435241770E+00  0.715609672013E+00  0.732420596319E+00  0.718721666080E+00  0.753403279732E+00
  0.100362755392E+01  0.717396727190E+00  0.715641119237E+00  0.732528041807E+00  0.718651880786E+00  0.753362237975E+00  0.100370803504E+01
  0.717461101936E+00  0.732407065110E+00  0.718888287661E+00  0.755498616913E+00  0.100331500131E+01  0.732931578313E+00  0.100207015602E+01
  0.498192878462E+00  0.496857440810E+00  0.498228365023E+00  0.495806261478E+00  0.470020626016E+00  0.496924805937E+00  0.498204918857E+00
  0.477571729050E+00  0.496145154128E+00  0.471096053871E+00  0.000000000000E+00  0.496880999452E+00  0.498228283703E+00  0.478233565098E+00
  0.496067789565E+00  0.470893785960E+00  0.000000000000E+00  0.496923284958E+00  0.498204919231E+00  0.478086824125E+00  0.496152755101E+00
  0.471094806692E+00  0.000000000000E+00  0.496881000235E+00  0.498228366946E+00  0.478239513897E+00  0.496067791236E+00  0.470893782145E+00
  0.000000000000E+00  0.496924808501E+00  0.498192880998E+00  0.478086820421E+00  0.496145149979E+00  0.471095987149E+00  0.000000000000E+00
  0.496857445090E+00  0.478233555236E+00  0.495806243649E+00  0.470020517552E+00  0.000000000000E+00  0.477571747506E+00  0.000000000000E+00
  0.100059352908E+01  0.100111370000E+01  0.100058386419E+01  0.100282485458E+01  0.102829903499E+01  0.100107810805E+01  0.100059310202E+01
  0.100309087187E+01  0.100278043835E+01  0.102817864641E+01  0.104242640687E+01  0.100109324380E+01  0.100058478228E+01  0.100270805891E+01
  0.100281126874E+01  0.102824351855E+01  0.104242640687E+01  0.100107917230E+01  0.100059310177E+01  0.100274041454E+01  0.100278204720E+01
  0.102814779202E+01  0.104242640687E+01  0.100109324350E+01  0.100058386329E+01  0.100270288664E+01  0.100281126776E+01  0.102824352435E+01
  0.104242640687E+01  0.100107810859E+01  0.100059352820E+01  0.100274041436E+01  0.100278043379E+01  0.102817863406E+01  0.104242640687E+01
  0.100111370127E+01  0.100270807335E+01  0.100282484460E+01  0.102829900332E+01  0.104242640687E+01  0.100309089036E+01  0.104242640687E+01
         3         6         2         1
         6         9         4         2
         9        14         8         4
        14        10         5         8
        10        17        11         5
         7        12         6         3
        12        15         9         6
        15        20        14         9
        20        16        10        14
        16        23        17        10
        13        18        12         7
        18        21        15        12
        21        26        20        15
        26        22        16        20
        22        29        23        16
        19        24        18        13
        24        27        21        18
        27        32        26        21
        32        28        22        26
        28        35        29        22
        25        30        24        19
        30        33        27        24
        33        37        32        27
        37        34        28        32
        34        40        35        28
        31        36        30        25
        36        38        33        30
        38        41        37        33
        41        39        34        37
        39        42        40        34
zone t="boundary 2 bc-2", solutiontime= 0.9000000E+02, strandid=1002, i=51, j=80, f=feblock
  0.500000000000E+01  0.500000000000E+01  0.400000000000E+01  0.425172245441E+01  0.500000000000E+01  0.427741389634E+01  0.300000000000E+01
  0.341887665662E+01  0.368116975164E+01  0.500000000000E+01  0.430894944607E+01  0.352044655687E+01  0.200000000000E+01  0.259168638257E+01
  0.301798341022E+01  0.500000000000E+01  0.435643616790E+01  0.375117520592E+01  0.271663237208E+01  0.288980181581E+01  0.100000000000E+01
  0.191939879870E+01  0.130679496696E+01  0.219385942988E+01  0.500000000000E+01  0.441735041915E+01  0.373031592783E+01  0.208456665067E+01
  0.230848460393E+01  0.190054259015E+01  0.298584217914E+01  0.000000000000E+00  0.613733212775E+00  0.151350918120E+01  0.794128609067E+00
  0.144135983281E+01  0.400000000000E+01  0.132476136006E+01  0.200000000000E+01  0.164582171489E+01  0.102008138039E+01  0.300000000000E+01
  0.000000000000E+00  0.000000000000E+00  0.701034609231E+00  0.609175469936E+00  0.100000000000E+01  0.505577837730E+00  0.000000000000E+00
  0.000000000000E+00  0.000000000000E+00
 -0.500000000000E+01 -0.500000000000E+01 -0.500000000000E+01 -0.500000000000E+01 -0.500000000000E+01 -0.500000000000E+01 -0.500000000000E+01
 -0.500000000000E+01 -0.500000000000E+01 -0.500000000000E+01 -0.500000000000E+01 -0.500000000000E+01 -0.500000000000E+01 -0.500000000000E+01
 -0.500000000000E+01 -0.500000000000E+01 -0.500000000000E+01 -0.500000000000E+01 -0.500000000000E+01 -0.500000000000E+01 -0.500000000000E+01
 -0.500000000000E+01 -0.500000000000E+01 -0.500000000000E+01 -0.500000000000E+01 -0.500000000000E+01 -0.500000000000E+01 -0.500000000000E+01
 -0.500000000000E+01 -0.500000000000E+01 -0.500000000000E+01 -0.500000000000E+01 -0.500000000000E+01 -0.500000000000E+01 -0.500000000000E+01
 -0.500000000000E+01 -0.500000000000E+01 -0.500000000000E+01 -0.500000000000E+01 -0.500000000000E+01 -0.500000000000E+01 -0.500000000000E+01
 -0.500000000000E+01 -0.500000000000E+01 -0.500000000000E+01 -0.500000000000E+01 -0.500000000000E+01 -0.500000000000E+01 -0.500000000000E+01
 -0.500000000000E+01 -0.500000000000E+01
  0.250000000000E+01  0.150000000000E+01  0.250000000000E+01  0.168388151981E+01  0.500000000000E+00  0.784980628699E+00  0.250000000000E+01
  0.172616846193E+01  0.104016062853E+01 -0.500000000000E+00 -0.103062804534E+00  0.179404976675E+00  0.250000000000E+01  0.166729536217E+01
  0.923171218453E+00 -0.150000000000E+01 -0.102255113015E+01 -0.669125930414E+00  0.135977239814E+00 -0.856266143819E+00  0.250000000000E+01
  0.158034275708E+01  0.175813852804E+01  0.774089735567E+00 -0.250000000000E+01 -0.179804978092E+01 -0.146769777443E+01 -0.223755606368E+00
 -0.164420331359E+01 -0.108875578595E+01 -0.190240885061E+01  0.250000000000E+01  0.185787993997E+01  0.110883669208E+01  0.100177177909E+01
  0.349093656766E+00 -0.250000000000E+01 -0.526785284186E+00 -0.250000000000E+01 -0.183798308008E+01 -0.145695630084E+01 -0.250000000000E+01
  0.150000000000E+01  0.500000000000E+00  0.396172271494E-01 -0.788824871575E+00 -0.250000000000E+01 -0.198405114581E+01 -0.150000000000E+01
 -0.500000000000E+00 -0.250000000000E+01
  0.100106476286E+01  0.100103288502E+01  0.100010553568E+01  0.100051487534E+01  0.100991021443E+01  0.100104874341E+01  0.100043012351E+01
  0.999668582903E+00  0.100101249268E+01  0.101760326171E+01  0.100397344776E+01  0.994439979792E+00  0.100126245244E+01  0.100005470942E+01
  0.997718582387E+00  0.960061931807E+00  0.980822281906E+00  0.996355284017E+00  0.992836584480E+00  0.998641751430E+00  0.100186663128E+01
  0.100050134061E+01  0.100162825896E+01  0.100015027671E+01  0.746580866647E+00  0.967505661782E+00  0.953107378124E+00  0.995197797556E+00
  0.991331573389E+00  0.991455581258E+00  0.966959883443E+00  0.100130326521E+01  0.100201607035E+01  0.100079881715E+01  0.100275933643E+01
  0.100506442179E+01  0.928896461767E+00  0.997824904511E+00  0.928818960371E+00  0.953084156167E+00  0.103614639046E+01  0.935049231694E+00
  0.100332813489E+01  0.100360856449E+01  0.100719130040E+01  0.100122218673E+01  0.902768582788E+00  0.104956183671E+01  0.102858999208E+01
  0.102294240681E+01  0.134580072913E+01
  0.497869204915E+00  0.498259876243E+00  0.501499331958E+00  0.496970564109E+00  0.510495852189E+00  0.507449283574E+00  0.501854741338E+00
  0.499629228133E+00  0.501252287507E+00  0.519081143831E+00  0.550988077997E+00  0.541087405073E+00  0.500092999141E+00  0.500668809895E+00
  0.504606391483E+00  0.488846499259E+00  0.557092877192E+00  0.578945537469E+00  0.531903179812E+00  0.576406957289E+00  0.498087175706E+00
  0.499468650340E+00  0.498849684698E+00  0.503518267473E+00  0.000000000000E+00  0.417160980558E+00  0.481205657295E+00  0.542863044968E+00
  0.426101071344E+00  0.583085759266E+00  0.325342296485E+00  0.498339679321E+00  0.498226720555E+00  0.498352621975E+00  0.496501398933E+00
  0.498054290192E+00  0.000000000000E+00  0.535755873531E+00  0.000000000000E+00  0.386608891901E+00  0.536091610576E+00  0.000000000000E+00
  0.497133899052E+00  0.496498899033E+00  0.492038466472E+00  0.505352448019E+00  0.000000000000E+00  0.430709412894E+00  0.475308667174E+00
  0.478303654908E+00  0.000000000000E+00
  0.000000000000E+00  0.000000000000E+00  0.000000000000E+00  0.000000000000E+00  0.000000000000E+00  0.000000000000E+00  0.000000000000E+00
  0.000000000000E+00  0.000000000000E+00  0.000000000000E+00  0.000000000000E+00  0.000000000000E+00  0.000000000000E+00  0.000000000000E+00
  0.000000000000E+00  0.000000000000E+00  0.000000000000E+00  0.000000000000E+00  0.000000000000E+00  0.000000000000E+00  0.000000000000E+00
  0.000000000000E+00  0.000000000000E+00  0.000000000000E+00  0.000000000000E+00  0.000000000000E+00  0.000000000000E+00  0.000000000000E+00
  0.000000000000E+00  0.000000000000E+00  0.000000000000E+00  0.000000000000E+00  0.000000000000E+00  0.000000000000E+00  0.000000000000E+00
  0.000000000000E+00  0.000000000000E+00  0.000000000000E+00  0.000000000000E+00  0.000000000000E+00  0.000000000000E+00  0.000000000000E+00
  0.000000000000E+00  0.000000000000E+00  0.000000000000E+00  0.000000000000E+00  0.000000000000E+00  0.000000000000E+00  0.000000000000E+00
  0.000000000000E+00  0.000000000000E+00
 -0.172296696936E-03  0.370243846050E-02  0.301995825039E-03 -0.100177753958E-02  0.183372798725E-02 -0.137502709864E-02  0.356532869648E-03
 -0.701451161972E-03 -0.323642360080E-02 -0.456342696910E-01 -0.942543838556E-02  0.186665941070E-02  0.118219921886E-02  0.101432212287E-02
 -0.881638942395E-03 -0.110578799296E+00 -0.319474876484E-01 -0.900265175304E-02  0.725826290093E-02  0.142144505508E-01  0.153762796526E-02
  0.243424358497E-02  0.264225343380E-02  0.487227397293E-02  0.000000000000E+00 -0.598775403977E-01  0.589969961148E-02  0.195825813970E-01
  0.327905600501E-02  0.339362244329E-01  0.388779495762E-02  0.101099113440E-02  0.208016832287E-02  0.339611646317E-02  0.251296025397E-02
  0.708289122617E-02  0.000000000000E+00  0.365702230463E-01  0.000000000000E+00 -0.256492403151E-02  0.651965417026E-01  0.000000000000E+00
  0.378951446028E-03  0.266244664330E-02  0.333763079185E-02  0.249687454090E-01  0.000000000000E+00  0.141967061736E+00  0.353942574703E-01
 -0.231124175528E-02  0.000000000000E+00
  0.715164261754E+00  0.715693474777E+00  0.714464708402E+00  0.714590324585E+00  0.723826490061E+00  0.716427268337E+00  0.714552891637E+00
  0.714003157904E+00  0.715271999340E+00  0.729041311115E+00  0.715420466573E+00  0.709291600048E+00  0.715435495125E+00  0.714354759560E+00
  0.712187560163E+00  0.675892335048E+00  0.693012257934E+00  0.704430452974E+00  0.709499664462E+00  0.705753930772E+00  0.716116095745E+00
  0.715332778658E+00  0.715852846783E+00  0.713532456149E+00  0.555896864470E+00  0.685101569657E+00  0.675232744731E+00  0.711745398191E+00
  0.707467729853E+00  0.697282670115E+00  0.699063847977E+00  0.715641119237E+00  0.716177857206E+00  0.715509487877E+00  0.717550263012E+00
  0.718018125451E+00  0.691647286425E+00  0.716063556506E+00  0.691589579638E+00  0.679823586073E+00  0.735163260956E+00  0.696228579173E+00
  0.717461101936E+00  0.718888287661E+00  0.719045381826E+00  0.725477282555E+00  0.672192721423E+00  0.725658879935E+00  0.755498616913E+00
  0.732931578313E+00  0.100207015602E+01
  0.497828158659E+00  0.498040351759E+00  0.501463057911E+00  0.496993535274E+00  0.509630190361E+00  0.506957764372E+00  0.501868933336E+00
  0.499645755197E+00  0.501170545339E+00  0.520302898162E+00  0.551724350414E+00  0.541480562189E+00  0.500007701926E+00  0.500659335733E+00
  0.504773132669E+00  0.504841941426E+00  0.561049580390E+00  0.581988290441E+00  0.531828722351E+00  0.579662783950E+00  0.497916651103E+00
  0.499233992816E+00  0.498715863057E+00  0.503845412023E+00  0.000000000000E+00  0.423269775933E+00  0.483218455321E+00  0.542876456974E+00
  0.426302244538E+00  0.588619880677E+00  0.323409909645E+00  0.498192880998E+00  0.498073782155E+00  0.498136662845E+00  0.496060006270E+00
  0.498064771829E+00  0.000000000000E+00  0.535751891528E+00  0.000000000000E+00  0.386887670095E+00  0.541853353193E+00  0.000000000000E+00
  0.496857445090E+00  0.495806243649E+00  0.492178753515E+00  0.502357782971E+00  0.000000000000E+00  0.460950397824E+00  0.470020517552E+00
  0.477571747506E+00  0.000000000000E+00
  0.100016502788E+01  0.100093701184E+01  0.100014504077E+01  0.999911624585E+00  0.100341304763E+01  0.100194738995E+01  0.999943948892E+00
  0.999935816891E+00  0.100036793386E+01  0.100300173355E+01  0.997624643794E+00  0.998560255266E+00  0.100034680291E+01  0.100004195167E+01
  0.999342501813E+00  0.985612737801E+00  0.989187520519E+00  0.989810211261E+00  0.100046628597E+01  0.989399353338E+00  0.100069460619E+01
  0.100096406619E+01  0.100056480688E+01  0.998795342931E+00  0.104242640687E+01  0.991355643080E+00  0.991835615084E+00  0.100125177117E+01
  0.999115581892E+00  0.984608646736E+00  0.101213028992E+01  0.100059352820E+01  0.100063165628E+01  0.100091373597E+01  0.100180604830E+01
  0.100016014281E+01  0.104242640687E+01  0.100467424152E+01  0.104242640687E+01  0.998603338796E+00  0.993323506036E+00  0.104242640687E+01
  0.100111370127E+01  0.100282484460E+01  0.999476002381E+00  0.101442837468E+01  0.104242640687E+01  0.967949096831E+00  0.102829900332E+01
  0.100309089036E+01  0.104242640687E+01
        28        24        19        19
        19        24        15        15
        19        15        12        12
        22        13        14        14
        13        22        23        23
        31        27        37        37
        31        29        20        20
        35        34        36        36
        34        23        22        22
         8         9        15        15
         9         6        12        12
        20        18        27        27
        27        18        17        17
        38        45        36        36
        38        30        41        41
        28        19        20        20
        30        40        41        41
        40        39        47        47
        11        10        17        17
        10        11         5         5
         8        14         7         7
        14        24        22        22
        45        46        50        50
        46        41        49        49
        41        46        38        38
        29        39        40        40
        36        24        28        28
        36        45        35        35
        20        29        30        30
        11        18        12        12
        15        24        14        14
        12        20        19        19
        12        18        20        20
        31        20        27        27
         9        12        15        15
         9         4         6         6
        24        36        34        34
        35        23        34        34
        38        36        28        28
        41        47        48        48
        29        40        30        30
        49        50        46        46
        46        45        38        38
        25        26        16        16
        26        37        27        27
        32        33        43        43
        33        21        23        23
        51        48        47        47
         1         4         3         3
         4         2         6         6
         6         5        11        11
        35        43        33        33
        43        35        44        44
         8         3         4         4
         3         8         7         7
        31        37        42        42
        17        16        26        26
        16        17        10        10
        34        22        24        24
        47        41        40        40
        15        14         8         8
        20        30        28        28
        11        17        18        18
        39        31        42        42
         4         9         8         8
        33        23        35        35
        28        30        38        38
        17        26        27        27
        41        48        49        49
        35        45        44        44
        39        29        31        31
        45        50        44        44
        21        13        23        23
        13         7        14        14
         2         5         6         6
         6        11        12        12
        25        37        26        26
        51        49        48        48
        32        21        33        33
         1         2         4         4
zone t="boundary 3 bc-3", solutiontime= 0.9000000E+02, strandid=1003, i=51, j=80, f=feblock
  0.500000000000E+01  0.500000000000E+01  0.400000000000E+01  0.425172245441E+01  0.500000000000E+01  0.427741389634E+01  0.300000000000E+01
  0.341887665662E+01  0.368116975164E+01  0.500000000000E+01  0.430894944607E+01  0.352044655687E+01  0.200000000000E+01  0.259168638257E+01
  0.301798341022E+01  0.500000000000E+01  0.435643616790E+01  0.375117520592E+01  0.271663237208E+01  0.288980181581E+01  0.100000000000E+01
  0.191939879870E+01  0.130679496696E+01  0.219385942988E+01  0.500000000000E+01  0.441735041915E+01  0.373031592783E+01  0.208456665067E+01
  0.230848460393E+01  0.190054259015E+01  0.298584217914E+01  0.000000000000E+00  0.613733212775E+00  0.151350918120E+01  0.794128609067E+00
  0.144135983281E+01  0.400000000000E+01  0.132476136006E+01  0.200000000000E+01  0.164582171489E+01  0.102008138039E+01  0.300000000000E+01
  0.000000000000E+00  0.000000000000E+00  0.701034609231E+00  0.609175469936E+00  0.100000000000E+01  0.505577837730E+00  0.000000000000E+00
  0.000000000000E+00  0.000000000000E+00
  0.000000000000E+00  0.000000000000E+00  0.000000000000E+00  0.000000000000E+00  0.000000000000E+00  0.000000000000E+00  0.000000000000E+00
  0.000000000000E+00  0.000000000000E+00  0.000000000000E+00  0.000000000000E+00  0.000000000000E+00  0.000000000000E+00  0.000000000000E+00
  0.000000000000E+00  0.000000000000E+00  0.000000000000E+00  0.000000000000E+00  0.000000000000E+00  0.000000000000E+00  0.000000000000E+00
  0.000000000000E+00  0.000000000000E+00  0.000000000000E+00  0.000000000000E+00  0.000000000000E+00  0.000000000000E+00  0.000000000000E+00
  0.000000000000E+00  0.000000000000E+00  0.000000000000E+00  0.000000000000E+00  0.000000000000E+00  0.000000000000E+00  0.000000000000E+00
  0.000000000000E+00  0.000000000000E+00  0.000000000000E+00  0.000000000000E+00  0.000000000000E+00  0.000000000000E+00  0.000000000000E+00
  0.000000000000E+00  0.000000000000E+00  0.000000000000E+00  0.000000000000E+00  0.000000000000E+00  0.000000000000E+00  0.000000000000E+00
  0.000000000000E+00  0.000000000000E+00
  0.250000000000E+01  0.150000000000E+01  0.250000000000E+01  0.168388151981E+01  0.500000000000E+00  0.784980628699E+00  0.250000000000E+01
  0.172616846193E+01  0.104016062853E+01 -0.500000000000E+00 -0.103062804534E+00  0.179404976675E+00  0.250000000000E+01  0.166729536217E+01
  0.923171218453E+00 -0.150000000000E+01 -0.102255113015E+01 -0.669125930414E+00  0.135977239814E+00 -0.856266143819E+00  0.250000000000E+01
  0.158034275708E+01  0.175813852804E+01  0.774089735567E+00 -0.250000000000E+01 -0.179804978092E+01 -0.146769777443E+01 -0.223755606368E+00
 -0.164420331359E+01 -0.108875578595E+01 -0.190240885061E+01  0.250000000000E+01  0.185787993997E+01  0.110883669208E+01  0.100177177909E+01
  0.349093656766E+00 -0.250000000000E+01 -0.526785284186E+00 -0.250000000000E+01 -0.183798308008E+01 -0.145695630084E+01 -0.250000000000E+01
  0.150000000000E+01  0.500000000000E+00  0.396172271494E-01 -0.788824871575E+00 -0.250000000000E+01 -0.198405114581E+01 -0.150000000000E+01
 -0.500000000000E+00 -0.250000000000E+01
  0.100106475318E+01  0.100103287742E+01  0.100010553346E+01  0.100051486640E+01  0.100991022250E+01  0.100104876079E+01  0.100043012109E+01
  0.999668574353E+00  0.100101248707E+01  0.101760335875E+01  0.100397348925E+01  0.994439985741E+00  0.100126246140E+01  0.100005470706E+01
  0.997718559453E+00  0.960062072405E+00  0.980822411678E+00  0.996355372569E+00  0.992836595323E+00  0.998641822837E+00  0.100186663300E+01
  0.100050134548E+01  0.100162826453E+01  0.100015029420E+01  0.746580595529E+00  0.967505683495E+00  0.953107500422E+00  0.995197826073E+00
  0.991331592010E+00  0.991455645240E+00  0.966959903758E+00  0.100130326647E+01  0.100201607172E+01  0.100079882172E+01  0.100275933719E+01
  0.100506443311E+01  0.928896308982E+00  0.997824923662E+00  0.928818843764E+00  0.953084195054E+00  0.103614646004E+01  0.935049185602E+00
  0.100332813448E+01  0.100360856694E+01  0.100719130805E+01  0.100122216354E+01  0.902768515711E+00  0.104956199435E+01  0.102858985136E+01
  0.102294240250E+01  0.134580055069E+01
  0.497869202308E+00  0.498259860252E+00  0.501499335429E+00  0.496970546560E+00  0.510495769622E+00  0.507449193512E+00  0.501854741641E+00
  0.499629242296E+00  0.501252218870E+00  0.519081132546E+00  0.550987980940E+00  0.541087309604E+00  0.500092982958E+00  0.500668808397E+00
  0.504606314020E+00  0.488846408945E+00  0.557093020010E+00  0.578945406912E+00  0.531902984261E+00  0.576406994616E+00  0.498087169135E+00
  0.499468635562E+00  0.498849671800E+00  0.503518199836E+00  0.000000000000E+00  0.417160999252E+00  0.481205830600E+00  0.542862910378E+00
  0.426101281931E+00  0.583085777729E+00  0.325342493975E+00  0.498339677009E+00  0.498226717263E+00  0.498352613139E+00  0.496501407640E+00
  0.498054204104E+00  0.000000000000E+00  0.535755757379E+00  0.000000000000E+00  0.386609217331E+00  0.536091730314E+00  0.000000000000E+00
  0.497133894454E+00  0.496498919361E+00  0.492038395180E+00  0.505352442702E+00  0.000000000000E+00  0.430709500551E+00  0.475308792499E+00
  0.478303632044E+00  0.000000000000E+00
  0.000000000000E+00  0.000000000000E+00  0.000000000000E+00  0.000000000000E+00  0.000000000000E+00  0.000000000000E+00  0.000000000000E+00
  0.000000000000E+00  0.000000000000E+00  0.000000000000E+00  0.000000000000E+00  0.000000000000E+00  0.000000000000E+00  0.000000000000E+00
  0.000000000000E+00  0.000000000000E+00  0.000000000000E+00  0.000000000000E+00  0.000000000000E+00  0.000000000000E+00  0.000000000000E+00
  0.000000000000E+00  0.000000000000E+00  0.000000000000E+00  0.000000000000E+00  0.000000000000E+00  0.000000000000E+00  0.000000000000E+00
  0.000000000000E+00  0.000000000000E+00  0.000000000000E+00  0.000000000000E+00  0.000000000000E+00  0.000000000000E+00  0.000000000000E+00
  0.000000000000E+00  0.000000000000E+00  0.000000000000E+00  0.000000000000E+00  0.000000000000E+00  0.000000000000E+00  0.000000000000E+00
  0.000000000000E+00  0.000000000000E+00  0.000000000000E+00  0.000000000000E+00  0.000000000000E+00  0.000000000000E+00  0.000000000000E+00
  0.000000000000E+00  0.000000000000E+00
 -0.172294350352E-03  0.370244400583E-02  0.301994205646E-03 -0.100177849759E-02  0.183380632376E-02 -0.137503413317E-02  0.356534111467E-03
 -0.701464512103E-03 -0.323643942321E-02 -0.456341159265E-01 -0.942544405622E-02  0.186665380121E-02  0.118219390260E-02  0.101434809667E-02
 -0.881614661798E-03 -0.110578800679E+00 -0.319471819208E-01 -0.900281205623E-02  0.725823650747E-02  0.142144916708E-01  0.153763219456E-02
  0.243425331290E-02  0.264225407715E-02  0.487230322945E-02  0.000000000000E+00 -0.598773153134E-01  0.589971004356E-02  0.195825824998E-01
  0.327929671734E-02  0.339362364228E-01  0.388777047428E-02  0.101098901787E-02  0.208017100690E-02  0.339609952726E-02  0.251296093017E-02
  0.708285102705E-02  0.000000000000E+00  0.365701218671E-01  0.000000000000E+00 -0.256504171626E-02  0.651964522473E-01  0.000000000000E+00
  0.378949999312E-03  0.266244632448E-02  0.333760882642E-02  0.249685818742E-01  0.000000000000E+00  0.141967112395E+00  0.353941544612E-01
 -0.231123535996E-02  0.000000000000E+00
  0.715164253051E+00  0.715693464809E+00  0.714464705354E+00  0.714590316480E+00  0.723826504452E+00  0.716427280393E+00  0.714552889002E+00
  0.714003148871E+00  0.715271994589E+00  0.729041398173E+00  0.715420525833E+00  0.709291602458E+00  0.715435501685E+00  0.714354758950E+00
  0.712187533229E+00  0.675892423076E+00  0.693012339773E+00  0.704430558453E+00  0.709499684138E+00  0.705753997601E+00  0.716116098123E+00
  0.715332788566E+00  0.715852851567E+00  0.713532466807E+00  0.555896662598E+00  0.685101527354E+00  0.675232764800E+00  0.711745428602E+00
  0.707467710516E+00  0.697282719104E+00  0.699063793196E+00  0.715641120773E+00  0.716177857892E+00  0.715509496757E+00  0.717550266073E+00
  0.718018126218E+00  0.691647172663E+00  0.716063590528E+00  0.691589492814E+00  0.679823535349E+00  0.735163299001E+00  0.696228544854E+00
  0.717461100729E+00  0.718888296574E+00  0.719045375385E+00  0.725477280853E+00  0.672192671478E+00  0.725658844289E+00  0.755498536826E+00
  0.732931561712E+00  0.100207002316E+01
  0.497828156676E+00  0.498040337393E+00  0.501463061893E+00  0.496993518326E+00  0.509630105186E+00  0.506957674553E+00  0.501868933958E+00
  0.499645770404E+00  0.501170477079E+00  0.520302867234E+00  0.551724241902E+00  0.541480467333E+00  0.500007685678E+00  0.500659333909E+00
  0.504773058882E+00  0.504841857095E+00  0.561049710141E+00  0.581988144024E+00  0.531828522033E+00  0.579662815763E+00  0.497916644150E+00
  0.499233975851E+00  0.498715849884E+00  0.503845345275E+00  0.000000000000E+00  0.423269780216E+00  0.483218653274E+00  0.542876318775E+00
  0.426302466895E+00  0.588619898270E+00  0.323410121712E+00  0.498192878462E+00  0.498073778977E+00  0.498136651943E+00  0.496060014103E+00
  0.498064687724E+00  0.000000000000E+00  0.535751761455E+00  0.000000000000E+00  0.386888018853E+00  0.541853465792E+00  0.000000000000E+00
  0.496857440810E+00  0.495806261478E+00  0.492178686131E+00  0.502357764457E+00  0.000000000000E+00  0.460950544500E+00  0.470020626016E+00
  0.477571729050E+00  0.000000000000E+00
  0.100016502538E+01  0.100093700550E+01  0.100014503873E+01  0.999911622173E+00  0.100341305956E+01  0.100194738941E+01  0.999943947626E+00
  0.999935812792E+00  0.100036793282E+01  0.100300175768E+01  0.997624685202E+00  0.998560252685E+00  0.100034680314E+01  0.100004195317E+01
  0.999342486991E+00  0.985612721828E+00  0.989187506454E+00  0.989810271502E+00  0.100046630279E+01  0.989399376280E+00  0.100069460779E+01
  0.100096407518E+01  0.100056480801E+01  0.998795340380E+00  0.104242640687E+01  0.991355559618E+00  0.991835517296E+00  0.100125178526E+01
  0.999115535817E+00  0.984608652371E+00  0.101213018934E+01  0.100059352908E+01  0.100063165587E+01  0.100091374382E+01  0.100180605181E+01
  0.100016013262E+01  0.104242640687E+01  0.100467426997E+01  0.104242640687E+01  0.998603223543E+00  0.993323490733E+00  0.104242640687E+01
  0.100111370000E+01  0.100282485458E+01  0.999475985834E+00  0.101442839579E+01  0.104242640687E+01  0.967948903896E+00  0.102829903499E+01
  0.100309087187E+01  0.104242640687E+01
        19        24        28        28
        15        24        19        19
        12        15        19        19
        14        13        22        22
        23        22        13        13
        37        27        31        31
        20        29        31        31
        36        34        35        35
        22        23        34        34
        15         9         8         8
        12         6         9         9
        27        18        20        20
        17        18        27        27
        36        45        38        38
        41        30        38        38
        20        19        28        28
        41        40        30        30
        47        39        40        40
        17        10        11        11
         5        11        10        10
         7        14         8         8
        22        24        14        14
        50        46        45        45
        49        41        46        46
        38        46        41        41
        40        39        29        29
        28        24        36        36
        35        45        36        36
        30        29        20        20
        12        18        11        11
        14        24        15        15
        19        20        12        12
        20        18        12        12
        27        20        31        31
        15        12         9         9
         6         4         9         9
        34        36        24        24
        34        23        35        35
        28        36        38        38
        48        47        41        41
        30        40        29        29
        46        50        49        49
        38        45        46        46
        16        26        25        25
        27        37        26        26
        43        33        32        32
        23        21        33        33
        47        48        51        51
         3         4         1         1
         6         2         4         4
        11         5         6         6
        33        43        35        35
        44        35        43        43
         4         3         8         8
         7         8         3         3
        42        37        31        31
        26        16        17        17
        10        17        16        16
        24        22        34        34
        40        41        47        47
         8        14        15        15
        28        30        20        20
        18        17        11        11
        42        31        39        39
         8         9         4         4
        35        23        33        33
        38        30        28        28
        27        26        17        17
        49        48        41        41
        44        45        35        35
        31        29        39        39
        44        50        45        45
        23        13        21        21
        14         7        13        13
         6         5         2         2
        12        11         6         6
        26        37        25        25
        48        49        51        51
        33        21        32        32
         4         2         1         1
zone t="boundary 4 bc-4", solutiontime= 0.9000000E+02, strandid=1004, i=42, j=30, f=feblock
  0.500000000000E+01  0.400000000000E+01  0.500000000000E+01  0.300000000000E+01  0.400000000000E+01  0.500000000000E+01  0.200000000000E+01
  0.300000000000E+01  0.400000000000E+01  0.500000000000E+01  0.100000000000E+01  0.200000000000E+01  0.300000000000E+01  0.400000000000E+01
  0.500000000000E+01  0.000000000000E+00  0.100000000000E+01  0.200000000000E+01  0.300000000000E+01  0.400000000000E+01  0.500000000000E+01
  0.000000000000E+00  0.100000000000E+01  0.200000000000E+01  0.300000000000E+01  0.400000000000E+01  0.500000000000E+01  0.000000000000E+00
  0.100000000000E+01  0.200000000000E+01  0.300000000000E+01  0.400000000000E+01  0.000000000000E+00  0.100000000000E+01  0.200000000000E+01
  0.300000000000E+01  0.000000000000E+00  0.100000000000E+01  0.200000000000E+01  0.000000000000E+00  0.100000000000E+01  0.000000000000E+00
  0.000000000000E+00  0.000000000000E+00 -0.833333333333E+00  0.000000000000E+00 -0.833333333333E+00 -0.166666666667E+01  0.000000000000E+00
 -0.833333333333E+00 -0.166666666667E+01 -0.250000000000E+01  0.000000000000E+00 -0.833333333333E+00 -0.166666666667E+01 -0.250000000000E+01
 -0.333333333333E+01  0.000000000000E+00 -0.833333333333E+00 -0.166666666667E+01 -0.250000000000E+01 -0.333333333333E+01 -0.416666666667E+01
 -0.833333333333E+00 -0.166666666667E+01 -0.250000000000E+01 -0.333333333333E+01 -0.416666666667E+01 -0.500000000000E+01 -0.166666666667E+01
 -0.250000000000E+01 -0.333333333333E+01 -0.416666666667E+01 -0.500000000000E+01 -0.250000000000E+01 -0.333333333333E+01 -0.416666666667E+01
 -0.500000000000E+01 -0.333333333333E+01 -0.416666666667E+01 -0.500000000000E+01 -0.416666666667E+01 -0.500000000000E+01 -0.500000000000E+01
  0.250000000000E+01  0.250000000000E+01  0.250000000000E+01  0.250000000000E+01  0.250000000000E+01  0.250000000000E+01  0.250000000000E+01
  0.250000000000E+01  0.250000000000E+01  0.250000000000E+01  0.250000000000E+01  0.250000000000E+01  0.250000000000E+01  0.250000000000E+01
  0.250000000000E+01  0.250000000000E+01  0.250000000000E+01  0.250000000000E+01  0.250000000000E+01  0.250000000000E+01  0.250000000000E+01
  0.250000000000E+01  0.250000000000E+01  0.250000000000E+01  0.250000000000E+01  0.250000000000E+01  0.250000000000E+01  0.250000000000E+01
  0.250000000000E+01  0.250000000000E+01  0.250000000000E+01  0.250000000000E+01  0.250000000000E+01  0.250000000000E+01  0.250000000000E+01
  0.250000000000E+01  0.250000000000E+01  0.250000000000E+01  0.250000000000E+01  0.250000000000E+01  0.250000000000E+01  0.250000000000E+01
  0.100106475318E+01  0.100010553346E+01  0.100102104141E+01  0.100043012109E+01  0.100000543038E+01  0.100105005736E+01  0.100126246140E+01
  0.100030874081E+01  0.100006596639E+01  0.100104032301E+01  0.100186663300E+01  0.100116684667E+01  0.100038916735E+01  0.100003780270E+01
  0.100105005681E+01  0.100130326647E+01  0.100179986740E+01  0.100124223107E+01  0.100034085573E+01  0.100006596670E+01  0.100102104295E+01
  0.100126893891E+01  0.100185086074E+01  0.100118830889E+01  0.100038916866E+01  0.100000542920E+01  0.100106476286E+01  0.100129119863E+01
  0.100180925248E+01  0.100124223039E+01  0.100030874173E+01  0.100010553568E+01  0.100127068281E+01  0.100185086014E+01  0.100116684183E+01
  0.100043012351E+01  0.100129119788E+01  0.100179986620E+01  0.100126245244E+01  0.100126893664E+01  0.100186663128E+01  0.100130326521E+01
  0.497869202308E+00  0.501499335429E+00  0.498029944500E+00  0.501854741641E+00  0.501892553496E+00  0.498004307454E+00  0.500092982958E+00
  0.502193517855E+00  0.501777014209E+00  0.498009921609E+00  0.498087169135E+00  0.500257569505E+00  0.502042290187E+00  0.501834097401E+00
  0.498004303858E+00  0.498339677009E+00  0.498178104743E+00  0.500123220344E+00  0.502136108263E+00  0.501777007579E+00  0.498029944491E+00
  0.498372796349E+00  0.498099272994E+00  0.500218756590E+00  0.502042284922E+00  0.501892552348E+00  0.497869204915E+00  0.498351617437E+00
  0.498165660015E+00  0.500123219931E+00  0.502193517169E+00  0.501499331958E+00  0.498372942505E+00  0.498099273810E+00  0.500257574320E+00
  0.501854741338E+00  0.498351617750E+00  0.498178108228E+00  0.500092999141E+00  0.498372798048E+00  0.498087175706E+00  0.498339679321E+00
  0.000000000000E+00  0.000000000000E+00 -0.393324786307E-04  0.000000000000E+00 -0.561279207935E-04  0.215152192737E-04  0.000000000000E+00
 -0.465811520310E-04  0.221902747844E-04 -0.449285100308E-08  0.000000000000E+00 -0.305743926881E-04  0.217959831958E-04 -0.246413804489E-08
 -0.215230182103E-04  0.000000000000E+00 -0.917861202706E-05  0.114263452645E-04 -0.199251700525E-08 -0.221967967458E-04  0.393240070201E-04
  0.169279607420E-05  0.645442815008E-05 -0.204431097227E-08 -0.218030216812E-04  0.561206644938E-04  0.000000000000E+00 -0.112705259357E-06
 -0.824114683692E-09 -0.114314205666E-04  0.465775610635E-04  0.000000000000E+00 -0.674599034789E-09 -0.645489943438E-05  0.305678127192E-04
  0.000000000000E+00  0.111804322564E-06  0.917647425671E-05  0.000000000000E+00 -0.169404011412E-05  0.000000000000E+00  0.000000000000E+00
 -0.172294350352E-03  0.301994205646E-03 -0.298502805665E-03  0.356534111467E-03  0.247972351221E-03 -0.248398618245E-03  0.118219390260E-02
  0.288383153270E-03  0.305291254183E-03 -0.270601659142E-03  0.153763219456E-02  0.104687931735E-02  0.356044640410E-03  0.270125153303E-03
 -0.248396164258E-03  0.101098901787E-02  0.147278181489E-02  0.112885891336E-02  0.304124972385E-03  0.305291831633E-03 -0.298506908535E-03
  0.996521951475E-03  0.151946960769E-02  0.107194854143E-02  0.356044763609E-03  0.247971938396E-03 -0.172296696936E-03  0.100961404266E-02
  0.147891973547E-02  0.112885800206E-02  0.288382015087E-03  0.301995825039E-03  0.997094713695E-03  0.151946875431E-02  0.104688128730E-02
  0.356532869648E-03  0.100961386637E-02  0.147277925199E-02  0.118219921886E-02  0.996521985518E-03  0.153762796526E-02  0.101099113440E-02
  0.715164253051E+00  0.714464705354E+00  0.715117816480E+00  0.714552889002E+00  0.714371479602E+00  0.715146126560E+00  0.715435501685E+00
  0.714426599515E+00  0.714431651507E+00  0.715136440532E+00  0.716116098123E+00  0.715328176191E+00  0.714506963201E+00  0.714403097850E+00
  0.715146126042E+00  0.715641120773E+00  0.716048697356E+00  0.715403718895E+00  0.714458215761E+00  0.714431651851E+00  0.715117817566E+00
  0.715609674275E+00  0.716099347487E+00  0.715349633762E+00  0.714506964573E+00  0.714371478889E+00  0.715164261754E+00  0.715632190329E+00
  0.716057893252E+00  0.715403718246E+00  0.714426600611E+00  0.714464708402E+00  0.715611577262E+00  0.716099346815E+00  0.715328172484E+00
  0.714552891637E+00  0.715632189617E+00  0.716048695741E+00  0.715435495125E+00  0.715609672013E+00  0.716116095745E+00  0.715641119237E+00
  0.497828156676E+00  0.501463061893E+00  0.497994242243E+00  0.501868933958E+00  0.501863851770E+00  0.497965938903E+00  0.500007685678E+00
  0.502221594182E+00  0.501742404106E+00  0.497972514862E+00  0.497916644150E+00  0.500185579308E+00  0.502062346163E+00  0.501802424699E+00
  0.497965935348E+00  0.498192878462E+00  0.498014194861E+00  0.500043850244E+00  0.502161138256E+00  0.501742397434E+00  0.497994242241E+00
  0.498228365023E+00  0.497930592212E+00  0.500144683827E+00  0.502062340745E+00  0.501863850577E+00  0.497828158659E+00  0.498204918857E+00
  0.498000907327E+00  0.500043849888E+00  0.502221593342E+00  0.501463057911E+00  0.498228283703E+00  0.497930593111E+00  0.500185584213E+00
  0.501868933336E+00  0.498204919231E+00  0.498014198602E+00  0.500007701926E+00  0.498228366946E+00  0.497916651103E+00  0.498192880998E+00
  0.100016502538E+01  0.100014503873E+01  0.100014375489E+01  0.999943947626E+00  0.100011464044E+01  0.100015435774E+01  0.100034680314E+01
  0.999888532928E+00  0.100013833659E+01  0.100015053712E+01  0.100069460779E+01  0.100029225897E+01  0.999920612032E+00  0.100012652951E+01
  0.100015435757E+01  0.100059352908E+01  0.100066710820E+01  0.100032257467E+01  0.999900680187E+00  0.100013833676E+01  0.100014375487E+01
  0.100058386419E+01  0.100068695429E+01  0.100030082091E+01  0.999920612639E+00  0.100011464062E+01  0.100016502788E+01  0.100059310202E+01
  0.100067058482E+01  0.100032257444E+01  0.999888533538E+00  0.100014504077E+01  0.100058478228E+01  0.100068695394E+01  0.100029225863E+01
  0.999943948892E+00  0.100059310177E+01  0.100066710713E+01  0.100034680291E+01  0.100058386329E+01  0.100069460619E+01  0.100059352820E+01
         3         5         2         1
         5         8         4         2
         8        12         7         4
        12        17        11         7
        17        22        16        11
         6         9         5         3
         9        13         8         5
        13        18        12         8
        18        23        17        12
        23        28        22        17
        10        14         9         6
        14        19        13         9
        19        24        18        13
        24        29        23        18
        29        33        28        23
        15        20        14        10
        20        25        19        14
        25        30        24        19
        30        34        29        24
        34        37        33        29
        21        26        20        15
        26        31        25        20
        31        35        30        25
        35        38        34        30
        38        40        37        34
        27        32        26        21
        32        36        31        26
        36        39        35        31
        39        41        38        35
        41        42        40        38
zone t="boundary 5 bc-5", solutiontime= 0.9000000E+02, strandid=1005, i=42, j=30, f=feblock
  0.500000000000E+01  0.500000000000E+01  0.500000000000E+01  0.500000000000E+01  0.500000000000E+01  0.500000000000E+01  0.500000000000E+01
  0.500000000000E+01  0.500000000000E+01  0.500000000000E+01  0.500000000000E+01  0.500000000000E+01  0.500000000000E+01  0.500000000000E+01
  0.500000000000E+01  0.500000000000E+01  0.500000000000E+01  0.500000000000E+01  0.500000000000E+01  0.500000000000E+01  0.500000000000E+01
  0.500000000000E+01  0.500000000000E+01  0.500000000000E+01  0.500000000000E+01  0.500000000000E+01  0.500000000000E+01  0.500000000000E+01
  0.500000000000E+01  0.500000000000E+01  0.500000000000E+01  0.500000000000E+01  0.500000000000E+01  0.500000000000E+01  0.500000000000E+01
  0.500000000000E+01  0.500000000000E+01  0.500000000000E+01  0.500000000000E+01  0.500000000000E+01  0.500000000000E+01  0.500000000000E+01
  0.000000000000E+00  0.000000000000E+00 -0.833333333333E+00  0.000000000000E+00 -0.833333333333E+00 -0.166666666667E+01  0.000000000000E+00
 -0.833333333333E+00 -0.166666666667E+01 -0.250000000000E+01  0.000000000000E+00 -0.833333333333E+00 -0.166666666667E+01 -0.250000000000E+01
 -0.333333333333E+01  0.000000000000E+00 -0.833333333333E+00 -0.166666666667E+01 -0.250000000000E+01 -0.333333333333E+01 -0.416666666667E+01
 -0.833333333333E+00 -0.166666666667E+01 -0.250000000000E+01 -0.333333333333E+01 -0.416666666667E+01 -0.500000000000E+01 -0.166666666667E+01
 -0.250000000000E+01 -0.333333333333E+01 -0.416666666667E+01 -0.500000000000E+01 -0.250000000000E+01 -0.333333333333E+01 -0.416666666667E+01
 -0.500000000000E+01 -0.333333333333E+01 -0.416666666667E+01 -0.500000000000E+01 -0.416666666667E+01 -0.500000000000E+01 -0.500000000000E+01
  0.250000000000E+01  0.150000000000E+01  0.250000000000E+01  0.500000000000E+00  0.150000000000E+01  0.250000000000E+01 -0.500000000000E+00
  0.500000000000E+00  0.150000000000E+01  0.250000000000E+01 -0.150000000000E+01 -0.500000000000E+00  0.500000000000E+00  0.150000000000E+01
  0.250000000000E+01 -0.250000000000E+01 -0.150000000000E+01 -0.500000000000E+00  0.500000000000E+00  0.150000000000E+01  0.250000000000E+01
 -0.250000000000E+01 -0.150000000000E+01 -0.500000000000E+00  0.500000000000E+00  0.150000000000E+01  0.250000000000E+01 -0.250000000000E+01
 -0.150000000000E+01 -0.500000000000E+00  0.500000000000E+00  0.150000000000E+01 -0.250000000000E+01 -0.150000000000E+01 -0.500000000000E+00
  0.500000000000E+00 -0.250000000000E+01 -0.150000000000E+01 -0.500000000000E+00 -0.250000000000E+01 -0.150000000000E+01 -0.250000000000E+01
  0.100106475318E+01  0.100103287742E+01  0.100102104141E+01  0.100991022250E+01  0.100093254868E+01  0.100105005736E+01  0.101760335875E+01
  0.100981593324E+01  0.100095452519E+01  0.100104032301E+01  0.960062072405E+00  0.101928445611E+01  0.100983245148E+01  0.100093803364E+01
  0.100105005681E+01  0.746580595529E+00  0.965787684916E+00  0.101928582254E+01  0.100982276658E+01  0.100095452661E+01  0.100102104295E+01
  0.747408538446E+00  0.965739980155E+00  0.101932468239E+01  0.100983245093E+01  0.100093254950E+01  0.100106476286E+01  0.747574064658E+00
  0.965970679546E+00  0.101928581237E+01  0.100981592778E+01  0.100103288502E+01  0.747579415750E+00  0.965739969983E+00  0.101928442344E+01
  0.100991021443E+01  0.747574075790E+00  0.965787623189E+00  0.101760326171E+01  0.747408650848E+00  0.960061931807E+00  0.746580866647E+00
  0.497869202308E+00  0.498259860252E+00  0.498029944500E+00  0.510495769622E+00  0.497987319413E+00  0.498004307454E+00  0.519081132546E+00
  0.510093957382E+00  0.497996719641E+00  0.498009921609E+00  0.488846408945E+00  0.520506242668E+00  0.510160008338E+00  0.497985766674E+00
  0.498004303858E+00  0.000000000000E+00  0.492223382491E+00  0.520684356962E+00  0.510112770120E+00  0.497996719094E+00  0.498029944491E+00
  0.000000000000E+00  0.492399933222E+00  0.520500411436E+00  0.510160017143E+00  0.497987318118E+00  0.497869204915E+00  0.000000000000E+00
  0.492106802307E+00  0.520684375020E+00  0.510093963020E+00  0.498259876243E+00  0.000000000000E+00  0.492399932845E+00  0.520506211400E+00
  0.510495852189E+00  0.000000000000E+00  0.492223453743E+00  0.519081143831E+00  0.000000000000E+00  0.488846499259E+00  0.000000000000E+00
  0.000000000000E+00  0.000000000000E+00 -0.393324786307E-04  0.000000000000E+00 -0.810510241151E-04  0.215152192737E-04  0.000000000000E+00
  0.535821155129E-04  0.153005643216E-04 -0.449285100308E-08  0.000000000000E+00  0.111435783660E-02  0.265347391251E-04 -0.157381122712E-08
 -0.215230182103E-04  0.000000000000E+00  0.284368833169E-02  0.190400606336E-03 -0.138070121412E-08 -0.153016948329E-04  0.393240070201E-04
  0.000000000000E+00  0.559696740862E-03 -0.177112868603E-07 -0.265366259689E-04  0.810557291598E-04  0.000000000000E+00  0.000000000000E+00
 -0.183193072126E-07 -0.190447036066E-03 -0.535708587086E-04  0.000000000000E+00  0.000000000000E+00 -0.559755698365E-03 -0.111441055745E-02
  0.000000000000E+00  0.000000000000E+00 -0.284375115902E-02  0.000000000000E+00  0.000000000000E+00  0.000000000000E+00  0.000000000000E+00
 -0.172294350352E-03  0.370244400583E-02 -0.298502805665E-03  0.183380632376E-02  0.331443956530E-02 -0.248398618245E-03 -0.456341159265E-01
  0.216297513615E-02  0.346058944914E-02 -0.270601659142E-03 -0.110578800679E+00 -0.435929898268E-01  0.235439476265E-02  0.348411290968E-02
 -0.248396164258E-03  0.000000000000E+00 -0.108313028825E+00 -0.434227231361E-01  0.248845156742E-02  0.346058986777E-02 -0.298506908535E-03
  0.000000000000E+00 -0.108175755850E+00 -0.432513314429E-01  0.235438047045E-02  0.331443315562E-02 -0.172296696936E-03  0.000000000000E+00
 -0.108206088403E+00 -0.434227576810E-01  0.216295945140E-02  0.370243846050E-02  0.000000000000E+00 -0.108175788959E+00 -0.435929824065E-01
  0.183372798725E-02  0.000000000000E+00 -0.108312904035E+00 -0.456342696910E-01  0.000000000000E+00 -0.110578799296E+00  0.000000000000E+00
  0.715164253051E+00  0.715693464809E+00  0.715117816480E+00  0.723826504452E+00  0.715580697780E+00  0.715146126560E+00  0.729041398173E+00
  0.723846363101E+00  0.715604457940E+00  0.715136440532E+00  0.675892423076E+00  0.730610266390E+00  0.723866835822E+00  0.715588664772E+00
  0.715146126042E+00  0.555896662598E+00  0.679992777909E+00  0.730594714182E+00  0.723852167625E+00  0.715604459336E+00  0.715117817566E+00
  0.556513140855E+00  0.679925420759E+00  0.730636866194E+00  0.723866835386E+00  0.715580699690E+00  0.715164261754E+00  0.556636390065E+00
  0.680144299841E+00  0.730594704495E+00  0.723846354675E+00  0.715693474777E+00  0.556640374437E+00  0.679925412473E+00  0.730610236232E+00
  0.723826490061E+00  0.556636398354E+00  0.679992741538E+00  0.729041311115E+00  0.556513224549E+00  0.675892335048E+00  0.555896864470E+00
  0.497828156676E+00  0.498040337393E+00  0.497994242243E+00  0.509630105186E+00  0.497779478526E+00  0.497965938903E+00  0.520302867234E+00
  0.509199512174E+00  0.497787062267E+00  0.497972514862E+00  0.504841857095E+00  0.521417421021E+00  0.509263253426E+00  0.497777670428E+00
  0.497965935348E+00  0.000000000000E+00  0.507646908503E+00  0.521585200002E+00  0.509219451273E+00  0.497787061591E+00  0.497994242241E+00
  0.000000000000E+00  0.507795736980E+00  0.521382876515E+00  0.509263262164E+00  0.497779476731E+00  0.497828158659E+00  0.000000000000E+00
  0.507492546811E+00  0.521585221705E+00  0.509199519320E+00  0.498040351759E+00  0.000000000000E+00  0.507795744251E+00  0.521417391816E+00
  0.509630190361E+00  0.000000000000E+00  0.507646949291E+00  0.520302898162E+00  0.000000000000E+00  0.504841941426E+00  0.000000000000E+00
  0.100016502538E+01  0.100093700550E+01  0.100014375489E+01  0.100341305956E+01  0.100087960794E+01  0.100015435774E+01  0.100300175768E+01
  0.100353428282E+01  0.100089086557E+01  0.100015053712E+01  0.985612721828E+00  0.100350237543E+01  0.100354625034E+01  0.100088526663E+01
  0.100015435757E+01  0.104242640687E+01  0.985713427435E+00  0.100347966903E+01  0.100353553931E+01  0.100089086611E+01  0.100014375487E+01
  0.104242640687E+01  0.985664473484E+00  0.100349930727E+01  0.100354625028E+01  0.100087960978E+01  0.100016502788E+01  0.104242640687E+01
  0.985746296383E+00  0.100347966574E+01  0.100353427657E+01  0.100093701184E+01  0.104242640687E+01  0.985664471854E+00  0.100350236617E+01
  0.100341304763E+01  0.104242640687E+01  0.985713437713E+00  0.100300173355E+01  0.104242640687E+01  0.985612737801E+00  0.104242640687E+01
        22        17        11        16
        17        12         7        11
        12         8         4         7
         8         5         2         4
         5         3         1         2
        28        23        17        22
        23        18        12        17
        18        13         8        12
        13         9         5         8
         9         6         3         5
        33        29        23        28
        29        24        18        23
        24        19        13        18
        19        14         9        13
        14        10         6         9
        37        34        29        33
        34        30        24        29
        30        25        19        24
        25        20        14        19
        20        15        10        14
        40        38        34        37
        38        35        30        34
        35        31        25        30
        31        26        20        25
        26        21        15        20
        42        41        38        40
        41        39        35        38
        39        36        31        35
        36        32        26        31
        32        27        21        26
zone t="boundary 6 bc-6", solutiontime= 0.9000000E+02, strandid=1006, i=42, j=30, f=feblock
  0.500000000000E+01  0.500000000000E+01  0.400000000000E+01  0.200000000000E+01  0.300000000000E+01  0.500000000000E+01  0.400000000000E+01
  0.200000000000E+01  0.300000000000E+01  0.100000000000E+01  0.500000000000E+01  0.400000000000E+01  0.200000000000E+01  0.300000000000E+01
  0.100000000000E+01  0.000000000000E+00  0.500000000000E+01  0.400000000000E+01  0.200000000000E+01  0.300000000000E+01  0.100000000000E+01
  0.000000000000E+00  0.500000000000E+01  0.400000000000E+01  0.200000000000E+01  0.300000000000E+01  0.100000000000E+01  0.000000000000E+00
  0.500000000000E+01  0.400000000000E+01  0.200000000000E+01  0.300000000000E+01  0.100000000000E+01  0.000000000000E+00  0.400000000000E+01
  0.200000000000E+01  0.300000000000E+01  0.100000000000E+01  0.000000000000E+00  0.100000000000E+01  0.000000000000E+00  0.000000000000E+00
  0.000000000000E+00 -0.833333333333E+00  0.000000000000E+00  0.000000000000E+00  0.000000000000E+00 -0.166666666667E+01 -0.833333333333E+00
 -0.833333333333E+00 -0.833333333333E+00  0.000000000000E+00 -0.250000000000E+01 -0.166666666667E+01 -0.166666666667E+01 -0.166666666667E+01
 -0.833333333333E+00  0.000000000000E+00 -0.333333333333E+01 -0.250000000000E+01 -0.250000000000E+01 -0.250000000000E+01 -0.166666666667E+01
 -0.833333333333E+00 -0.416666666667E+01 -0.333333333333E+01 -0.333333333333E+01 -0.333333333333E+01 -0.250000000000E+01 -0.166666666667E+01
 -0.500000000000E+01 -0.416666666667E+01 -0.416666666667E+01 -0.416666666667E+01 -0.333333333333E+01 -0.250000000000E+01 -0.500000000000E+01
 -0.500000000000E+01 -0.500000000000E+01 -0.416666666667E+01 -0.333333333333E+01 -0.500000000000E+01 -0.416666666667E+01 -0.500000000000E+01
 -0.250000000000E+01 -0.250000000000E+01 -0.250000000000E+01 -0.250000000000E+01 -0.250000000000E+01 -0.250000000000E+01 -0.250000000000E+01
 -0.250000000000E+01 -0.250000000000E+01 -0.250000000000E+01 -0.250000000000E+01 -0.250000000000E+01 -0.250000000000E+01 -0.250000000000E+01
 -0.250000000000E+01 -0.250000000000E+01 -0.250000000000E+01 -0.250000000000E+01 -0.250000000000E+01 -0.250000000000E+01 -0.250000000000E+01
 -0.250000000000E+01 -0.250000000000E+01 -0.250000000000E+01 -0.250000000000E+01 -0.250000000000E+01 -0.250000000000E+01 -0.250000000000E+01
 -0.250000000000E+01 -0.250000000000E+01 -0.250000000000E+01 -0.250000000000E+01 -0.250000000000E+01 -0.250000000000E+01 -0.250000000000E+01
 -0.250000000000E+01 -0.250000000000E+01 -0.250000000000E+01 -0.250000000000E+01 -0.250000000000E+01 -0.250000000000E+01 -0.250000000000E+01
  0.746580595529E+00  0.747408538446E+00  0.928896308982E+00  0.928818843764E+00  0.935049185602E+00  0.747574064658E+00  0.929085496807E+00
  0.928549680252E+00  0.935898161505E+00  0.902768515711E+00  0.747579415750E+00  0.929175386958E+00  0.928747459260E+00  0.936190779766E+00
  0.900616330889E+00  0.134580055069E+01  0.747574075790E+00  0.929309902037E+00  0.928792794899E+00  0.936237208611E+00  0.900359889522E+00
  0.134747252264E+01  0.747408650848E+00  0.929175386834E+00  0.928747455617E+00  0.936190768907E+00  0.900327182942E+00  0.134800042903E+01
  0.746580866647E+00  0.929085571054E+00  0.928549734268E+00  0.935898178367E+00  0.900359892689E+00  0.134789234638E+01  0.928896461767E+00
  0.928818960371E+00  0.935049231694E+00  0.900616369372E+00  0.134800043417E+01  0.902768582788E+00  0.134747258183E+01  0.134580072913E+01
  0.000000000000E+00  0.000000000000E+00  0.000000000000E+00  0.000000000000E+00  0.000000000000E+00  0.000000000000E+00  0.000000000000E+00
  0.000000000000E+00  0.000000000000E+00  0.000000000000E+00  0.000000000000E+00  0.000000000000E+00  0.000000000000E+00  0.000000000000E+00
  0.000000000000E+00  0.000000000000E+00  0.000000000000E+00  0.000000000000E+00  0.000000000000E+00  0.000000000000E+00  0.000000000000E+00
  0.000000000000E+00  0.000000000000E+00  0.000000000000E+00  0.000000000000E+00  0.000000000000E+00  0.000000000000E+00  0.000000000000E+00
  0.000000000000E+00  0.000000000000E+00  0.000000000000E+00  0.000000000000E+00  0.000000000000E+00  0.000000000000E+00  0.000000000000E+00
  0.000000000000E+00  0.000000000000E+00  0.000000000000E+00  0.000000000000E+00  0.000000000000E+00  0.000000000000E+00  0.000000000000E+00
  0.000000000000E+00  0.000000000000E+00  0.000000000000E+00  0.000000000000E+00  0.000000000000E+00  0.000000000000E+00  0.000000000000E+00
  0.000000000000E+00  0.000000000000E+00  0.000000000000E+00  0.000000000000E+00  0.000000000000E+00  0.000000000000E+00  0.000000000000E+00
  0.000000000000E+00  0.000000000000E+00  0.000000000000E+00  0.000000000000E+00  0.000000000000E+00  0.000000000000E+00  0.000000000000E+00
  0.000000000000E+00  0.000000000000E+00  0.000000000000E+00  0.000000000000E+00  0.000000000000E+00  0.000000000000E+00  0.000000000000E+00
  0.000000000000E+00  0.000000000000E+00  0.000000000000E+00  0.000000000000E+00  0.000000000000E+00  0.000000000000E+00  0.000000000000E+00
  0.000000000000E+00  0.000000000000E+00  0.000000000000E+00  0.000000000000E+00  0.000000000000E+00  0.000000000000E+00  0.000000000000E+00
  0.000000000000E+00  0.000000000000E+00  0.000000000000E+00  0.000000000000E+00  0.000000000000E+00  0.000000000000E+00  0.000000000000E+00
  0.000000000000E+00  0.000000000000E+00  0.000000000000E+00  0.000000000000E+00  0.000000000000E+00  0.000000000000E+00  0.000000000000E+00
  0.000000000000E+00  0.000000000000E+00  0.000000000000E+00  0.000000000000E+00  0.000000000000E+00  0.000000000000E+00  0.000000000000E+00
  0.000000000000E+00  0.000000000000E+00  0.000000000000E+00  0.000000000000E+00  0.000000000000E+00  0.000000000000E+00  0.000000000000E+00
  0.000000000000E+00  0.000000000000E+00  0.000000000000E+00  0.000000000000E+00  0.000000000000E+00  0.000000000000E+00  0.000000000000E+00
  0.000000000000E+00  0.000000000000E+00  0.000000000000E+00  0.000000000000E+00  0.000000000000E+00  0.000000000000E+00  0.000000000000E+00
  0.555896662598E+00  0.556513140855E+00  0.691647172663E+00  0.691589492814E+00  0.696228544854E+00  0.556636390065E+00  0.691788040081E+00
  0.691389076276E+00  0.696860684068E+00  0.672192671478E+00  0.556640374437E+00  0.691854971414E+00  0.691536340605E+00  0.697078564784E+00
  0.670590175556E+00  0.100207002316E+01  0.556636398354E+00  0.691955130036E+00  0.691570097082E+00  0.697113135251E+00  0.670399231804E+00
  0.100331495724E+01  0.556513224549E+00  0.691854971321E+00  0.691536337893E+00  0.697078556699E+00  0.670374878802E+00  0.100370803121E+01
  0.555896864470E+00  0.691788095364E+00  0.691389116496E+00  0.696860696623E+00  0.670399234162E+00  0.100362755392E+01  0.691647286425E+00
  0.691589579638E+00  0.696228579173E+00  0.670590204210E+00  0.100370803504E+01  0.672192721423E+00  0.100331500131E+01  0.100207015602E+01
  0.000000000000E+00  0.000000000000E+00  0.000000000000E+00  0.000000000000E+00  0.000000000000E+00  0.000000000000E+00  0.000000000000E+00
  0.000000000000E+00  0.000000000000E+00  0.000000000000E+00  0.000000000000E+00  0.000000000000E+00  0.000000000000E+00  0.000000000000E+00
  0.000000000000E+00  0.000000000000E+00  0.000000000000E+00  0.000000000000E+00  0.000000000000E+00  0.000000000000E+00  0.000000000000E+00
  0.000000000000E+00  0.000000000000E+00  0.000000000000E+00  0.000000000000E+00  0.000000000000E+00  0.000000000000E+00  0.000000000000E+00
  0.000000000000E+00  0.000000000000E+00  0.000000000000E+00  0.000000000000E+00  0.000000000000E+00  0.000000000000E+00  0.000000000000E+00
  0.000000000000E+00  0.000000000000E+00  0.000000000000E+00  0.000000000000E+00  0.000000000000E+00  0.000000000000E+00  0.000000000000E+00
  0.104242640687E+01  0.104242640687E+01  0.104242640687E+01  0.104242640687E+01  0.104242640687E+01  0.104242640687E+01  0.104242640687E+01
  0.104242640687E+01  0.104242640687E+01  0.104242640687E+01  0.104242640687E+01  0.104242640687E+01  0.104242640687E+01  0.104242640687E+01
  0.104242640687E+01  0.104242640687E+01  0.104242640687E+01  0.104242640687E+01  0.104242640687E+01  0.104242640687E+01  0.104242640687E+01
  0.104242640687E+01  0.104242640687E+01  0.104242640687E+01  0.104242640687E+01  0.104242640687E+01  0.104242640687E+01  0.104242640687E+01
  0.104242640687E+01  0.104242640687E+01  0.104242640687E+01  0.104242640687E+01  0.104242640687E+01  0.104242640687E+01  0.104242640687E+01
  0.104242640687E+01  0.104242640687E+01  0.104242640687E+01  0.104242640687E+01  0.104242640687E+01  0.104242640687E+01  0.104242640687E+01
        22        15        10        16
        15         8         4        10
         8         9         5         4
         9         7         3         5
         7         2         1         3
        28        21        15        22
        21        13         8        15
        13        14         9         8
        14        12         7         9
        12         6         2         7
        34        27        21        28
        27        19        13        21
        19        20        14        13
        20        18        12        14
        18        11         6        12
        39        33        27        34
        33        25        19        27
        25        26        20        19
        26        24        18        20
        24        17        11        18
        41        38        33        39
        38        31        25        33
        31        32        26        25
        32        30        24        26
        30        23        17        24
        42        40        38        41
        40        36        31        38
        36        37        32        31
        37        35        30        32
        35        29        23        30
