title="tecplot geometry and solution file"
variables = x y z rho u v w p mach temperature
zone t="boundary 1 bc-1", solutiontime= 0.1000000E+02, strandid=1001, i=42, j=30, f=feblock
  0.000000000000E+00  0.000000000000E+00  0.000000000000E+00  0.000000000000E+00  0.000000000000E+00  0.000000000000E+00  0.000000000000E+00
  0.000000000000E+00  0.000000000000E+00  0.000000000000E+00  0.000000000000E+00  0.000000000000E+00  0.000000000000E+00  0.000000000000E+00
  0.000000000000E+00  0.000000000000E+00  0.000000000000E+00  0.000000000000E+00  0.000000000000E+00  0.000000000000E+00  0.000000000000E+00
  0.000000000000E+00  0.000000000000E+00  0.000000000000E+00  0.000000000000E+00  0.000000000000E+00  0.000000000000E+00  0.000000000000E+00
  0.000000000000E+00  0.000000000000E+00  0.000000000000E+00  0.000000000000E+00  0.000000000000E+00  0.000000000000E+00  0.000000000000E+00
  0.000000000000E+00  0.000000000000E+00  0.000000000000E+00  0.000000000000E+00  0.000000000000E+00  0.000000000000E+00  0.000000000000E+00
  0.000000000000E+00  0.000000000000E+00 -0.833333333333E+00  0.000000000000E+00  0.000000000000E+00 -0.833333333333E+00 -0.166666666667E+01
  0.000000000000E+00 -0.833333333333E+00 -0.833333333333E+00  0.000000000000E+00 -0.166666666667E+01 -0.250000000000E+01 -0.833333333333E+00
 -0.166666666667E+01 -0.166666666667E+01 -0.833333333333E+00 -0.250000000000E+01 -0.333333333333E+01 -0.166666666667E+01 -0.250000000000E+01
 -0.250000000000E+01 -0.166666666667E+01 -0.333333333333E+01 -0.416666666667E+01 -0.250000000000E+01 -0.333333333333E+01 -0.333333333333E+01
 -0.250000000000E+01 -0.416666666667E+01 -0.500000000000E+01 -0.333333333333E+01 -0.416666666667E+01 -0.416666666667E+01 -0.333333333333E+01
 -0.500000000000E+01 -0.416666666667E+01 -0.500000000000E+01 -0.500000000000E+01 -0.416666666667E+01 -0.500000000000E+01 -0.500000000000E+01
  0.250000000000E+01  0.150000000000E+01  0.250000000000E+01  0.500000000000E+00 -0.150000000000E+01  0.150000000000E+01  0.250000000000E+01
 -0.500000000000E+00  0.500000000000E+00 -0.150000000000E+01 -0.250000000000E+01  0.150000000000E+01  0.250000000000E+01 -0.500000000000E+00
  0.500000000000E+00 -0.150000000000E+01 -0.250000000000E+01  0.150000000000E+01  0.250000000000E+01 -0.500000000000E+00  0.500000000000E+00
 -0.150000000000E+01 -0.250000000000E+01  0.150000000000E+01  0.250000000000E+01 -0.500000000000E+00  0.500000000000E+00 -0.150000000000E+01
 -0.250000000000E+01  0.150000000000E+01  0.250000000000E+01 -0.500000000000E+00  0.500000000000E+00 -0.150000000000E+01 -0.250000000000E+01
  0.150000000000E+01 -0.500000000000E+00  0.500000000000E+00 -0.150000000000E+01 -0.250000000000E+01 -0.500000000000E+00 -0.250000000000E+01
  0.100142350275E+01  0.100251220605E+01  0.100140637828E+01  0.100446453012E+01  0.102945227699E+01  0.100245307713E+01  0.100141676122E+01
  0.102094561602E+01  0.100426870758E+01  0.102698555279E+01  0.134121389650E+01  0.100248349325E+01  0.100141107947E+01  0.102050040634E+01
  0.100431797975E+01  0.102687889055E+01  0.134291009648E+01  0.100246247866E+01  0.100141676095E+01  0.102060326057E+01  0.100427288132E+01
  0.102671002877E+01  0.134332561966E+01  0.100248349233E+01  0.100140637709E+01  0.102054306295E+01  0.100431797708E+01  0.102687890997E+01
  0.134327109841E+01  0.100245307742E+01  0.100142350283E+01  0.102060326086E+01  0.100426870548E+01  0.102698560362E+01  0.134332562742E+01
  0.100251220612E+01  0.102050042824E+01  0.100446452142E+01  0.102945235525E+01  0.134291015419E+01  0.102094563344E+01  0.134121405127E+01
  0.498455587254E+00  0.498188183580E+00  0.498479017294E+00  0.496009491137E+00  0.474293574236E+00  0.498274029109E+00  0.498457770482E+00
  0.479895663503E+00  0.496275542364E+00  0.475118113966E+00  0.000000000000E+00  0.498239507129E+00  0.498467950657E+00  0.480496596394E+00
  0.496223887410E+00  0.474979250600E+00  0.000000000000E+00  0.498266093130E+00  0.498457770599E+00  0.480391826407E+00  0.496281802024E+00
  0.475131630640E+00  0.000000000000E+00  0.498239506875E+00  0.498479019478E+00  0.480494194475E+00  0.496223887946E+00  0.474979243107E+00
  0.000000000000E+00  0.498274029726E+00  0.498455588860E+00  0.480391824246E+00  0.496275539432E+00  0.475118067075E+00  0.000000000000E+00
  0.498188183469E+00  0.480496583416E+00  0.496009486801E+00  0.474293504893E+00  0.000000000000E+00  0.479895676546E+00  0.000000000000E+00
  0.000000000000E+00  0.000000000000E+00  0.653833394124E-05  0.000000000000E+00  0.000000000000E+00  0.675264741980E-05  0.526376850303E-05
  0.000000000000E+00 -0.114828906079E-04 -0.927466780943E-03  0.000000000000E+00  0.906407334112E-05 -0.866695761169E-10 -0.249699650306E-06
  0.187276994217E-04 -0.140541443287E-03  0.000000000000E+00 -0.386068679955E-09 -0.526384469114E-05  0.865072327211E-04 -0.168458152115E-08
  0.850804357032E-08  0.000000000000E+00 -0.906448290094E-05 -0.653902557126E-05 -0.355261774814E-08 -0.187307844432E-04  0.140568405804E-03
  0.000000000000E+00 -0.675612921396E-05  0.000000000000E+00 -0.865084260548E-04  0.114779583218E-04  0.927507942719E-03  0.000000000000E+00
  0.000000000000E+00  0.250992257793E-06  0.000000000000E+00  0.000000000000E+00  0.000000000000E+00  0.000000000000E+00  0.000000000000E+00
  0.505885986809E-03  0.132669639275E-02  0.488877892303E-03  0.272295343981E-02  0.369983371844E-01  0.138724929971E-02  0.499661260222E-03
 -0.249525490313E-02  0.282926779621E-02  0.357684878063E-01  0.000000000000E+00  0.137685805246E-02  0.480955220547E-03 -0.279074719538E-02
  0.284152247396E-02  0.358982019471E-01  0.000000000000E+00  0.136439674464E-02  0.499661068268E-03 -0.273708574338E-02  0.281957094690E-02
  0.358792947265E-01  0.000000000000E+00  0.137685725995E-02  0.488877550355E-03 -0.279384938440E-02  0.284152218108E-02  0.358982011882E-01
  0.000000000000E+00  0.138724440063E-02  0.505887515913E-03 -0.273708531911E-02  0.282926587070E-02  0.357685279268E-01  0.000000000000E+00
  0.132668816517E-02 -0.279076150535E-02  0.272294365948E-02  0.369984606224E-01  0.000000000000E+00 -0.249526374228E-02  0.000000000000E+00
  0.715638179316E+00  0.716898042525E+00  0.715618022034E+00  0.719140935985E+00  0.755290723902E+00  0.716841031504E+00  0.715631713969E+00
  0.731656743922E+00  0.718949032050E+00  0.753298032588E+00  0.998654844983E+00  0.716870446981E+00  0.715623137333E+00  0.731116957495E+00
  0.718999389821E+00  0.753272819362E+00  0.999917819018E+00  0.716851269154E+00  0.715631713657E+00  0.731200216666E+00  0.718955851157E+00
  0.753091535404E+00  0.100022721354E+01  0.716870446012E+00  0.715618020746E+00  0.731133327113E+00  0.718999386960E+00  0.753272835272E+00
  0.100018661755E+01  0.716841031754E+00  0.715638179375E+00  0.731200218148E+00  0.718949029551E+00  0.753298065932E+00  0.100022721932E+01
  0.716898042477E+00  0.731116981257E+00  0.719140926399E+00  0.755290772776E+00  0.999917861989E+00  0.731656763668E+00  0.998654960219E+00
  0.498338927369E+00  0.497905681277E+00  0.498365092669E+00  0.495441988691E+00  0.469403822728E+00  0.497996758088E+00  0.498341677538E+00
  0.479111166136E+00  0.495726146674E+00  0.470180235966E+00  0.000000000000E+00  0.497959564518E+00  0.498353409472E+00  0.479785131747E+00
  0.495669421243E+00  0.470035805645E+00  0.000000000000E+00  0.497987542648E+00  0.498341677695E+00  0.479677080434E+00  0.495731023121E+00
  0.470202240405E+00  0.000000000000E+00  0.497959564370E+00  0.498365095004E+00  0.479787407586E+00  0.495669422106E+00  0.470035797706E+00
  0.000000000000E+00  0.497996758675E+00  0.498338928975E+00  0.479677077856E+00  0.495726144079E+00  0.470180194104E+00  0.000000000000E+00
  0.497905681180E+00  0.479785116221E+00  0.495441985464E+00  0.469403766642E+00  0.000000000000E+00  0.479111176823E+00  0.000000000000E+00
  0.100046928027E+01  0.100114218409E+01  0.100045820815E+01  0.100232241178E+01  0.102715496104E+01  0.100112161557E+01  0.100046697674E+01
  0.100330460841E+01  0.100225033129E+01  0.102690562954E+01  0.104242640687E+01  0.100113232041E+01  0.100046066277E+01  0.100300179611E+01
  0.100227135832E+01  0.102697792000E+01  0.104242640687E+01  0.100112652411E+01  0.100046697658E+01  0.100301492547E+01  0.100225567208E+01
  0.102689963088E+01  0.104242640687E+01  0.100113231997E+01  0.100045820755E+01  0.100298232884E+01  0.100227135699E+01  0.102697792226E+01
  0.104242640687E+01  0.100112161563E+01  0.100046928028E+01  0.100301492722E+01  0.100225032989E+01  0.102690562417E+01  0.104242640687E+01
  0.100114218394E+01  0.100300180719E+01  0.100232240710E+01  0.102715494942E+01  0.104242640687E+01  0.100330461837E+01  0.104242640687E+01
         3         6         2         1
         6         9         4         2
         9        14         8         4
        14        10         5         8
        10        17        11         5
         7        12         6         3
        12        15         9         6
        15        20        14         9
        20        16        10        14
        16        23        17        10
        13        18        12         7
        18        21        15        12
        21        26        20        15
        26        22        16        20
        22        29        23        16
        19        24        18        13
        24        27        21        18
        27        32        26        21
        32        28        22        26
        28        35        29        22
        25        30        24        19
        30        33        27        24
        33        37        32        27
        37        34        28        32
        34        40        35        28
        31        36        30        25
        36        38        33        30
        38        41        37        33
        41        39        34        37
        39        42        40        34
zone t="boundary 2 bc-2", solutiontime= 0.1000000E+02, strandid=1002, i=51, j=80, f=feblock
  0.500000000000E+01  0.500000000000E+01  0.400000000000E+01  0.425172245441E+01  0.500000000000E+01  0.427741389634E+01  0.300000000000E+01
  0.341887665662E+01  0.368116975164E+01  0.500000000000E+01  0.430894944607E+01  0.352044655687E+01  0.200000000000E+01  0.259168638257E+01
  0.301798341022E+01  0.500000000000E+01  0.435643616790E+01  0.375117520592E+01  0.271663237208E+01  0.288980181581E+01  0.100000000000E+01
  0.191939879870E+01  0.130679496696E+01  0.219385942988E+01  0.500000000000E+01  0.441735041915E+01  0.373031592783E+01  0.208456665067E+01
  0.230848460393E+01  0.190054259015E+01  0.298584217914E+01  0.000000000000E+00  0.613733212775E+00  0.151350918120E+01  0.794128609067E+00
  0.144135983281E+01  0.400000000000E+01  0.132476136006E+01  0.200000000000E+01  0.164582171489E+01  0.102008138039E+01  0.300000000000E+01
  0.000000000000E+00  0.000000000000E+00  0.701034609231E+00  0.609175469936E+00  0.100000000000E+01  0.505577837730E+00  0.000000000000E+00
  0.000000000000E+00  0.000000000000E+00
 -0.500000000000E+01 -0.500000000000E+01 -0.500000000000E+01 -0.500000000000E+01 -0.500000000000E+01 -0.500000000000E+01 -0.500000000000E+01
 -0.500000000000E+01 -0.500000000000E+01 -0.500000000000E+01 -0.500000000000E+01 -0.500000000000E+01 -0.500000000000E+01 -0.500000000000E+01
 -0.500000000000E+01 -0.500000000000E+01 -0.500000000000E+01 -0.500000000000E+01 -0.500000000000E+01 -0.500000000000E+01 -0.500000000000E+01
 -0.500000000000E+01 -0.500000000000E+01 -0.500000000000E+01 -0.500000000000E+01 -0.500000000000E+01 -0.500000000000E+01 -0.500000000000E+01
 -0.500000000000E+01 -0.500000000000E+01 -0.500000000000E+01 -0.500000000000E+01 -0.500000000000E+01 -0.500000000000E+01 -0.500000000000E+01
 -0.500000000000E+01 -0.500000000000E+01 -0.500000000000E+01 -0.500000000000E+01 -0.500000000000E+01 -0.500000000000E+01 -0.500000000000E+01
 -0.500000000000E+01 -0.500000000000E+01 -0.500000000000E+01 -0.500000000000E+01 -0.500000000000E+01 -0.500000000000E+01 -0.500000000000E+01
 -0.500000000000E+01 -0.500000000000E+01
  0.250000000000E+01  0.150000000000E+01  0.250000000000E+01  0.168388151981E+01  0.500000000000E+00  0.784980628699E+00  0.250000000000E+01
  0.172616846193E+01  0.104016062853E+01 -0.500000000000E+00 -0.103062804534E+00  0.179404976675E+00  0.250000000000E+01  0.166729536217E+01
  0.923171218453E+00 -0.150000000000E+01 -0.102255113015E+01 -0.669125930414E+00  0.135977239814E+00 -0.856266143819E+00  0.250000000000E+01
  0.158034275708E+01  0.175813852804E+01  0.774089735567E+00 -0.250000000000E+01 -0.179804978092E+01 -0.146769777443E+01 -0.223755606368E+00
 -0.164420331359E+01 -0.108875578595E+01 -0.190240885061E+01  0.250000000000E+01  0.185787993997E+01  0.110883669208E+01  0.100177177909E+01
  0.349093656766E+00 -0.250000000000E+01 -0.526785284186E+00 -0.250000000000E+01 -0.183798308008E+01 -0.145695630084E+01 -0.250000000000E+01
  0.150000000000E+01  0.500000000000E+00  0.396172271494E-01 -0.788824871575E+00 -0.250000000000E+01 -0.198405114581E+01 -0.150000000000E+01
 -0.500000000000E+00 -0.250000000000E+01
  0.999580566025E+00  0.100158085951E+01  0.100092903399E+01  0.100004582074E+01  0.101074444114E+01  0.100176027486E+01  0.100075698864E+01
  0.100011982513E+01  0.100016974080E+01  0.101439873856E+01  0.100319107029E+01  0.995564724909E+00  0.100102090176E+01  0.100022809264E+01
  0.997474164269E+00  0.960458905328E+00  0.981485120158E+00  0.997121135333E+00  0.993416377131E+00  0.998648967354E+00  0.100136189778E+01
  0.100075689964E+01  0.100125824261E+01  0.999508104311E+00  0.751548607860E+00  0.969343418330E+00  0.955877322787E+00  0.995872724839E+00
  0.991301468934E+00  0.991795362366E+00  0.969402283893E+00  0.100142350283E+01  0.100149268296E+01  0.100136160404E+01  0.100273902029E+01
  0.100380089956E+01  0.932474108377E+00  0.998014106555E+00  0.929608764488E+00  0.952999531032E+00  0.103415256820E+01  0.938485235645E+00
  0.100251220612E+01  0.100446452142E+01  0.100606970459E+01  0.100115073349E+01  0.902895035440E+00  0.104673851500E+01  0.102945235525E+01
  0.102094563344E+01  0.134121405127E+01
  0.495189223687E+00  0.499427137550E+00  0.494697590832E+00  0.496092413693E+00  0.510451191156E+00  0.512711522233E+00  0.498214434175E+00
  0.497778889111E+00  0.504416232747E+00  0.517173644587E+00  0.545668842072E+00  0.541928394413E+00  0.500755708895E+00  0.498988313268E+00
  0.506523504909E+00  0.493720519357E+00  0.552586503502E+00  0.568104632122E+00  0.533927483964E+00  0.568848977401E+00  0.499570142902E+00
  0.498614127656E+00  0.499543541197E+00  0.503350008933E+00  0.000000000000E+00  0.429324910468E+00  0.488453748056E+00  0.544173914718E+00
  0.430520148763E+00  0.579880234674E+00  0.336147277776E+00  0.498455588860E+00  0.499014201002E+00  0.496965242948E+00  0.496379799087E+00
  0.498537025300E+00  0.000000000000E+00  0.536627130381E+00  0.000000000000E+00  0.391139300321E+00  0.536456585005E+00  0.000000000000E+00
  0.498188183469E+00  0.496009486801E+00  0.492079329373E+00  0.507576747216E+00  0.000000000000E+00  0.431973391943E+00  0.474293504893E+00
  0.479895676546E+00  0.000000000000E+00
  0.000000000000E+00  0.000000000000E+00  0.000000000000E+00  0.000000000000E+00  0.000000000000E+00  0.000000000000E+00  0.000000000000E+00
  0.000000000000E+00  0.000000000000E+00  0.000000000000E+00  0.000000000000E+00  0.000000000000E+00  0.000000000000E+00  0.000000000000E+00
  0.000000000000E+00  0.000000000000E+00  0.000000000000E+00  0.000000000000E+00  0.000000000000E+00  0.000000000000E+00  0.000000000000E+00
  0.000000000000E+00  0.000000000000E+00  0.000000000000E+00  0.000000000000E+00  0.000000000000E+00  0.000000000000E+00  0.000000000000E+00
  0.000000000000E+00  0.000000000000E+00  0.000000000000E+00  0.000000000000E+00  0.000000000000E+00  0.000000000000E+00  0.000000000000E+00
  0.000000000000E+00  0.000000000000E+00  0.000000000000E+00  0.000000000000E+00  0.000000000000E+00  0.000000000000E+00  0.000000000000E+00
  0.000000000000E+00  0.000000000000E+00  0.000000000000E+00  0.000000000000E+00  0.000000000000E+00  0.000000000000E+00  0.000000000000E+00
  0.000000000000E+00  0.000000000000E+00
  0.321721613621E-03  0.544854067772E-02 -0.436372433509E-04 -0.936040636932E-03 -0.355579418026E-03  0.171140271294E-03  0.174512201382E-03
 -0.250203512042E-02 -0.303859856224E-02 -0.443764001677E-01 -0.961145970935E-02  0.224868690082E-02  0.185122051434E-02 -0.541980875014E-03
 -0.109476371814E-02 -0.102857706767E+00 -0.315862241998E-01 -0.985972276370E-02  0.829443004253E-02  0.111849424452E-01  0.191857724769E-02
  0.158622831089E-02  0.275573748385E-02  0.381773136883E-02  0.000000000000E+00 -0.563280756166E-01  0.438312697641E-02  0.205620830007E-01
 -0.644780923843E-03  0.310148966199E-01  0.401919780197E-02  0.505887515913E-03  0.214052433520E-02  0.245958684602E-02  0.255877221340E-02
  0.624955412895E-02  0.000000000000E+00  0.360144165184E-01  0.000000000000E+00 -0.307177279055E-02  0.634725578399E-01  0.000000000000E+00
  0.132668816517E-02  0.272294365948E-02  0.245754017808E-02  0.256223762871E-01  0.000000000000E+00  0.140130213535E+00  0.369984606224E-01
 -0.249526374228E-02  0.000000000000E+00
  0.713686388404E+00  0.716393129678E+00  0.714734127112E+00  0.714438755354E+00  0.724240468197E+00  0.716851935265E+00  0.714928537419E+00
  0.714353350655E+00  0.715062693736E+00  0.726138291780E+00  0.714551595599E+00  0.709775224933E+00  0.715564893380E+00  0.714294089443E+00
  0.712445189971E+00  0.677243461121E+00  0.694560479030E+00  0.705975727683E+00  0.709539052733E+00  0.706354549115E+00  0.715756100378E+00
  0.714903235627E+00  0.715672395558E+00  0.713574956293E+00  0.559595796343E+00  0.686802953205E+00  0.677577122964E+00  0.711701609940E+00
  0.707341937614E+00  0.697918453751E+00  0.700825816218E+00  0.715638179375E+00  0.715813869000E+00  0.715352812485E+00  0.716882889774E+00
  0.717773170565E+00  0.694311167354E+00  0.715605907880E+00  0.692177660115E+00  0.679171751099E+00  0.733588768337E+00  0.698786994353E+00
  0.716898042477E+00  0.719140926399E+00  0.718823754982E+00  0.724388981737E+00  0.672286876840E+00  0.724059332137E+00  0.755290772776E+00
  0.731656763668E+00  0.998654960219E+00
  0.495293300762E+00  0.499115738326E+00  0.494772055721E+00  0.496051523783E+00  0.509647145162E+00  0.512243263421E+00  0.498178882187E+00
  0.497791432271E+00  0.504194044520E+00  0.518513370603E+00  0.546521851861E+00  0.542445311107E+00  0.500566658873E+00  0.499042586494E+00
  0.506537611741E+00  0.507586435992E+00  0.556072502131E+00  0.570701200558E+00  0.534008490513E+00  0.571757610940E+00  0.499400142035E+00
  0.498589840107E+00  0.499380819250E+00  0.503491234796E+00  0.000000000000E+00  0.434761376856E+00  0.490341470689E+00  0.544422997529E+00
  0.430742894303E+00  0.585063868468E+00  0.334151639080E+00  0.498338928975E+00  0.498857744261E+00  0.496938494426E+00  0.496164515502E+00
  0.498307818194E+00  0.000000000000E+00  0.536804125403E+00  0.000000000000E+00  0.391595205196E+00  0.542069955608E+00  0.000000000000E+00
  0.497905681180E+00  0.495441985464E+00  0.492016135608E+00  0.504956713457E+00  0.000000000000E+00  0.461478860863E+00  0.469403766642E+00
  0.479111176823E+00  0.000000000000E+00
  0.999580201663E+00  0.100136736043E+01  0.999699023580E+00  0.100016842904E+01  0.100315828038E+01  0.100182921459E+01  0.100014285560E+01
  0.999974868803E+00  0.100091787463E+01  0.100216371516E+01  0.997190130045E+00  0.998112217161E+00  0.100076916373E+01  0.999783681917E+00
  0.999948972805E+00  0.987174818526E+00  0.990727878263E+00  0.991219605856E+00  0.999937887772E+00  0.990234207503E+00  0.100069569529E+01
  0.100010754883E+01  0.100068225273E+01  0.999496586872E+00  0.104242640687E+01  0.991933422464E+00  0.992395100853E+00  0.100051164076E+01
  0.998968269182E+00  0.985168788166E+00  0.101212485158E+01  0.100046928028E+01  0.100064576971E+01  0.100013215349E+01  0.100089457513E+01
  0.100107744398E+01  0.104242640687E+01  0.100384179387E+01  0.104242640687E+01  0.997734438031E+00  0.993107117123E+00  0.104242640687E+01
  0.100114218394E+01  0.100232240710E+01  0.100028184168E+01  0.101297890568E+01  0.104242640687E+01  0.968420527634E+00  0.102715494942E+01
  0.100330461837E+01  0.104242640687E+01
        28        24        19        19
        19        24        15        15
        19        15        12        12
        22        13        14        14
        13        22        23        23
        31        27        37        37
        31        29        20        20
        35        34        36        36
        34        23        22        22
         8         9        15        15
         9         6        12        12
        20        18        27        27
        27        18        17        17
        38        45        36        36
        38        30        41        41
        28        19        20        20
        30        40        41        41
        40        39        47        47
        11        10        17        17
        10        11         5         5
         8        14         7         7
        14        24        22        22
        45        46        50        50
        46        41        49        49
        41        46        38        38
        29        39        40        40
        36        24        28        28
        36        45        35        35
        20        29        30        30
        11        18        12        12
        15        24        14        14
        12        20        19        19
        12        18        20        20
        31        20        27        27
         9        12        15        15
         9         4         6         6
        24        36        34        34
        35        23        34        34
        38        36        28        28
        41        47        48        48
        29        40        30        30
        49        50        46        46
        46        45        38        38
        25        26        16        16
        26        37        27        27
        32        33        43        43
        33        21        23        23
        51        48        47        47
         1         4         3         3
         4         2         6         6
         6         5        11        11
        35        43        33        33
        43        35        44        44
         8         3         4         4
         3         8         7         7
        31        37        42        42
        17        16        26        26
        16        17        10        10
        34        22        24        24
        47        41        40        40
        15        14         8         8
        20        30        28        28
        11        17        18        18
        39        31        42        42
         4         9         8         8
        33        23        35        35
        28        30        38        38
        17        26        27        27
        41        48        49        49
        35        45        44        44
        39        29        31        31
        45        50        44        44
        21        13        23        23
        13         7        14        14
         2         5         6         6
         6        11        12        12
        25        37        26        26
        51        49        48        48
        32        21        33        33
         1         2         4         4
zone t="boundary 3 bc-3", solutiontime= 0.1000000E+02, strandid=1003, i=51, j=80, f=feblock
  0.500000000000E+01  0.500000000000E+01  0.400000000000E+01  0.425172245441E+01  0.500000000000E+01  0.427741389634E+01  0.300000000000E+01
  0.341887665662E+01  0.368116975164E+01  0.500000000000E+01  0.430894944607E+01  0.352044655687E+01  0.200000000000E+01  0.259168638257E+01
  0.301798341022E+01  0.500000000000E+01  0.435643616790E+01  0.375117520592E+01  0.271663237208E+01  0.288980181581E+01  0.100000000000E+01
  0.191939879870E+01  0.130679496696E+01  0.219385942988E+01  0.500000000000E+01  0.441735041915E+01  0.373031592783E+01  0.208456665067E+01
  0.230848460393E+01  0.190054259015E+01  0.298584217914E+01  0.000000000000E+00  0.613733212775E+00  0.151350918120E+01  0.794128609067E+00
  0.144135983281E+01  0.400000000000E+01  0.132476136006E+01  0.200000000000E+01  0.164582171489E+01  0.102008138039E+01  0.300000000000E+01
  0.000000000000E+00  0.000000000000E+00  0.701034609231E+00  0.609175469936E+00  0.100000000000E+01  0.505577837730E+00  0.000000000000E+00
  0.000000000000E+00  0.000000000000E+00
  0.000000000000E+00  0.000000000000E+00  0.000000000000E+00  0.000000000000E+00  0.000000000000E+00  0.000000000000E+00  0.000000000000E+00
  0.000000000000E+00  0.000000000000E+00  0.000000000000E+00  0.000000000000E+00  0.000000000000E+00  0.000000000000E+00  0.000000000000E+00
  0.000000000000E+00  0.000000000000E+00  0.000000000000E+00  0.000000000000E+00  0.000000000000E+00  0.000000000000E+00  0.000000000000E+00
  0.000000000000E+00  0.000000000000E+00  0.000000000000E+00  0.000000000000E+00  0.000000000000E+00  0.000000000000E+00  0.000000000000E+00
  0.000000000000E+00  0.000000000000E+00  0.000000000000E+00  0.000000000000E+00  0.000000000000E+00  0.000000000000E+00  0.000000000000E+00
  0.000000000000E+00  0.000000000000E+00  0.000000000000E+00  0.000000000000E+00  0.000000000000E+00  0.000000000000E+00  0.000000000000E+00
  0.000000000000E+00  0.000000000000E+00  0.000000000000E+00  0.000000000000E+00  0.000000000000E+00  0.000000000000E+00  0.000000000000E+00
  0.000000000000E+00  0.000000000000E+00
  0.250000000000E+01  0.150000000000E+01  0.250000000000E+01  0.168388151981E+01  0.500000000000E+00  0.784980628699E+00  0.250000000000E+01
  0.172616846193E+01  0.104016062853E+01 -0.500000000000E+00 -0.103062804534E+00  0.179404976675E+00  0.250000000000E+01  0.166729536217E+01
  0.923171218453E+00 -0.150000000000E+01 -0.102255113015E+01 -0.669125930414E+00  0.135977239814E+00 -0.856266143819E+00  0.250000000000E+01
  0.158034275708E+01  0.175813852804E+01  0.774089735567E+00 -0.250000000000E+01 -0.179804978092E+01 -0.146769777443E+01 -0.223755606368E+00
 -0.164420331359E+01 -0.108875578595E+01 -0.190240885061E+01  0.250000000000E+01  0.185787993997E+01  0.110883669208E+01  0.100177177909E+01
  0.349093656766E+00 -0.250000000000E+01 -0.526785284186E+00 -0.250000000000E+01 -0.183798308008E+01 -0.145695630084E+01 -0.250000000000E+01
  0.150000000000E+01  0.500000000000E+00  0.396172271494E-01 -0.788824871575E+00 -0.250000000000E+01 -0.198405114581E+01 -0.150000000000E+01
 -0.500000000000E+00 -0.250000000000E+01
  0.999580559490E+00  0.100158085688E+01  0.100092903202E+01  0.100004581813E+01  0.101074446541E+01  0.100176029199E+01  0.100075699161E+01
  0.100011982078E+01  0.100016973995E+01  0.101439881228E+01  0.100319111043E+01  0.995564728489E+00  0.100102090614E+01  0.100022809092E+01
  0.997474151590E+00  0.960458948298E+00  0.981485197125E+00  0.997121207592E+00  0.993416393925E+00  0.998649020430E+00  0.100136189949E+01
  0.100075689933E+01  0.100125824564E+01  0.999508116427E+00  0.751548390209E+00  0.969343384454E+00  0.955877374532E+00  0.995872754075E+00
  0.991301459625E+00  0.991795420292E+00  0.969402255884E+00  0.100142350275E+01  0.100149268166E+01  0.100136160669E+01  0.100273901963E+01
  0.100380090576E+01  0.932473970166E+00  0.998014136389E+00  0.929608622920E+00  0.952999530498E+00  0.103415263972E+01  0.938485194168E+00
  0.100251220605E+01  0.100446453012E+01  0.100606970773E+01  0.100115072294E+01  0.902894987745E+00  0.104673862885E+01  0.102945227699E+01
  0.102094561602E+01  0.134121389650E+01
  0.495189208184E+00  0.499427129884E+00  0.494697561053E+00  0.496092388138E+00  0.510451158238E+00  0.512711492366E+00  0.498214414010E+00
  0.497778874309E+00  0.504416197348E+00  0.517173638048E+00  0.545668817146E+00  0.541928382173E+00  0.500755699711E+00  0.498988297601E+00
  0.506523463265E+00  0.493720493464E+00  0.552586583967E+00  0.568104560999E+00  0.533927395422E+00  0.568849001671E+00  0.499570143703E+00
  0.498614113665E+00  0.499543531484E+00  0.503349953251E+00  0.000000000000E+00  0.429324915079E+00  0.488453836805E+00  0.544173845110E+00
  0.430520263107E+00  0.579880236647E+00  0.336147376377E+00  0.498455587254E+00  0.499014205693E+00  0.496965220042E+00  0.496379794724E+00
  0.498536955465E+00  0.000000000000E+00  0.536627049008E+00  0.000000000000E+00  0.391139510455E+00  0.536456658344E+00  0.000000000000E+00
  0.498188183580E+00  0.496009491137E+00  0.492079270494E+00  0.507576739083E+00  0.000000000000E+00  0.431973497407E+00  0.474293574236E+00
  0.479895663503E+00  0.000000000000E+00
  0.000000000000E+00  0.000000000000E+00  0.000000000000E+00  0.000000000000E+00  0.000000000000E+00  0.000000000000E+00  0.000000000000E+00
  0.000000000000E+00  0.000000000000E+00  0.000000000000E+00  0.000000000000E+00  0.000000000000E+00  0.000000000000E+00  0.000000000000E+00
  0.000000000000E+00  0.000000000000E+00  0.000000000000E+00  0.000000000000E+00  0.000000000000E+00  0.000000000000E+00  0.000000000000E+00
  0.000000000000E+00  0.000000000000E+00  0.000000000000E+00  0.000000000000E+00  0.000000000000E+00  0.000000000000E+00  0.000000000000E+00
  0.000000000000E+00  0.000000000000E+00  0.000000000000E+00  0.000000000000E+00  0.000000000000E+00  0.000000000000E+00  0.000000000000E+00
  0.000000000000E+00  0.000000000000E+00  0.000000000000E+00  0.000000000000E+00  0.000000000000E+00  0.000000000000E+00  0.000000000000E+00
  0.000000000000E+00  0.000000000000E+00  0.000000000000E+00  0.000000000000E+00  0.000000000000E+00  0.000000000000E+00  0.000000000000E+00
  0.000000000000E+00  0.000000000000E+00
  0.321722074947E-03  0.544856449444E-02 -0.436373737313E-04 -0.936040202047E-03 -0.355520426835E-03  0.171151052031E-03  0.174511222800E-03
 -0.250204862675E-02 -0.303860874286E-02 -0.443763076759E-01 -0.961143415017E-02  0.224868124310E-02  0.185122327110E-02 -0.541973470168E-03
 -0.109476617040E-02 -0.102857733607E+00 -0.315860390301E-01 -0.985982731908E-02  0.829443475959E-02  0.111849713771E-01  0.191857907068E-02
  0.158623274480E-02  0.275573684311E-02  0.381773400546E-02  0.000000000000E+00 -0.563278981048E-01  0.438312923803E-02  0.205621141912E-01
 -0.644597389252E-03  0.310149445474E-01  0.401916965459E-02  0.505885986809E-03  0.214052415905E-02  0.245957896277E-02  0.255876518629E-02
  0.624952815049E-02  0.000000000000E+00  0.360143645315E-01  0.000000000000E+00 -0.307181329697E-02  0.634724940840E-01  0.000000000000E+00
  0.132669639275E-02  0.272295343981E-02  0.245749278685E-02  0.256222410912E-01  0.000000000000E+00  0.140130257610E+00  0.369983371844E-01
 -0.249525490313E-02  0.000000000000E+00
  0.713686381820E+00  0.716393127736E+00  0.714734124296E+00  0.714438753356E+00  0.724240491624E+00  0.716851952439E+00  0.714928540153E+00
  0.714353346337E+00  0.715062694050E+00  0.726138351740E+00  0.714551634805E+00  0.709775225970E+00  0.715564897704E+00  0.714294087763E+00
  0.712445178170E+00  0.677243491790E+00  0.694560531638E+00  0.705975794953E+00  0.709539072892E+00  0.706354591665E+00  0.715756101934E+00
  0.714903235771E+00  0.715672398901E+00  0.713574966857E+00  0.559595634283E+00  0.686802910718E+00  0.677577135097E+00  0.711701636284E+00
  0.707341919275E+00  0.697918493794E+00  0.700825765408E+00  0.715638179316E+00  0.715813867658E+00  0.715352815387E+00  0.716882889231E+00
  0.717773175784E+00  0.694311064444E+00  0.715605940497E+00  0.692177554705E+00  0.679171709625E+00  0.733588811034E+00  0.698786963470E+00
  0.716898042525E+00  0.719140935985E+00  0.718823754274E+00  0.724388978505E+00  0.672286841327E+00  0.724059305048E+00  0.755290723902E+00
  0.731656743922E+00  0.998654844983E+00
  0.495293285922E+00  0.499115730945E+00  0.494772026425E+00  0.496051498277E+00  0.509647110131E+00  0.512243231830E+00  0.498178861809E+00
  0.497791417960E+00  0.504194008875E+00  0.518513353630E+00  0.546521822395E+00  0.542445299411E+00  0.500566649285E+00  0.499042570975E+00
  0.506537571077E+00  0.507586415850E+00  0.556072572967E+00  0.570701124442E+00  0.534008398980E+00  0.571757633869E+00  0.499400142728E+00
  0.498589826002E+00  0.499380809126E+00  0.503491178447E+00  0.000000000000E+00  0.434761364112E+00  0.490341568676E+00  0.544422927080E+00
  0.430743011992E+00  0.585063873333E+00  0.334151744033E+00  0.498338927369E+00  0.498857749093E+00  0.496938471131E+00  0.496164511128E+00
  0.498307747804E+00  0.000000000000E+00  0.536804036683E+00  0.000000000000E+00  0.391595427727E+00  0.542070024143E+00  0.000000000000E+00
  0.497905681277E+00  0.495441988691E+00  0.492016077510E+00  0.504956697081E+00  0.000000000000E+00  0.461479010352E+00  0.469403822728E+00
  0.479111166136E+00  0.000000000000E+00
  0.999580198977E+00  0.100136736035E+01  0.999699021612E+00  0.100016842885E+01  0.100315828874E+01  0.100182922146E+01  0.100014285646E+01
  0.999974867102E+00  0.100091787592E+01  0.100216372508E+01  0.997190144856E+00  0.998112215030E+00  0.100076916540E+01  0.999783681285E+00
  0.999948968951E+00  0.987174819065E+00  0.990727875614E+00  0.991219628476E+00  0.999937899277E+00  0.990234214525E+00  0.100069569575E+01
  0.100010754935E+01  0.100068225437E+01  0.999496589554E+00  0.104242640687E+01  0.991933395766E+00  0.992395064900E+00  0.100051164842E+01
  0.998968252663E+00  0.985168787152E+00  0.101212480744E+01  0.100046928027E+01  0.100064576914E+01  0.100013215491E+01  0.100089457503E+01
  0.100107744507E+01  0.104242640687E+01  0.100384180962E+01  0.104242640687E+01  0.997734377664E+00  0.993107106245E+00  0.104242640687E+01
  0.100114218409E+01  0.100232241178E+01  0.100028183758E+01  0.101297891183E+01  0.104242640687E+01  0.968420386076E+00  0.102715496104E+01
  0.100330460841E+01  0.104242640687E+01
        19        24        28        28
        15        24        19        19
        12        15        19        19
        14        13        22        22
        23        22        13        13
        37        27        31        31
        20        29        31        31
        36        34        35        35
        22        23        34        34
        15         9         8         8
        12         6         9         9
        27        18        20        20
        17        18        27        27
        36        45        38        38
        41        30        38        38
        20        19        28        28
        41        40        30        30
        47        39        40        40
        17        10        11        11
         5        11        10        10
         7        14         8         8
        22        24        14        14
        50        46        45        45
        49        41        46        46
        38        46        41        41
        40        39        29        29
        28        24        36        36
        35        45        36        36
        30        29        20        20
        12        18        11        11
        14        24        15        15
        19        20        12        12
        20        18        12        12
        27        20        31        31
        15        12         9         9
         6         4         9         9
        34        36        24        24
        34        23        35        35
        28        36        38        38
        48        47        41        41
        30        40        29        29
        46        50        49        49
        38        45        46        46
        16        26        25        25
        27        37        26        26
        43        33        32        32
        23        21        33        33
        47        48        51        51
         3         4         1         1
         6         2         4         4
        11         5         6         6
        33        43        35        35
        44        35        43        43
         4         3         8         8
         7         8         3         3
        42        37        31        31
        26        16        17        17
        10        17        16        16
        24        22        34        34
        40        41        47        47
         8        14        15        15
        28        30        20        20
        18        17        11        11
        42        31        39        39
         8         9         4         4
        35        23        33        33
        38        30        28        28
        27        26        17        17
        49        48        41        41
        44        45        35        35
        31        29        39        39
        44        50        45        45
        23        13        21        21
        14         7        13        13
         6         5         2         2
        12        11         6         6
        26        37        25        25
        48        49        51        51
        33        21        32        32
         4         2         1         1
zone t="boundary 4 bc-4", solutiontime= 0.1000000E+02, strandid=1004, i=42, j=30, f=feblock
  0.500000000000E+01  0.400000000000E+01  0.500000000000E+01  0.300000000000E+01  0.400000000000E+01  0.500000000000E+01  0.200000000000E+01
  0.300000000000E+01  0.400000000000E+01  0.500000000000E+01  0.100000000000E+01  0.200000000000E+01  0.300000000000E+01  0.400000000000E+01
  0.500000000000E+01  0.000000000000E+00  0.100000000000E+01  0.200000000000E+01  0.300000000000E+01  0.400000000000E+01  0.500000000000E+01
  0.000000000000E+00  0.100000000000E+01  0.200000000000E+01  0.300000000000E+01  0.400000000000E+01  0.500000000000E+01  0.000000000000E+00
  0.100000000000E+01  0.200000000000E+01  0.300000000000E+01  0.400000000000E+01  0.000000000000E+00  0.100000000000E+01  0.200000000000E+01
  0.300000000000E+01  0.000000000000E+00  0.100000000000E+01  0.200000000000E+01  0.000000000000E+00  0.100000000000E+01  0.000000000000E+00
  0.000000000000E+00  0.000000000000E+00 -0.833333333333E+00  0.000000000000E+00 -0.833333333333E+00 -0.166666666667E+01  0.000000000000E+00
 -0.833333333333E+00 -0.166666666667E+01 -0.250000000000E+01  0.000000000000E+00 -0.833333333333E+00 -0.166666666667E+01 -0.250000000000E+01
 -0.333333333333E+01  0.000000000000E+00 -0.833333333333E+00 -0.166666666667E+01 -0.250000000000E+01 -0.333333333333E+01 -0.416666666667E+01
 -0.833333333333E+00 -0.166666666667E+01 -0.250000000000E+01 -0.333333333333E+01 -0.416666666667E+01 -0.500000000000E+01 -0.166666666667E+01
 -0.250000000000E+01 -0.333333333333E+01 -0.416666666667E+01 -0.500000000000E+01 -0.250000000000E+01 -0.333333333333E+01 -0.416666666667E+01
 -0.500000000000E+01 -0.333333333333E+01 -0.416666666667E+01 -0.500000000000E+01 -0.416666666667E+01 -0.500000000000E+01 -0.500000000000E+01
  0.250000000000E+01  0.250000000000E+01  0.250000000000E+01  0.250000000000E+01  0.250000000000E+01  0.250000000000E+01  0.250000000000E+01
  0.250000000000E+01  0.250000000000E+01  0.250000000000E+01  0.250000000000E+01  0.250000000000E+01  0.250000000000E+01  0.250000000000E+01
  0.250000000000E+01  0.250000000000E+01  0.250000000000E+01  0.250000000000E+01  0.250000000000E+01  0.250000000000E+01  0.250000000000E+01
  0.250000000000E+01  0.250000000000E+01  0.250000000000E+01  0.250000000000E+01  0.250000000000E+01  0.250000000000E+01  0.250000000000E+01
  0.250000000000E+01  0.250000000000E+01  0.250000000000E+01  0.250000000000E+01  0.250000000000E+01  0.250000000000E+01  0.250000000000E+01
  0.250000000000E+01  0.250000000000E+01  0.250000000000E+01  0.250000000000E+01  0.250000000000E+01  0.250000000000E+01  0.250000000000E+01
  0.999580559490E+00  0.100092903202E+01  0.999554751950E+00  0.100075699161E+01  0.100091504234E+01  0.999529286354E+00  0.100102090614E+01
  0.100068998975E+01  0.100092014785E+01  0.999571619489E+00  0.100136189949E+01  0.100094302773E+01  0.100072844501E+01  0.100095127583E+01
  0.999529287362E+00  0.100142350275E+01  0.100130450571E+01  0.100098719615E+01  0.100072370055E+01  0.100092014827E+01  0.999554754754E+00
  0.100140637828E+01  0.100133734135E+01  0.100096292550E+01  0.100072844565E+01  0.100091504308E+01  0.999580566025E+00  0.100141676122E+01
  0.100131209176E+01  0.100098719522E+01  0.100068998895E+01  0.100092903399E+01  0.100141107947E+01  0.100133734132E+01  0.100094302534E+01
  0.100075698864E+01  0.100141676095E+01  0.100130450424E+01  0.100102090176E+01  0.100140637709E+01  0.100136189778E+01  0.100142350283E+01
  0.495189208184E+00  0.494697561053E+00  0.495084937257E+00  0.498214414010E+00  0.494641425412E+00  0.495087107684E+00  0.500755699711E+00
  0.498306234958E+00  0.494622304718E+00  0.495084325880E+00  0.499570143703E+00  0.500942352778E+00  0.498280157337E+00  0.494664033999E+00
  0.495087108436E+00  0.498455587254E+00  0.499701734328E+00  0.500888886945E+00  0.498331084521E+00  0.494622304883E+00  0.495084941648E+00
  0.498479017294E+00  0.499630769160E+00  0.500935077214E+00  0.498280153708E+00  0.494641433441E+00  0.495189223687E+00  0.498457770482E+00
  0.499669452433E+00  0.500888885177E+00  0.498306237733E+00  0.494697590832E+00  0.498467950657E+00  0.499630768609E+00  0.500942354141E+00
  0.498214434175E+00  0.498457770599E+00  0.499701734661E+00  0.500755708895E+00  0.498479019478E+00  0.499570142902E+00  0.498455588860E+00
  0.000000000000E+00  0.000000000000E+00 -0.725565768784E-04  0.000000000000E+00 -0.448818169675E-04 -0.363634720000E-04  0.000000000000E+00
 -0.392379494222E-04 -0.640904506648E-05 -0.852750264648E-09  0.000000000000E+00 -0.262717098345E-04  0.121242542483E-04 -0.231108238350E-08
  0.363631098724E-04  0.000000000000E+00 -0.111758506991E-04  0.191656466560E-04 -0.246345207479E-08  0.640457599191E-05  0.725576956664E-04
  0.653833394124E-05  0.139552287160E-04 -0.279563585913E-08 -0.121300193593E-04  0.448800936963E-04  0.000000000000E+00  0.526376850303E-05
 -0.814556187641E-09 -0.191712653106E-04  0.392359183798E-04  0.000000000000E+00 -0.866695761169E-10 -0.139557484616E-04  0.262659663100E-04
  0.000000000000E+00 -0.526384469114E-05  0.111735922586E-04  0.000000000000E+00 -0.653902557126E-05  0.000000000000E+00  0.000000000000E+00
  0.321722074947E-03 -0.436373737313E-04  0.456456282230E-03  0.174511222800E-03 -0.762406550619E-04  0.465370813049E-03  0.185122327110E-02
  0.152764043554E-03 -0.537746348015E-04  0.467196236129E-03  0.191857907068E-02  0.175186326404E-02  0.209136994652E-03 -0.242351711719E-04
  0.465371047847E-03  0.505885986809E-03  0.186790704474E-02  0.183226434577E-02  0.211986913298E-03 -0.537744744113E-04  0.456456650085E-03
  0.488877892303E-03  0.190987595258E-02  0.181316973421E-02  0.209137307223E-03 -0.762417918664E-04  0.321721613621E-03  0.499661260222E-03
  0.188350015048E-02  0.183226400684E-02  0.152764306187E-03 -0.436372433509E-04  0.480955220547E-03  0.190987578009E-02  0.175186176979E-02
  0.174512201382E-03  0.499661068268E-03  0.186790636947E-02  0.185122051434E-02  0.488877550355E-03  0.191857724769E-02  0.505887515913E-03
  0.713686381820E+00  0.714734124296E+00  0.713652229316E+00  0.714928540153E+00  0.714706836906E+00  0.713637781326E+00  0.715564897704E+00
  0.714855553394E+00  0.714720416861E+00  0.713660608645E+00  0.715756101934E+00  0.715486590722E+00  0.714896518655E+00  0.714733442353E+00
  0.713637782442E+00  0.715638179316E+00  0.715698132770E+00  0.715531370378E+00  0.714885114975E+00  0.714720417529E+00  0.713652232287E+00
  0.715618022034E+00  0.715731927653E+00  0.715508612486E+00  0.714896519417E+00  0.714706838154E+00  0.713686388404E+00  0.715631713969E+00
  0.715707933541E+00  0.715531369548E+00  0.714855552712E+00  0.714734127112E+00  0.715623137333E+00  0.715731927548E+00  0.715486588533E+00
  0.714928537419E+00  0.715631713657E+00  0.715698131424E+00  0.715564893380E+00  0.715618020746E+00  0.715756100378E+00  0.715638179375E+00
  0.495293285922E+00  0.494772026425E+00  0.495194560400E+00  0.498178861809E+00  0.494721874991E+00  0.495195440213E+00  0.500566649285E+00
  0.498279425632E+00  0.494699308137E+00  0.495195224633E+00  0.499400142728E+00  0.500760794250E+00  0.498248665998E+00  0.494744226312E+00
  0.495195440827E+00  0.498338927369E+00  0.499537408337E+00  0.500703014540E+00  0.498302384144E+00  0.494699308175E+00  0.495194564457E+00
  0.498365092669E+00  0.499463023532E+00  0.500751009836E+00  0.498248662264E+00  0.494721882774E+00  0.495293300762E+00  0.498341677538E+00
  0.499503667972E+00  0.500703012829E+00  0.498279428447E+00  0.494772055721E+00  0.498353409472E+00  0.499463023011E+00  0.500760795775E+00
  0.498178882187E+00  0.498341677695E+00  0.499537408769E+00  0.500566658873E+00  0.498365095004E+00  0.499400142035E+00  0.498338928975E+00
  0.999580198977E+00  0.999699021612E+00  0.999558172369E+00  0.100014285646E+01  0.999674826881E+00  0.999563401989E+00  0.100076916540E+01
  0.100010771069E+01  0.999688722179E+00  0.999553041145E+00  0.100069569575E+01  0.100073750379E+01  0.100012658889E+01  0.999675851820E+00
  0.999563402545E+00  0.100046928027E+01  0.100067200353E+01  0.100075597608E+01  0.100011537691E+01  0.999688722690E+00  0.999558173726E+00
  0.100045820815E+01  0.100068643936E+01  0.100074841132E+01  0.100012658932E+01  0.999674827884E+00  0.999580201663E+00  0.100046697674E+01
  0.100067812543E+01  0.100075597585E+01  0.100010771053E+01  0.999699023580E+00  0.100046066277E+01  0.100068643924E+01  0.100073750313E+01
  0.100014285560E+01  0.100046697658E+01  0.100067200313E+01  0.100076916373E+01  0.100045820755E+01  0.100069569529E+01  0.100046928028E+01
         3         5         2         1
         5         8         4         2
         8        12         7         4
        12        17        11         7
        17        22        16        11
         6         9         5         3
         9        13         8         5
        13        18        12         8
        18        23        17        12
        23        28        22        17
        10        14         9         6
        14        19        13         9
        19        24        18        13
        24        29        23        18
        29        33        28        23
        15        20        14        10
        20        25        19        14
        25        30        24        19
        30        34        29        24
        34        37        33        29
        21        26        20        15
        26        31        25        20
        31        35        30        25
        35        38        34        30
        38        40        37        34
        27        32        26        21
        32        36        31        26
        36        39        35        31
        39        41        38        35
        41        42        40        38
zone t="boundary 5 bc-5", solutiontime= 0.1000000E+02, strandid=1005, i=42, j=30, f=feblock
  0.500000000000E+01  0.500000000000E+01  0.500000000000E+01  0.500000000000E+01  0.500000000000E+01  0.500000000000E+01  0.500000000000E+01
  0.500000000000E+01  0.500000000000E+01  0.500000000000E+01  0.500000000000E+01  0.500000000000E+01  0.500000000000E+01  0.500000000000E+01
  0.500000000000E+01  0.500000000000E+01  0.500000000000E+01  0.500000000000E+01  0.500000000000E+01  0.500000000000E+01  0.500000000000E+01
  0.500000000000E+01  0.500000000000E+01  0.500000000000E+01  0.500000000000E+01  0.500000000000E+01  0.500000000000E+01  0.500000000000E+01
  0.500000000000E+01  0.500000000000E+01  0.500000000000E+01  0.500000000000E+01  0.500000000000E+01  0.500000000000E+01  0.500000000000E+01
  0.500000000000E+01  0.500000000000E+01  0.500000000000E+01  0.500000000000E+01  0.500000000000E+01  0.500000000000E+01  0.500000000000E+01
  0.000000000000E+00  0.000000000000E+00 -0.833333333333E+00  0.000000000000E+00 -0.833333333333E+00 -0.166666666667E+01  0.000000000000E+00
 -0.833333333333E+00 -0.166666666667E+01 -0.250000000000E+01  0.000000000000E+00 -0.833333333333E+00 -0.166666666667E+01 -0.250000000000E+01
 -0.333333333333E+01  0.000000000000E+00 -0.833333333333E+00 -0.166666666667E+01 -0.250000000000E+01 -0.333333333333E+01 -0.416666666667E+01
 -0.833333333333E+00 -0.166666666667E+01 -0.250000000000E+01 -0.333333333333E+01 -0.416666666667E+01 -0.500000000000E+01 -0.166666666667E+01
 -0.250000000000E+01 -0.333333333333E+01 -0.416666666667E+01 -0.500000000000E+01 -0.250000000000E+01 -0.333333333333E+01 -0.416666666667E+01
 -0.500000000000E+01 -0.333333333333E+01 -0.416666666667E+01 -0.500000000000E+01 -0.416666666667E+01 -0.500000000000E+01 -0.500000000000E+01
  0.250000000000E+01  0.150000000000E+01  0.250000000000E+01  0.500000000000E+00  0.150000000000E+01  0.250000000000E+01 -0.500000000000E+00
  0.500000000000E+00  0.150000000000E+01  0.250000000000E+01 -0.150000000000E+01 -0.500000000000E+00  0.500000000000E+00  0.150000000000E+01
  0.250000000000E+01 -0.250000000000E+01 -0.150000000000E+01 -0.500000000000E+00  0.500000000000E+00  0.150000000000E+01  0.250000000000E+01
 -0.250000000000E+01 -0.150000000000E+01 -0.500000000000E+00  0.500000000000E+00  0.150000000000E+01  0.250000000000E+01 -0.250000000000E+01
 -0.150000000000E+01 -0.500000000000E+00  0.500000000000E+00  0.150000000000E+01 -0.250000000000E+01 -0.150000000000E+01 -0.500000000000E+00
  0.500000000000E+00 -0.250000000000E+01 -0.150000000000E+01 -0.500000000000E+00 -0.250000000000E+01 -0.150000000000E+01 -0.250000000000E+01
  0.999580559490E+00  0.100158085688E+01  0.999554751950E+00  0.101074446541E+01  0.100153441887E+01  0.999529286354E+00  0.101439881228E+01
  0.101098705633E+01  0.100147398083E+01  0.999571619489E+00  0.960458948298E+00  0.101582770995E+01  0.101095384826E+01  0.100149398592E+01
  0.999529287362E+00  0.751548390209E+00  0.964288947408E+00  0.101602822089E+01  0.101096724850E+01  0.100147398255E+01  0.999554754754E+00
  0.751515569833E+00  0.964750154110E+00  0.101610447650E+01  0.101095384570E+01  0.100153442263E+01  0.999580566025E+00  0.751967716536E+00
  0.964961320261E+00  0.101602820818E+01  0.101098704977E+01  0.100158085951E+01  0.752073613443E+00  0.964750143967E+00  0.101582767807E+01
  0.101074444114E+01  0.751967732409E+00  0.964288912905E+00  0.101439873856E+01  0.751515658804E+00  0.960458905328E+00  0.751548607860E+00
  0.495189208184E+00  0.499427129884E+00  0.495084937257E+00  0.510451158238E+00  0.499258668851E+00  0.495087107684E+00  0.517173638048E+00
  0.510370745497E+00  0.499238963526E+00  0.495084325880E+00  0.493720493464E+00  0.518071052754E+00  0.510387921004E+00  0.499211965707E+00
  0.495087108436E+00  0.000000000000E+00  0.497243268513E+00  0.518299384184E+00  0.510340566846E+00  0.499238963608E+00  0.495084941648E+00
  0.000000000000E+00  0.497465066161E+00  0.518228440738E+00  0.510387926482E+00  0.499258671152E+00  0.495189223687E+00  0.000000000000E+00
  0.497328970388E+00  0.518299389665E+00  0.510370758375E+00  0.499427137550E+00  0.000000000000E+00  0.497465071032E+00  0.518071044392E+00
  0.510451191156E+00  0.000000000000E+00  0.497243297361E+00  0.517173644587E+00  0.000000000000E+00  0.493720519357E+00  0.000000000000E+00
  0.000000000000E+00  0.000000000000E+00 -0.725565768784E-04  0.000000000000E+00 -0.548932759284E-04 -0.363634720000E-04  0.000000000000E+00
  0.201433461730E-03 -0.437542894398E-04 -0.852750264648E-09  0.000000000000E+00  0.966917568961E-03  0.619824817100E-04  0.107930608613E-08
  0.363631098724E-04  0.000000000000E+00  0.208756589074E-02  0.371389483606E-03 -0.103419849180E-08  0.437576795099E-04  0.725576956664E-04
  0.000000000000E+00  0.737340969706E-03 -0.135120758147E-07 -0.619835654527E-04  0.548955304537E-04  0.000000000000E+00  0.000000000000E+00
 -0.169385568158E-07 -0.371419337421E-03 -0.201437400522E-03  0.000000000000E+00  0.000000000000E+00 -0.737381274877E-03 -0.966950763155E-03
  0.000000000000E+00  0.000000000000E+00 -0.208759193751E-02  0.000000000000E+00  0.000000000000E+00  0.000000000000E+00  0.000000000000E+00
  0.321722074947E-03  0.544856449444E-02  0.456456282230E-03 -0.355520426835E-03  0.550460089782E-02  0.465370813049E-03 -0.443763076759E-01
  0.206792364071E-03  0.550862085792E-02  0.467196236129E-03 -0.102857733607E+00 -0.429126508120E-01  0.321466392298E-03  0.548438427026E-02
  0.465371047847E-03  0.000000000000E+00 -0.101237932969E+00 -0.426556502210E-01  0.326215941618E-03  0.550861765416E-02  0.456456650085E-03
  0.000000000000E+00 -0.101073107425E+00 -0.426018691942E-01  0.321456612023E-03  0.550459733494E-02  0.321721613621E-03  0.000000000000E+00
 -0.101055097467E+00 -0.426556631891E-01  0.206788308298E-03  0.544854067772E-02  0.000000000000E+00 -0.101073112415E+00 -0.429126430084E-01
 -0.355579418026E-03  0.000000000000E+00 -0.101237843265E+00 -0.443764001677E-01  0.000000000000E+00 -0.102857706767E+00  0.000000000000E+00
  0.713686381820E+00  0.716393127736E+00  0.713652229316E+00  0.724240491624E+00  0.716355379489E+00  0.713637781326E+00  0.726138351740E+00
  0.724468342615E+00  0.716317461076E+00  0.713660608645E+00  0.677243491790E+00  0.727380717099E+00  0.724459922487E+00  0.716324617377E+00
  0.713637782442E+00  0.559595634283E+00  0.680201011036E+00  0.727531299174E+00  0.724470884018E+00  0.716317462431E+00  0.713652232287E+00
  0.559571196549E+00  0.680503504482E+00  0.727600585867E+00  0.724459919318E+00  0.716355382739E+00  0.713686388404E+00  0.559907860594E+00
  0.680686858622E+00  0.727531288294E+00  0.724468335577E+00  0.716393129678E+00  0.559986710403E+00  0.680503498793E+00  0.727380692417E+00
  0.724240468197E+00  0.559907872413E+00  0.680200987596E+00  0.726138291780E+00  0.559571262796E+00  0.677243461121E+00  0.559595796343E+00
  0.495293285922E+00  0.499115730945E+00  0.495194560400E+00  0.509647110131E+00  0.498949590830E+00  0.495195440213E+00  0.518513353630E+00
  0.509547782112E+00  0.498928093911E+00  0.495195224633E+00  0.507586415850E+00  0.519206321247E+00  0.509559545471E+00  0.498903338407E+00
  0.495195440827E+00  0.000000000000E+00  0.510638106362E+00  0.519409210028E+00  0.509511789633E+00  0.498928093913E+00  0.495194564457E+00
  0.000000000000E+00  0.510828552206E+00  0.519328816654E+00  0.509559551403E+00  0.498949592895E+00  0.495293300762E+00  0.000000000000E+00
  0.510677287397E+00  0.519409217202E+00  0.509547795793E+00  0.499115738326E+00  0.000000000000E+00  0.510828557518E+00  0.519206313004E+00
  0.509647145162E+00  0.000000000000E+00  0.510638116570E+00  0.518513370603E+00  0.000000000000E+00  0.507586435992E+00  0.000000000000E+00
  0.999580198977E+00  0.100136736035E+01  0.999558172369E+00  0.100315828874E+01  0.100136102403E+01  0.999563401989E+00  0.100216372508E+01
  0.100323310107E+01  0.100136844761E+01  0.999553041145E+00  0.987174819065E+00  0.100246625876E+01  0.100325439507E+01  0.100135844891E+01
  0.999563402545E+00  0.104242640687E+01  0.987547786387E+00  0.100247591346E+01  0.100325627673E+01  0.100136844779E+01  0.999558173726E+00
  0.104242640687E+01  0.987514645337E+00  0.100249614461E+01  0.100325439323E+01  0.100136102482E+01  0.999580201663E+00  0.104242640687E+01
  0.987564560425E+00  0.100247591101E+01  0.100323309783E+01  0.100136736043E+01  0.104242640687E+01  0.987514647464E+00  0.100246625620E+01
  0.100315828038E+01  0.104242640687E+01  0.987547787690E+00  0.100216371516E+01  0.104242640687E+01  0.987174818526E+00  0.104242640687E+01
        22        17        11        16
        17        12         7        11
        12         8         4         7
         8         5         2         4
         5         3         1         2
        28        23        17        22
        23        18        12        17
        18        13         8        12
        13         9         5         8
         9         6         3         5
        33        29        23        28
        29        24        18        23
        24        19        13        18
        19        14         9        13
        14        10         6         9
        37        34        29        33
        34        30        24        29
        30        25        19        24
        25        20        14        19
        20        15        10        14
        40        38        34        37
        38        35        30        34
        35        31        25        30
        31        26        20        25
        26        21        15        20
        42        41        38        40
        41        39        35        38
        39        36        31        35
        36        32        26        31
        32        27        21        26
zone t="boundary 6 bc-6", solutiontime= 0.1000000E+02, strandid=1006, i=42, j=30, f=feblock
  0.500000000000E+01  0.500000000000E+01  0.400000000000E+01  0.200000000000E+01  0.300000000000E+01  0.500000000000E+01  0.400000000000E+01
  0.200000000000E+01  0.300000000000E+01  0.100000000000E+01  0.500000000000E+01  0.400000000000E+01  0.200000000000E+01  0.300000000000E+01
  0.100000000000E+01  0.000000000000E+00  0.500000000000E+01  0.400000000000E+01  0.200000000000E+01  0.300000000000E+01  0.100000000000E+01
  0.000000000000E+00  0.500000000000E+01  0.400000000000E+01  0.200000000000E+01  0.300000000000E+01  0.100000000000E+01  0.000000000000E+00
  0.500000000000E+01  0.400000000000E+01  0.200000000000E+01  0.300000000000E+01  0.100000000000E+01  0.000000000000E+00  0.400000000000E+01
  0.200000000000E+01  0.300000000000E+01  0.100000000000E+01  0.000000000000E+00  0.100000000000E+01  0.000000000000E+00  0.000000000000E+00
  0.000000000000E+00 -0.833333333333E+00  0.000000000000E+00  0.000000000000E+00  0.000000000000E+00 -0.166666666667E+01 -0.833333333333E+00
 -0.833333333333E+00 -0.833333333333E+00  0.000000000000E+00 -0.250000000000E+01 -0.166666666667E+01 -0.166666666667E+01 -0.166666666667E+01
 -0.833333333333E+00  0.000000000000E+00 -0.333333333333E+01 -0.250000000000E+01 -0.250000000000E+01 -0.250000000000E+01 -0.166666666667E+01
 -0.833333333333E+00 -0.416666666667E+01 -0.333333333333E+01 -0.333333333333E+01 -0.333333333333E+01 -0.250000000000E+01 -0.166666666667E+01
 -0.500000000000E+01 -0.416666666667E+01 -0.416666666667E+01 -0.416666666667E+01 -0.333333333333E+01 -0.250000000000E+01 -0.500000000000E+01
 -0.500000000000E+01 -0.500000000000E+01 -0.416666666667E+01 -0.333333333333E+01 -0.500000000000E+01 -0.416666666667E+01 -0.500000000000E+01
 -0.250000000000E+01 -0.250000000000E+01 -0.250000000000E+01 -0.250000000000E+01 -0.250000000000E+01 -0.250000000000E+01 -0.250000000000E+01
 -0.250000000000E+01 -0.250000000000E+01 -0.250000000000E+01 -0.250000000000E+01 -0.250000000000E+01 -0.250000000000E+01 -0.250000000000E+01
 -0.250000000000E+01 -0.250000000000E+01 -0.250000000000E+01 -0.250000000000E+01 -0.250000000000E+01 -0.250000000000E+01 -0.250000000000E+01
 -0.250000000000E+01 -0.250000000000E+01 -0.250000000000E+01 -0.250000000000E+01 -0.250000000000E+01 -0.250000000000E+01 -0.250000000000E+01
 -0.250000000000E+01 -0.250000000000E+01 -0.250000000000E+01 -0.250000000000E+01 -0.250000000000E+01 -0.250000000000E+01 -0.250000000000E+01
 -0.250000000000E+01 -0.250000000000E+01 -0.250000000000E+01 -0.250000000000E+01 -0.250000000000E+01 -0.250000000000E+01 -0.250000000000E+01
  0.751548390209E+00  0.751515569833E+00  0.932473970166E+00  0.929608622920E+00  0.938485194168E+00  0.751967716536E+00  0.932209281018E+00
  0.929545235876E+00  0.939298547454E+00  0.902894987745E+00  0.752073613443E+00  0.932406748158E+00  0.929682886280E+00  0.939586925309E+00
  0.901074069255E+00  0.134121389650E+01  0.751967732409E+00  0.932513518624E+00  0.929714297827E+00  0.939628127553E+00  0.900717042970E+00
  0.134291009648E+01  0.751515658804E+00  0.932406753563E+00  0.929682889406E+00  0.939586920560E+00  0.900689498758E+00  0.134332561966E+01
  0.751548607860E+00  0.932209345148E+00  0.929545308822E+00  0.939298567374E+00  0.900717048829E+00  0.134327109841E+01  0.932474108377E+00
  0.929608764488E+00  0.938485235645E+00  0.901074099947E+00  0.134332562742E+01  0.902895035440E+00  0.134291015419E+01  0.134121405127E+01
  0.000000000000E+00  0.000000000000E+00  0.000000000000E+00  0.000000000000E+00  0.000000000000E+00  0.000000000000E+00  0.000000000000E+00
  0.000000000000E+00  0.000000000000E+00  0.000000000000E+00  0.000000000000E+00  0.000000000000E+00  0.000000000000E+00  0.000000000000E+00
  0.000000000000E+00  0.000000000000E+00  0.000000000000E+00  0.000000000000E+00  0.000000000000E+00  0.000000000000E+00  0.000000000000E+00
  0.000000000000E+00  0.000000000000E+00  0.000000000000E+00  0.000000000000E+00  0.000000000000E+00  0.000000000000E+00  0.000000000000E+00
  0.000000000000E+00  0.000000000000E+00  0.000000000000E+00  0.000000000000E+00  0.000000000000E+00  0.000000000000E+00  0.000000000000E+00
  0.000000000000E+00  0.000000000000E+00  0.000000000000E+00  0.000000000000E+00  0.000000000000E+00  0.000000000000E+00  0.000000000000E+00
  0.000000000000E+00  0.000000000000E+00  0.000000000000E+00  0.000000000000E+00  0.000000000000E+00  0.000000000000E+00  0.000000000000E+00
  0.000000000000E+00  0.000000000000E+00  0.000000000000E+00  0.000000000000E+00  0.000000000000E+00  0.000000000000E+00  0.000000000000E+00
  0.000000000000E+00  0.000000000000E+00  0.000000000000E+00  0.000000000000E+00  0.000000000000E+00  0.000000000000E+00  0.000000000000E+00
  0.000000000000E+00  0.000000000000E+00  0.000000000000E+00  0.000000000000E+00  0.000000000000E+00  0.000000000000E+00  0.000000000000E+00
  0.000000000000E+00  0.000000000000E+00  0.000000000000E+00  0.000000000000E+00  0.000000000000E+00  0.000000000000E+00  0.000000000000E+00
  0.000000000000E+00  0.000000000000E+00  0.000000000000E+00  0.000000000000E+00  0.000000000000E+00  0.000000000000E+00  0.000000000000E+00
  0.000000000000E+00  0.000000000000E+00  0.000000000000E+00  0.000000000000E+00  0.000000000000E+00  0.000000000000E+00  0.000000000000E+00
  0.000000000000E+00  0.000000000000E+00  0.000000000000E+00  0.000000000000E+00  0.000000000000E+00  0.000000000000E+00  0.000000000000E+00
  0.000000000000E+00  0.000000000000E+00  0.000000000000E+00  0.000000000000E+00  0.000000000000E+00  0.000000000000E+00  0.000000000000E+00
  0.000000000000E+00  0.000000000000E+00  0.000000000000E+00  0.000000000000E+00  0.000000000000E+00  0.000000000000E+00  0.000000000000E+00
  0.000000000000E+00  0.000000000000E+00  0.000000000000E+00  0.000000000000E+00  0.000000000000E+00  0.000000000000E+00  0.000000000000E+00
  0.000000000000E+00  0.000000000000E+00  0.000000000000E+00  0.000000000000E+00  0.000000000000E+00  0.000000000000E+00  0.000000000000E+00
  0.559595634283E+00  0.559571196549E+00  0.694311064444E+00  0.692177554705E+00  0.698786963470E+00  0.559907860594E+00  0.694113979474E+00
  0.692130357327E+00  0.699392578430E+00  0.672286841327E+00  0.559986710403E+00  0.694261011589E+00  0.692232850481E+00  0.699607301781E+00
  0.670931003099E+00  0.998654844983E+00  0.559907872413E+00  0.694340511842E+00  0.692256239215E+00  0.699637980572E+00  0.670665164793E+00
  0.999917819018E+00  0.559571262796E+00  0.694261015614E+00  0.692232852809E+00  0.699607298245E+00  0.670644655641E+00  0.100022721354E+01
  0.559595796343E+00  0.694114027225E+00  0.692130411642E+00  0.699392593262E+00  0.670665169156E+00  0.100018661755E+01  0.694311167354E+00
  0.692177660115E+00  0.698786994353E+00  0.670931025951E+00  0.100022721932E+01  0.672286876840E+00  0.999917861989E+00  0.998654960219E+00
  0.000000000000E+00  0.000000000000E+00  0.000000000000E+00  0.000000000000E+00  0.000000000000E+00  0.000000000000E+00  0.000000000000E+00
  0.000000000000E+00  0.000000000000E+00  0.000000000000E+00  0.000000000000E+00  0.000000000000E+00  0.000000000000E+00  0.000000000000E+00
  0.000000000000E+00  0.000000000000E+00  0.000000000000E+00  0.000000000000E+00  0.000000000000E+00  0.000000000000E+00  0.000000000000E+00
  0.000000000000E+00  0.000000000000E+00  0.000000000000E+00  0.000000000000E+00  0.000000000000E+00  0.000000000000E+00  0.000000000000E+00
  0.000000000000E+00  0.000000000000E+00  0.000000000000E+00  0.000000000000E+00  0.000000000000E+00  0.000000000000E+00  0.000000000000E+00
  0.000000000000E+00  0.000000000000E+00  0.000000000000E+00  0.000000000000E+00  0.000000000000E+00  0.000000000000E+00  0.000000000000E+00
  0.104242640687E+01  0.104242640687E+01  0.104242640687E+01  0.104242640687E+01  0.104242640687E+01  0.104242640687E+01  0.104242640687E+01
  0.104242640687E+01  0.104242640687E+01  0.104242640687E+01  0.104242640687E+01  0.104242640687E+01  0.104242640687E+01  0.104242640687E+01
  0.104242640687E+01  0.104242640687E+01  0.104242640687E+01  0.104242640687E+01  0.104242640687E+01  0.104242640687E+01  0.104242640687E+01
  0.104242640687E+01  0.104242640687E+01  0.104242640687E+01  0.104242640687E+01  0.104242640687E+01  0.104242640687E+01  0.104242640687E+01
  0.104242640687E+01  0.104242640687E+01  0.104242640687E+01  0.104242640687E+01  0.104242640687E+01  0.104242640687E+01  0.104242640687E+01
  0.104242640687E+01  0.104242640687E+01  0.104242640687E+01  0.104242640687E+01  0.104242640687E+01  0.104242640687E+01  0.104242640687E+01
        22        15        10        16
        15         8         4        10
         8         9         5         4
         9         7         3         5
         7         2         1         3
        28        21        15        22
        21        13         8        15
        13        14         9         8
        14        12         7         9
        12         6         2         7
        34        27        21        28
        27        19        13        21
        19        20        14        13
        20        18        12        14
        18        11         6        12
        39        33        27        34
        33        25        19        27
        25        26        20        19
        26        24        18        20
        24        17        11        18
        41        38        33        39
        38        31        25        33
        31        32        26        25
        32        30        24        26
        30        23        17        24
        42        40        38        41
        40        36        31        38
        36        37        32        31
        37        35        30        32
        35        29        23        30
