title="tecplot geometry and solution file"
variables = x y z rho u v w p mach temperature
zone t="boundary 1 bc-1", solutiontime= 0.3000000E+02, strandid=1001, i=42, j=30, f=feblock
  0.000000000000E+00  0.000000000000E+00  0.000000000000E+00  0.000000000000E+00  0.000000000000E+00  0.000000000000E+00  0.000000000000E+00
  0.000000000000E+00  0.000000000000E+00  0.000000000000E+00  0.000000000000E+00  0.000000000000E+00  0.000000000000E+00  0.000000000000E+00
  0.000000000000E+00  0.000000000000E+00  0.000000000000E+00  0.000000000000E+00  0.000000000000E+00  0.000000000000E+00  0.000000000000E+00
  0.000000000000E+00  0.000000000000E+00  0.000000000000E+00  0.000000000000E+00  0.000000000000E+00  0.000000000000E+00  0.000000000000E+00
  0.000000000000E+00  0.000000000000E+00  0.000000000000E+00  0.000000000000E+00  0.000000000000E+00  0.000000000000E+00  0.000000000000E+00
  0.000000000000E+00  0.000000000000E+00  0.000000000000E+00  0.000000000000E+00  0.000000000000E+00  0.000000000000E+00  0.000000000000E+00
  0.000000000000E+00  0.000000000000E+00 -0.833333333333E+00  0.000000000000E+00  0.000000000000E+00 -0.833333333333E+00 -0.166666666667E+01
  0.000000000000E+00 -0.833333333333E+00 -0.833333333333E+00  0.000000000000E+00 -0.166666666667E+01 -0.250000000000E+01 -0.833333333333E+00
 -0.166666666667E+01 -0.166666666667E+01 -0.833333333333E+00 -0.250000000000E+01 -0.333333333333E+01 -0.166666666667E+01 -0.250000000000E+01
 -0.250000000000E+01 -0.166666666667E+01 -0.333333333333E+01 -0.416666666667E+01 -0.250000000000E+01 -0.333333333333E+01 -0.333333333333E+01
 -0.250000000000E+01 -0.416666666667E+01 -0.500000000000E+01 -0.333333333333E+01 -0.416666666667E+01 -0.416666666667E+01 -0.333333333333E+01
 -0.500000000000E+01 -0.416666666667E+01 -0.500000000000E+01 -0.500000000000E+01 -0.416666666667E+01 -0.500000000000E+01 -0.500000000000E+01
  0.250000000000E+01  0.150000000000E+01  0.250000000000E+01  0.500000000000E+00 -0.150000000000E+01  0.150000000000E+01  0.250000000000E+01
 -0.500000000000E+00  0.500000000000E+00 -0.150000000000E+01 -0.250000000000E+01  0.150000000000E+01  0.250000000000E+01 -0.500000000000E+00
  0.500000000000E+00 -0.150000000000E+01 -0.250000000000E+01  0.150000000000E+01  0.250000000000E+01 -0.500000000000E+00  0.500000000000E+00
 -0.150000000000E+01 -0.250000000000E+01  0.150000000000E+01  0.250000000000E+01 -0.500000000000E+00  0.500000000000E+00 -0.150000000000E+01
 -0.250000000000E+01  0.150000000000E+01  0.250000000000E+01 -0.500000000000E+00  0.500000000000E+00 -0.150000000000E+01 -0.250000000000E+01
  0.150000000000E+01 -0.500000000000E+00  0.500000000000E+00 -0.150000000000E+01 -0.250000000000E+01 -0.500000000000E+00 -0.250000000000E+01
  0.100130498526E+01  0.100333191615E+01  0.100127116098E+01  0.100360743896E+01  0.102859094720E+01  0.100327695233E+01  0.100129267508E+01
  0.102293969279E+01  0.100332427303E+01  0.102580811566E+01  0.134579754789E+01  0.100331630455E+01  0.100127290626E+01  0.102260255339E+01
  0.100339007028E+01  0.102579700342E+01  0.134747402645E+01  0.100328108690E+01  0.100129267424E+01  0.102273667148E+01  0.100332067770E+01
  0.102561423342E+01  0.134799898247E+01  0.100331630366E+01  0.100127115889E+01  0.102262611298E+01  0.100339006845E+01  0.102579701802E+01
  0.134789214640E+01  0.100327695205E+01  0.100130498419E+01  0.102273667020E+01  0.100332427303E+01  0.102580819015E+01  0.134799898775E+01
  0.100333191617E+01  0.102260256931E+01  0.100360743618E+01  0.102859108636E+01  0.134747408588E+01  0.102293969708E+01  0.134579772537E+01
  0.498329803390E+00  0.497124915782E+00  0.498359234001E+00  0.496496428743E+00  0.475307099051E+00  0.497184059881E+00  0.498339989721E+00
  0.478303634492E+00  0.496820551701E+00  0.476449791733E+00  0.000000000000E+00  0.497143122705E+00  0.498360467033E+00  0.478870063018E+00
  0.496752047973E+00  0.476253033215E+00  0.000000000000E+00  0.497181191066E+00  0.498339989946E+00  0.478732051677E+00  0.496828789589E+00
  0.476436235802E+00  0.000000000000E+00  0.497143123581E+00  0.498359235909E+00  0.478874505368E+00  0.496752049310E+00  0.476253030162E+00
  0.000000000000E+00  0.497184062468E+00  0.498329806893E+00  0.478732048115E+00  0.496820546352E+00  0.476449719166E+00  0.000000000000E+00
  0.497124919982E+00  0.478870056493E+00  0.496496408786E+00  0.475306975071E+00  0.000000000000E+00  0.478303657075E+00  0.000000000000E+00
  0.000000000000E+00  0.000000000000E+00 -0.161868828343E-06  0.000000000000E+00  0.000000000000E+00  0.543958540485E-05 -0.153239921735E-05
  0.000000000000E+00 -0.462579397736E-04 -0.969982063163E-03  0.000000000000E+00  0.355482780102E-05 -0.642478243239E-09  0.664005958799E-04
 -0.824723263528E-05 -0.129223619393E-03  0.000000000000E+00 -0.195600502566E-10  0.153161512426E-05  0.757431828920E-04  0.281046877999E-09
  0.576323627742E-08  0.000000000000E+00 -0.355277021677E-05  0.160491036785E-06 -0.476012372612E-08  0.824652804241E-05  0.129256625726E-03
  0.000000000000E+00 -0.544045377329E-05  0.000000000000E+00 -0.757481558870E-04  0.462535392673E-04  0.970041929929E-03  0.000000000000E+00
  0.000000000000E+00 -0.664069522606E-04  0.000000000000E+00  0.000000000000E+00  0.000000000000E+00  0.000000000000E+00  0.000000000000E+00
  0.102739213375E-02  0.371961009665E-03  0.101811903243E-02  0.266531337583E-02  0.353971332641E-01  0.387802358968E-03  0.102998009393E-02
 -0.231262256996E-02  0.277045483744E-02  0.342603270989E-01  0.000000000000E+00  0.379839185689E-03  0.101675886794E-02 -0.252082680337E-02
  0.275334625844E-02  0.343815561646E-01  0.000000000000E+00  0.381762165550E-03  0.102998013659E-02 -0.254515819592E-02  0.275418220527E-02
  0.343552923033E-01  0.000000000000E+00  0.379838085677E-03  0.101811899995E-02 -0.257174427255E-02  0.275334656031E-02  0.343815589836E-01
  0.000000000000E+00  0.387800176993E-03  0.102739355429E-02 -0.254515634946E-02  0.277046038239E-02  0.342603555547E-01  0.000000000000E+00
  0.371962807527E-03 -0.252083235468E-02  0.266531393414E-02  0.353972365924E-01  0.000000000000E+00 -0.231262884934E-02  0.000000000000E+00
  0.715646148605E+00  0.717463215021E+00  0.715615563232E+00  0.718889761539E+00  0.755498689232E+00  0.717398900298E+00  0.715637633057E+00
  0.732930422782E+00  0.718654917403E+00  0.753365811419E+00  0.100206778730E+01  0.717437431307E+00  0.715617415337E+00  0.732408712784E+00
  0.718723992458E+00  0.753405076254E+00  0.100331607696E+01  0.717402306351E+00  0.715637632314E+00  0.732528357387E+00  0.718653803985E+00
  0.753201065092E+00  0.100370695411E+01  0.717437430479E+00  0.715615561126E+00  0.732422153330E+00  0.718723990419E+00  0.753405091080E+00
  0.100362740502E+01  0.717398900479E+00  0.715646147165E+00  0.732528356376E+00  0.718654914146E+00  0.753365857210E+00  0.100370695804E+01
  0.717463215873E+00  0.732408734745E+00  0.718889752434E+00  0.755498768513E+00  0.100331612121E+01  0.732930439245E+00  0.100206791945E+01
  0.498181718890E+00  0.496848666120E+00  0.498213353165E+00  0.495803005964E+00  0.470019381760E+00  0.496916451384E+00  0.498191809090E+00
  0.477571476716E+00  0.496138292705E+00  0.471090166958E+00  0.000000000000E+00  0.496871931508E+00  0.498214372543E+00  0.478229515556E+00
  0.496062214314E+00  0.470889441036E+00  0.000000000000E+00  0.496913423702E+00  0.498191809368E+00  0.478084125547E+00  0.496145921919E+00
  0.471089579259E+00  0.000000000000E+00  0.496871932449E+00  0.498213355286E+00  0.478235338501E+00  0.496062215903E+00  0.470889436960E+00
  0.000000000000E+00  0.496916453837E+00  0.498181722630E+00  0.478084122012E+00  0.496138288518E+00  0.471090100498E+00  0.000000000000E+00
  0.496848670029E+00  0.478229505622E+00  0.495802988492E+00  0.470019274538E+00  0.000000000000E+00  0.477571494933E+00  0.000000000000E+00
  0.100059884131E+01  0.100111287686E+01  0.100058987772E+01  0.100282802527E+01  0.102829814690E+01  0.100107797562E+01  0.100059923659E+01
  0.100309197026E+01  0.100278335869E+01  0.102817682946E+01  0.104242640687E+01  0.100109247630E+01  0.100059072328E+01  0.100270842714E+01
  0.100281397957E+01  0.102824155582E+01  0.104242640687E+01  0.100107860300E+01  0.100059923638E+01  0.100274071415E+01  0.100278539847E+01
  0.102814631152E+01  0.104242640687E+01  0.100109247603E+01  0.100058987686E+01  0.100270372685E+01  0.100281397855E+01  0.102824156142E+01
  0.104242640687E+01  0.100107797614E+01  0.100059884037E+01  0.100274071402E+01  0.100278335415E+01  0.102817681729E+01  0.104242640687E+01
  0.100111287803E+01  0.100270844159E+01  0.100282801534E+01  0.102829811568E+01  0.104242640687E+01  0.100309198858E+01  0.104242640687E+01
         3         6         2         1
         6         9         4         2
         9        14         8         4
        14        10         5         8
        10        17        11         5
         7        12         6         3
        12        15         9         6
        15        20        14         9
        20        16        10        14
        16        23        17        10
        13        18        12         7
        18        21        15        12
        21        26        20        15
        26        22        16        20
        22        29        23        16
        19        24        18        13
        24        27        21        18
        27        32        26        21
        32        28        22        26
        28        35        29        22
        25        30        24        19
        30        33        27        24
        33        37        32        27
        37        34        28        32
        34        40        35        28
        31        36        30        25
        36        38        33        30
        38        41        37        33
        41        39        34        37
        39        42        40        34
zone t="boundary 2 bc-2", solutiontime= 0.3000000E+02, strandid=1002, i=51, j=80, f=feblock
  0.500000000000E+01  0.500000000000E+01  0.400000000000E+01  0.425172245441E+01  0.500000000000E+01  0.427741389634E+01  0.300000000000E+01
  0.341887665662E+01  0.368116975164E+01  0.500000000000E+01  0.430894944607E+01  0.352044655687E+01  0.200000000000E+01  0.259168638257E+01
  0.301798341022E+01  0.500000000000E+01  0.435643616790E+01  0.375117520592E+01  0.271663237208E+01  0.288980181581E+01  0.100000000000E+01
  0.191939879870E+01  0.130679496696E+01  0.219385942988E+01  0.500000000000E+01  0.441735041915E+01  0.373031592783E+01  0.208456665067E+01
  0.230848460393E+01  0.190054259015E+01  0.298584217914E+01  0.000000000000E+00  0.613733212775E+00  0.151350918120E+01  0.794128609067E+00
  0.144135983281E+01  0.400000000000E+01  0.132476136006E+01  0.200000000000E+01  0.164582171489E+01  0.102008138039E+01  0.300000000000E+01
  0.000000000000E+00  0.000000000000E+00  0.701034609231E+00  0.609175469936E+00  0.100000000000E+01  0.505577837730E+00  0.000000000000E+00
  0.000000000000E+00  0.000000000000E+00
 -0.500000000000E+01 -0.500000000000E+01 -0.500000000000E+01 -0.500000000000E+01 -0.500000000000E+01 -0.500000000000E+01 -0.500000000000E+01
 -0.500000000000E+01 -0.500000000000E+01 -0.500000000000E+01 -0.500000000000E+01 -0.500000000000E+01 -0.500000000000E+01 -0.500000000000E+01
 -0.500000000000E+01 -0.500000000000E+01 -0.500000000000E+01 -0.500000000000E+01 -0.500000000000E+01 -0.500000000000E+01 -0.500000000000E+01
 -0.500000000000E+01 -0.500000000000E+01 -0.500000000000E+01 -0.500000000000E+01 -0.500000000000E+01 -0.500000000000E+01 -0.500000000000E+01
 -0.500000000000E+01 -0.500000000000E+01 -0.500000000000E+01 -0.500000000000E+01 -0.500000000000E+01 -0.500000000000E+01 -0.500000000000E+01
 -0.500000000000E+01 -0.500000000000E+01 -0.500000000000E+01 -0.500000000000E+01 -0.500000000000E+01 -0.500000000000E+01 -0.500000000000E+01
 -0.500000000000E+01 -0.500000000000E+01 -0.500000000000E+01 -0.500000000000E+01 -0.500000000000E+01 -0.500000000000E+01 -0.500000000000E+01
 -0.500000000000E+01 -0.500000000000E+01
  0.250000000000E+01  0.150000000000E+01  0.250000000000E+01  0.168388151981E+01  0.500000000000E+00  0.784980628699E+00  0.250000000000E+01
  0.172616846193E+01  0.104016062853E+01 -0.500000000000E+00 -0.103062804534E+00  0.179404976675E+00  0.250000000000E+01  0.166729536217E+01
  0.923171218453E+00 -0.150000000000E+01 -0.102255113015E+01 -0.669125930414E+00  0.135977239814E+00 -0.856266143819E+00  0.250000000000E+01
  0.158034275708E+01  0.175813852804E+01  0.774089735567E+00 -0.250000000000E+01 -0.179804978092E+01 -0.146769777443E+01 -0.223755606368E+00
 -0.164420331359E+01 -0.108875578595E+01 -0.190240885061E+01  0.250000000000E+01  0.185787993997E+01  0.110883669208E+01  0.100177177909E+01
  0.349093656766E+00 -0.250000000000E+01 -0.526785284186E+00 -0.250000000000E+01 -0.183798308008E+01 -0.145695630084E+01 -0.250000000000E+01
  0.150000000000E+01  0.500000000000E+00  0.396172271494E-01 -0.788824871575E+00 -0.250000000000E+01 -0.198405114581E+01 -0.150000000000E+01
 -0.500000000000E+00 -0.250000000000E+01
  0.100108111418E+01  0.100104825339E+01  0.100009374809E+01  0.100052812075E+01  0.100990956484E+01  0.100104749566E+01  0.100042989772E+01
  0.999666635032E+00  0.100100098459E+01  0.101756877817E+01  0.100396576089E+01  0.994446397761E+00  0.100126717317E+01  0.100004379134E+01
  0.997718627705E+00  0.960145927116E+00  0.980822479783E+00  0.996347675699E+00  0.992845582794E+00  0.998633055086E+00  0.100187677328E+01
  0.100050191100E+01  0.100162650568E+01  0.100015407203E+01  0.746639834429E+00  0.967616341839E+00  0.953139866162E+00  0.995200646074E+00
  0.991328599079E+00  0.991463646962E+00  0.966995904050E+00  0.100130498419E+01  0.100202753836E+01  0.100080582199E+01  0.100276614884E+01
  0.100506589737E+01  0.928925163462E+00  0.997823325154E+00  0.928815818964E+00  0.953089966669E+00  0.103614463063E+01  0.935056696079E+00
  0.100333191617E+01  0.100360743618E+01  0.100719494210E+01  0.100122588676E+01  0.902767161566E+00  0.104956125197E+01  0.102859108636E+01
  0.102293969708E+01  0.134579772537E+01
  0.497944291798E+00  0.498229461905E+00  0.501701472693E+00  0.496959551808E+00  0.510481066449E+00  0.507437790714E+00  0.501985872298E+00
  0.499630296709E+00  0.501209956774E+00  0.519121643860E+00  0.550985294598E+00  0.541111522230E+00  0.500135997733E+00  0.500657095407E+00
  0.504588737983E+00  0.488800056633E+00  0.557102986200E+00  0.578944377185E+00  0.531914684376E+00  0.576404553005E+00  0.498058220662E+00
  0.499445598942E+00  0.498818809123E+00  0.503514287684E+00  0.000000000000E+00  0.417174285146E+00  0.481237503882E+00  0.542866417267E+00
  0.426118986061E+00  0.583085413773E+00  0.325366323881E+00  0.498329806893E+00  0.498208791160E+00  0.498349496368E+00  0.496506605537E+00
  0.498058219585E+00  0.000000000000E+00  0.535749675657E+00  0.000000000000E+00  0.386618551339E+00  0.536095986316E+00  0.000000000000E+00
  0.497124919982E+00  0.496496408786E+00  0.492032137821E+00  0.505355133903E+00  0.000000000000E+00  0.430709538830E+00  0.475306975071E+00
  0.478303657075E+00  0.000000000000E+00
  0.000000000000E+00  0.000000000000E+00  0.000000000000E+00  0.000000000000E+00  0.000000000000E+00  0.000000000000E+00  0.000000000000E+00
  0.000000000000E+00  0.000000000000E+00  0.000000000000E+00  0.000000000000E+00  0.000000000000E+00  0.000000000000E+00  0.000000000000E+00
  0.000000000000E+00  0.000000000000E+00  0.000000000000E+00  0.000000000000E+00  0.000000000000E+00  0.000000000000E+00  0.000000000000E+00
  0.000000000000E+00  0.000000000000E+00  0.000000000000E+00  0.000000000000E+00  0.000000000000E+00  0.000000000000E+00  0.000000000000E+00
  0.000000000000E+00  0.000000000000E+00  0.000000000000E+00  0.000000000000E+00  0.000000000000E+00  0.000000000000E+00  0.000000000000E+00
  0.000000000000E+00  0.000000000000E+00  0.000000000000E+00  0.000000000000E+00  0.000000000000E+00  0.000000000000E+00  0.000000000000E+00
  0.000000000000E+00  0.000000000000E+00  0.000000000000E+00  0.000000000000E+00  0.000000000000E+00  0.000000000000E+00  0.000000000000E+00
  0.000000000000E+00  0.000000000000E+00
 -0.138162422417E-03  0.369669785274E-02  0.311769844457E-03 -0.998268894547E-03  0.181961557181E-02 -0.136877790727E-02  0.334255970493E-03
 -0.708546789440E-03 -0.323743615874E-02 -0.456080194949E-01 -0.942985467597E-02  0.184760212952E-02  0.113903826481E-02  0.100019994458E-02
 -0.900312533440E-03 -0.110532560188E+00 -0.319552860950E-01 -0.902206189089E-02  0.723455003208E-02  0.141984338670E-01  0.154539853527E-02
  0.244455322432E-02  0.265219310642E-02  0.485958404089E-02  0.000000000000E+00 -0.598834092181E-01  0.588838239513E-02  0.195779881725E-01
  0.326781035828E-02  0.339339131018E-01  0.388426375928E-02  0.102739355429E-02  0.208520898057E-02  0.339322773546E-02  0.250672905970E-02
  0.707851392509E-02  0.000000000000E+00  0.365658197719E-01  0.000000000000E+00 -0.256449080352E-02  0.651930393736E-01  0.000000000000E+00
  0.371962807527E-03  0.266531393414E-02  0.334109542915E-02  0.249699267900E-01  0.000000000000E+00  0.141963967717E+00  0.353972365924E-01
 -0.231262884934E-02  0.000000000000E+00
  0.715191989288E+00  0.715698483489E+00  0.714456276110E+00  0.714595352363E+00  0.723823862225E+00  0.716420577407E+00  0.714532387787E+00
  0.713993118424E+00  0.715275966857E+00  0.729028530901E+00  0.715420570807E+00  0.709289304403E+00  0.715423931726E+00  0.714355768529E+00
  0.712195004052E+00  0.675937008810E+00  0.693026950378E+00  0.704435301081E+00  0.709497107822E+00  0.705757830134E+00  0.716123595055E+00
  0.715341606637E+00  0.715861867321E+00  0.713535012283E+00  0.555940771307E+00  0.685128389959E+00  0.675242465867E+00  0.711746592887E+00
  0.707468572706E+00  0.697283988696E+00  0.699067567690E+00  0.715646147165E+00  0.716190584542E+00  0.715508181825E+00  0.717552825017E+00
  0.718022595414E+00  0.691668657429E+00  0.716065040846E+00  0.691587240577E+00  0.679821859120E+00  0.735162687342E+00  0.696234137082E+00
  0.717463215873E+00  0.718889752434E+00  0.719050983135E+00  0.725477040854E+00  0.672191663194E+00  0.725658106562E+00  0.755498768513E+00
  0.732930439245E+00  0.100206791945E+01
  0.497897643179E+00  0.498011990089E+00  0.501665193919E+00  0.496984056753E+00  0.509616140652E+00  0.506948317188E+00  0.502007198474E+00
  0.499649859794E+00  0.501123959373E+00  0.520336631913E+00  0.551719487446E+00  0.541507254826E+00  0.500055812767E+00  0.500644506629E+00
  0.504752879968E+00  0.504791438345E+00  0.561054286003E+00  0.581983203244E+00  0.531843268546E+00  0.579655845588E+00  0.497887643387E+00
  0.499208065052E+00  0.498681470947E+00  0.503841360821E+00  0.000000000000E+00  0.423299765333E+00  0.483255048582E+00  0.542879980822E+00
  0.426319186728E+00  0.588621235465E+00  0.323438912616E+00  0.498181722630E+00  0.498054304253E+00  0.498135716981E+00  0.496065976092E+00
  0.498067453572E+00  0.000000000000E+00  0.535744444026E+00  0.000000000000E+00  0.386899003978E+00  0.541857038516E+00  0.000000000000E+00
  0.496848670029E+00  0.495802988492E+00  0.492171419659E+00  0.502361516242E+00  0.000000000000E+00  0.460949652158E+00  0.470019274538E+00
  0.477571494933E+00  0.000000000000E+00
  0.100018746815E+01  0.100092865003E+01  0.100014502486E+01  0.999905422508E+00  0.100341005017E+01  0.100193928132E+01  0.999915481519E+00
  0.999923705328E+00  0.100038498365E+01  0.100301814006E+01  0.997632427464E+00  0.998550578895E+00  0.100032591825E+01  0.100005428222E+01
  0.999352901695E+00  0.985591653945E+00  0.989208292559E+00  0.989824581888E+00  0.100045361350E+01  0.989413435851E+00  0.100069495552E+01
  0.100097584850E+01  0.100057916655E+01  0.998795130805E+00  0.104242640687E+01  0.991281052694E+00  0.991816086783E+00  0.100125058597E+01
  0.999119769880E+00  0.984602498706E+00  0.101209797339E+01  0.100059884037E+01  0.100063798645E+01  0.100090490338E+01  0.100180281932E+01
  0.100016490084E+01  0.104242640687E+01  0.100467791433E+01  0.104242640687E+01  0.998594714090E+00  0.993324418093E+00  0.104242640687E+01
  0.100111287803E+01  0.100282801534E+01  0.999480174401E+00  0.101442428790E+01  0.104242640687E+01  0.967948604503E+00  0.102829811568E+01
  0.100309198858E+01  0.104242640687E+01
        28        24        19        19
        19        24        15        15
        19        15        12        12
        22        13        14        14
        13        22        23        23
        31        27        37        37
        31        29        20        20
        35        34        36        36
        34        23        22        22
         8         9        15        15
         9         6        12        12
        20        18        27        27
        27        18        17        17
        38        45        36        36
        38        30        41        41
        28        19        20        20
        30        40        41        41
        40        39        47        47
        11        10        17        17
        10        11         5         5
         8        14         7         7
        14        24        22        22
        45        46        50        50
        46        41        49        49
        41        46        38        38
        29        39        40        40
        36        24        28        28
        36        45        35        35
        20        29        30        30
        11        18        12        12
        15        24        14        14
        12        20        19        19
        12        18        20        20
        31        20        27        27
         9        12        15        15
         9         4         6         6
        24        36        34        34
        35        23        34        34
        38        36        28        28
        41        47        48        48
        29        40        30        30
        49        50        46        46
        46        45        38        38
        25        26        16        16
        26        37        27        27
        32        33        43        43
        33        21        23        23
        51        48        47        47
         1         4         3         3
         4         2         6         6
         6         5        11        11
        35        43        33        33
        43        35        44        44
         8         3         4         4
         3         8         7         7
        31        37        42        42
        17        16        26        26
        16        17        10        10
        34        22        24        24
        47        41        40        40
        15        14         8         8
        20        30        28        28
        11        17        18        18
        39        31        42        42
         4         9         8         8
        33        23        35        35
        28        30        38        38
        17        26        27        27
        41        48        49        49
        35        45        44        44
        39        29        31        31
        45        50        44        44
        21        13        23        23
        13         7        14        14
         2         5         6         6
         6        11        12        12
        25        37        26        26
        51        49        48        48
        32        21        33        33
         1         2         4         4
zone t="boundary 3 bc-3", solutiontime= 0.3000000E+02, strandid=1003, i=51, j=80, f=feblock
  0.500000000000E+01  0.500000000000E+01  0.400000000000E+01  0.425172245441E+01  0.500000000000E+01  0.427741389634E+01  0.300000000000E+01
  0.341887665662E+01  0.368116975164E+01  0.500000000000E+01  0.430894944607E+01  0.352044655687E+01  0.200000000000E+01  0.259168638257E+01
  0.301798341022E+01  0.500000000000E+01  0.435643616790E+01  0.375117520592E+01  0.271663237208E+01  0.288980181581E+01  0.100000000000E+01
  0.191939879870E+01  0.130679496696E+01  0.219385942988E+01  0.500000000000E+01  0.441735041915E+01  0.373031592783E+01  0.208456665067E+01
  0.230848460393E+01  0.190054259015E+01  0.298584217914E+01  0.000000000000E+00  0.613733212775E+00  0.151350918120E+01  0.794128609067E+00
  0.144135983281E+01  0.400000000000E+01  0.132476136006E+01  0.200000000000E+01  0.164582171489E+01  0.102008138039E+01  0.300000000000E+01
  0.000000000000E+00  0.000000000000E+00  0.701034609231E+00  0.609175469936E+00  0.100000000000E+01  0.505577837730E+00  0.000000000000E+00
  0.000000000000E+00  0.000000000000E+00
  0.000000000000E+00  0.000000000000E+00  0.000000000000E+00  0.000000000000E+00  0.000000000000E+00  0.000000000000E+00  0.000000000000E+00
  0.000000000000E+00  0.000000000000E+00  0.000000000000E+00  0.000000000000E+00  0.000000000000E+00  0.000000000000E+00  0.000000000000E+00
  0.000000000000E+00  0.000000000000E+00  0.000000000000E+00  0.000000000000E+00  0.000000000000E+00  0.000000000000E+00  0.000000000000E+00
  0.000000000000E+00  0.000000000000E+00  0.000000000000E+00  0.000000000000E+00  0.000000000000E+00  0.000000000000E+00  0.000000000000E+00
  0.000000000000E+00  0.000000000000E+00  0.000000000000E+00  0.000000000000E+00  0.000000000000E+00  0.000000000000E+00  0.000000000000E+00
  0.000000000000E+00  0.000000000000E+00  0.000000000000E+00  0.000000000000E+00  0.000000000000E+00  0.000000000000E+00  0.000000000000E+00
  0.000000000000E+00  0.000000000000E+00  0.000000000000E+00  0.000000000000E+00  0.000000000000E+00  0.000000000000E+00  0.000000000000E+00
  0.000000000000E+00  0.000000000000E+00
  0.250000000000E+01  0.150000000000E+01  0.250000000000E+01  0.168388151981E+01  0.500000000000E+00  0.784980628699E+00  0.250000000000E+01
  0.172616846193E+01  0.104016062853E+01 -0.500000000000E+00 -0.103062804534E+00  0.179404976675E+00  0.250000000000E+01  0.166729536217E+01
  0.923171218453E+00 -0.150000000000E+01 -0.102255113015E+01 -0.669125930414E+00  0.135977239814E+00 -0.856266143819E+00  0.250000000000E+01
  0.158034275708E+01  0.175813852804E+01  0.774089735567E+00 -0.250000000000E+01 -0.179804978092E+01 -0.146769777443E+01 -0.223755606368E+00
 -0.164420331359E+01 -0.108875578595E+01 -0.190240885061E+01  0.250000000000E+01  0.185787993997E+01  0.110883669208E+01  0.100177177909E+01
  0.349093656766E+00 -0.250000000000E+01 -0.526785284186E+00 -0.250000000000E+01 -0.183798308008E+01 -0.145695630084E+01 -0.250000000000E+01
  0.150000000000E+01  0.500000000000E+00  0.396172271494E-01 -0.788824871575E+00 -0.250000000000E+01 -0.198405114581E+01 -0.150000000000E+01
 -0.500000000000E+00 -0.250000000000E+01
  0.100108110566E+01  0.100104824544E+01  0.100009374272E+01  0.100052811248E+01  0.100990957405E+01  0.100104751242E+01  0.100042989510E+01
  0.999666625933E+00  0.100100097935E+01  0.101756887823E+01  0.100396580422E+01  0.994446402625E+00  0.100126718139E+01  0.100004378897E+01
  0.997718604919E+00  0.960146056971E+00  0.980822607373E+00  0.996347765906E+00  0.992845592599E+00  0.998633128372E+00  0.100187677544E+01
  0.100050191529E+01  0.100162651092E+01  0.100015408970E+01  0.746639559933E+00  0.967616353423E+00  0.953139982774E+00  0.995200674474E+00
  0.991328616839E+00  0.991463710890E+00  0.966995920626E+00  0.100130498526E+01  0.100202753921E+01  0.100080582687E+01  0.100276614969E+01
  0.100506590822E+01  0.928925009273E+00  0.997823345039E+00  0.928815702818E+00  0.953090004396E+00  0.103614470060E+01  0.935056650074E+00
  0.100333191615E+01  0.100360743896E+01  0.100719494964E+01  0.100122586382E+01  0.902767095268E+00  0.104956140816E+01  0.102859094720E+01
  0.102293969279E+01  0.134579754789E+01
  0.497944289416E+00  0.498229446739E+00  0.501701487351E+00  0.496959535992E+00  0.510480986131E+00  0.507437699673E+00  0.501985881966E+00
  0.499630316419E+00  0.501209887085E+00  0.519121629832E+00  0.550985203588E+00  0.541111427279E+00  0.500135985930E+00  0.500657095407E+00
  0.504588658024E+00  0.488799971382E+00  0.557103124557E+00  0.578944249161E+00  0.531914489576E+00  0.576404589881E+00  0.498058216964E+00
  0.499445585395E+00  0.498818796348E+00  0.503514218983E+00  0.000000000000E+00  0.417174299133E+00  0.481237670154E+00  0.542866283072E+00
  0.426119191493E+00  0.583085431802E+00  0.325366513824E+00  0.498329803390E+00  0.498208786600E+00  0.498349486213E+00  0.496506613558E+00
  0.498058132941E+00  0.000000000000E+00  0.535749559894E+00  0.000000000000E+00  0.386618872257E+00  0.536096104702E+00  0.000000000000E+00
  0.497124915782E+00  0.496496428743E+00  0.492032066860E+00  0.505355128481E+00  0.000000000000E+00  0.430709626030E+00  0.475307099051E+00
  0.478303634492E+00  0.000000000000E+00
  0.000000000000E+00  0.000000000000E+00  0.000000000000E+00  0.000000000000E+00  0.000000000000E+00  0.000000000000E+00  0.000000000000E+00
  0.000000000000E+00  0.000000000000E+00  0.000000000000E+00  0.000000000000E+00  0.000000000000E+00  0.000000000000E+00  0.000000000000E+00
  0.000000000000E+00  0.000000000000E+00  0.000000000000E+00  0.000000000000E+00  0.000000000000E+00  0.000000000000E+00  0.000000000000E+00
  0.000000000000E+00  0.000000000000E+00  0.000000000000E+00  0.000000000000E+00  0.000000000000E+00  0.000000000000E+00  0.000000000000E+00
  0.000000000000E+00  0.000000000000E+00  0.000000000000E+00  0.000000000000E+00  0.000000000000E+00  0.000000000000E+00  0.000000000000E+00
  0.000000000000E+00  0.000000000000E+00  0.000000000000E+00  0.000000000000E+00  0.000000000000E+00  0.000000000000E+00  0.000000000000E+00
  0.000000000000E+00  0.000000000000E+00  0.000000000000E+00  0.000000000000E+00  0.000000000000E+00  0.000000000000E+00  0.000000000000E+00
  0.000000000000E+00  0.000000000000E+00
 -0.138158386283E-03  0.369670214786E-02  0.311773535064E-03 -0.998270689684E-03  0.181969500566E-02 -0.136878776323E-02  0.334257407326E-03
 -0.708559665470E-03 -0.323745312480E-02 -0.456078696055E-01 -0.942985605969E-02  0.184759509248E-02  0.113903289668E-02  0.100022722172E-02
 -0.900286991539E-03 -0.110532566062E+00 -0.319549839638E-01 -0.902221731886E-02  0.723452479114E-02  0.141984758413E-01  0.154540106786E-02
  0.244456426933E-02  0.265219309982E-02  0.485961327313E-02  0.000000000000E+00 -0.598831853976E-01  0.588839422680E-02  0.195779899688E-01
  0.326805125562E-02  0.339339263490E-01  0.388423943889E-02  0.102739213375E-02  0.208521289186E-02  0.339321227716E-02  0.250673005263E-02
  0.707847471210E-02  0.000000000000E+00  0.365657192514E-01  0.000000000000E+00 -0.256460703249E-02  0.651929504670E-01  0.000000000000E+00
  0.371961009665E-03  0.266531337583E-02  0.334107331567E-02  0.249697643021E-01  0.000000000000E+00  0.141964018599E+00  0.353971332641E-01
 -0.231262256996E-02  0.000000000000E+00
  0.715191981756E+00  0.715698473425E+00  0.714456271627E+00  0.714595343956E+00  0.723823877973E+00  0.716420590350E+00  0.714532384953E+00
  0.713993108282E+00  0.715275962043E+00  0.729028618575E+00  0.715420630212E+00  0.709289307043E+00  0.715423937846E+00  0.714355767618E+00
  0.712194977389E+00  0.675937090551E+00  0.693027029672E+00  0.704435405257E+00  0.709497127848E+00  0.705757896593E+00  0.716123597267E+00
  0.715341616085E+00  0.715861871970E+00  0.713535022853E+00  0.555940566921E+00  0.685128345946E+00  0.675242485306E+00  0.711746623391E+00
  0.707468553685E+00  0.697284037750E+00  0.699067512718E+00  0.715646148605E+00  0.716190585012E+00  0.715508190661E+00  0.717552828033E+00
  0.718022596192E+00  0.691668542621E+00  0.716065075084E+00  0.691587154096E+00  0.679821809020E+00  0.735162725580E+00  0.696234102827E+00
  0.717463215021E+00  0.718889761539E+00  0.719050976763E+00  0.725477039246E+00  0.672191613830E+00  0.725658071173E+00  0.755498689232E+00
  0.732930422782E+00  0.100206778730E+01
  0.497897641298E+00  0.498011976486E+00  0.501665208803E+00  0.496984041810E+00  0.509616057534E+00  0.506948225926E+00  0.502007208483E+00
  0.499649880797E+00  0.501123890185E+00  0.520336599157E+00  0.551719385363E+00  0.541507160100E+00  0.500055800867E+00  0.500644506409E+00
  0.504752803623E+00  0.504791359506E+00  0.561054411884E+00  0.581983060326E+00  0.531843068585E+00  0.579655877666E+00  0.497887639466E+00
  0.499208049341E+00  0.498681457860E+00  0.503841293084E+00  0.000000000000E+00  0.423299763427E+00  0.483255238278E+00  0.542879842976E+00
  0.426319403643E+00  0.588621252651E+00  0.323439116608E+00  0.498181718890E+00  0.498054299756E+00  0.498135704865E+00  0.496065983278E+00
  0.498067368808E+00  0.000000000000E+00  0.535744314502E+00  0.000000000000E+00  0.386899347801E+00  0.541857149866E+00  0.000000000000E+00
  0.496848666120E+00  0.495803005964E+00  0.492171352554E+00  0.502361497707E+00  0.000000000000E+00  0.460949798062E+00  0.470019381760E+00
  0.477571476716E+00  0.000000000000E+00
  0.100018746613E+01  0.100092864391E+01  0.100014502397E+01  0.999905419011E+00  0.100341006284E+01  0.100193928265E+01  0.999915480169E+00
  0.999923700226E+00  0.100038498215E+01  0.100301816205E+01  0.997632467250E+00  0.998550577727E+00  0.100032591860E+01  0.100005428332E+01
  0.999352887105E+00  0.985591639835E+00  0.989208277060E+00  0.989824638652E+00  0.100045363185E+01  0.989413456413E+00  0.100069495646E+01
  0.100097585743E+01  0.100057916782E+01  0.998795127949E+00  0.104242640687E+01  0.991280977146E+00  0.991815993992E+00  0.100125060031E+01
  0.999119725119E+00  0.984602504486E+00  0.101209787645E+01  0.100059884131E+01  0.100063798627E+01  0.100090491085E+01  0.100180282268E+01
  0.100016489112E+01  0.104242640687E+01  0.100467794235E+01  0.104242640687E+01  0.998594600970E+00  0.993324402681E+00  0.104242640687E+01
  0.100111287686E+01  0.100282802527E+01  0.999480158062E+00  0.101442430889E+01  0.104242640687E+01  0.967948413256E+00  0.102829814690E+01
  0.100309197026E+01  0.104242640687E+01
        19        24        28        28
        15        24        19        19
        12        15        19        19
        14        13        22        22
        23        22        13        13
        37        27        31        31
        20        29        31        31
        36        34        35        35
        22        23        34        34
        15         9         8         8
        12         6         9         9
        27        18        20        20
        17        18        27        27
        36        45        38        38
        41        30        38        38
        20        19        28        28
        41        40        30        30
        47        39        40        40
        17        10        11        11
         5        11        10        10
         7        14         8         8
        22        24        14        14
        50        46        45        45
        49        41        46        46
        38        46        41        41
        40        39        29        29
        28        24        36        36
        35        45        36        36
        30        29        20        20
        12        18        11        11
        14        24        15        15
        19        20        12        12
        20        18        12        12
        27        20        31        31
        15        12         9         9
         6         4         9         9
        34        36        24        24
        34        23        35        35
        28        36        38        38
        48        47        41        41
        30        40        29        29
        46        50        49        49
        38        45        46        46
        16        26        25        25
        27        37        26        26
        43        33        32        32
        23        21        33        33
        47        48        51        51
         3         4         1         1
         6         2         4         4
        11         5         6         6
        33        43        35        35
        44        35        43        43
         4         3         8         8
         7         8         3         3
        42        37        31        31
        26        16        17        17
        10        17        16        16
        24        22        34        34
        40        41        47        47
         8        14        15        15
        28        30        20        20
        18        17        11        11
        42        31        39        39
         8         9         4         4
        35        23        33        33
        38        30        28        28
        27        26        17        17
        49        48        41        41
        44        45        35        35
        31        29        39        39
        44        50        45        45
        23        13        21        21
        14         7        13        13
         6         5         2         2
        12        11         6         6
        26        37        25        25
        48        49        51        51
        33        21        32        32
         4         2         1         1
zone t="boundary 4 bc-4", solutiontime= 0.3000000E+02, strandid=1004, i=42, j=30, f=feblock
  0.500000000000E+01  0.400000000000E+01  0.500000000000E+01  0.300000000000E+01  0.400000000000E+01  0.500000000000E+01  0.200000000000E+01
  0.300000000000E+01  0.400000000000E+01  0.500000000000E+01  0.100000000000E+01  0.200000000000E+01  0.300000000000E+01  0.400000000000E+01
  0.500000000000E+01  0.000000000000E+00  0.100000000000E+01  0.200000000000E+01  0.300000000000E+01  0.400000000000E+01  0.500000000000E+01
  0.000000000000E+00  0.100000000000E+01  0.200000000000E+01  0.300000000000E+01  0.400000000000E+01  0.500000000000E+01  0.000000000000E+00
  0.100000000000E+01  0.200000000000E+01  0.300000000000E+01  0.400000000000E+01  0.000000000000E+00  0.100000000000E+01  0.200000000000E+01
  0.300000000000E+01  0.000000000000E+00  0.100000000000E+01  0.200000000000E+01  0.000000000000E+00  0.100000000000E+01  0.000000000000E+00
  0.000000000000E+00  0.000000000000E+00 -0.833333333333E+00  0.000000000000E+00 -0.833333333333E+00 -0.166666666667E+01  0.000000000000E+00
 -0.833333333333E+00 -0.166666666667E+01 -0.250000000000E+01  0.000000000000E+00 -0.833333333333E+00 -0.166666666667E+01 -0.250000000000E+01
 -0.333333333333E+01  0.000000000000E+00 -0.833333333333E+00 -0.166666666667E+01 -0.250000000000E+01 -0.333333333333E+01 -0.416666666667E+01
 -0.833333333333E+00 -0.166666666667E+01 -0.250000000000E+01 -0.333333333333E+01 -0.416666666667E+01 -0.500000000000E+01 -0.166666666667E+01
 -0.250000000000E+01 -0.333333333333E+01 -0.416666666667E+01 -0.500000000000E+01 -0.250000000000E+01 -0.333333333333E+01 -0.416666666667E+01
 -0.500000000000E+01 -0.333333333333E+01 -0.416666666667E+01 -0.500000000000E+01 -0.416666666667E+01 -0.500000000000E+01 -0.500000000000E+01
  0.250000000000E+01  0.250000000000E+01  0.250000000000E+01  0.250000000000E+01  0.250000000000E+01  0.250000000000E+01  0.250000000000E+01
  0.250000000000E+01  0.250000000000E+01  0.250000000000E+01  0.250000000000E+01  0.250000000000E+01  0.250000000000E+01  0.250000000000E+01
  0.250000000000E+01  0.250000000000E+01  0.250000000000E+01  0.250000000000E+01  0.250000000000E+01  0.250000000000E+01  0.250000000000E+01
  0.250000000000E+01  0.250000000000E+01  0.250000000000E+01  0.250000000000E+01  0.250000000000E+01  0.250000000000E+01  0.250000000000E+01
  0.250000000000E+01  0.250000000000E+01  0.250000000000E+01  0.250000000000E+01  0.250000000000E+01  0.250000000000E+01  0.250000000000E+01
  0.250000000000E+01  0.250000000000E+01  0.250000000000E+01  0.250000000000E+01  0.250000000000E+01  0.250000000000E+01  0.250000000000E+01
  0.100108110566E+01  0.100009374272E+01  0.100105797818E+01  0.100042989510E+01  0.999989066661E+00  0.100107914022E+01  0.100126718139E+01
  0.100029863532E+01  0.100004179306E+01  0.100107009661E+01  0.100187677544E+01  0.100115650081E+01  0.100038217298E+01  0.100002912196E+01
  0.100107913995E+01  0.100130498526E+01  0.100181720508E+01  0.100124190949E+01  0.100032739834E+01  0.100004179235E+01  0.100105798022E+01
  0.100127116098E+01  0.100186592022E+01  0.100118578941E+01  0.100038217352E+01  0.999989066954E+00  0.100108111418E+01  0.100129267508E+01
  0.100182145318E+01  0.100124190863E+01  0.100029863690E+01  0.100009374809E+01  0.100127290626E+01  0.100186591992E+01  0.100115649587E+01
  0.100042989772E+01  0.100129267424E+01  0.100181720362E+01  0.100126717317E+01  0.100127115889E+01  0.100187677328E+01  0.100130498419E+01
  0.497944289416E+00  0.501701487351E+00  0.498113441562E+00  0.501985881966E+00  0.502170185603E+00  0.498094009521E+00  0.500135985930E+00
  0.502366816266E+00  0.502039957715E+00  0.498094548252E+00  0.498058216964E+00  0.500319381420E+00  0.502193859986E+00  0.502078585944E+00
  0.498094005219E+00  0.498329803390E+00  0.498149097914E+00  0.500165426594E+00  0.502293959192E+00  0.502039951576E+00  0.498113442139E+00
  0.498359234001E+00  0.498070785409E+00  0.500273415526E+00  0.502193855231E+00  0.502170185851E+00  0.497944291798E+00  0.498339989721E+00
  0.498139719151E+00  0.500165426001E+00  0.502366816144E+00  0.501701472693E+00  0.498360467033E+00  0.498070786500E+00  0.500319387195E+00
  0.501985872298E+00  0.498339989946E+00  0.498149100034E+00  0.500135997733E+00  0.498359235909E+00  0.498058220662E+00  0.498329806893E+00
  0.000000000000E+00  0.000000000000E+00 -0.397961559205E-04  0.000000000000E+00 -0.717237307115E-04  0.130493473809E-04  0.000000000000E+00
 -0.535814575092E-04  0.130888729525E-04 -0.357535064897E-08  0.000000000000E+00 -0.322755617360E-04  0.218856291933E-04 -0.184601296385E-08
 -0.130567338375E-04  0.000000000000E+00 -0.409748964579E-05  0.161749210667E-04 -0.172381814762E-08 -0.130948216061E-04  0.397867330699E-04
 -0.161868828343E-06  0.783933916900E-05 -0.223055021968E-08 -0.218937183644E-04  0.717163596670E-04  0.000000000000E+00 -0.153239921735E-05
 -0.850174296392E-09 -0.161806868486E-04  0.535796475506E-04  0.000000000000E+00 -0.642478243239E-09 -0.783962718582E-05  0.322698294919E-04
  0.000000000000E+00  0.153161512426E-05  0.409502818050E-05  0.000000000000E+00  0.160491036785E-06  0.000000000000E+00  0.000000000000E+00
 -0.138158386283E-03  0.311773535064E-03 -0.279262091282E-03  0.334257407326E-03  0.296081695703E-03 -0.219292932672E-03  0.113903289668E-02
  0.296700685141E-03  0.324275631584E-03 -0.255665532782E-03  0.154540106786E-02  0.100290095297E-02  0.293702282736E-03  0.279323348722E-03
 -0.219290122716E-03  0.102739213375E-02  0.146435857943E-02  0.108887659212E-02  0.138354999249E-03  0.324277240662E-03 -0.279268251219E-03
  0.101811903243E-02  0.151342054030E-02  0.100676497302E-02  0.293702288111E-03  0.296079809912E-03 -0.138162422417E-03  0.102998009393E-02
  0.147369928205E-02  0.108887587414E-02  0.296699788117E-03  0.311769844457E-03  0.101675886794E-02  0.151341932676E-02  0.100290319046E-02
  0.334255970493E-03  0.102998013659E-02  0.146435620734E-02  0.113903826481E-02  0.101811899995E-02  0.154539853527E-02  0.102739355429E-02
  0.715191981756E+00  0.714456271627E+00  0.715160538352E+00  0.714532384953E+00  0.714369808649E+00  0.715185743548E+00  0.715423937846E+00
  0.714405355870E+00  0.714421707553E+00  0.715176408352E+00  0.716123597267E+00  0.715308443046E+00  0.714484536505E+00  0.714404600274E+00
  0.715185743143E+00  0.715646148605E+00  0.716056930080E+00  0.715390346161E+00  0.714429104714E+00  0.714421707371E+00  0.715160539567E+00
  0.715615563232E+00  0.716107248924E+00  0.715334089067E+00  0.714484537514E+00  0.714369808662E+00  0.715191989288E+00  0.715637633057E+00
  0.716063712912E+00  0.715390345467E+00  0.714405357776E+00  0.714456276110E+00  0.715617415337E+00  0.716107248359E+00  0.715308439352E+00
  0.714532387787E+00  0.715637632314E+00  0.716056928298E+00  0.715423931726E+00  0.715615561126E+00  0.716123595055E+00  0.715646147165E+00
  0.497897641298E+00  0.501665208803E+00  0.498072033947E+00  0.502007208483E+00  0.502137974793E+00  0.498049059838E+00  0.500055800867E+00
  0.502399839615E+00  0.502002767374E+00  0.498050616522E+00  0.497887639466E+00  0.500251607408E+00  0.502220007773E+00  0.502044195870E+00
  0.498049055607E+00  0.498181718890E+00  0.497986619343E+00  0.500090554787E+00  0.502325779059E+00  0.502002761124E+00  0.498072034612E+00
  0.498213353165E+00  0.497903091361E+00  0.500204004441E+00  0.502220002801E+00  0.502137975107E+00  0.497897643179E+00  0.498191809090E+00
  0.497975968521E+00  0.500090554220E+00  0.502399839218E+00  0.501665193919E+00  0.498214372543E+00  0.497903092568E+00  0.500251613243E+00
  0.502007198474E+00  0.498191809368E+00  0.497986621710E+00  0.500055812767E+00  0.498213355286E+00  0.497887643387E+00  0.498181722630E+00
  0.100018746613E+01  0.100014502397E+01  0.100016659926E+01  0.999915480169E+00  0.100012866685E+01  0.100018070574E+01  0.100032591860E+01
  0.999868902044E+00  0.100014859131E+01  0.100017668601E+01  0.100069495646E+01  0.100027500141E+01  0.999896217793E+00  0.100013731443E+01
  0.100018070544E+01  0.100059884131E+01  0.100066129532E+01  0.100030419735E+01  0.999873389712E+00  0.100014859176E+01  0.100016659891E+01
  0.100058987772E+01  0.100068295393E+01  0.100028160136E+01  0.999896218661E+00  0.100012866658E+01  0.100018746815E+01  0.100059923659E+01
  0.100066653084E+01  0.100030419724E+01  0.999868903137E+00  0.100014502486E+01  0.100059072328E+01  0.100068295345E+01  0.100027500118E+01
  0.999915481519E+00  0.100059923638E+01  0.100066129430E+01  0.100032591825E+01  0.100058987686E+01  0.100069495552E+01  0.100059884037E+01
         3         5         2         1
         5         8         4         2
         8        12         7         4
        12        17        11         7
        17        22        16        11
         6         9         5         3
         9        13         8         5
        13        18        12         8
        18        23        17        12
        23        28        22        17
        10        14         9         6
        14        19        13         9
        19        24        18        13
        24        29        23        18
        29        33        28        23
        15        20        14        10
        20        25        19        14
        25        30        24        19
        30        34        29        24
        34        37        33        29
        21        26        20        15
        26        31        25        20
        31        35        30        25
        35        38        34        30
        38        40        37        34
        27        32        26        21
        32        36        31        26
        36        39        35        31
        39        41        38        35
        41        42        40        38
zone t="boundary 5 bc-5", solutiontime= 0.3000000E+02, strandid=1005, i=42, j=30, f=feblock
  0.500000000000E+01  0.500000000000E+01  0.500000000000E+01  0.500000000000E+01  0.500000000000E+01  0.500000000000E+01  0.500000000000E+01
  0.500000000000E+01  0.500000000000E+01  0.500000000000E+01  0.500000000000E+01  0.500000000000E+01  0.500000000000E+01  0.500000000000E+01
  0.500000000000E+01  0.500000000000E+01  0.500000000000E+01  0.500000000000E+01  0.500000000000E+01  0.500000000000E+01  0.500000000000E+01
  0.500000000000E+01  0.500000000000E+01  0.500000000000E+01  0.500000000000E+01  0.500000000000E+01  0.500000000000E+01  0.500000000000E+01
  0.500000000000E+01  0.500000000000E+01  0.500000000000E+01  0.500000000000E+01  0.500000000000E+01  0.500000000000E+01  0.500000000000E+01
  0.500000000000E+01  0.500000000000E+01  0.500000000000E+01  0.500000000000E+01  0.500000000000E+01  0.500000000000E+01  0.500000000000E+01
  0.000000000000E+00  0.000000000000E+00 -0.833333333333E+00  0.000000000000E+00 -0.833333333333E+00 -0.166666666667E+01  0.000000000000E+00
 -0.833333333333E+00 -0.166666666667E+01 -0.250000000000E+01  0.000000000000E+00 -0.833333333333E+00 -0.166666666667E+01 -0.250000000000E+01
 -0.333333333333E+01  0.000000000000E+00 -0.833333333333E+00 -0.166666666667E+01 -0.250000000000E+01 -0.333333333333E+01 -0.416666666667E+01
 -0.833333333333E+00 -0.166666666667E+01 -0.250000000000E+01 -0.333333333333E+01 -0.416666666667E+01 -0.500000000000E+01 -0.166666666667E+01
 -0.250000000000E+01 -0.333333333333E+01 -0.416666666667E+01 -0.500000000000E+01 -0.250000000000E+01 -0.333333333333E+01 -0.416666666667E+01
 -0.500000000000E+01 -0.333333333333E+01 -0.416666666667E+01 -0.500000000000E+01 -0.416666666667E+01 -0.500000000000E+01 -0.500000000000E+01
  0.250000000000E+01  0.150000000000E+01  0.250000000000E+01  0.500000000000E+00  0.150000000000E+01  0.250000000000E+01 -0.500000000000E+00
  0.500000000000E+00  0.150000000000E+01  0.250000000000E+01 -0.150000000000E+01 -0.500000000000E+00  0.500000000000E+00  0.150000000000E+01
  0.250000000000E+01 -0.250000000000E+01 -0.150000000000E+01 -0.500000000000E+00  0.500000000000E+00  0.150000000000E+01  0.250000000000E+01
 -0.250000000000E+01 -0.150000000000E+01 -0.500000000000E+00  0.500000000000E+00  0.150000000000E+01  0.250000000000E+01 -0.250000000000E+01
 -0.150000000000E+01 -0.500000000000E+00  0.500000000000E+00  0.150000000000E+01 -0.250000000000E+01 -0.150000000000E+01 -0.500000000000E+00
  0.500000000000E+00 -0.250000000000E+01 -0.150000000000E+01 -0.500000000000E+00 -0.250000000000E+01 -0.150000000000E+01 -0.250000000000E+01
  0.100108110566E+01  0.100104824544E+01  0.100105797818E+01  0.100990957405E+01  0.100093268899E+01  0.100107914022E+01  0.101756887823E+01
  0.100979946646E+01  0.100097177225E+01  0.100107009661E+01  0.960146056971E+00  0.101931108442E+01  0.100982468048E+01  0.100095112106E+01
  0.100107913995E+01  0.746639559933E+00  0.965734745503E+00  0.101928741655E+01  0.100981516127E+01  0.100097177366E+01  0.100105798022E+01
  0.747431501778E+00  0.965756949080E+00  0.101932971890E+01  0.100982467976E+01  0.100093268967E+01  0.100108111418E+01  0.747615676324E+00
  0.965974995598E+00  0.101928740679E+01  0.100979946204E+01  0.100104825339E+01  0.747627812360E+00  0.965756937240E+00  0.101931105209E+01
  0.100990956484E+01  0.747615687750E+00  0.965734682462E+00  0.101756877817E+01  0.747431611611E+00  0.960145927116E+00  0.746639834429E+00
  0.497944289416E+00  0.498229446739E+00  0.498113441562E+00  0.510480986131E+00  0.497946413049E+00  0.498094009521E+00  0.519121629832E+00
  0.510094011961E+00  0.497959232507E+00  0.498094548252E+00  0.488799971382E+00  0.520481125227E+00  0.510157207744E+00  0.497947541059E+00
  0.498094005219E+00  0.000000000000E+00  0.492278629186E+00  0.520689162845E+00  0.510103650628E+00  0.497959232716E+00  0.498113442139E+00
  0.000000000000E+00  0.492405306510E+00  0.520499312694E+00  0.510157217099E+00  0.497946411436E+00  0.497944291798E+00  0.000000000000E+00
  0.492131360493E+00  0.520689178853E+00  0.510094018115E+00  0.498229461905E+00  0.000000000000E+00  0.492405307992E+00  0.520481095392E+00
  0.510481066449E+00  0.000000000000E+00  0.492278698098E+00  0.519121643860E+00  0.000000000000E+00  0.488800056633E+00  0.000000000000E+00
  0.000000000000E+00  0.000000000000E+00 -0.397961559205E-04  0.000000000000E+00 -0.824034957045E-04  0.130493473809E-04  0.000000000000E+00
  0.539019177892E-04  0.173615554934E-04 -0.357535064897E-08  0.000000000000E+00  0.112267318131E-02  0.237963180775E-04 -0.115722908550E-08
 -0.130567338375E-04  0.000000000000E+00  0.281638221524E-02  0.185008184144E-03 -0.129758942655E-08 -0.173621863670E-04  0.397867330699E-04
  0.000000000000E+00  0.583227993776E-03 -0.174525771626E-07 -0.237979900035E-04  0.824092039817E-04  0.000000000000E+00  0.000000000000E+00
 -0.190906781268E-07 -0.185053741983E-03 -0.538917973071E-04  0.000000000000E+00  0.000000000000E+00 -0.583287441729E-03 -0.112272623111E-02
  0.000000000000E+00  0.000000000000E+00 -0.281644000390E-02  0.000000000000E+00  0.000000000000E+00  0.000000000000E+00  0.000000000000E+00
 -0.138158386283E-03  0.369670214786E-02 -0.279262091282E-03  0.181969500566E-02  0.328955460097E-02 -0.219292932672E-03 -0.456078696055E-01
  0.217794395995E-02  0.343554262708E-02 -0.255665532782E-03 -0.110532566062E+00 -0.435978494711E-01  0.234980451156E-02  0.345774607850E-02
 -0.219290122716E-03  0.000000000000E+00 -0.108309635190E+00 -0.434129952120E-01  0.248595613171E-02  0.343554325935E-02 -0.279268251219E-03
  0.000000000000E+00 -0.108154718456E+00 -0.432500664557E-01  0.234979001914E-02  0.328954750406E-02 -0.138162422417E-03  0.000000000000E+00
 -0.108184031614E+00 -0.434130302379E-01  0.217792828669E-02  0.369669785274E-02  0.000000000000E+00 -0.108154750388E+00 -0.435978423180E-01
  0.181961557181E-02  0.000000000000E+00 -0.108309512735E+00 -0.456080194949E-01  0.000000000000E+00 -0.110532560188E+00  0.000000000000E+00
  0.715191981756E+00  0.715698473425E+00  0.715160538352E+00  0.723823877973E+00  0.715575358510E+00  0.715185743548E+00  0.729028618575E+00
  0.723837345287E+00  0.715610819447E+00  0.715176408352E+00  0.675937090551E+00  0.730620852479E+00  0.723862859295E+00  0.715592815730E+00
  0.715185743143E+00  0.555940566921E+00  0.679968819666E+00  0.730596448057E+00  0.723847745128E+00  0.715610820942E+00  0.715160539567E+00
  0.556530239129E+00  0.679939434129E+00  0.730641163099E+00  0.723862858765E+00  0.715575360603E+00  0.715191989288E+00  0.556667373708E+00
  0.680149893408E+00  0.730596438164E+00  0.723837337743E+00  0.715698483489E+00  0.556676410083E+00  0.679939425439E+00  0.730620822612E+00
  0.723823862225E+00  0.556667382216E+00  0.679968782035E+00  0.729028530901E+00  0.556530320910E+00  0.675937008810E+00  0.555940771307E+00
  0.497897641298E+00  0.498011976486E+00  0.498072033947E+00  0.509616057534E+00  0.497740318150E+00  0.498049059838E+00  0.520336599157E+00
  0.509198650422E+00  0.497751495259E+00  0.498050616522E+00  0.504791359506E+00  0.521395890863E+00  0.509259875885E+00  0.497741089316E+00
  0.498049055607E+00  0.000000000000E+00  0.507695393303E+00  0.521588960973E+00  0.509209973857E+00  0.497751495305E+00  0.498072034612E+00
  0.000000000000E+00  0.507795732049E+00  0.521381433834E+00  0.509259885163E+00  0.497740315934E+00  0.497897643179E+00  0.000000000000E+00
  0.507510981536E+00  0.521588980853E+00  0.509198658037E+00  0.498011990089E+00  0.000000000000E+00  0.507795740608E+00  0.521395863090E+00
  0.509616140652E+00  0.000000000000E+00  0.507695432390E+00  0.520336631913E+00  0.000000000000E+00  0.504791438345E+00  0.000000000000E+00
  0.100018746613E+01  0.100092864391E+01  0.100016659926E+01  0.100341006284E+01  0.100087199962E+01  0.100018070574E+01  0.100301816205E+01
  0.100353814501E+01  0.100088251737E+01  0.100017668601E+01  0.985591639835E+00  0.100349069985E+01  0.100354846004E+01  0.100087798589E+01
  0.100018070544E+01  0.104242640687E+01  0.985732730406E+00  0.100348048124E+01  0.100353696601E+01  0.100088251805E+01  0.100016659891E+01
  0.104242640687E+01  0.985667469116E+00  0.100350025058E+01  0.100354846002E+01  0.100087200187E+01  0.100018746815E+01  0.104242640687E+01
  0.985749998820E+00  0.100348047726E+01  0.100353813894E+01  0.100092865003E+01  0.104242640687E+01  0.985667468603E+00  0.100349069066E+01
  0.100341005017E+01  0.104242640687E+01  0.985732740199E+00  0.100301814006E+01  0.104242640687E+01  0.985591653945E+00  0.104242640687E+01
        22        17        11        16
        17        12         7        11
        12         8         4         7
         8         5         2         4
         5         3         1         2
        28        23        17        22
        23        18        12        17
        18        13         8        12
        13         9         5         8
         9         6         3         5
        33        29        23        28
        29        24        18        23
        24        19        13        18
        19        14         9        13
        14        10         6         9
        37        34        29        33
        34        30        24        29
        30        25        19        24
        25        20        14        19
        20        15        10        14
        40        38        34        37
        38        35        30        34
        35        31        25        30
        31        26        20        25
        26        21        15        20
        42        41        38        40
        41        39        35        38
        39        36        31        35
        36        32        26        31
        32        27        21        26
zone t="boundary 6 bc-6", solutiontime= 0.3000000E+02, strandid=1006, i=42, j=30, f=feblock
  0.500000000000E+01  0.500000000000E+01  0.400000000000E+01  0.200000000000E+01  0.300000000000E+01  0.500000000000E+01  0.400000000000E+01
  0.200000000000E+01  0.300000000000E+01  0.100000000000E+01  0.500000000000E+01  0.400000000000E+01  0.200000000000E+01  0.300000000000E+01
  0.100000000000E+01  0.000000000000E+00  0.500000000000E+01  0.400000000000E+01  0.200000000000E+01  0.300000000000E+01  0.100000000000E+01
  0.000000000000E+00  0.500000000000E+01  0.400000000000E+01  0.200000000000E+01  0.300000000000E+01  0.100000000000E+01  0.000000000000E+00
  0.500000000000E+01  0.400000000000E+01  0.200000000000E+01  0.300000000000E+01  0.100000000000E+01  0.000000000000E+00  0.400000000000E+01
  0.200000000000E+01  0.300000000000E+01  0.100000000000E+01  0.000000000000E+00  0.100000000000E+01  0.000000000000E+00  0.000000000000E+00
  0.000000000000E+00 -0.833333333333E+00  0.000000000000E+00  0.000000000000E+00  0.000000000000E+00 -0.166666666667E+01 -0.833333333333E+00
 -0.833333333333E+00 -0.833333333333E+00  0.000000000000E+00 -0.250000000000E+01 -0.166666666667E+01 -0.166666666667E+01 -0.166666666667E+01
 -0.833333333333E+00  0.000000000000E+00 -0.333333333333E+01 -0.250000000000E+01 -0.250000000000E+01 -0.250000000000E+01 -0.166666666667E+01
 -0.833333333333E+00 -0.416666666667E+01 -0.333333333333E+01 -0.333333333333E+01 -0.333333333333E+01 -0.250000000000E+01 -0.166666666667E+01
 -0.500000000000E+01 -0.416666666667E+01 -0.416666666667E+01 -0.416666666667E+01 -0.333333333333E+01 -0.250000000000E+01 -0.500000000000E+01
 -0.500000000000E+01 -0.500000000000E+01 -0.416666666667E+01 -0.333333333333E+01 -0.500000000000E+01 -0.416666666667E+01 -0.500000000000E+01
 -0.250000000000E+01 -0.250000000000E+01 -0.250000000000E+01 -0.250000000000E+01 -0.250000000000E+01 -0.250000000000E+01 -0.250000000000E+01
 -0.250000000000E+01 -0.250000000000E+01 -0.250000000000E+01 -0.250000000000E+01 -0.250000000000E+01 -0.250000000000E+01 -0.250000000000E+01
 -0.250000000000E+01 -0.250000000000E+01 -0.250000000000E+01 -0.250000000000E+01 -0.250000000000E+01 -0.250000000000E+01 -0.250000000000E+01
 -0.250000000000E+01 -0.250000000000E+01 -0.250000000000E+01 -0.250000000000E+01 -0.250000000000E+01 -0.250000000000E+01 -0.250000000000E+01
 -0.250000000000E+01 -0.250000000000E+01 -0.250000000000E+01 -0.250000000000E+01 -0.250000000000E+01 -0.250000000000E+01 -0.250000000000E+01
 -0.250000000000E+01 -0.250000000000E+01 -0.250000000000E+01 -0.250000000000E+01 -0.250000000000E+01 -0.250000000000E+01 -0.250000000000E+01
  0.746639559933E+00  0.747431501778E+00  0.928925009273E+00  0.928815702818E+00  0.935056650074E+00  0.747615676324E+00  0.929083985279E+00
  0.928552307186E+00  0.935899419091E+00  0.902767095268E+00  0.747627812360E+00  0.929186862313E+00  0.928747858729E+00  0.936193888893E+00
  0.900621394538E+00  0.134579754789E+01  0.747615687750E+00  0.929321708936E+00  0.928793122311E+00  0.936243923344E+00  0.900361651117E+00
  0.134747402645E+01  0.747431611611E+00  0.929186862731E+00  0.928747854841E+00  0.936193878073E+00  0.900330586125E+00  0.134799898247E+01
  0.746639834429E+00  0.929084058129E+00  0.928552362046E+00  0.935899435656E+00  0.900361654103E+00  0.134789214640E+01  0.928925163462E+00
  0.928815818964E+00  0.935056696079E+00  0.900621433438E+00  0.134799898775E+01  0.902767161566E+00  0.134747408588E+01  0.134579772537E+01
  0.000000000000E+00  0.000000000000E+00  0.000000000000E+00  0.000000000000E+00  0.000000000000E+00  0.000000000000E+00  0.000000000000E+00
  0.000000000000E+00  0.000000000000E+00  0.000000000000E+00  0.000000000000E+00  0.000000000000E+00  0.000000000000E+00  0.000000000000E+00
  0.000000000000E+00  0.000000000000E+00  0.000000000000E+00  0.000000000000E+00  0.000000000000E+00  0.000000000000E+00  0.000000000000E+00
  0.000000000000E+00  0.000000000000E+00  0.000000000000E+00  0.000000000000E+00  0.000000000000E+00  0.000000000000E+00  0.000000000000E+00
  0.000000000000E+00  0.000000000000E+00  0.000000000000E+00  0.000000000000E+00  0.000000000000E+00  0.000000000000E+00  0.000000000000E+00
  0.000000000000E+00  0.000000000000E+00  0.000000000000E+00  0.000000000000E+00  0.000000000000E+00  0.000000000000E+00  0.000000000000E+00
  0.000000000000E+00  0.000000000000E+00  0.000000000000E+00  0.000000000000E+00  0.000000000000E+00  0.000000000000E+00  0.000000000000E+00
  0.000000000000E+00  0.000000000000E+00  0.000000000000E+00  0.000000000000E+00  0.000000000000E+00  0.000000000000E+00  0.000000000000E+00
  0.000000000000E+00  0.000000000000E+00  0.000000000000E+00  0.000000000000E+00  0.000000000000E+00  0.000000000000E+00  0.000000000000E+00
  0.000000000000E+00  0.000000000000E+00  0.000000000000E+00  0.000000000000E+00  0.000000000000E+00  0.000000000000E+00  0.000000000000E+00
  0.000000000000E+00  0.000000000000E+00  0.000000000000E+00  0.000000000000E+00  0.000000000000E+00  0.000000000000E+00  0.000000000000E+00
  0.000000000000E+00  0.000000000000E+00  0.000000000000E+00  0.000000000000E+00  0.000000000000E+00  0.000000000000E+00  0.000000000000E+00
  0.000000000000E+00  0.000000000000E+00  0.000000000000E+00  0.000000000000E+00  0.000000000000E+00  0.000000000000E+00  0.000000000000E+00
  0.000000000000E+00  0.000000000000E+00  0.000000000000E+00  0.000000000000E+00  0.000000000000E+00  0.000000000000E+00  0.000000000000E+00
  0.000000000000E+00  0.000000000000E+00  0.000000000000E+00  0.000000000000E+00  0.000000000000E+00  0.000000000000E+00  0.000000000000E+00
  0.000000000000E+00  0.000000000000E+00  0.000000000000E+00  0.000000000000E+00  0.000000000000E+00  0.000000000000E+00  0.000000000000E+00
  0.000000000000E+00  0.000000000000E+00  0.000000000000E+00  0.000000000000E+00  0.000000000000E+00  0.000000000000E+00  0.000000000000E+00
  0.000000000000E+00  0.000000000000E+00  0.000000000000E+00  0.000000000000E+00  0.000000000000E+00  0.000000000000E+00  0.000000000000E+00
  0.555940566921E+00  0.556530239129E+00  0.691668542621E+00  0.691587154096E+00  0.696234102827E+00  0.556667373708E+00  0.691786914611E+00
  0.691391032265E+00  0.696861620454E+00  0.672191613830E+00  0.556676410083E+00  0.691863515852E+00  0.691536638046E+00  0.697080879810E+00
  0.670593945900E+00  0.100206778730E+01  0.556667382216E+00  0.691963921338E+00  0.691570340870E+00  0.697118134976E+00  0.670400543470E+00
  0.100331607696E+01  0.556530320910E+00  0.691863516163E+00  0.691536635151E+00  0.697080871753E+00  0.670377412779E+00  0.100370695411E+01
  0.555940771307E+00  0.691786968855E+00  0.691391073114E+00  0.696861632788E+00  0.670400545693E+00  0.100362740502E+01  0.691668657429E+00
  0.691587240577E+00  0.696234137082E+00  0.670593974865E+00  0.100370695804E+01  0.672191663194E+00  0.100331612121E+01  0.100206791945E+01
  0.000000000000E+00  0.000000000000E+00  0.000000000000E+00  0.000000000000E+00  0.000000000000E+00  0.000000000000E+00  0.000000000000E+00
  0.000000000000E+00  0.000000000000E+00  0.000000000000E+00  0.000000000000E+00  0.000000000000E+00  0.000000000000E+00  0.000000000000E+00
  0.000000000000E+00  0.000000000000E+00  0.000000000000E+00  0.000000000000E+00  0.000000000000E+00  0.000000000000E+00  0.000000000000E+00
  0.000000000000E+00  0.000000000000E+00  0.000000000000E+00  0.000000000000E+00  0.000000000000E+00  0.000000000000E+00  0.000000000000E+00
  0.000000000000E+00  0.000000000000E+00  0.000000000000E+00  0.000000000000E+00  0.000000000000E+00  0.000000000000E+00  0.000000000000E+00
  0.000000000000E+00  0.000000000000E+00  0.000000000000E+00  0.000000000000E+00  0.000000000000E+00  0.000000000000E+00  0.000000000000E+00
  0.104242640687E+01  0.104242640687E+01  0.104242640687E+01  0.104242640687E+01  0.104242640687E+01  0.104242640687E+01  0.104242640687E+01
  0.104242640687E+01  0.104242640687E+01  0.104242640687E+01  0.104242640687E+01  0.104242640687E+01  0.104242640687E+01  0.104242640687E+01
  0.104242640687E+01  0.104242640687E+01  0.104242640687E+01  0.104242640687E+01  0.104242640687E+01  0.104242640687E+01  0.104242640687E+01
  0.104242640687E+01  0.104242640687E+01  0.104242640687E+01  0.104242640687E+01  0.104242640687E+01  0.104242640687E+01  0.104242640687E+01
  0.104242640687E+01  0.104242640687E+01  0.104242640687E+01  0.104242640687E+01  0.104242640687E+01  0.104242640687E+01  0.104242640687E+01
  0.104242640687E+01  0.104242640687E+01  0.104242640687E+01  0.104242640687E+01  0.104242640687E+01  0.104242640687E+01  0.104242640687E+01
        22        15        10        16
        15         8         4        10
         8         9         5         4
         9         7         3         5
         7         2         1         3
        28        21        15        22
        21        13         8        15
        13        14         9         8
        14        12         7         9
        12         6         2         7
        34        27        21        28
        27        19        13        21
        19        20        14        13
        20        18        12        14
        18        11         6        12
        39        33        27        34
        33        25        19        27
        25        26        20        19
        26        24        18        20
        24        17        11        18
        41        38        33        39
        38        31        25        33
        31        32        26        25
        32        30        24        26
        30        23        17        24
        42        40        38        41
        40        36        31        38
        36        37        32        31
        37        35        30        32
        35        29        23        30
