title="tecplot geometry and solution file"
variables = x y z rho u v w p mach temperature
zone t="boundary 1 bc-1", solutiontime= 0.7000000E+02, strandid=1001, i=42, j=30, f=feblock
  0.000000000000E+00  0.000000000000E+00  0.000000000000E+00  0.000000000000E+00  0.000000000000E+00  0.000000000000E+00  0.000000000000E+00
  0.000000000000E+00  0.000000000000E+00  0.000000000000E+00  0.000000000000E+00  0.000000000000E+00  0.000000000000E+00  0.000000000000E+00
  0.000000000000E+00  0.000000000000E+00  0.000000000000E+00  0.000000000000E+00  0.000000000000E+00  0.000000000000E+00  0.000000000000E+00
  0.000000000000E+00  0.000000000000E+00  0.000000000000E+00  0.000000000000E+00  0.000000000000E+00  0.000000000000E+00  0.000000000000E+00
  0.000000000000E+00  0.000000000000E+00  0.000000000000E+00  0.000000000000E+00  0.000000000000E+00  0.000000000000E+00  0.000000000000E+00
  0.000000000000E+00  0.000000000000E+00  0.000000000000E+00  0.000000000000E+00  0.000000000000E+00  0.000000000000E+00  0.000000000000E+00
  0.000000000000E+00  0.000000000000E+00 -0.833333333333E+00  0.000000000000E+00  0.000000000000E+00 -0.833333333333E+00 -0.166666666667E+01
  0.000000000000E+00 -0.833333333333E+00 -0.833333333333E+00  0.000000000000E+00 -0.166666666667E+01 -0.250000000000E+01 -0.833333333333E+00
 -0.166666666667E+01 -0.166666666667E+01 -0.833333333333E+00 -0.250000000000E+01 -0.333333333333E+01 -0.166666666667E+01 -0.250000000000E+01
 -0.250000000000E+01 -0.166666666667E+01 -0.333333333333E+01 -0.416666666667E+01 -0.250000000000E+01 -0.333333333333E+01 -0.333333333333E+01
 -0.250000000000E+01 -0.416666666667E+01 -0.500000000000E+01 -0.333333333333E+01 -0.416666666667E+01 -0.416666666667E+01 -0.333333333333E+01
 -0.500000000000E+01 -0.416666666667E+01 -0.500000000000E+01 -0.500000000000E+01 -0.416666666667E+01 -0.500000000000E+01 -0.500000000000E+01
  0.250000000000E+01  0.150000000000E+01  0.250000000000E+01  0.500000000000E+00 -0.150000000000E+01  0.150000000000E+01  0.250000000000E+01
 -0.500000000000E+00  0.500000000000E+00 -0.150000000000E+01 -0.250000000000E+01  0.150000000000E+01  0.250000000000E+01 -0.500000000000E+00
  0.500000000000E+00 -0.150000000000E+01 -0.250000000000E+01  0.150000000000E+01  0.250000000000E+01 -0.500000000000E+00  0.500000000000E+00
 -0.150000000000E+01 -0.250000000000E+01  0.150000000000E+01  0.250000000000E+01 -0.500000000000E+00  0.500000000000E+00 -0.150000000000E+01
 -0.250000000000E+01  0.150000000000E+01  0.250000000000E+01 -0.500000000000E+00  0.500000000000E+00 -0.150000000000E+01 -0.250000000000E+01
  0.150000000000E+01 -0.500000000000E+00  0.500000000000E+00 -0.150000000000E+01 -0.250000000000E+01 -0.500000000000E+00 -0.250000000000E+01
  0.100130369714E+01  0.100332832553E+01  0.100126913336E+01  0.100360876798E+01  0.102858989834E+01  0.100327402652E+01  0.100129138288E+01
  0.102294250399E+01  0.100332315561E+01  0.102580144534E+01  0.134580047100E+01  0.100331260828E+01  0.100127083042E+01  0.102260074891E+01
  0.100338966164E+01  0.102579259329E+01  0.134747246574E+01  0.100327738003E+01  0.100129138211E+01  0.102273660455E+01  0.100331972028E+01
  0.102560861237E+01  0.134800030105E+01  0.100331260734E+01  0.100126913110E+01  0.102262489028E+01  0.100338965968E+01  0.102579260771E+01
  0.134789221123E+01  0.100327402648E+01  0.100130369590E+01  0.102273660331E+01  0.100332315565E+01  0.102580152008E+01  0.134800030618E+01
  0.100332832593E+01  0.102260076475E+01  0.100360876553E+01  0.102859003906E+01  0.134747252494E+01  0.102294250829E+01  0.134580064946E+01
  0.498339379158E+00  0.497133581020E+00  0.498372520894E+00  0.496498702474E+00  0.475308818367E+00  0.497192150802E+00  0.498351609375E+00
  0.478303558427E+00  0.496826482485E+00  0.476456297568E+00  0.000000000000E+00  0.497152293226E+00  0.498372736511E+00  0.478873940985E+00
  0.496756917847E+00  0.476258122074E+00  0.000000000000E+00  0.497190970199E+00  0.498351609696E+00  0.478734691164E+00  0.496834666190E+00
  0.476442073704E+00  0.000000000000E+00  0.497152293929E+00  0.498372522579E+00  0.478878446754E+00  0.496756919274E+00  0.476258119321E+00
  0.000000000000E+00  0.497192153520E+00  0.498339381477E+00  0.478734687419E+00  0.496826477174E+00  0.476456224693E+00  0.000000000000E+00
  0.497133585667E+00  0.478873934529E+00  0.496498682160E+00  0.475308693038E+00  0.000000000000E+00  0.478303581295E+00  0.000000000000E+00
  0.000000000000E+00  0.000000000000E+00  0.158929219788E-05  0.000000000000E+00  0.000000000000E+00  0.621741547786E-05 -0.113545007795E-06
  0.000000000000E+00 -0.468722562808E-04 -0.971138988095E-03  0.000000000000E+00  0.294019652762E-05 -0.676687039850E-09  0.661567683130E-04
 -0.867963137081E-05 -0.128977125236E-03  0.000000000000E+00 -0.134627392766E-10  0.112648365138E-06  0.753084983556E-04  0.209234087779E-09
  0.566951733790E-08  0.000000000000E+00 -0.293791316338E-05 -0.159052518948E-05 -0.476716194378E-08  0.867898929336E-05  0.129010317743E-03
  0.000000000000E+00 -0.621806695780E-05  0.000000000000E+00 -0.753134981651E-04  0.468680327154E-04  0.971199520698E-03  0.000000000000E+00
  0.000000000000E+00 -0.661633242941E-04  0.000000000000E+00  0.000000000000E+00  0.000000000000E+00  0.000000000000E+00  0.000000000000E+00
  0.101115251796E-02  0.379284295083E-03  0.996794291095E-03  0.266268771758E-02  0.353940366182E-01  0.395186932042E-03  0.100973572789E-02
 -0.231131107116E-02  0.276872582578E-02  0.342587461715E-01  0.000000000000E+00  0.386411385064E-03  0.997137906130E-03 -0.251675272061E-02
  0.275023485166E-02  0.343794159201E-01  0.000000000000E+00  0.390810462659E-03  0.100973555605E-02 -0.254340596180E-02  0.275291282248E-02
  0.343531682125E-01  0.000000000000E+00  0.386410178773E-03  0.996794324712E-03 -0.256839641219E-02  0.275023506834E-02  0.343794188496E-01
  0.000000000000E+00  0.395184798646E-03  0.101115459041E-02 -0.254340418765E-02  0.276873148577E-02  0.342587745387E-01  0.000000000000E+00
  0.379285691759E-03 -0.251675815299E-02  0.266268799487E-02  0.353941396243E-01  0.000000000000E+00 -0.231131747406E-02  0.000000000000E+00
  0.715641500845E+00  0.717461284673E+00  0.715609890422E+00  0.718888496792E+00  0.755498596982E+00  0.717396978181E+00  0.715632353173E+00
  0.732931670372E+00  0.718652089811E+00  0.753362264139E+00  0.100206996382E+01  0.717435367397E+00  0.715611728957E+00  0.732407179170E+00
  0.718721787894E+00  0.753403290322E+00  0.100331491487E+01  0.717400116895E+00  0.715632352444E+00  0.732528100125E+00  0.718650759729E+00
  0.753198038790E+00  0.100370793591E+01  0.717435366508E+00  0.715609888165E+00  0.732420678710E+00  0.718721785784E+00  0.753403305162E+00
  0.100362745329E+01  0.717396978532E+00  0.715641499334E+00  0.732528099111E+00  0.718652086570E+00  0.753362309982E+00  0.100370793974E+01
  0.717461285876E+00  0.732407201068E+00  0.718888487874E+00  0.755498677073E+00  0.100331495895E+01  0.732931686973E+00  0.100207009670E+01
  0.498192555877E+00  0.496857111417E+00  0.498228063329E+00  0.495806026808E+00  0.470020634846E+00  0.496924484891E+00  0.498204900199E+00
  0.477571644200E+00  0.496144905369E+00  0.471096034435E+00  0.000000000000E+00  0.496880901518E+00  0.498228061772E+00  0.478233445543E+00
  0.496067719861E+00  0.470893840344E+00  0.000000000000E+00  0.496923044871E+00  0.498204900581E+00  0.478086820328E+00  0.496152597375E+00
  0.471094826581E+00  0.000000000000E+00  0.496880902297E+00  0.498228065236E+00  0.478239452096E+00  0.496067721529E+00  0.470893836525E+00
  0.000000000000E+00  0.496924487473E+00  0.498192558417E+00  0.478086816621E+00  0.496144901225E+00  0.471095967707E+00  0.000000000000E+00
  0.496857115746E+00  0.478233435682E+00  0.495806008993E+00  0.470020526377E+00  0.000000000000E+00  0.477571662661E+00  0.000000000000E+00
  0.100059363013E+01  0.100111376604E+01  0.100058397209E+01  0.100282493300E+01  0.102829906991E+01  0.100107821283E+01  0.100059314558E+01
  0.100309092107E+01  0.100278052999E+01  0.102817867393E+01  0.104242640687E+01  0.100109328446E+01  0.100058484688E+01  0.100270809691E+01
  0.100281131201E+01  0.102824353904E+01  0.104242640687E+01  0.100107924653E+01  0.100059314533E+01  0.100274042761E+01  0.100278210753E+01
  0.102814781545E+01  0.104242640687E+01  0.100109328415E+01  0.100058397120E+01  0.100270290695E+01  0.100281131103E+01  0.102824354485E+01
  0.104242640687E+01  0.100107821337E+01  0.100059362925E+01  0.100274042743E+01  0.100278052543E+01  0.102817866159E+01  0.104242640687E+01
  0.100111376731E+01  0.100270811136E+01  0.100282492301E+01  0.102829903823E+01  0.104242640687E+01  0.100309093956E+01  0.104242640687E+01
         3         6         2         1
         6         9         4         2
         9        14         8         4
        14        10         5         8
        10        17        11         5
         7        12         6         3
        12        15         9         6
        15        20        14         9
        20        16        10        14
        16        23        17        10
        13        18        12         7
        18        21        15        12
        21        26        20        15
        26        22        16        20
        22        29        23        16
        19        24        18        13
        24        27        21        18
        27        32        26        21
        32        28        22        26
        28        35        29        22
        25        30        24        19
        30        33        27        24
        33        37        32        27
        37        34        28        32
        34        40        35        28
        31        36        30        25
        36        38        33        30
        38        41        37        33
        41        39        34        37
        39        42        40        34
zone t="boundary 2 bc-2", solutiontime= 0.7000000E+02, strandid=1002, i=51, j=80, f=feblock
  0.500000000000E+01  0.500000000000E+01  0.400000000000E+01  0.425172245441E+01  0.500000000000E+01  0.427741389634E+01  0.300000000000E+01
  0.341887665662E+01  0.368116975164E+01  0.500000000000E+01  0.430894944607E+01  0.352044655687E+01  0.200000000000E+01  0.259168638257E+01
  0.301798341022E+01  0.500000000000E+01  0.435643616790E+01  0.375117520592E+01  0.271663237208E+01  0.288980181581E+01  0.100000000000E+01
  0.191939879870E+01  0.130679496696E+01  0.219385942988E+01  0.500000000000E+01  0.441735041915E+01  0.373031592783E+01  0.208456665067E+01
  0.230848460393E+01  0.190054259015E+01  0.298584217914E+01  0.000000000000E+00  0.613733212775E+00  0.151350918120E+01  0.794128609067E+00
  0.144135983281E+01  0.400000000000E+01  0.132476136006E+01  0.200000000000E+01  0.164582171489E+01  0.102008138039E+01  0.300000000000E+01
  0.000000000000E+00  0.000000000000E+00  0.701034609231E+00  0.609175469936E+00  0.100000000000E+01  0.505577837730E+00  0.000000000000E+00
  0.000000000000E+00  0.000000000000E+00
 -0.500000000000E+01 -0.500000000000E+01 -0.500000000000E+01 -0.500000000000E+01 -0.500000000000E+01 -0.500000000000E+01 -0.500000000000E+01
 -0.500000000000E+01 -0.500000000000E+01 -0.500000000000E+01 -0.500000000000E+01 -0.500000000000E+01 -0.500000000000E+01 -0.500000000000E+01
 -0.500000000000E+01 -0.500000000000E+01 -0.500000000000E+01 -0.500000000000E+01 -0.500000000000E+01 -0.500000000000E+01 -0.500000000000E+01
 -0.500000000000E+01 -0.500000000000E+01 -0.500000000000E+01 -0.500000000000E+01 -0.500000000000E+01 -0.500000000000E+01 -0.500000000000E+01
 -0.500000000000E+01 -0.500000000000E+01 -0.500000000000E+01 -0.500000000000E+01 -0.500000000000E+01 -0.500000000000E+01 -0.500000000000E+01
 -0.500000000000E+01 -0.500000000000E+01 -0.500000000000E+01 -0.500000000000E+01 -0.500000000000E+01 -0.500000000000E+01 -0.500000000000E+01
 -0.500000000000E+01 -0.500000000000E+01 -0.500000000000E+01 -0.500000000000E+01 -0.500000000000E+01 -0.500000000000E+01 -0.500000000000E+01
 -0.500000000000E+01 -0.500000000000E+01
  0.250000000000E+01  0.150000000000E+01  0.250000000000E+01  0.168388151981E+01  0.500000000000E+00  0.784980628699E+00  0.250000000000E+01
  0.172616846193E+01  0.104016062853E+01 -0.500000000000E+00 -0.103062804534E+00  0.179404976675E+00  0.250000000000E+01  0.166729536217E+01
  0.923171218453E+00 -0.150000000000E+01 -0.102255113015E+01 -0.669125930414E+00  0.135977239814E+00 -0.856266143819E+00  0.250000000000E+01
  0.158034275708E+01  0.175813852804E+01  0.774089735567E+00 -0.250000000000E+01 -0.179804978092E+01 -0.146769777443E+01 -0.223755606368E+00
 -0.164420331359E+01 -0.108875578595E+01 -0.190240885061E+01  0.250000000000E+01  0.185787993997E+01  0.110883669208E+01  0.100177177909E+01
  0.349093656766E+00 -0.250000000000E+01 -0.526785284186E+00 -0.250000000000E+01 -0.183798308008E+01 -0.145695630084E+01 -0.250000000000E+01
  0.150000000000E+01  0.500000000000E+00  0.396172271494E-01 -0.788824871575E+00 -0.250000000000E+01 -0.198405114581E+01 -0.150000000000E+01
 -0.500000000000E+00 -0.250000000000E+01
  0.100106564449E+01  0.100103241636E+01  0.100010969095E+01  0.100051745427E+01  0.100990990978E+01  0.100104886658E+01  0.100042880757E+01
  0.999673052731E+00  0.100101596676E+01  0.101760320597E+01  0.100397310422E+01  0.994439934942E+00  0.100125988615E+01  0.100005579055E+01
  0.997721737593E+00  0.960062384016E+00  0.980822211344E+00  0.996354832046E+00  0.992836362085E+00  0.998641304034E+00  0.100186659397E+01
  0.100050093644E+01  0.100162836395E+01  0.100015098590E+01  0.746580778067E+00  0.967506301567E+00  0.953107745693E+00  0.995197690406E+00
  0.991331501254E+00  0.991455503113E+00  0.966960559608E+00  0.100130369590E+01  0.100201614880E+01  0.100079816935E+01  0.100275936865E+01
  0.100506416434E+01  0.928896594627E+00  0.997824935711E+00  0.928819106798E+00  0.953084244754E+00  0.103614640403E+01  0.935049968429E+00
  0.100332832593E+01  0.100360876553E+01  0.100719139258E+01  0.100122229995E+01  0.902768433283E+00  0.104956191369E+01  0.102859003906E+01
  0.102294250829E+01  0.134580064946E+01
  0.497870229411E+00  0.498260076507E+00  0.501496139053E+00  0.496967481186E+00  0.510496328835E+00  0.507449275367E+00  0.501852357021E+00
  0.499627902422E+00  0.501252393888E+00  0.519081906730E+00  0.550989656989E+00  0.541090985508E+00  0.500095390756E+00  0.500673707227E+00
  0.504610484691E+00  0.488846702286E+00  0.557094170954E+00  0.578948010620E+00  0.531905684561E+00  0.576408197778E+00  0.498088149588E+00
  0.499472308991E+00  0.498849978599E+00  0.503520106001E+00  0.000000000000E+00  0.417161591371E+00  0.481206815874E+00  0.542862421651E+00
  0.426100681791E+00  0.583085159402E+00  0.325342517878E+00  0.498339381477E+00  0.498226872142E+00  0.498352630421E+00  0.496500947476E+00
  0.498053541305E+00  0.000000000000E+00  0.535755158736E+00  0.000000000000E+00  0.386608572054E+00  0.536091292945E+00  0.000000000000E+00
  0.497133585667E+00  0.496498682160E+00  0.492038106557E+00  0.505352238025E+00  0.000000000000E+00  0.430709393244E+00  0.475308693038E+00
  0.478303581295E+00  0.000000000000E+00
  0.000000000000E+00  0.000000000000E+00  0.000000000000E+00  0.000000000000E+00  0.000000000000E+00  0.000000000000E+00  0.000000000000E+00
  0.000000000000E+00  0.000000000000E+00  0.000000000000E+00  0.000000000000E+00  0.000000000000E+00  0.000000000000E+00  0.000000000000E+00
  0.000000000000E+00  0.000000000000E+00  0.000000000000E+00  0.000000000000E+00  0.000000000000E+00  0.000000000000E+00  0.000000000000E+00
  0.000000000000E+00  0.000000000000E+00  0.000000000000E+00  0.000000000000E+00  0.000000000000E+00  0.000000000000E+00  0.000000000000E+00
  0.000000000000E+00  0.000000000000E+00  0.000000000000E+00  0.000000000000E+00  0.000000000000E+00  0.000000000000E+00  0.000000000000E+00
  0.000000000000E+00  0.000000000000E+00  0.000000000000E+00  0.000000000000E+00  0.000000000000E+00  0.000000000000E+00  0.000000000000E+00
  0.000000000000E+00  0.000000000000E+00  0.000000000000E+00  0.000000000000E+00  0.000000000000E+00  0.000000000000E+00  0.000000000000E+00
  0.000000000000E+00  0.000000000000E+00
 -0.171324829623E-03  0.370566280441E-02  0.308326990116E-03 -0.994600300841E-03  0.183780630443E-02 -0.136838060719E-02  0.370532892585E-03
 -0.692707939691E-03 -0.322769492610E-02 -0.456313384571E-01 -0.942178904474E-02  0.186804249972E-02  0.117441090964E-02  0.100479049632E-02
 -0.881871280734E-03 -0.110577480499E+00 -0.319458742756E-01 -0.900240597687E-02  0.725463128099E-02  0.142129310727E-01  0.153929085356E-02
  0.243021450477E-02  0.264342748169E-02  0.486861755605E-02  0.000000000000E+00 -0.598772064651E-01  0.589956312403E-02  0.195814245739E-01
  0.327888849000E-02  0.339361742469E-01  0.388754720136E-02  0.101115459041E-02  0.208175449491E-02  0.339677261074E-02  0.251446588988E-02
  0.708381996312E-02  0.000000000000E+00  0.365711217066E-01  0.000000000000E+00 -0.256482326172E-02  0.651968410672E-01  0.000000000000E+00
  0.379285691759E-03  0.266268799487E-02  0.333853799441E-02  0.249691236645E-01  0.000000000000E+00  0.141966982744E+00  0.353941396243E-01
 -0.231131747406E-02  0.000000000000E+00
  0.715164927144E+00  0.715693077701E+00  0.714468409119E+00  0.714592701638E+00  0.723826143040E+00  0.716427348173E+00  0.714551860529E+00
  0.714006869084E+00  0.715275042890E+00  0.729041265203E+00  0.715419962564E+00  0.709291331056E+00  0.715433221734E+00  0.714355307476E+00
  0.712190183620E+00  0.675892639050E+00  0.693012204860E+00  0.704429887890E+00  0.709499407699E+00  0.705753580361E+00  0.716116056715E+00
  0.715332323188E+00  0.715852961994E+00  0.713533083676E+00  0.555896798514E+00  0.685101816497E+00  0.675233022302E+00  0.711745412616E+00
  0.707467700557E+00  0.697282639724E+00  0.699064317137E+00  0.715641499334E+00  0.716177907072E+00  0.715508987627E+00  0.717550309090E+00
  0.718017915883E+00  0.691647385351E+00  0.716063607278E+00  0.691589688667E+00  0.679823612796E+00  0.735163283158E+00  0.696229127739E+00
  0.717461285876E+00  0.718888487874E+00  0.719045449273E+00  0.725477378086E+00  0.672192610102E+00  0.725658925326E+00  0.755498677073E+00
  0.732931686973E+00  0.100207009670E+01
  0.497829170362E+00  0.498040597453E+00  0.501459612124E+00  0.496990251719E+00  0.509630726133E+00  0.506957741166E+00  0.501866591122E+00
  0.499644235777E+00  0.501170398837E+00  0.520303402811E+00  0.551725968521E+00  0.541484240426E+00  0.500010228420E+00  0.500664292353E+00
  0.504777096069E+00  0.504841853172E+00  0.561050787502E+00  0.581990873578E+00  0.531831213423E+00  0.579664007088E+00  0.497917634077E+00
  0.499237688152E+00  0.498716149093E+00  0.503847173263E+00  0.000000000000E+00  0.423270399225E+00  0.483219610749E+00  0.542875758050E+00
  0.426301846851E+00  0.588619263856E+00  0.323410131300E+00  0.498192558417E+00  0.498073942473E+00  0.498136688675E+00  0.496059554884E+00
  0.498064045179E+00  0.000000000000E+00  0.535751230494E+00  0.000000000000E+00  0.386887359738E+00  0.541853068456E+00  0.000000000000E+00
  0.496857115746E+00  0.495806008993E+00  0.492178399109E+00  0.502357588591E+00  0.000000000000E+00  0.460950356208E+00  0.470020526377E+00
  0.477571662661E+00  0.000000000000E+00
  0.100016507760E+01  0.100093692513E+01  0.100014606579E+01  0.999912373368E+00  0.100341286925E+01  0.100194737832E+01  0.999943821265E+00
  0.999936543240E+00  0.100036871868E+01  0.100300172533E+01  0.997624282344E+00  0.998559921606E+00  0.100034618812E+01  0.100004163759E+01
  0.999343022709E+00  0.985612716865E+00  0.989187515926E+00  0.989809866251E+00  0.100046614801E+01  0.989399305351E+00  0.100069458891E+01
  0.100096383321E+01  0.100056486304E+01  0.998795513104E+00  0.104242640687E+01  0.991355344706E+00  0.991835640298E+00  0.100125189926E+01
  0.999115613220E+00  0.984608681427E+00  0.101213026143E+01  0.100059362925E+01  0.100063164761E+01  0.100091368406E+01  0.100180608044E+01
  0.100016010709E+01  0.104242640687E+01  0.100467428134E+01  0.104242640687E+01  0.998603285233E+00  0.993323523026E+00  0.104242640687E+01
  0.100111376731E+01  0.100282492301E+01  0.999476004657E+00  0.101442839354E+01  0.104242640687E+01  0.967949086384E+00  0.102829903823E+01
  0.100309093956E+01  0.104242640687E+01
        28        24        19        19
        19        24        15        15
        19        15        12        12
        22        13        14        14
        13        22        23        23
        31        27        37        37
        31        29        20        20
        35        34        36        36
        34        23        22        22
         8         9        15        15
         9         6        12        12
        20        18        27        27
        27        18        17        17
        38        45        36        36
        38        30        41        41
        28        19        20        20
        30        40        41        41
        40        39        47        47
        11        10        17        17
        10        11         5         5
         8        14         7         7
        14        24        22        22
        45        46        50        50
        46        41        49        49
        41        46        38        38
        29        39        40        40
        36        24        28        28
        36        45        35        35
        20        29        30        30
        11        18        12        12
        15        24        14        14
        12        20        19        19
        12        18        20        20
        31        20        27        27
         9        12        15        15
         9         4         6         6
        24        36        34        34
        35        23        34        34
        38        36        28        28
        41        47        48        48
        29        40        30        30
        49        50        46        46
        46        45        38        38
        25        26        16        16
        26        37        27        27
        32        33        43        43
        33        21        23        23
        51        48        47        47
         1         4         3         3
         4         2         6         6
         6         5        11        11
        35        43        33        33
        43        35        44        44
         8         3         4         4
         3         8         7         7
        31        37        42        42
        17        16        26        26
        16        17        10        10
        34        22        24        24
        47        41        40        40
        15        14         8         8
        20        30        28        28
        11        17        18        18
        39        31        42        42
         4         9         8         8
        33        23        35        35
        28        30        38        38
        17        26        27        27
        41        48        49        49
        35        45        44        44
        39        29        31        31
        45        50        44        44
        21        13        23        23
        13         7        14        14
         2         5         6         6
         6        11        12        12
        25        37        26        26
        51        49        48        48
        32        21        33        33
         1         2         4         4
zone t="boundary 3 bc-3", solutiontime= 0.7000000E+02, strandid=1003, i=51, j=80, f=feblock
  0.500000000000E+01  0.500000000000E+01  0.400000000000E+01  0.425172245441E+01  0.500000000000E+01  0.427741389634E+01  0.300000000000E+01
  0.341887665662E+01  0.368116975164E+01  0.500000000000E+01  0.430894944607E+01  0.352044655687E+01  0.200000000000E+01  0.259168638257E+01
  0.301798341022E+01  0.500000000000E+01  0.435643616790E+01  0.375117520592E+01  0.271663237208E+01  0.288980181581E+01  0.100000000000E+01
  0.191939879870E+01  0.130679496696E+01  0.219385942988E+01  0.500000000000E+01  0.441735041915E+01  0.373031592783E+01  0.208456665067E+01
  0.230848460393E+01  0.190054259015E+01  0.298584217914E+01  0.000000000000E+00  0.613733212775E+00  0.151350918120E+01  0.794128609067E+00
  0.144135983281E+01  0.400000000000E+01  0.132476136006E+01  0.200000000000E+01  0.164582171489E+01  0.102008138039E+01  0.300000000000E+01
  0.000000000000E+00  0.000000000000E+00  0.701034609231E+00  0.609175469936E+00  0.100000000000E+01  0.505577837730E+00  0.000000000000E+00
  0.000000000000E+00  0.000000000000E+00
  0.000000000000E+00  0.000000000000E+00  0.000000000000E+00  0.000000000000E+00  0.000000000000E+00  0.000000000000E+00  0.000000000000E+00
  0.000000000000E+00  0.000000000000E+00  0.000000000000E+00  0.000000000000E+00  0.000000000000E+00  0.000000000000E+00  0.000000000000E+00
  0.000000000000E+00  0.000000000000E+00  0.000000000000E+00  0.000000000000E+00  0.000000000000E+00  0.000000000000E+00  0.000000000000E+00
  0.000000000000E+00  0.000000000000E+00  0.000000000000E+00  0.000000000000E+00  0.000000000000E+00  0.000000000000E+00  0.000000000000E+00
  0.000000000000E+00  0.000000000000E+00  0.000000000000E+00  0.000000000000E+00  0.000000000000E+00  0.000000000000E+00  0.000000000000E+00
  0.000000000000E+00  0.000000000000E+00  0.000000000000E+00  0.000000000000E+00  0.000000000000E+00  0.000000000000E+00  0.000000000000E+00
  0.000000000000E+00  0.000000000000E+00  0.000000000000E+00  0.000000000000E+00  0.000000000000E+00  0.000000000000E+00  0.000000000000E+00
  0.000000000000E+00  0.000000000000E+00
  0.250000000000E+01  0.150000000000E+01  0.250000000000E+01  0.168388151981E+01  0.500000000000E+00  0.784980628699E+00  0.250000000000E+01
  0.172616846193E+01  0.104016062853E+01 -0.500000000000E+00 -0.103062804534E+00  0.179404976675E+00  0.250000000000E+01  0.166729536217E+01
  0.923171218453E+00 -0.150000000000E+01 -0.102255113015E+01 -0.669125930414E+00  0.135977239814E+00 -0.856266143819E+00  0.250000000000E+01
  0.158034275708E+01  0.175813852804E+01  0.774089735567E+00 -0.250000000000E+01 -0.179804978092E+01 -0.146769777443E+01 -0.223755606368E+00
 -0.164420331359E+01 -0.108875578595E+01 -0.190240885061E+01  0.250000000000E+01  0.185787993997E+01  0.110883669208E+01  0.100177177909E+01
  0.349093656766E+00 -0.250000000000E+01 -0.526785284186E+00 -0.250000000000E+01 -0.183798308008E+01 -0.145695630084E+01 -0.250000000000E+01
  0.150000000000E+01  0.500000000000E+00  0.396172271494E-01 -0.788824871575E+00 -0.250000000000E+01 -0.198405114581E+01 -0.150000000000E+01
 -0.500000000000E+00 -0.250000000000E+01
  0.100106563489E+01  0.100103240868E+01  0.100010968895E+01  0.100051744523E+01  0.100990991788E+01  0.100104888396E+01  0.100042880382E+01
  0.999673043975E+00  0.100101596119E+01  0.101760330307E+01  0.100397314571E+01  0.994439940993E+00  0.100125989479E+01  0.100005578788E+01
  0.997721714533E+00  0.960062524606E+00  0.980822341152E+00  0.996354920575E+00  0.992836372888E+00  0.998641375465E+00  0.100186659590E+01
  0.100050094161E+01  0.100162836959E+01  0.100015100342E+01  0.746580506919E+00  0.967506323278E+00  0.953107868013E+00  0.995197718881E+00
  0.991331519870E+00  0.991455567102E+00  0.966960579941E+00  0.100130369714E+01  0.100201615010E+01  0.100079817392E+01  0.100275936943E+01
  0.100506417567E+01  0.928896441839E+00  0.997824954850E+00  0.928818990192E+00  0.953084283636E+00  0.103614647361E+01  0.935049922378E+00
  0.100332832553E+01  0.100360876798E+01  0.100719140024E+01  0.100122227677E+01  0.902768366188E+00  0.104956207132E+01  0.102858989834E+01
  0.102294250399E+01  0.134580047100E+01
  0.497870227113E+00  0.498260060399E+00  0.501496143038E+00  0.496967463401E+00  0.510496246139E+00  0.507449185200E+00  0.501852359780E+00
  0.499627915901E+00  0.501252324993E+00  0.519081895427E+00  0.550989560009E+00  0.541090890173E+00  0.500095374026E+00  0.500673704602E+00
  0.504610407567E+00  0.488846612030E+00  0.557094313825E+00  0.578947880211E+00  0.531905489464E+00  0.576408235214E+00  0.498088143227E+00
  0.499472294382E+00  0.498849965866E+00  0.503520038544E+00  0.000000000000E+00  0.417161610092E+00  0.481206989249E+00  0.542862287188E+00
  0.426100892363E+00  0.583085177852E+00  0.325342715365E+00  0.498339379158E+00  0.498226868857E+00  0.498352621503E+00  0.496500956140E+00
  0.498053455203E+00  0.000000000000E+00  0.535755042554E+00  0.000000000000E+00  0.386608897468E+00  0.536091412673E+00  0.000000000000E+00
  0.497133581020E+00  0.496498702474E+00  0.492038035238E+00  0.505352232701E+00  0.000000000000E+00  0.430709480904E+00  0.475308818367E+00
  0.478303558427E+00  0.000000000000E+00
  0.000000000000E+00  0.000000000000E+00  0.000000000000E+00  0.000000000000E+00  0.000000000000E+00  0.000000000000E+00  0.000000000000E+00
  0.000000000000E+00  0.000000000000E+00  0.000000000000E+00  0.000000000000E+00  0.000000000000E+00  0.000000000000E+00  0.000000000000E+00
  0.000000000000E+00  0.000000000000E+00  0.000000000000E+00  0.000000000000E+00  0.000000000000E+00  0.000000000000E+00  0.000000000000E+00
  0.000000000000E+00  0.000000000000E+00  0.000000000000E+00  0.000000000000E+00  0.000000000000E+00  0.000000000000E+00  0.000000000000E+00
  0.000000000000E+00  0.000000000000E+00  0.000000000000E+00  0.000000000000E+00  0.000000000000E+00  0.000000000000E+00  0.000000000000E+00
  0.000000000000E+00  0.000000000000E+00  0.000000000000E+00  0.000000000000E+00  0.000000000000E+00  0.000000000000E+00  0.000000000000E+00
  0.000000000000E+00  0.000000000000E+00  0.000000000000E+00  0.000000000000E+00  0.000000000000E+00  0.000000000000E+00  0.000000000000E+00
  0.000000000000E+00  0.000000000000E+00
 -0.171322375427E-03  0.370566868860E-02  0.308325263574E-03 -0.994600638523E-03  0.183788505271E-02 -0.136838693693E-02  0.370533831276E-03
 -0.692720540427E-03 -0.322770984703E-02 -0.456311844424E-01 -0.942179437682E-02  0.186803724569E-02  0.117440565692E-02  0.100481637840E-02
 -0.881846626253E-03 -0.110577481800E+00 -0.319455684278E-01 -0.900256623858E-02  0.725460478053E-02  0.142129721713E-01  0.153929513272E-02
  0.243022404785E-02  0.264342814772E-02  0.486864650806E-02  0.000000000000E+00 -0.598769813788E-01  0.589957355791E-02  0.195814255652E-01
  0.327912920294E-02  0.339361862217E-01  0.388752269648E-02  0.101115251796E-02  0.208175721584E-02  0.339675547670E-02  0.251446660591E-02
  0.708377973833E-02  0.000000000000E+00  0.365710205147E-01  0.000000000000E+00 -0.256494094142E-02  0.651967516277E-01  0.000000000000E+00
  0.379284295083E-03  0.266268771758E-02  0.333851606555E-02  0.249689601593E-01  0.000000000000E+00  0.141967033403E+00  0.353940366182E-01
 -0.231131107116E-02  0.000000000000E+00
  0.715164918529E+00  0.715693067700E+00  0.714468406306E+00  0.714592693481E+00  0.723826157459E+00  0.716427360214E+00  0.714551856661E+00
  0.714006859838E+00  0.715275038131E+00  0.729041352300E+00  0.715420021805E+00  0.709291333533E+00  0.715433227968E+00  0.714355306480E+00
  0.712190156496E+00  0.675892727081E+00  0.693012286711E+00  0.704429993338E+00  0.709499427345E+00  0.705753647211E+00  0.716116059289E+00
  0.715332333435E+00  0.715852966867E+00  0.713533094379E+00  0.555896596620E+00  0.685101774226E+00  0.675233042403E+00  0.711745443000E+00
  0.707467681215E+00  0.697282688721E+00  0.699064262386E+00  0.715641500845E+00  0.716177907695E+00  0.715508996544E+00  0.717550312156E+00
  0.718017916667E+00  0.691647271587E+00  0.716063641282E+00  0.691589601842E+00  0.679823562072E+00  0.735163321201E+00  0.696229093450E+00
  0.717461284673E+00  0.718888496792E+00  0.719045442832E+00  0.725477376386E+00  0.672192560145E+00  0.725658889674E+00  0.755498596982E+00
  0.732931670372E+00  0.100206996382E+01
  0.497829168675E+00  0.498040582968E+00  0.501459616594E+00  0.496990234527E+00  0.509630640829E+00  0.506957651244E+00  0.501866594300E+00
  0.499644250321E+00  0.501170330324E+00  0.520303371846E+00  0.551725860089E+00  0.541484145706E+00  0.500010211659E+00  0.500664289461E+00
  0.504777022656E+00  0.504841768877E+00  0.561050917305E+00  0.581990727315E+00  0.531831013559E+00  0.579664039008E+00  0.497917627314E+00
  0.499237671311E+00  0.498716136075E+00  0.503847106682E+00  0.000000000000E+00  0.423270403525E+00  0.483219808767E+00  0.542875619973E+00
  0.426302069194E+00  0.588619281433E+00  0.323410343360E+00  0.498192555877E+00  0.498073939308E+00  0.498136677677E+00  0.496059562677E+00
  0.498063961055E+00  0.000000000000E+00  0.535751100393E+00  0.000000000000E+00  0.386887708479E+00  0.541853181047E+00  0.000000000000E+00
  0.496857111417E+00  0.495806026808E+00  0.492178331700E+00  0.502357570073E+00  0.000000000000E+00  0.460950502886E+00  0.470020634846E+00
  0.477571644200E+00  0.000000000000E+00
  0.100016507514E+01  0.100093691881E+01  0.100014606385E+01  0.999912370981E+00  0.100341288119E+01  0.100194737777E+01  0.999943819597E+00
  0.999936539049E+00  0.100036871759E+01  0.100300174945E+01  0.997624323726E+00  0.998559919019E+00  0.100034618821E+01  0.100004163887E+01
  0.999343007746E+00  0.985612700904E+00  0.989187501843E+00  0.989809926471E+00  0.100046616483E+01  0.989399328298E+00  0.100069459059E+01
  0.100096384237E+01  0.100056486421E+01  0.998795510594E+00  0.104242640687E+01  0.991355261294E+00  0.991835542534E+00  0.100125191336E+01
  0.999115567141E+00  0.984608687066E+00  0.101213016088E+01  0.100059363013E+01  0.100063164718E+01  0.100091369196E+01  0.100180608394E+01
  0.100016009691E+01  0.104242640687E+01  0.100467430978E+01  0.104242640687E+01  0.998603169984E+00  0.993323507722E+00  0.104242640687E+01
  0.100111376604E+01  0.100282493300E+01  0.999475988106E+00  0.101442841466E+01  0.104242640687E+01  0.967948893456E+00  0.102829906991E+01
  0.100309092107E+01  0.104242640687E+01
        19        24        28        28
        15        24        19        19
        12        15        19        19
        14        13        22        22
        23        22        13        13
        37        27        31        31
        20        29        31        31
        36        34        35        35
        22        23        34        34
        15         9         8         8
        12         6         9         9
        27        18        20        20
        17        18        27        27
        36        45        38        38
        41        30        38        38
        20        19        28        28
        41        40        30        30
        47        39        40        40
        17        10        11        11
         5        11        10        10
         7        14         8         8
        22        24        14        14
        50        46        45        45
        49        41        46        46
        38        46        41        41
        40        39        29        29
        28        24        36        36
        35        45        36        36
        30        29        20        20
        12        18        11        11
        14        24        15        15
        19        20        12        12
        20        18        12        12
        27        20        31        31
        15        12         9         9
         6         4         9         9
        34        36        24        24
        34        23        35        35
        28        36        38        38
        48        47        41        41
        30        40        29        29
        46        50        49        49
        38        45        46        46
        16        26        25        25
        27        37        26        26
        43        33        32        32
        23        21        33        33
        47        48        51        51
         3         4         1         1
         6         2         4         4
        11         5         6         6
        33        43        35        35
        44        35        43        43
         4         3         8         8
         7         8         3         3
        42        37        31        31
        26        16        17        17
        10        17        16        16
        24        22        34        34
        40        41        47        47
         8        14        15        15
        28        30        20        20
        18        17        11        11
        42        31        39        39
         8         9         4         4
        35        23        33        33
        38        30        28        28
        27        26        17        17
        49        48        41        41
        44        45        35        35
        31        29        39        39
        44        50        45        45
        23        13        21        21
        14         7        13        13
         6         5         2         2
        12        11         6         6
        26        37        25        25
        48        49        51        51
        33        21        32        32
         4         2         1         1
zone t="boundary 4 bc-4", solutiontime= 0.7000000E+02, strandid=1004, i=42, j=30, f=feblock
  0.500000000000E+01  0.400000000000E+01  0.500000000000E+01  0.300000000000E+01  0.400000000000E+01  0.500000000000E+01  0.200000000000E+01
  0.300000000000E+01  0.400000000000E+01  0.500000000000E+01  0.100000000000E+01  0.200000000000E+01  0.300000000000E+01  0.400000000000E+01
  0.500000000000E+01  0.000000000000E+00  0.100000000000E+01  0.200000000000E+01  0.300000000000E+01  0.400000000000E+01  0.500000000000E+01
  0.000000000000E+00  0.100000000000E+01  0.200000000000E+01  0.300000000000E+01  0.400000000000E+01  0.500000000000E+01  0.000000000000E+00
  0.100000000000E+01  0.200000000000E+01  0.300000000000E+01  0.400000000000E+01  0.000000000000E+00  0.100000000000E+01  0.200000000000E+01
  0.300000000000E+01  0.000000000000E+00  0.100000000000E+01  0.200000000000E+01  0.000000000000E+00  0.100000000000E+01  0.000000000000E+00
  0.000000000000E+00  0.000000000000E+00 -0.833333333333E+00  0.000000000000E+00 -0.833333333333E+00 -0.166666666667E+01  0.000000000000E+00
 -0.833333333333E+00 -0.166666666667E+01 -0.250000000000E+01  0.000000000000E+00 -0.833333333333E+00 -0.166666666667E+01 -0.250000000000E+01
 -0.333333333333E+01  0.000000000000E+00 -0.833333333333E+00 -0.166666666667E+01 -0.250000000000E+01 -0.333333333333E+01 -0.416666666667E+01
 -0.833333333333E+00 -0.166666666667E+01 -0.250000000000E+01 -0.333333333333E+01 -0.416666666667E+01 -0.500000000000E+01 -0.166666666667E+01
 -0.250000000000E+01 -0.333333333333E+01 -0.416666666667E+01 -0.500000000000E+01 -0.250000000000E+01 -0.333333333333E+01 -0.416666666667E+01
 -0.500000000000E+01 -0.333333333333E+01 -0.416666666667E+01 -0.500000000000E+01 -0.416666666667E+01 -0.500000000000E+01 -0.500000000000E+01
  0.250000000000E+01  0.250000000000E+01  0.250000000000E+01  0.250000000000E+01  0.250000000000E+01  0.250000000000E+01  0.250000000000E+01
  0.250000000000E+01  0.250000000000E+01  0.250000000000E+01  0.250000000000E+01  0.250000000000E+01  0.250000000000E+01  0.250000000000E+01
  0.250000000000E+01  0.250000000000E+01  0.250000000000E+01  0.250000000000E+01  0.250000000000E+01  0.250000000000E+01  0.250000000000E+01
  0.250000000000E+01  0.250000000000E+01  0.250000000000E+01  0.250000000000E+01  0.250000000000E+01  0.250000000000E+01  0.250000000000E+01
  0.250000000000E+01  0.250000000000E+01  0.250000000000E+01  0.250000000000E+01  0.250000000000E+01  0.250000000000E+01  0.250000000000E+01
  0.250000000000E+01  0.250000000000E+01  0.250000000000E+01  0.250000000000E+01  0.250000000000E+01  0.250000000000E+01  0.250000000000E+01
  0.100106563489E+01  0.100010968895E+01  0.100102039409E+01  0.100042880382E+01  0.100000253305E+01  0.100105067821E+01  0.100125989479E+01
  0.100030939167E+01  0.100006737686E+01  0.100104053342E+01  0.100186659590E+01  0.100116846661E+01  0.100039032300E+01  0.100003728213E+01
  0.100105067762E+01  0.100130369714E+01  0.100180047054E+01  0.100124213632E+01  0.100034061255E+01  0.100006737731E+01  0.100102039567E+01
  0.100126913336E+01  0.100185079289E+01  0.100118853696E+01  0.100039032422E+01  0.100000253164E+01  0.100106564449E+01  0.100129138288E+01
  0.100180971499E+01  0.100124213561E+01  0.100030939273E+01  0.100010969095E+01  0.100127083042E+01  0.100185079232E+01  0.100116846177E+01
  0.100042880757E+01  0.100129138211E+01  0.100180046929E+01  0.100125988615E+01  0.100126913110E+01  0.100186659397E+01  0.100130369590E+01
  0.497870227113E+00  0.501496143038E+00  0.498029744266E+00  0.501852359780E+00  0.501895343074E+00  0.498003892282E+00  0.500095374026E+00
  0.502193210581E+00  0.501777299706E+00  0.498010206487E+00  0.498088143227E+00  0.500254512050E+00  0.502042410041E+00  0.501834212071E+00
  0.498003888588E+00  0.498339379158E+00  0.498177236439E+00  0.500123103678E+00  0.502135032831E+00  0.501777292750E+00  0.498029744325E+00
  0.498372520894E+00  0.498099316643E+00  0.500218230699E+00  0.502042405039E+00  0.501895342210E+00  0.497870229411E+00  0.498351609375E+00
  0.498165572399E+00  0.500123103071E+00  0.502193209587E+00  0.501496139053E+00  0.498372736511E+00  0.498099317517E+00  0.500254517309E+00
  0.501852357021E+00  0.498351609696E+00  0.498177239926E+00  0.500095390756E+00  0.498372522579E+00  0.498088149588E+00  0.498339381477E+00
  0.000000000000E+00  0.000000000000E+00 -0.410783613449E-04  0.000000000000E+00 -0.597814019527E-04  0.221498999135E-04  0.000000000000E+00
 -0.479746769827E-04  0.240522652850E-04 -0.461168064922E-08  0.000000000000E+00 -0.299004571755E-04  0.220266350823E-04 -0.254996290830E-08
 -0.221579511639E-04  0.000000000000E+00 -0.870557331365E-05  0.109992823209E-04 -0.206398988695E-08 -0.240589907752E-04  0.410695554737E-04
  0.158929219788E-05  0.620810161417E-05 -0.205791651136E-08 -0.220333921650E-04  0.597734240841E-04  0.000000000000E+00 -0.113545007795E-06
 -0.809230259654E-09 -0.110043381573E-04  0.479704737512E-04  0.000000000000E+00 -0.676687039850E-09 -0.620860245886E-05  0.298936047133E-04
  0.000000000000E+00  0.112648365138E-06  0.870355756901E-05  0.000000000000E+00 -0.159052518948E-05  0.000000000000E+00  0.000000000000E+00
 -0.171322375427E-03  0.308325263574E-03 -0.299134935818E-03  0.370533831276E-03  0.243132015666E-03 -0.248805490919E-03  0.117440565692E-02
  0.276139133436E-03  0.305034378111E-03 -0.269715730702E-03  0.153929513272E-02  0.105220229081E-02  0.356983606404E-03  0.271472163225E-03
 -0.248802915545E-03  0.101115251796E-02  0.147254141087E-02  0.112826384931E-02  0.305155180510E-03  0.305035031161E-03 -0.299139042140E-03
  0.996794291095E-03  0.151967672142E-02  0.107238206566E-02  0.356983838610E-03  0.243131675989E-03 -0.171324829623E-03  0.100973572789E-02
  0.147921853377E-02  0.112826291895E-02  0.276137922037E-03  0.308326990116E-03  0.997137906130E-03  0.151967584690E-02  0.105220414784E-02
  0.370532892585E-03  0.100973555605E-02  0.147253881221E-02  0.117441090964E-02  0.996794324712E-03  0.153929085356E-02  0.101115459041E-02
  0.715164918529E+00  0.714468406306E+00  0.715117255822E+00  0.714551856661E+00  0.714368746054E+00  0.715146719483E+00  0.715433227968E+00
  0.714427090772E+00  0.714432820534E+00  0.715136569998E+00  0.716116059289E+00  0.715329677828E+00  0.714507908645E+00  0.714402583478E+00
  0.715146718941E+00  0.715641500845E+00  0.716049283058E+00  0.715403632015E+00  0.714458038886E+00  0.714432820996E+00  0.715117256947E+00
  0.715609890422E+00  0.716099312816E+00  0.715349871881E+00  0.714507909910E+00  0.714368745138E+00  0.715164927144E+00  0.715632353173E+00
  0.716058315033E+00  0.715403631310E+00  0.714427092009E+00  0.714468409119E+00  0.715611728957E+00  0.716099312177E+00  0.715329674115E+00
  0.714551860529E+00  0.715632352444E+00  0.716049281377E+00  0.715433221734E+00  0.715609888165E+00  0.716116056715E+00  0.715641499334E+00
  0.497829168675E+00  0.501459616594E+00  0.497994076745E+00  0.501866594300E+00  0.501866872410E+00  0.497965471982E+00  0.500010211659E+00
  0.502221270857E+00  0.501742632833E+00  0.497972806497E+00  0.497917627314E+00  0.500182413093E+00  0.502062424524E+00  0.501802590132E+00
  0.497965468329E+00  0.498192555877E+00  0.498013272370E+00  0.500043738948E+00  0.502160064518E+00  0.501742625829E+00  0.497994076805E+00
  0.498228063329E+00  0.497930631668E+00  0.500144132670E+00  0.502062419384E+00  0.501866871511E+00  0.497829170362E+00  0.498204900199E+00
  0.498000788917E+00  0.500043738408E+00  0.502221269696E+00  0.501459612124E+00  0.498228061772E+00  0.497930632621E+00  0.500182418444E+00
  0.501866591122E+00  0.498204900581E+00  0.498013276122E+00  0.500010228420E+00  0.498228065236E+00  0.497917634077E+00  0.498192558417E+00
  0.100016507514E+01  0.100014606385E+01  0.100014361751E+01  0.999943819597E+00  0.100011371113E+01  0.100015456667E+01  0.100034618821E+01
  0.999888569890E+00  0.100013856255E+01  0.100015050797E+01  0.100069459059E+01  0.100029274029E+01  0.999920780024E+00  0.100012633003E+01
  0.100015456650E+01  0.100059363013E+01  0.100066732424E+01  0.100032254785E+01  0.999900675719E+00  0.100013856275E+01  0.100014361751E+01
  0.100058397209E+01  0.100068697361E+01  0.100030092601E+01  0.999920780572E+00  0.100011371127E+01  0.100016507760E+01  0.100059314558E+01
  0.100067071225E+01  0.100032254758E+01  0.999888570553E+00  0.100014606579E+01  0.100058484688E+01  0.100068697328E+01  0.100029273994E+01
  0.999943821265E+00  0.100059314533E+01  0.100066732314E+01  0.100034618812E+01  0.100058397120E+01  0.100069458891E+01  0.100059362925E+01
         3         5         2         1
         5         8         4         2
         8        12         7         4
        12        17        11         7
        17        22        16        11
         6         9         5         3
         9        13         8         5
        13        18        12         8
        18        23        17        12
        23        28        22        17
        10        14         9         6
        14        19        13         9
        19        24        18        13
        24        29        23        18
        29        33        28        23
        15        20        14        10
        20        25        19        14
        25        30        24        19
        30        34        29        24
        34        37        33        29
        21        26        20        15
        26        31        25        20
        31        35        30        25
        35        38        34        30
        38        40        37        34
        27        32        26        21
        32        36        31        26
        36        39        35        31
        39        41        38        35
        41        42        40        38
zone t="boundary 5 bc-5", solutiontime= 0.7000000E+02, strandid=1005, i=42, j=30, f=feblock
  0.500000000000E+01  0.500000000000E+01  0.500000000000E+01  0.500000000000E+01  0.500000000000E+01  0.500000000000E+01  0.500000000000E+01
  0.500000000000E+01  0.500000000000E+01  0.500000000000E+01  0.500000000000E+01  0.500000000000E+01  0.500000000000E+01  0.500000000000E+01
  0.500000000000E+01  0.500000000000E+01  0.500000000000E+01  0.500000000000E+01  0.500000000000E+01  0.500000000000E+01  0.500000000000E+01
  0.500000000000E+01  0.500000000000E+01  0.500000000000E+01  0.500000000000E+01  0.500000000000E+01  0.500000000000E+01  0.500000000000E+01
  0.500000000000E+01  0.500000000000E+01  0.500000000000E+01  0.500000000000E+01  0.500000000000E+01  0.500000000000E+01  0.500000000000E+01
  0.500000000000E+01  0.500000000000E+01  0.500000000000E+01  0.500000000000E+01  0.500000000000E+01  0.500000000000E+01  0.500000000000E+01
  0.000000000000E+00  0.000000000000E+00 -0.833333333333E+00  0.000000000000E+00 -0.833333333333E+00 -0.166666666667E+01  0.000000000000E+00
 -0.833333333333E+00 -0.166666666667E+01 -0.250000000000E+01  0.000000000000E+00 -0.833333333333E+00 -0.166666666667E+01 -0.250000000000E+01
 -0.333333333333E+01  0.000000000000E+00 -0.833333333333E+00 -0.166666666667E+01 -0.250000000000E+01 -0.333333333333E+01 -0.416666666667E+01
 -0.833333333333E+00 -0.166666666667E+01 -0.250000000000E+01 -0.333333333333E+01 -0.416666666667E+01 -0.500000000000E+01 -0.166666666667E+01
 -0.250000000000E+01 -0.333333333333E+01 -0.416666666667E+01 -0.500000000000E+01 -0.250000000000E+01 -0.333333333333E+01 -0.416666666667E+01
 -0.500000000000E+01 -0.333333333333E+01 -0.416666666667E+01 -0.500000000000E+01 -0.416666666667E+01 -0.500000000000E+01 -0.500000000000E+01
  0.250000000000E+01  0.150000000000E+01  0.250000000000E+01  0.500000000000E+00  0.150000000000E+01  0.250000000000E+01 -0.500000000000E+00
  0.500000000000E+00  0.150000000000E+01  0.250000000000E+01 -0.150000000000E+01 -0.500000000000E+00  0.500000000000E+00  0.150000000000E+01
  0.250000000000E+01 -0.250000000000E+01 -0.150000000000E+01 -0.500000000000E+00  0.500000000000E+00  0.150000000000E+01  0.250000000000E+01
 -0.250000000000E+01 -0.150000000000E+01 -0.500000000000E+00  0.500000000000E+00  0.150000000000E+01  0.250000000000E+01 -0.250000000000E+01
 -0.150000000000E+01 -0.500000000000E+00  0.500000000000E+00  0.150000000000E+01 -0.250000000000E+01 -0.150000000000E+01 -0.500000000000E+00
  0.500000000000E+00 -0.250000000000E+01 -0.150000000000E+01 -0.500000000000E+00 -0.250000000000E+01 -0.150000000000E+01 -0.250000000000E+01
  0.100106563489E+01  0.100103240868E+01  0.100102039409E+01  0.100990991788E+01  0.100093260059E+01  0.100105067821E+01  0.101760330307E+01
  0.100981588151E+01  0.100095410717E+01  0.100104053342E+01  0.960062524606E+00  0.101928485124E+01  0.100983157278E+01  0.100093833017E+01
  0.100105067762E+01  0.746580506919E+00  0.965787969076E+00  0.101928518959E+01  0.100982297888E+01  0.100095410854E+01  0.100102039567E+01
  0.747409130156E+00  0.965739911264E+00  0.101932507784E+01  0.100983157223E+01  0.100093260148E+01  0.100106564449E+01  0.747574184932E+00
  0.965970969670E+00  0.101928517943E+01  0.100981587603E+01  0.100103241636E+01  0.747579676345E+00  0.965739901090E+00  0.101928481855E+01
  0.100990990978E+01  0.747574196020E+00  0.965787907303E+00  0.101760320597E+01  0.747409242514E+00  0.960062384016E+00  0.746580778067E+00
  0.497870227113E+00  0.498260060399E+00  0.498029744266E+00  0.510496246139E+00  0.497987552960E+00  0.498003892282E+00  0.519081895427E+00
  0.510094165210E+00  0.497996211672E+00  0.498010206487E+00  0.488846612030E+00  0.520506299507E+00  0.510159764786E+00  0.497986121690E+00
  0.498003888588E+00  0.000000000000E+00  0.492223884571E+00  0.520684404120E+00  0.510113129302E+00  0.497996211067E+00  0.498029744325E+00
  0.000000000000E+00  0.492399960737E+00  0.520500725633E+00  0.510159773561E+00  0.497987551765E+00  0.497870229411E+00  0.000000000000E+00
  0.492107156757E+00  0.520684422161E+00  0.510094170902E+00  0.498260076507E+00  0.000000000000E+00  0.492399960351E+00  0.520506268213E+00
  0.510496328835E+00  0.000000000000E+00  0.492223955792E+00  0.519081906730E+00  0.000000000000E+00  0.488846702286E+00  0.000000000000E+00
  0.000000000000E+00  0.000000000000E+00 -0.410783613449E-04  0.000000000000E+00 -0.811230032606E-04  0.221498999135E-04  0.000000000000E+00
  0.538416265936E-04  0.148175404648E-04 -0.461168064922E-08  0.000000000000E+00  0.111463307743E-02  0.260734848131E-04 -0.162829982586E-08
 -0.221579511639E-04  0.000000000000E+00  0.284388635822E-02  0.190110718767E-03 -0.135699015531E-08 -0.148187309738E-04  0.410695554737E-04
  0.000000000000E+00  0.559584699956E-03 -0.176844590528E-07 -0.260753062372E-04  0.811277079782E-04  0.000000000000E+00  0.000000000000E+00
 -0.183135086503E-07 -0.190157082907E-03 -0.538302561768E-04  0.000000000000E+00  0.000000000000E+00 -0.559643629821E-03 -0.111468570884E-02
  0.000000000000E+00  0.000000000000E+00 -0.284394910825E-02  0.000000000000E+00  0.000000000000E+00  0.000000000000E+00  0.000000000000E+00
 -0.171322375427E-03  0.370566868860E-02 -0.299134935818E-03  0.183788505271E-02  0.331211468075E-02 -0.248805490919E-03 -0.456311844424E-01
  0.216055782745E-02  0.346025952384E-02 -0.269715730702E-03 -0.110577481800E+00 -0.435941905254E-01  0.235449559213E-02  0.348466961008E-02
 -0.248802915545E-03  0.000000000000E+00 -0.108313474211E+00 -0.434222567880E-01  0.248862891427E-02  0.346026012273E-02 -0.299139042140E-03
  0.000000000000E+00 -0.108175315116E+00 -0.432511804732E-01  0.235448146809E-02  0.331210814686E-02 -0.171324829623E-03  0.000000000000E+00
 -0.108206017796E+00 -0.434222912238E-01  0.216054196551E-02  0.370566280441E-02  0.000000000000E+00 -0.108175348170E+00 -0.435941832151E-01
  0.183780630443E-02  0.000000000000E+00 -0.108313349467E+00 -0.456313384571E-01  0.000000000000E+00 -0.110577480499E+00  0.000000000000E+00
  0.715164918529E+00  0.715693067700E+00  0.715117255822E+00  0.723826157459E+00  0.715580669360E+00  0.715146719483E+00  0.729041352300E+00
  0.723846302615E+00  0.715604143297E+00  0.715136569998E+00  0.675892727081E+00  0.730610590166E+00  0.723866083073E+00  0.715588866349E+00
  0.715146718941E+00  0.555896596620E+00  0.679993108638E+00  0.730594233257E+00  0.723852322192E+00  0.715604144659E+00  0.715117256947E+00
  0.556513581436E+00  0.679925352311E+00  0.730637197244E+00  0.723866082634E+00  0.715580671337E+00  0.715164927144E+00  0.556636479620E+00
  0.680144582505E+00  0.730594223567E+00  0.723846294182E+00  0.715693077701E+00  0.556640568473E+00  0.679925344020E+00  0.730610559984E+00
  0.723826143040E+00  0.556636487876E+00  0.679993072229E+00  0.729041265203E+00  0.556513665098E+00  0.675892639050E+00  0.555896798514E+00
  0.497829168675E+00  0.498040582968E+00  0.497994076745E+00  0.509630640829E+00  0.497779719310E+00  0.497965471982E+00  0.520303371846E+00
  0.509199717668E+00  0.497786557722E+00  0.497972806497E+00  0.504841768877E+00  0.521417563714E+00  0.509263053973E+00  0.497778032794E+00
  0.497965468329E+00  0.000000000000E+00  0.507647451145E+00  0.521585217847E+00  0.509219809840E+00  0.497786556989E+00  0.497994076805E+00
  0.000000000000E+00  0.507795676116E+00  0.521383159624E+00  0.509263062683E+00  0.497779717607E+00  0.497829170362E+00  0.000000000000E+00
  0.507492850968E+00  0.521585239526E+00  0.509199724865E+00  0.498040597453E+00  0.000000000000E+00  0.507795683367E+00  0.521417534495E+00
  0.509630726133E+00  0.000000000000E+00  0.507647491914E+00  0.520303402811E+00  0.000000000000E+00  0.504841853172E+00  0.000000000000E+00
  0.100016507514E+01  0.100093691881E+01  0.100014361751E+01  0.100341288119E+01  0.100087951628E+01  0.100015456667E+01  0.100300174945E+01
  0.100353425037E+01  0.100089084349E+01  0.100015050797E+01  0.985612700904E+00  0.100350243113E+01  0.100354607998E+01  0.100088525206E+01
  0.100015456650E+01  0.104242640687E+01  0.985713616834E+00  0.100347963161E+01  0.100353554263E+01  0.100089084402E+01  0.100014361751E+01
  0.104242640687E+01  0.985664444571E+00  0.100349937265E+01  0.100354607992E+01  0.100087951815E+01  0.100016507760E+01  0.104242640687E+01
  0.985746409990E+00  0.100347962831E+01  0.100353424412E+01  0.100093692513E+01  0.104242640687E+01  0.985664442935E+00  0.100350242186E+01
  0.100341286925E+01  0.104242640687E+01  0.985713627104E+00  0.100300172533E+01  0.104242640687E+01  0.985612716865E+00  0.104242640687E+01
        22        17        11        16
        17        12         7        11
        12         8         4         7
         8         5         2         4
         5         3         1         2
        28        23        17        22
        23        18        12        17
        18        13         8        12
        13         9         5         8
         9         6         3         5
        33        29        23        28
        29        24        18        23
        24        19        13        18
        19        14         9        13
        14        10         6         9
        37        34        29        33
        34        30        24        29
        30        25        19        24
        25        20        14        19
        20        15        10        14
        40        38        34        37
        38        35        30        34
        35        31        25        30
        31        26        20        25
        26        21        15        20
        42        41        38        40
        41        39        35        38
        39        36        31        35
        36        32        26        31
        32        27        21        26
zone t="boundary 6 bc-6", solutiontime= 0.7000000E+02, strandid=1006, i=42, j=30, f=feblock
  0.500000000000E+01  0.500000000000E+01  0.400000000000E+01  0.200000000000E+01  0.300000000000E+01  0.500000000000E+01  0.400000000000E+01
  0.200000000000E+01  0.300000000000E+01  0.100000000000E+01  0.500000000000E+01  0.400000000000E+01  0.200000000000E+01  0.300000000000E+01
  0.100000000000E+01  0.000000000000E+00  0.500000000000E+01  0.400000000000E+01  0.200000000000E+01  0.300000000000E+01  0.100000000000E+01
  0.000000000000E+00  0.500000000000E+01  0.400000000000E+01  0.200000000000E+01  0.300000000000E+01  0.100000000000E+01  0.000000000000E+00
  0.500000000000E+01  0.400000000000E+01  0.200000000000E+01  0.300000000000E+01  0.100000000000E+01  0.000000000000E+00  0.400000000000E+01
  0.200000000000E+01  0.300000000000E+01  0.100000000000E+01  0.000000000000E+00  0.100000000000E+01  0.000000000000E+00  0.000000000000E+00
  0.000000000000E+00 -0.833333333333E+00  0.000000000000E+00  0.000000000000E+00  0.000000000000E+00 -0.166666666667E+01 -0.833333333333E+00
 -0.833333333333E+00 -0.833333333333E+00  0.000000000000E+00 -0.250000000000E+01 -0.166666666667E+01 -0.166666666667E+01 -0.166666666667E+01
 -0.833333333333E+00  0.000000000000E+00 -0.333333333333E+01 -0.250000000000E+01 -0.250000000000E+01 -0.250000000000E+01 -0.166666666667E+01
 -0.833333333333E+00 -0.416666666667E+01 -0.333333333333E+01 -0.333333333333E+01 -0.333333333333E+01 -0.250000000000E+01 -0.166666666667E+01
 -0.500000000000E+01 -0.416666666667E+01 -0.416666666667E+01 -0.416666666667E+01 -0.333333333333E+01 -0.250000000000E+01 -0.500000000000E+01
 -0.500000000000E+01 -0.500000000000E+01 -0.416666666667E+01 -0.333333333333E+01 -0.500000000000E+01 -0.416666666667E+01 -0.500000000000E+01
 -0.250000000000E+01 -0.250000000000E+01 -0.250000000000E+01 -0.250000000000E+01 -0.250000000000E+01 -0.250000000000E+01 -0.250000000000E+01
 -0.250000000000E+01 -0.250000000000E+01 -0.250000000000E+01 -0.250000000000E+01 -0.250000000000E+01 -0.250000000000E+01 -0.250000000000E+01
 -0.250000000000E+01 -0.250000000000E+01 -0.250000000000E+01 -0.250000000000E+01 -0.250000000000E+01 -0.250000000000E+01 -0.250000000000E+01
 -0.250000000000E+01 -0.250000000000E+01 -0.250000000000E+01 -0.250000000000E+01 -0.250000000000E+01 -0.250000000000E+01 -0.250000000000E+01
 -0.250000000000E+01 -0.250000000000E+01 -0.250000000000E+01 -0.250000000000E+01 -0.250000000000E+01 -0.250000000000E+01 -0.250000000000E+01
 -0.250000000000E+01 -0.250000000000E+01 -0.250000000000E+01 -0.250000000000E+01 -0.250000000000E+01 -0.250000000000E+01 -0.250000000000E+01
  0.746580506919E+00  0.747409130156E+00  0.928896441839E+00  0.928818990192E+00  0.935049922378E+00  0.747574184932E+00  0.929086153446E+00
  0.928549790758E+00  0.935898776787E+00  0.902768366188E+00  0.747579676345E+00  0.929175568846E+00  0.928747310367E+00  0.936190848015E+00
  0.900616258769E+00  0.134580047100E+01  0.747574196020E+00  0.929310185921E+00  0.928792703771E+00  0.936237413071E+00  0.900359742180E+00
  0.134747246574E+01  0.747409242514E+00  0.929175568672E+00  0.928747306735E+00  0.936190837143E+00  0.900327039126E+00  0.134800030105E+01
  0.746580778067E+00  0.929086227653E+00  0.928549844790E+00  0.935898793614E+00  0.900359745357E+00  0.134789221123E+01  0.928896594627E+00
  0.928819106798E+00  0.935049968429E+00  0.900616297277E+00  0.134800030618E+01  0.902768433283E+00  0.134747252494E+01  0.134580064946E+01
  0.000000000000E+00  0.000000000000E+00  0.000000000000E+00  0.000000000000E+00  0.000000000000E+00  0.000000000000E+00  0.000000000000E+00
  0.000000000000E+00  0.000000000000E+00  0.000000000000E+00  0.000000000000E+00  0.000000000000E+00  0.000000000000E+00  0.000000000000E+00
  0.000000000000E+00  0.000000000000E+00  0.000000000000E+00  0.000000000000E+00  0.000000000000E+00  0.000000000000E+00  0.000000000000E+00
  0.000000000000E+00  0.000000000000E+00  0.000000000000E+00  0.000000000000E+00  0.000000000000E+00  0.000000000000E+00  0.000000000000E+00
  0.000000000000E+00  0.000000000000E+00  0.000000000000E+00  0.000000000000E+00  0.000000000000E+00  0.000000000000E+00  0.000000000000E+00
  0.000000000000E+00  0.000000000000E+00  0.000000000000E+00  0.000000000000E+00  0.000000000000E+00  0.000000000000E+00  0.000000000000E+00
  0.000000000000E+00  0.000000000000E+00  0.000000000000E+00  0.000000000000E+00  0.000000000000E+00  0.000000000000E+00  0.000000000000E+00
  0.000000000000E+00  0.000000000000E+00  0.000000000000E+00  0.000000000000E+00  0.000000000000E+00  0.000000000000E+00  0.000000000000E+00
  0.000000000000E+00  0.000000000000E+00  0.000000000000E+00  0.000000000000E+00  0.000000000000E+00  0.000000000000E+00  0.000000000000E+00
  0.000000000000E+00  0.000000000000E+00  0.000000000000E+00  0.000000000000E+00  0.000000000000E+00  0.000000000000E+00  0.000000000000E+00
  0.000000000000E+00  0.000000000000E+00  0.000000000000E+00  0.000000000000E+00  0.000000000000E+00  0.000000000000E+00  0.000000000000E+00
  0.000000000000E+00  0.000000000000E+00  0.000000000000E+00  0.000000000000E+00  0.000000000000E+00  0.000000000000E+00  0.000000000000E+00
  0.000000000000E+00  0.000000000000E+00  0.000000000000E+00  0.000000000000E+00  0.000000000000E+00  0.000000000000E+00  0.000000000000E+00
  0.000000000000E+00  0.000000000000E+00  0.000000000000E+00  0.000000000000E+00  0.000000000000E+00  0.000000000000E+00  0.000000000000E+00
  0.000000000000E+00  0.000000000000E+00  0.000000000000E+00  0.000000000000E+00  0.000000000000E+00  0.000000000000E+00  0.000000000000E+00
  0.000000000000E+00  0.000000000000E+00  0.000000000000E+00  0.000000000000E+00  0.000000000000E+00  0.000000000000E+00  0.000000000000E+00
  0.000000000000E+00  0.000000000000E+00  0.000000000000E+00  0.000000000000E+00  0.000000000000E+00  0.000000000000E+00  0.000000000000E+00
  0.000000000000E+00  0.000000000000E+00  0.000000000000E+00  0.000000000000E+00  0.000000000000E+00  0.000000000000E+00  0.000000000000E+00
  0.555896596620E+00  0.556513581436E+00  0.691647271587E+00  0.691589601842E+00  0.696229093450E+00  0.556636479620E+00  0.691788529007E+00
  0.691389158558E+00  0.696861142201E+00  0.672192560145E+00  0.556640568473E+00  0.691855106846E+00  0.691536229741E+00  0.697078615601E+00
  0.670590121856E+00  0.100206996382E+01  0.556636487876E+00  0.691955341413E+00  0.691570029229E+00  0.697113287490E+00  0.670399122095E+00
  0.100331491487E+01  0.556513665098E+00  0.691855106717E+00  0.691536227037E+00  0.697078607506E+00  0.670374771718E+00  0.100370793591E+01
  0.555896798514E+00  0.691788584261E+00  0.691389198789E+00  0.696861154730E+00  0.670399124460E+00  0.100362745329E+01  0.691647385351E+00
  0.691589688667E+00  0.696229127739E+00  0.670590150529E+00  0.100370793974E+01  0.672192610102E+00  0.100331495895E+01  0.100207009670E+01
  0.000000000000E+00  0.000000000000E+00  0.000000000000E+00  0.000000000000E+00  0.000000000000E+00  0.000000000000E+00  0.000000000000E+00
  0.000000000000E+00  0.000000000000E+00  0.000000000000E+00  0.000000000000E+00  0.000000000000E+00  0.000000000000E+00  0.000000000000E+00
  0.000000000000E+00  0.000000000000E+00  0.000000000000E+00  0.000000000000E+00  0.000000000000E+00  0.000000000000E+00  0.000000000000E+00
  0.000000000000E+00  0.000000000000E+00  0.000000000000E+00  0.000000000000E+00  0.000000000000E+00  0.000000000000E+00  0.000000000000E+00
  0.000000000000E+00  0.000000000000E+00  0.000000000000E+00  0.000000000000E+00  0.000000000000E+00  0.000000000000E+00  0.000000000000E+00
  0.000000000000E+00  0.000000000000E+00  0.000000000000E+00  0.000000000000E+00  0.000000000000E+00  0.000000000000E+00  0.000000000000E+00
  0.104242640687E+01  0.104242640687E+01  0.104242640687E+01  0.104242640687E+01  0.104242640687E+01  0.104242640687E+01  0.104242640687E+01
  0.104242640687E+01  0.104242640687E+01  0.104242640687E+01  0.104242640687E+01  0.104242640687E+01  0.104242640687E+01  0.104242640687E+01
  0.104242640687E+01  0.104242640687E+01  0.104242640687E+01  0.104242640687E+01  0.104242640687E+01  0.104242640687E+01  0.104242640687E+01
  0.104242640687E+01  0.104242640687E+01  0.104242640687E+01  0.104242640687E+01  0.104242640687E+01  0.104242640687E+01  0.104242640687E+01
  0.104242640687E+01  0.104242640687E+01  0.104242640687E+01  0.104242640687E+01  0.104242640687E+01  0.104242640687E+01  0.104242640687E+01
  0.104242640687E+01  0.104242640687E+01  0.104242640687E+01  0.104242640687E+01  0.104242640687E+01  0.104242640687E+01  0.104242640687E+01
        22        15        10        16
        15         8         4        10
         8         9         5         4
         9         7         3         5
         7         2         1         3
        28        21        15        22
        21        13         8        15
        13        14         9         8
        14        12         7         9
        12         6         2         7
        34        27        21        28
        27        19        13        21
        19        20        14        13
        20        18        12        14
        18        11         6        12
        39        33        27        34
        33        25        19        27
        25        26        20        19
        26        24        18        20
        24        17        11        18
        41        38        33        39
        38        31        25        33
        31        32        26        25
        32        30        24        26
        30        23        17        24
        42        40        38        41
        40        36        31        38
        36        37        32        31
        37        35        30        32
        35        29        23        30
