title="tecplot geometry and solution file"
variables = x y z rho u v w p mach temperature
zone t="boundary 1 bc-1", solutiontime= 0.6000000E+02, strandid=1001, i=42, j=30, f=feblock
  0.000000000000E+00  0.000000000000E+00  0.000000000000E+00  0.000000000000E+00  0.000000000000E+00  0.000000000000E+00  0.000000000000E+00
  0.000000000000E+00  0.000000000000E+00  0.000000000000E+00  0.000000000000E+00  0.000000000000E+00  0.000000000000E+00  0.000000000000E+00
  0.000000000000E+00  0.000000000000E+00  0.000000000000E+00  0.000000000000E+00  0.000000000000E+00  0.000000000000E+00  0.000000000000E+00
  0.000000000000E+00  0.000000000000E+00  0.000000000000E+00  0.000000000000E+00  0.000000000000E+00  0.000000000000E+00  0.000000000000E+00
  0.000000000000E+00  0.000000000000E+00  0.000000000000E+00  0.000000000000E+00  0.000000000000E+00  0.000000000000E+00  0.000000000000E+00
  0.000000000000E+00  0.000000000000E+00  0.000000000000E+00  0.000000000000E+00  0.000000000000E+00  0.000000000000E+00  0.000000000000E+00
  0.000000000000E+00  0.000000000000E+00 -0.833333333333E+00  0.000000000000E+00  0.000000000000E+00 -0.833333333333E+00 -0.166666666667E+01
  0.000000000000E+00 -0.833333333333E+00 -0.833333333333E+00  0.000000000000E+00 -0.166666666667E+01 -0.250000000000E+01 -0.833333333333E+00
 -0.166666666667E+01 -0.166666666667E+01 -0.833333333333E+00 -0.250000000000E+01 -0.333333333333E+01 -0.166666666667E+01 -0.250000000000E+01
 -0.250000000000E+01 -0.166666666667E+01 -0.333333333333E+01 -0.416666666667E+01 -0.250000000000E+01 -0.333333333333E+01 -0.333333333333E+01
 -0.250000000000E+01 -0.416666666667E+01 -0.500000000000E+01 -0.333333333333E+01 -0.416666666667E+01 -0.416666666667E+01 -0.333333333333E+01
 -0.500000000000E+01 -0.416666666667E+01 -0.500000000000E+01 -0.500000000000E+01 -0.416666666667E+01 -0.500000000000E+01 -0.500000000000E+01
  0.250000000000E+01  0.150000000000E+01  0.250000000000E+01  0.500000000000E+00 -0.150000000000E+01  0.150000000000E+01  0.250000000000E+01
 -0.500000000000E+00  0.500000000000E+00 -0.150000000000E+01 -0.250000000000E+01  0.150000000000E+01  0.250000000000E+01 -0.500000000000E+00
  0.500000000000E+00 -0.150000000000E+01 -0.250000000000E+01  0.150000000000E+01  0.250000000000E+01 -0.500000000000E+00  0.500000000000E+00
 -0.150000000000E+01 -0.250000000000E+01  0.150000000000E+01  0.250000000000E+01 -0.500000000000E+00  0.500000000000E+00 -0.150000000000E+01
 -0.250000000000E+01  0.150000000000E+01  0.250000000000E+01 -0.500000000000E+00  0.500000000000E+00 -0.150000000000E+01 -0.250000000000E+01
  0.150000000000E+01 -0.500000000000E+00  0.500000000000E+00 -0.150000000000E+01 -0.250000000000E+01 -0.500000000000E+00 -0.250000000000E+01
  0.100130879905E+01  0.100333589953E+01  0.100127387247E+01  0.100361802205E+01  0.102859951012E+01  0.100328108616E+01  0.100129567745E+01
  0.102295215055E+01  0.100333196843E+01  0.102581083985E+01  0.134581028339E+01  0.100331892718E+01  0.100127514860E+01  0.102261009971E+01
  0.100339746907E+01  0.102580125694E+01  0.134748192806E+01  0.100328343919E+01  0.100129567669E+01  0.102274505733E+01  0.100332724475E+01
  0.102561706508E+01  0.134800901593E+01  0.100331892627E+01  0.100127387024E+01  0.102263307916E+01  0.100339746712E+01  0.102580127136E+01
  0.134790061018E+01  0.100328108615E+01  0.100130879785E+01  0.102274505610E+01  0.100333196850E+01  0.102581091459E+01  0.134800902107E+01
  0.100333589996E+01  0.102261011557E+01  0.100361801962E+01  0.102859965083E+01  0.134748198728E+01  0.102295215486E+01  0.134581046185E+01
  0.498332426167E+00  0.497124936543E+00  0.498366193603E+00  0.496488365830E+00  0.475300087289E+00  0.497184181933E+00  0.498345994181E+00
  0.478293551630E+00  0.496816791157E+00  0.476447828390E+00  0.000000000000E+00  0.497145403856E+00  0.498367256800E+00  0.478864357449E+00
  0.496748566368E+00  0.476250441099E+00  0.000000000000E+00  0.497184482666E+00  0.498345994460E+00  0.478726183430E+00  0.496826780352E+00
  0.476434641547E+00  0.000000000000E+00  0.497145404537E+00  0.498366195239E+00  0.478870308656E+00  0.496748567780E+00  0.476250438341E+00
  0.000000000000E+00  0.497184184617E+00  0.498332428461E+00  0.478726179678E+00  0.496816785822E+00  0.476447755517E+00  0.000000000000E+00
  0.497124941157E+00  0.478864350979E+00  0.496488345484E+00  0.475299961976E+00  0.000000000000E+00  0.478293574489E+00  0.000000000000E+00
  0.000000000000E+00  0.000000000000E+00  0.137571161890E-05  0.000000000000E+00  0.000000000000E+00  0.593315950286E-05 -0.214824571436E-06
  0.000000000000E+00 -0.472146901113E-04 -0.971343352531E-03  0.000000000000E+00  0.272352059658E-05 -0.665619946729E-09  0.658881276858E-04
 -0.896131772308E-05 -0.129186748030E-03  0.000000000000E+00 -0.697109345023E-11  0.213951600355E-06  0.750567514183E-04  0.214245958150E-09
  0.567178177241E-08  0.000000000000E+00 -0.272122558731E-05 -0.137693560124E-05 -0.476518133607E-08  0.896068846215E-05  0.129219940143E-03
  0.000000000000E+00 -0.593380820704E-05  0.000000000000E+00 -0.750617457468E-04  0.472104734081E-04  0.971403878780E-03  0.000000000000E+00
  0.000000000000E+00 -0.658946819332E-04  0.000000000000E+00  0.000000000000E+00  0.000000000000E+00  0.000000000000E+00  0.000000000000E+00
  0.101463907140E-02  0.382118738085E-03  0.100015705620E-02  0.266416253754E-02  0.353934468294E-01  0.397920959652E-03  0.101271800283E-02
 -0.231090557193E-02  0.277028016834E-02  0.342581954652E-01  0.000000000000E+00  0.389030138289E-03  0.100006880090E-02 -0.251625992040E-02
  0.275191473079E-02  0.343791012901E-01  0.000000000000E+00  0.393335804353E-03  0.101271782897E-02 -0.254267590988E-02  0.275466642708E-02
  0.343529441806E-01  0.000000000000E+00  0.389028930594E-03  0.100015709555E-02 -0.256755468969E-02  0.275191494423E-02  0.343791042120E-01
  0.000000000000E+00  0.397918821212E-03  0.101464115310E-02 -0.254267414066E-02  0.277028582231E-02  0.342582238263E-01  0.000000000000E+00
  0.382120141580E-03 -0.251626535828E-02  0.266416279985E-02  0.353935498314E-01  0.000000000000E+00 -0.231091198471E-02  0.000000000000E+00
  0.715646804084E+00  0.717468929449E+00  0.715614832720E+00  0.718897779057E+00  0.755507722373E+00  0.717404108366E+00  0.715636839155E+00
  0.732941261386E+00  0.718660931456E+00  0.753371137196E+00  0.100207727003E+01  0.717441753542E+00  0.715616229070E+00  0.732416410221E+00
  0.718729627263E+00  0.753411486351E+00  0.100332196042E+01  0.717406253169E+00  0.715636838441E+00  0.732536489619E+00  0.718658326772E+00
  0.753206034950E+00  0.100371442494E+01  0.717441752674E+00  0.715614830497E+00  0.732428800668E+00  0.718729625166E+00  0.753411501193E+00
  0.100363370706E+01  0.717404108747E+00  0.715646802616E+00  0.732536488611E+00  0.718660928236E+00  0.753371183041E+00  0.100371442876E+01
  0.717468930680E+00  0.732416432130E+00  0.718897770162E+00  0.755507802458E+00  0.100332200452E+01  0.732941277997E+00  0.100207740291E+01
  0.498185035350E+00  0.496847702214E+00  0.498221203240E+00  0.495794797758E+00  0.470011362827E+00  0.496915801382E+00  0.498198799632E+00
  0.477560778114E+00  0.496134363266E+00  0.471087048046E+00  0.000000000000E+00  0.496873371200E+00  0.498222097359E+00  0.478223045251E+00
  0.496058614107E+00  0.470885690172E+00  0.000000000000E+00  0.496915938179E+00  0.498198799971E+00  0.478077558405E+00  0.496143980673E+00
  0.471086940634E+00  0.000000000000E+00  0.496873371955E+00  0.498221205095E+00  0.478230583758E+00  0.496058615759E+00  0.470885686348E+00
  0.000000000000E+00  0.496915803928E+00  0.498185037861E+00  0.478077554690E+00  0.496134359097E+00  0.471086981320E+00  0.000000000000E+00
  0.496847706507E+00  0.478223035375E+00  0.495794779910E+00  0.470011254372E+00  0.000000000000E+00  0.477560796564E+00  0.000000000000E+00
  0.100059594670E+01  0.100111687592E+01  0.100058614666E+01  0.100282863457E+01  0.102830188126E+01  0.100108111831E+01  0.100059512628E+01
  0.100309458794E+01  0.100278405921E+01  0.102818136747E+01  0.104242640687E+01  0.100109589060E+01  0.100058682381E+01  0.100271156582E+01
  0.100281444710E+01  0.102824604060E+01  0.104242640687E+01  0.100108176334E+01  0.100059512604E+01  0.100274362424E+01  0.100278514587E+01
  0.102815025689E+01  0.104242640687E+01  0.100109589029E+01  0.100058614578E+01  0.100270599674E+01  0.100281444612E+01  0.102824604640E+01
  0.104242640687E+01  0.100108111885E+01  0.100059594584E+01  0.100274362407E+01  0.100278405465E+01  0.102818135512E+01  0.104242640687E+01
  0.100111687721E+01  0.100271158027E+01  0.100282862459E+01  0.102830184960E+01  0.104242640687E+01  0.100309460645E+01  0.104242640687E+01
         3         6         2         1
         6         9         4         2
         9        14         8         4
        14        10         5         8
        10        17        11         5
         7        12         6         3
        12        15         9         6
        15        20        14         9
        20        16        10        14
        16        23        17        10
        13        18        12         7
        18        21        15        12
        21        26        20        15
        26        22        16        20
        22        29        23        16
        19        24        18        13
        24        27        21        18
        27        32        26        21
        32        28        22        26
        28        35        29        22
        25        30        24        19
        30        33        27        24
        33        37        32        27
        37        34        28        32
        34        40        35        28
        31        36        30        25
        36        38        33        30
        38        41        37        33
        41        39        34        37
        39        42        40        34
zone t="boundary 2 bc-2", solutiontime= 0.6000000E+02, strandid=1002, i=51, j=80, f=feblock
  0.500000000000E+01  0.500000000000E+01  0.400000000000E+01  0.425172245441E+01  0.500000000000E+01  0.427741389634E+01  0.300000000000E+01
  0.341887665662E+01  0.368116975164E+01  0.500000000000E+01  0.430894944607E+01  0.352044655687E+01  0.200000000000E+01  0.259168638257E+01
  0.301798341022E+01  0.500000000000E+01  0.435643616790E+01  0.375117520592E+01  0.271663237208E+01  0.288980181581E+01  0.100000000000E+01
  0.191939879870E+01  0.130679496696E+01  0.219385942988E+01  0.500000000000E+01  0.441735041915E+01  0.373031592783E+01  0.208456665067E+01
  0.230848460393E+01  0.190054259015E+01  0.298584217914E+01  0.000000000000E+00  0.613733212775E+00  0.151350918120E+01  0.794128609067E+00
  0.144135983281E+01  0.400000000000E+01  0.132476136006E+01  0.200000000000E+01  0.164582171489E+01  0.102008138039E+01  0.300000000000E+01
  0.000000000000E+00  0.000000000000E+00  0.701034609231E+00  0.609175469936E+00  0.100000000000E+01  0.505577837730E+00  0.000000000000E+00
  0.000000000000E+00  0.000000000000E+00
 -0.500000000000E+01 -0.500000000000E+01 -0.500000000000E+01 -0.500000000000E+01 -0.500000000000E+01 -0.500000000000E+01 -0.500000000000E+01
 -0.500000000000E+01 -0.500000000000E+01 -0.500000000000E+01 -0.500000000000E+01 -0.500000000000E+01 -0.500000000000E+01 -0.500000000000E+01
 -0.500000000000E+01 -0.500000000000E+01 -0.500000000000E+01 -0.500000000000E+01 -0.500000000000E+01 -0.500000000000E+01 -0.500000000000E+01
 -0.500000000000E+01 -0.500000000000E+01 -0.500000000000E+01 -0.500000000000E+01 -0.500000000000E+01 -0.500000000000E+01 -0.500000000000E+01
 -0.500000000000E+01 -0.500000000000E+01 -0.500000000000E+01 -0.500000000000E+01 -0.500000000000E+01 -0.500000000000E+01 -0.500000000000E+01
 -0.500000000000E+01 -0.500000000000E+01 -0.500000000000E+01 -0.500000000000E+01 -0.500000000000E+01 -0.500000000000E+01 -0.500000000000E+01
 -0.500000000000E+01 -0.500000000000E+01 -0.500000000000E+01 -0.500000000000E+01 -0.500000000000E+01 -0.500000000000E+01 -0.500000000000E+01
 -0.500000000000E+01 -0.500000000000E+01
  0.250000000000E+01  0.150000000000E+01  0.250000000000E+01  0.168388151981E+01  0.500000000000E+00  0.784980628699E+00  0.250000000000E+01
  0.172616846193E+01  0.104016062853E+01 -0.500000000000E+00 -0.103062804534E+00  0.179404976675E+00  0.250000000000E+01  0.166729536217E+01
  0.923171218453E+00 -0.150000000000E+01 -0.102255113015E+01 -0.669125930414E+00  0.135977239814E+00 -0.856266143819E+00  0.250000000000E+01
  0.158034275708E+01  0.175813852804E+01  0.774089735567E+00 -0.250000000000E+01 -0.179804978092E+01 -0.146769777443E+01 -0.223755606368E+00
 -0.164420331359E+01 -0.108875578595E+01 -0.190240885061E+01  0.250000000000E+01  0.185787993997E+01  0.110883669208E+01  0.100177177909E+01
  0.349093656766E+00 -0.250000000000E+01 -0.526785284186E+00 -0.250000000000E+01 -0.183798308008E+01 -0.145695630084E+01 -0.250000000000E+01
  0.150000000000E+01  0.500000000000E+00  0.396172271494E-01 -0.788824871575E+00 -0.250000000000E+01 -0.198405114581E+01 -0.150000000000E+01
 -0.500000000000E+00 -0.250000000000E+01
  0.100105995266E+01  0.100104825686E+01  0.100009039347E+01  0.100053735979E+01  0.100992927283E+01  0.100107453255E+01  0.100039731336E+01
  0.999733614320E+00  0.100105830905E+01  0.101761988417E+01  0.100399425155E+01  0.994467754828E+00  0.100126133036E+01  0.100010371390E+01
  0.997761481549E+00  0.960079657109E+00  0.980842030980E+00  0.996377960107E+00  0.992863389051E+00  0.998663603192E+00  0.100186977118E+01
  0.100051972648E+01  0.100163781202E+01  0.100017853982E+01  0.746601574241E+00  0.967528947477E+00  0.953130767665E+00  0.995218467754E+00
  0.991350579705E+00  0.991473460804E+00  0.966982765447E+00  0.100130879785E+01  0.100202239298E+01  0.100081351116E+01  0.100276910634E+01
  0.100507969146E+01  0.928920761797E+00  0.997839176861E+00  0.928838292957E+00  0.953100382715E+00  0.103615906145E+01  0.935073601413E+00
  0.100333589996E+01  0.100361801962E+01  0.100720211273E+01  0.100123271744E+01  0.902781526883E+00  0.104957345802E+01  0.102859965083E+01
  0.102295215486E+01  0.134581046185E+01
  0.497877011812E+00  0.498270094073E+00  0.501497466617E+00  0.496977387242E+00  0.510502913756E+00  0.507455021500E+00  0.501852376243E+00
  0.499626017339E+00  0.501252399326E+00  0.519085045969E+00  0.550988707195E+00  0.541080575366E+00  0.500086066722E+00  0.500634932179E+00
  0.504589861217E+00  0.488846258278E+00  0.557090404958E+00  0.578939444106E+00  0.531884305425E+00  0.576391871986E+00  0.498081537731E+00
  0.499449505403E+00  0.498836780051E+00  0.503493266329E+00  0.000000000000E+00  0.417155698905E+00  0.481196750116E+00  0.542841881904E+00
  0.426087824832E+00  0.583068037554E+00  0.325333658461E+00  0.498332428461E+00  0.498218230407E+00  0.498333931194E+00  0.496488690039E+00
  0.498035461645E+00  0.000000000000E+00  0.535739734017E+00  0.000000000000E+00  0.386597957275E+00  0.536079698879E+00  0.000000000000E+00
  0.497124941157E+00  0.496488345484E+00  0.492025679809E+00  0.505341178626E+00  0.000000000000E+00  0.430701906032E+00  0.475299961976E+00
  0.478293574489E+00  0.000000000000E+00
  0.000000000000E+00  0.000000000000E+00  0.000000000000E+00  0.000000000000E+00  0.000000000000E+00  0.000000000000E+00  0.000000000000E+00
  0.000000000000E+00  0.000000000000E+00  0.000000000000E+00  0.000000000000E+00  0.000000000000E+00  0.000000000000E+00  0.000000000000E+00
  0.000000000000E+00  0.000000000000E+00  0.000000000000E+00  0.000000000000E+00  0.000000000000E+00  0.000000000000E+00  0.000000000000E+00
  0.000000000000E+00  0.000000000000E+00  0.000000000000E+00  0.000000000000E+00  0.000000000000E+00  0.000000000000E+00  0.000000000000E+00
  0.000000000000E+00  0.000000000000E+00  0.000000000000E+00  0.000000000000E+00  0.000000000000E+00  0.000000000000E+00  0.000000000000E+00
  0.000000000000E+00  0.000000000000E+00  0.000000000000E+00  0.000000000000E+00  0.000000000000E+00  0.000000000000E+00  0.000000000000E+00
  0.000000000000E+00  0.000000000000E+00  0.000000000000E+00  0.000000000000E+00  0.000000000000E+00  0.000000000000E+00  0.000000000000E+00
  0.000000000000E+00  0.000000000000E+00
 -0.198406340043E-03  0.367579308194E-02  0.247416245445E-03 -0.103899830843E-02  0.181201713166E-02 -0.140285714537E-02  0.486765919588E-04
 -0.799340965072E-03 -0.328497579869E-02 -0.456476657741E-01 -0.944457408699E-02  0.183702868053E-02  0.116026376945E-02  0.930686458642E-03
 -0.930406496135E-03 -0.110585381074E+00 -0.319589503850E-01 -0.901982457454E-02  0.723135953393E-02  0.142006290897E-01  0.154307874497E-02
  0.241946613823E-02  0.264464363894E-02  0.484826258585E-02  0.000000000000E+00 -0.598819559378E-01  0.589059070206E-02  0.195715020082E-01
  0.327452193679E-02  0.339307698291E-01  0.388323153002E-02  0.101464115310E-02  0.208579738126E-02  0.339431946327E-02  0.251672343849E-02
  0.708097491876E-02  0.000000000000E+00  0.365686492609E-01  0.000000000000E+00 -0.256702919452E-02  0.651949960483E-01  0.000000000000E+00
  0.382120141580E-03  0.266416279985E-02  0.333923541956E-02  0.249689674382E-01  0.000000000000E+00  0.141964601929E+00  0.353935498314E-01
 -0.231091198471E-02  0.000000000000E+00
  0.715159701525E+00  0.715706988297E+00  0.714451802474E+00  0.714610197992E+00  0.723843164254E+00  0.716450068166E+00  0.714524951929E+00
  0.714060919093E+00  0.715312829505E+00  0.729055796576E+00  0.715438694801E+00  0.709317084235E+00  0.715435641835E+00  0.714399959300E+00
  0.712227095232E+00  0.675906715607E+00  0.693029930215E+00  0.704451012540E+00  0.709525175264E+00  0.705774709767E+00  0.716119732567E+00
  0.715350743542E+00  0.715862511663E+00  0.713559583535E+00  0.555912283143E+00  0.685119896544E+00  0.675252971947E+00  0.711765532692E+00
  0.707484363741E+00  0.697299819751E+00  0.699082242136E+00  0.715646802616E+00  0.716184350115E+00  0.715524068761E+00  0.717560059989E+00
  0.718033020881E+00  0.691665379991E+00  0.716077471137E+00  0.691603974494E+00  0.679837095347E+00  0.735175162300E+00  0.696246724629E+00
  0.717468930680E+00  0.718897770162E+00  0.719055987980E+00  0.725487405276E+00  0.672202359470E+00  0.725668915984E+00  0.755507802458E+00
  0.732941277997E+00  0.100207740291E+01
  0.497836365783E+00  0.498049489360E+00  0.501461895748E+00  0.496999108653E+00  0.509636101230E+00  0.506962036180E+00  0.501868026059E+00
  0.499638733294E+00  0.501168138092E+00  0.520307031624E+00  0.551723995878E+00  0.541471460638E+00  0.500000387931E+00  0.500621724155E+00
  0.504753526261E+00  0.504842457175E+00  0.561046253628E+00  0.581980565008E+00  0.531807105872E+00  0.579645089023E+00  0.497910547875E+00
  0.499213103903E+00  0.498701986557E+00  0.503817706617E+00  0.000000000000E+00  0.423264587471E+00  0.483208091784E+00  0.542852881032E+00
  0.426288032785E+00  0.588599800826E+00  0.323400841697E+00  0.498185037861E+00  0.498064631923E+00  0.498116550170E+00  0.496046358200E+00
  0.498044536782E+00  0.000000000000E+00  0.535734346281E+00  0.000000000000E+00  0.386876191449E+00  0.541840228959E+00  0.000000000000E+00
  0.496847706507E+00  0.495794779910E+00  0.492164986627E+00  0.502345755668E+00  0.000000000000E+00  0.460941732951E+00  0.470011254372E+00
  0.477560796564E+00  0.000000000000E+00
  0.100016345622E+01  0.100094054083E+01  0.100014211715E+01  0.999916962023E+00  0.100341722655E+01  0.100195346383E+01  0.999937644120E+00
  0.999951659533E+00  0.100037925089E+01  0.100300527838E+01  0.997629389980E+00  0.998568242267E+00  0.100034812910E+01  0.100005622329E+01
  0.999355007949E+00  0.985615511008E+00  0.989192827851E+00  0.989816572669E+00  0.100047524798E+01  0.989406833807E+00  0.100069655202E+01
  0.100097080992E+01  0.100056877277E+01  0.998805090471E+00  0.104242640687E+01  0.991358302677E+00  0.991840986356E+00  0.100125929940E+01
  0.999119917327E+00  0.984615106954E+00  0.101213297068E+01  0.100059594584E+01  0.100063441415E+01  0.100091943713E+01  0.100180996566E+01
  0.100016569609E+01  0.104242640687E+01  0.100467939407E+01  0.104242640687E+01  0.998606181203E+00  0.993327439302E+00  0.104242640687E+01
  0.100111687721E+01  0.100282862459E+01  0.999480015430E+00  0.101443185954E+01  0.104242640687E+01  0.967951766138E+00  0.102830184960E+01
  0.100309460645E+01  0.104242640687E+01
        28        24        19        19
        19        24        15        15
        19        15        12        12
        22        13        14        14
        13        22        23        23
        31        27        37        37
        31        29        20        20
        35        34        36        36
        34        23        22        22
         8         9        15        15
         9         6        12        12
        20        18        27        27
        27        18        17        17
        38        45        36        36
        38        30        41        41
        28        19        20        20
        30        40        41        41
        40        39        47        47
        11        10        17        17
        10        11         5         5
         8        14         7         7
        14        24        22        22
        45        46        50        50
        46        41        49        49
        41        46        38        38
        29        39        40        40
        36        24        28        28
        36        45        35        35
        20        29        30        30
        11        18        12        12
        15        24        14        14
        12        20        19        19
        12        18        20        20
        31        20        27        27
         9        12        15        15
         9         4         6         6
        24        36        34        34
        35        23        34        34
        38        36        28        28
        41        47        48        48
        29        40        30        30
        49        50        46        46
        46        45        38        38
        25        26        16        16
        26        37        27        27
        32        33        43        43
        33        21        23        23
        51        48        47        47
         1         4         3         3
         4         2         6         6
         6         5        11        11
        35        43        33        33
        43        35        44        44
         8         3         4         4
         3         8         7         7
        31        37        42        42
        17        16        26        26
        16        17        10        10
        34        22        24        24
        47        41        40        40
        15        14         8         8
        20        30        28        28
        11        17        18        18
        39        31        42        42
         4         9         8         8
        33        23        35        35
        28        30        38        38
        17        26        27        27
        41        48        49        49
        35        45        44        44
        39        29        31        31
        45        50        44        44
        21        13        23        23
        13         7        14        14
         2         5         6         6
         6        11        12        12
        25        37        26        26
        51        49        48        48
        32        21        33        33
         1         2         4         4
zone t="boundary 3 bc-3", solutiontime= 0.6000000E+02, strandid=1003, i=51, j=80, f=feblock
  0.500000000000E+01  0.500000000000E+01  0.400000000000E+01  0.425172245441E+01  0.500000000000E+01  0.427741389634E+01  0.300000000000E+01
  0.341887665662E+01  0.368116975164E+01  0.500000000000E+01  0.430894944607E+01  0.352044655687E+01  0.200000000000E+01  0.259168638257E+01
  0.301798341022E+01  0.500000000000E+01  0.435643616790E+01  0.375117520592E+01  0.271663237208E+01  0.288980181581E+01  0.100000000000E+01
  0.191939879870E+01  0.130679496696E+01  0.219385942988E+01  0.500000000000E+01  0.441735041915E+01  0.373031592783E+01  0.208456665067E+01
  0.230848460393E+01  0.190054259015E+01  0.298584217914E+01  0.000000000000E+00  0.613733212775E+00  0.151350918120E+01  0.794128609067E+00
  0.144135983281E+01  0.400000000000E+01  0.132476136006E+01  0.200000000000E+01  0.164582171489E+01  0.102008138039E+01  0.300000000000E+01
  0.000000000000E+00  0.000000000000E+00  0.701034609231E+00  0.609175469936E+00  0.100000000000E+01  0.505577837730E+00  0.000000000000E+00
  0.000000000000E+00  0.000000000000E+00
  0.000000000000E+00  0.000000000000E+00  0.000000000000E+00  0.000000000000E+00  0.000000000000E+00  0.000000000000E+00  0.000000000000E+00
  0.000000000000E+00  0.000000000000E+00  0.000000000000E+00  0.000000000000E+00  0.000000000000E+00  0.000000000000E+00  0.000000000000E+00
  0.000000000000E+00  0.000000000000E+00  0.000000000000E+00  0.000000000000E+00  0.000000000000E+00  0.000000000000E+00  0.000000000000E+00
  0.000000000000E+00  0.000000000000E+00  0.000000000000E+00  0.000000000000E+00  0.000000000000E+00  0.000000000000E+00  0.000000000000E+00
  0.000000000000E+00  0.000000000000E+00  0.000000000000E+00  0.000000000000E+00  0.000000000000E+00  0.000000000000E+00  0.000000000000E+00
  0.000000000000E+00  0.000000000000E+00  0.000000000000E+00  0.000000000000E+00  0.000000000000E+00  0.000000000000E+00  0.000000000000E+00
  0.000000000000E+00  0.000000000000E+00  0.000000000000E+00  0.000000000000E+00  0.000000000000E+00  0.000000000000E+00  0.000000000000E+00
  0.000000000000E+00  0.000000000000E+00
  0.250000000000E+01  0.150000000000E+01  0.250000000000E+01  0.168388151981E+01  0.500000000000E+00  0.784980628699E+00  0.250000000000E+01
  0.172616846193E+01  0.104016062853E+01 -0.500000000000E+00 -0.103062804534E+00  0.179404976675E+00  0.250000000000E+01  0.166729536217E+01
  0.923171218453E+00 -0.150000000000E+01 -0.102255113015E+01 -0.669125930414E+00  0.135977239814E+00 -0.856266143819E+00  0.250000000000E+01
  0.158034275708E+01  0.175813852804E+01  0.774089735567E+00 -0.250000000000E+01 -0.179804978092E+01 -0.146769777443E+01 -0.223755606368E+00
 -0.164420331359E+01 -0.108875578595E+01 -0.190240885061E+01  0.250000000000E+01  0.185787993997E+01  0.110883669208E+01  0.100177177909E+01
  0.349093656766E+00 -0.250000000000E+01 -0.526785284186E+00 -0.250000000000E+01 -0.183798308008E+01 -0.145695630084E+01 -0.250000000000E+01
  0.150000000000E+01  0.500000000000E+00  0.396172271494E-01 -0.788824871575E+00 -0.250000000000E+01 -0.198405114581E+01 -0.150000000000E+01
 -0.500000000000E+00 -0.250000000000E+01
  0.100105994289E+01  0.100104824920E+01  0.100009039172E+01  0.100053735106E+01  0.100992928097E+01  0.100107455007E+01  0.100039731188E+01
  0.999733606592E+00  0.100105830379E+01  0.101761998139E+01  0.100399429312E+01  0.994467760955E+00  0.100126133940E+01  0.100010371206E+01
  0.997761459099E+00  0.960079797633E+00  0.980842160844E+00  0.996378048738E+00  0.992863400057E+00  0.998663674720E+00  0.100186977294E+01
  0.100051973147E+01  0.100163781757E+01  0.100017855727E+01  0.746601303137E+00  0.967528969101E+00  0.953130890009E+00  0.995218496268E+00
  0.991350598362E+00  0.991473524811E+00  0.966982785817E+00  0.100130879905E+01  0.100202239423E+01  0.100081351568E+01  0.100276910709E+01
  0.100507970272E+01  0.928920609098E+00  0.997839196024E+00  0.928838176420E+00  0.953100421613E+00  0.103615913105E+01  0.935073555461E+00
  0.100333589953E+01  0.100361802205E+01  0.100720212036E+01  0.100123269426E+01  0.902781459793E+00  0.104957361562E+01  0.102859951012E+01
  0.102295215055E+01  0.134581028339E+01
  0.497877009009E+00  0.498270078018E+00  0.501497469220E+00  0.496977369311E+00  0.510502831279E+00  0.507454931435E+00  0.501852375893E+00
  0.499626030950E+00  0.501252330629E+00  0.519085034707E+00  0.550988610342E+00  0.541080480076E+00  0.500086051099E+00  0.500634930732E+00
  0.504589783623E+00  0.488846168142E+00  0.557090547881E+00  0.578939313749E+00  0.531884110060E+00  0.576391909393E+00  0.498081531570E+00
  0.499449490671E+00  0.498836767361E+00  0.503493198923E+00  0.000000000000E+00  0.417155717573E+00  0.481196923395E+00  0.542841747425E+00
  0.426088035310E+00  0.583068055953E+00  0.325333855838E+00  0.498332426167E+00  0.498218227160E+00  0.498333922261E+00  0.496488698734E+00
  0.498035375648E+00  0.000000000000E+00  0.535739617821E+00  0.000000000000E+00  0.386598282627E+00  0.536079818577E+00  0.000000000000E+00
  0.497124936543E+00  0.496488365830E+00  0.492025608523E+00  0.505341173299E+00  0.000000000000E+00  0.430701993694E+00  0.475300087289E+00
  0.478293551630E+00  0.000000000000E+00
  0.000000000000E+00  0.000000000000E+00  0.000000000000E+00  0.000000000000E+00  0.000000000000E+00  0.000000000000E+00  0.000000000000E+00
  0.000000000000E+00  0.000000000000E+00  0.000000000000E+00  0.000000000000E+00  0.000000000000E+00  0.000000000000E+00  0.000000000000E+00
  0.000000000000E+00  0.000000000000E+00  0.000000000000E+00  0.000000000000E+00  0.000000000000E+00  0.000000000000E+00  0.000000000000E+00
  0.000000000000E+00  0.000000000000E+00  0.000000000000E+00  0.000000000000E+00  0.000000000000E+00  0.000000000000E+00  0.000000000000E+00
  0.000000000000E+00  0.000000000000E+00  0.000000000000E+00  0.000000000000E+00  0.000000000000E+00  0.000000000000E+00  0.000000000000E+00
  0.000000000000E+00  0.000000000000E+00  0.000000000000E+00  0.000000000000E+00  0.000000000000E+00  0.000000000000E+00  0.000000000000E+00
  0.000000000000E+00  0.000000000000E+00  0.000000000000E+00  0.000000000000E+00  0.000000000000E+00  0.000000000000E+00  0.000000000000E+00
  0.000000000000E+00  0.000000000000E+00
 -0.198403938048E-03  0.367579870180E-02  0.247414574478E-03 -0.103899912245E-02  0.181209563801E-02 -0.140286396872E-02  0.486774348671E-04
 -0.799354500021E-03 -0.328499157727E-02 -0.456475119986E-01 -0.944457966944E-02  0.183702294497E-02  0.116025838968E-02  0.930712127289E-03
 -0.930382527796E-03 -0.110585382532E+00 -0.319586446978E-01 -0.901998500554E-02  0.723133272866E-02  0.142006700581E-01  0.154308297227E-02
  0.241947581337E-02  0.264464430578E-02  0.484829150872E-02  0.000000000000E+00 -0.598817309002E-01  0.589060107382E-02  0.195715029108E-01
  0.327476262301E-02  0.339307817791E-01  0.388320699744E-02  0.101463907140E-02  0.208580013526E-02  0.339430241848E-02  0.251672417612E-02
  0.708093468346E-02  0.000000000000E+00  0.365685481133E-01  0.000000000000E+00 -0.256714687063E-02  0.651949066346E-01  0.000000000000E+00
  0.382118738085E-03  0.266416253754E-02  0.333921350529E-02  0.249688039585E-01  0.000000000000E+00  0.141964652600E+00  0.353934468294E-01
 -0.231090557193E-02  0.000000000000E+00
  0.715159692716E+00  0.715706978264E+00  0.714451799872E+00  0.714610190041E+00  0.723843178713E+00  0.716450080337E+00  0.714524950067E+00
  0.714060910768E+00  0.715312825057E+00  0.729055883749E+00  0.715438754108E+00  0.709317086805E+00  0.715435648483E+00  0.714399959161E+00
  0.712227068712E+00  0.675906803624E+00  0.693030012095E+00  0.704451118067E+00  0.709525195125E+00  0.705774776695E+00  0.716119734983E+00
  0.715350753645E+00  0.715862516463E+00  0.713559594194E+00  0.555912081282E+00  0.685119854316E+00  0.675252992121E+00  0.711765563119E+00
  0.707484344448E+00  0.697299868779E+00  0.699082187452E+00  0.715646804084E+00  0.716184350687E+00  0.715524077624E+00  0.717560063020E+00
  0.718033021603E+00  0.691665266293E+00  0.716077505156E+00  0.691603887722E+00  0.679837044650E+00  0.735175200353E+00  0.696246690414E+00
  0.717468929449E+00  0.718897779057E+00  0.719055981520E+00  0.725487403578E+00  0.672202309516E+00  0.725668880326E+00  0.755507722373E+00
  0.732941261386E+00  0.100207727003E+01
  0.497836363615E+00  0.498049474941E+00  0.501461898825E+00  0.496999091319E+00  0.509636016136E+00  0.506961946353E+00  0.501868025992E+00
  0.499638747908E+00  0.501168069753E+00  0.520307000718E+00  0.551723887571E+00  0.541471365947E+00  0.500000372231E+00  0.500621722343E+00
  0.504753452316E+00  0.504842373021E+00  0.561046383489E+00  0.581980418805E+00  0.531806905711E+00  0.579645120906E+00  0.497910541329E+00
  0.499213086944E+00  0.498701973586E+00  0.503817640084E+00  0.000000000000E+00  0.423264591689E+00  0.483208289684E+00  0.542852742931E+00
  0.426288255024E+00  0.588599818342E+00  0.323401053638E+00  0.498185035350E+00  0.498064628800E+00  0.498116539166E+00  0.496046366028E+00
  0.498044452769E+00  0.000000000000E+00  0.535734216171E+00  0.000000000000E+00  0.386876540122E+00  0.541840341524E+00  0.000000000000E+00
  0.496847702214E+00  0.495794797758E+00  0.492164919252E+00  0.502345737147E+00  0.000000000000E+00  0.460941879628E+00  0.470011362827E+00
  0.477560778114E+00  0.000000000000E+00
  0.100016345366E+01  0.100094053445E+01  0.100014211525E+01  0.999916959623E+00  0.100341723850E+01  0.100195346331E+01  0.999937642990E+00
  0.999951655605E+00  0.100037924993E+01  0.100300530249E+01  0.997629431381E+00  0.998568239732E+00  0.100034812937E+01  0.100005622494E+01
  0.999354993224E+00  0.985615495094E+00  0.989192813752E+00  0.989816632896E+00  0.100047526489E+01  0.989406856769E+00  0.100069655363E+01
  0.100097081907E+01  0.100056877393E+01  0.998805087967E+00  0.104242640687E+01  0.991358219418E+00  0.991840888674E+00  0.100125931351E+01
  0.999119871279E+00  0.984615112619E+00  0.101213287019E+01  0.100059594670E+01  0.100063441370E+01  0.100091944501E+01  0.100180996914E+01
  0.100016568589E+01  0.104242640687E+01  0.100467942251E+01  0.104242640687E+01  0.998606065980E+00  0.993327423997E+00  0.104242640687E+01
  0.100111687592E+01  0.100282863457E+01  0.999479998874E+00  0.101443188065E+01  0.104242640687E+01  0.967951573229E+00  0.102830188126E+01
  0.100309458794E+01  0.104242640687E+01
        19        24        28        28
        15        24        19        19
        12        15        19        19
        14        13        22        22
        23        22        13        13
        37        27        31        31
        20        29        31        31
        36        34        35        35
        22        23        34        34
        15         9         8         8
        12         6         9         9
        27        18        20        20
        17        18        27        27
        36        45        38        38
        41        30        38        38
        20        19        28        28
        41        40        30        30
        47        39        40        40
        17        10        11        11
         5        11        10        10
         7        14         8         8
        22        24        14        14
        50        46        45        45
        49        41        46        46
        38        46        41        41
        40        39        29        29
        28        24        36        36
        35        45        36        36
        30        29        20        20
        12        18        11        11
        14        24        15        15
        19        20        12        12
        20        18        12        12
        27        20        31        31
        15        12         9         9
         6         4         9         9
        34        36        24        24
        34        23        35        35
        28        36        38        38
        48        47        41        41
        30        40        29        29
        46        50        49        49
        38        45        46        46
        16        26        25        25
        27        37        26        26
        43        33        32        32
        23        21        33        33
        47        48        51        51
         3         4         1         1
         6         2         4         4
        11         5         6         6
        33        43        35        35
        44        35        43        43
         4         3         8         8
         7         8         3         3
        42        37        31        31
        26        16        17        17
        10        17        16        16
        24        22        34        34
        40        41        47        47
         8        14        15        15
        28        30        20        20
        18        17        11        11
        42        31        39        39
         8         9         4         4
        35        23        33        33
        38        30        28        28
        27        26        17        17
        49        48        41        41
        44        45        35        35
        31        29        39        39
        44        50        45        45
        23        13        21        21
        14         7        13        13
         6         5         2         2
        12        11         6         6
        26        37        25        25
        48        49        51        51
        33        21        32        32
         4         2         1         1
zone t="boundary 4 bc-4", solutiontime= 0.6000000E+02, strandid=1004, i=42, j=30, f=feblock
  0.500000000000E+01  0.400000000000E+01  0.500000000000E+01  0.300000000000E+01  0.400000000000E+01  0.500000000000E+01  0.200000000000E+01
  0.300000000000E+01  0.400000000000E+01  0.500000000000E+01  0.100000000000E+01  0.200000000000E+01  0.300000000000E+01  0.400000000000E+01
  0.500000000000E+01  0.000000000000E+00  0.100000000000E+01  0.200000000000E+01  0.300000000000E+01  0.400000000000E+01  0.500000000000E+01
  0.000000000000E+00  0.100000000000E+01  0.200000000000E+01  0.300000000000E+01  0.400000000000E+01  0.500000000000E+01  0.000000000000E+00
  0.100000000000E+01  0.200000000000E+01  0.300000000000E+01  0.400000000000E+01  0.000000000000E+00  0.100000000000E+01  0.200000000000E+01
  0.300000000000E+01  0.000000000000E+00  0.100000000000E+01  0.200000000000E+01  0.000000000000E+00  0.100000000000E+01  0.000000000000E+00
  0.000000000000E+00  0.000000000000E+00 -0.833333333333E+00  0.000000000000E+00 -0.833333333333E+00 -0.166666666667E+01  0.000000000000E+00
 -0.833333333333E+00 -0.166666666667E+01 -0.250000000000E+01  0.000000000000E+00 -0.833333333333E+00 -0.166666666667E+01 -0.250000000000E+01
 -0.333333333333E+01  0.000000000000E+00 -0.833333333333E+00 -0.166666666667E+01 -0.250000000000E+01 -0.333333333333E+01 -0.416666666667E+01
 -0.833333333333E+00 -0.166666666667E+01 -0.250000000000E+01 -0.333333333333E+01 -0.416666666667E+01 -0.500000000000E+01 -0.166666666667E+01
 -0.250000000000E+01 -0.333333333333E+01 -0.416666666667E+01 -0.500000000000E+01 -0.250000000000E+01 -0.333333333333E+01 -0.416666666667E+01
 -0.500000000000E+01 -0.333333333333E+01 -0.416666666667E+01 -0.500000000000E+01 -0.416666666667E+01 -0.500000000000E+01 -0.500000000000E+01
  0.250000000000E+01  0.250000000000E+01  0.250000000000E+01  0.250000000000E+01  0.250000000000E+01  0.250000000000E+01  0.250000000000E+01
  0.250000000000E+01  0.250000000000E+01  0.250000000000E+01  0.250000000000E+01  0.250000000000E+01  0.250000000000E+01  0.250000000000E+01
  0.250000000000E+01  0.250000000000E+01  0.250000000000E+01  0.250000000000E+01  0.250000000000E+01  0.250000000000E+01  0.250000000000E+01
  0.250000000000E+01  0.250000000000E+01  0.250000000000E+01  0.250000000000E+01  0.250000000000E+01  0.250000000000E+01  0.250000000000E+01
  0.250000000000E+01  0.250000000000E+01  0.250000000000E+01  0.250000000000E+01  0.250000000000E+01  0.250000000000E+01  0.250000000000E+01
  0.250000000000E+01  0.250000000000E+01  0.250000000000E+01  0.250000000000E+01  0.250000000000E+01  0.250000000000E+01  0.250000000000E+01
  0.100105994289E+01  0.100009039172E+01  0.100101938493E+01  0.100039731188E+01  0.999997696095E+00  0.100104903725E+01  0.100126133940E+01
  0.100028698397E+01  0.100006436897E+01  0.100103933492E+01  0.100186977294E+01  0.100117022141E+01  0.100038457638E+01  0.100003550641E+01
  0.100104903674E+01  0.100130879905E+01  0.100180247403E+01  0.100124466920E+01  0.100033872996E+01  0.100006436944E+01  0.100101938662E+01
  0.100127387247E+01  0.100185366396E+01  0.100119159936E+01  0.100038457795E+01  0.999997694659E+00  0.100105995266E+01  0.100129567745E+01
  0.100181294661E+01  0.100124466864E+01  0.100028698444E+01  0.100009039347E+01  0.100127514860E+01  0.100185366335E+01  0.100117021658E+01
  0.100039731336E+01  0.100129567669E+01  0.100180247282E+01  0.100126133036E+01  0.100127387024E+01  0.100186977118E+01  0.100130879785E+01
  0.497877009009E+00  0.501497469220E+00  0.498033119454E+00  0.501852375893E+00  0.501891508966E+00  0.498004723594E+00  0.500086051099E+00
  0.502193941188E+00  0.501774255813E+00  0.498010542090E+00  0.498081531570E+00  0.500251661147E+00  0.502039792127E+00  0.501832813058E+00
  0.498004720143E+00  0.498332426167E+00  0.498172925803E+00  0.500118689959E+00  0.502132994556E+00  0.501774249252E+00  0.498033119835E+00
  0.498366193603E+00  0.498094596783E+00  0.500213917586E+00  0.502039787074E+00  0.501891508812E+00  0.497877011812E+00  0.498345994181E+00
  0.498160593393E+00  0.500118689445E+00  0.502193941422E+00  0.501497466617E+00  0.498367256800E+00  0.498094597584E+00  0.500251665806E+00
  0.501852376243E+00  0.498345994460E+00  0.498172929100E+00  0.500086066722E+00  0.498366195239E+00  0.498081537731E+00  0.498332428461E+00
  0.000000000000E+00  0.000000000000E+00 -0.426755128251E-04  0.000000000000E+00 -0.604308113850E-04  0.204410721883E-04  0.000000000000E+00
 -0.463591616159E-04  0.218022192926E-04 -0.453004255797E-08  0.000000000000E+00 -0.305786680867E-04  0.221054605882E-04 -0.243211684258E-08
 -0.204489125516E-04  0.000000000000E+00 -0.884041483067E-05  0.107727748491E-04 -0.184206020927E-08 -0.218087116587E-04  0.426669101316E-04
  0.137571161890E-05  0.636747187555E-05 -0.193511428459E-08 -0.221120251432E-04  0.604233875369E-04  0.000000000000E+00 -0.214824571436E-06
 -0.767020482529E-09 -0.107776035676E-04  0.463560235139E-04  0.000000000000E+00 -0.665619946729E-09 -0.636786987195E-05  0.305723620586E-04
  0.000000000000E+00  0.213951600355E-06  0.883836876799E-05  0.000000000000E+00 -0.137693560124E-05  0.000000000000E+00  0.000000000000E+00
 -0.198403938048E-03  0.247414574478E-03 -0.319952887128E-03  0.486774348671E-04  0.211308175542E-03 -0.257220418887E-03  0.116025838968E-02
  0.110887914866E-03  0.292665583321E-03 -0.274008609843E-03  0.154308297227E-02  0.102742066581E-02  0.327135466721E-03  0.265625385504E-03
 -0.257217886707E-03  0.101463907140E-02  0.147518327232E-02  0.112418177441E-02  0.296244123082E-03  0.292666229840E-03 -0.319956943351E-03
  0.100015705620E-02  0.152291684662E-02  0.107296692395E-02  0.327135752361E-03  0.211307854698E-03 -0.198406340043E-03  0.101271800283E-02
  0.148278041051E-02  0.112418080068E-02  0.110886903346E-03  0.247416245445E-03  0.100006880090E-02  0.152291596294E-02  0.102742261059E-02
  0.486765919588E-04  0.101271782897E-02  0.147518069345E-02  0.116026376945E-02  0.100015709555E-02  0.154307874497E-02  0.101464115310E-02
  0.715159692716E+00  0.714451799872E+00  0.715116561662E+00  0.714524950067E+00  0.714365087727E+00  0.715145453761E+00  0.715435648483E+00
  0.714408022465E+00  0.714430674734E+00  0.715135832132E+00  0.716119734983E+00  0.715332059427E+00  0.714503579236E+00  0.714401519232E+00
  0.715145453278E+00  0.715646804084E+00  0.716051798184E+00  0.715406628886E+00  0.714456960290E+00  0.714430675197E+00  0.715116562899E+00
  0.715614832720E+00  0.716102553507E+00  0.715353307088E+00  0.714503580812E+00  0.714365086781E+00  0.715159701525E+00  0.715636839155E+00
  0.716061883930E+00  0.715406628330E+00  0.714408023161E+00  0.714451802474E+00  0.715616229070E+00  0.716102552820E+00  0.715332055701E+00
  0.714524951929E+00  0.715636838441E+00  0.716051796553E+00  0.715435641835E+00  0.715614830497E+00  0.716119732567E+00  0.715646802616E+00
  0.497836363615E+00  0.501461898825E+00  0.497997455441E+00  0.501868025992E+00  0.501863095486E+00  0.497966339959E+00  0.500000372231E+00
  0.502223014861E+00  0.501739580633E+00  0.497973103217E+00  0.497910541329E+00  0.500179116856E+00  0.502059865223E+00  0.501801116332E+00
  0.497966336548E+00  0.498185035350E+00  0.498008594359E+00  0.500038901895E+00  0.502157927334E+00  0.501739574028E+00  0.497997455812E+00
  0.498221203240E+00  0.497925510141E+00  0.500139385506E+00  0.502059860012E+00  0.501863095302E+00  0.497836365783E+00  0.498198799632E+00
  0.497995384374E+00  0.500038901433E+00  0.502223014969E+00  0.501461895748E+00  0.498222097359E+00  0.497925511025E+00  0.500179121613E+00
  0.501868026059E+00  0.498198799971E+00  0.498008597915E+00  0.500000387931E+00  0.498221205095E+00  0.497910547875E+00  0.498185037861E+00
  0.100016345366E+01  0.100014211525E+01  0.100014365495E+01  0.999937642990E+00  0.100011342698E+01  0.100015443601E+01  0.100034812937E+01
  0.999884280690E+00  0.100013856673E+01  0.100015067347E+01  0.100069655363E+01  0.100029431737E+01  0.999920465141E+00  0.100012661602E+01
  0.100015443584E+01  0.100059594670E+01  0.100066883787E+01  0.100032420770E+01  0.999901047961E+00  0.100013856692E+01  0.100014365500E+01
  0.100058614666E+01  0.100068863445E+01  0.100030266991E+01  0.999920465778E+00  0.100011342710E+01  0.100016345622E+01  0.100059512628E+01
  0.100067247174E+01  0.100032420749E+01  0.999884281191E+00  0.100014211715E+01  0.100058682381E+01  0.100068863411E+01  0.100029431699E+01
  0.999937644120E+00  0.100059512604E+01  0.100066883679E+01  0.100034812910E+01  0.100058614578E+01  0.100069655202E+01  0.100059594584E+01
         3         5         2         1
         5         8         4         2
         8        12         7         4
        12        17        11         7
        17        22        16        11
         6         9         5         3
         9        13         8         5
        13        18        12         8
        18        23        17        12
        23        28        22        17
        10        14         9         6
        14        19        13         9
        19        24        18        13
        24        29        23        18
        29        33        28        23
        15        20        14        10
        20        25        19        14
        25        30        24        19
        30        34        29        24
        34        37        33        29
        21        26        20        15
        26        31        25        20
        31        35        30        25
        35        38        34        30
        38        40        37        34
        27        32        26        21
        32        36        31        26
        36        39        35        31
        39        41        38        35
        41        42        40        38
zone t="boundary 5 bc-5", solutiontime= 0.6000000E+02, strandid=1005, i=42, j=30, f=feblock
  0.500000000000E+01  0.500000000000E+01  0.500000000000E+01  0.500000000000E+01  0.500000000000E+01  0.500000000000E+01  0.500000000000E+01
  0.500000000000E+01  0.500000000000E+01  0.500000000000E+01  0.500000000000E+01  0.500000000000E+01  0.500000000000E+01  0.500000000000E+01
  0.500000000000E+01  0.500000000000E+01  0.500000000000E+01  0.500000000000E+01  0.500000000000E+01  0.500000000000E+01  0.500000000000E+01
  0.500000000000E+01  0.500000000000E+01  0.500000000000E+01  0.500000000000E+01  0.500000000000E+01  0.500000000000E+01  0.500000000000E+01
  0.500000000000E+01  0.500000000000E+01  0.500000000000E+01  0.500000000000E+01  0.500000000000E+01  0.500000000000E+01  0.500000000000E+01
  0.500000000000E+01  0.500000000000E+01  0.500000000000E+01  0.500000000000E+01  0.500000000000E+01  0.500000000000E+01  0.500000000000E+01
  0.000000000000E+00  0.000000000000E+00 -0.833333333333E+00  0.000000000000E+00 -0.833333333333E+00 -0.166666666667E+01  0.000000000000E+00
 -0.833333333333E+00 -0.166666666667E+01 -0.250000000000E+01  0.000000000000E+00 -0.833333333333E+00 -0.166666666667E+01 -0.250000000000E+01
 -0.333333333333E+01  0.000000000000E+00 -0.833333333333E+00 -0.166666666667E+01 -0.250000000000E+01 -0.333333333333E+01 -0.416666666667E+01
 -0.833333333333E+00 -0.166666666667E+01 -0.250000000000E+01 -0.333333333333E+01 -0.416666666667E+01 -0.500000000000E+01 -0.166666666667E+01
 -0.250000000000E+01 -0.333333333333E+01 -0.416666666667E+01 -0.500000000000E+01 -0.250000000000E+01 -0.333333333333E+01 -0.416666666667E+01
 -0.500000000000E+01 -0.333333333333E+01 -0.416666666667E+01 -0.500000000000E+01 -0.416666666667E+01 -0.500000000000E+01 -0.500000000000E+01
  0.250000000000E+01  0.150000000000E+01  0.250000000000E+01  0.500000000000E+00  0.150000000000E+01  0.250000000000E+01 -0.500000000000E+00
  0.500000000000E+00  0.150000000000E+01  0.250000000000E+01 -0.150000000000E+01 -0.500000000000E+00  0.500000000000E+00  0.150000000000E+01
  0.250000000000E+01 -0.250000000000E+01 -0.150000000000E+01 -0.500000000000E+00  0.500000000000E+00  0.150000000000E+01  0.250000000000E+01
 -0.250000000000E+01 -0.150000000000E+01 -0.500000000000E+00  0.500000000000E+00  0.150000000000E+01  0.250000000000E+01 -0.250000000000E+01
 -0.150000000000E+01 -0.500000000000E+00  0.500000000000E+00  0.150000000000E+01 -0.250000000000E+01 -0.150000000000E+01 -0.500000000000E+00
  0.500000000000E+00 -0.250000000000E+01 -0.150000000000E+01 -0.500000000000E+00 -0.250000000000E+01 -0.150000000000E+01 -0.250000000000E+01
  0.100105994289E+01  0.100104824920E+01  0.100101938493E+01  0.100992928097E+01  0.100094424002E+01  0.100104903725E+01  0.101761998139E+01
  0.100983020846E+01  0.100096049088E+01  0.100103933492E+01  0.960079797633E+00  0.101929909148E+01  0.100984187524E+01  0.100094266469E+01
  0.100104903674E+01  0.746601303137E+00  0.965801612917E+00  0.101929605430E+01  0.100983067536E+01  0.100096049233E+01  0.100101938662E+01
  0.747426725331E+00  0.965752063448E+00  0.101933429784E+01  0.100984187470E+01  0.100094424094E+01  0.100105995266E+01  0.747589471622E+00
  0.965981320162E+00  0.101929604413E+01  0.100983020295E+01  0.100104825686E+01  0.747593430773E+00  0.965752053259E+00  0.101929905876E+01
  0.100992927283E+01  0.747589482699E+00  0.965801551063E+00  0.101761988417E+01  0.747426837586E+00  0.960079657109E+00  0.746601574241E+00
  0.497877009009E+00  0.498270078018E+00  0.498033119454E+00  0.510502831279E+00  0.497991438023E+00  0.498004723594E+00  0.519085034707E+00
  0.510097914212E+00  0.497997934912E+00  0.498010542090E+00  0.488846168142E+00  0.520507659447E+00  0.510161243111E+00  0.497986367083E+00
  0.498004720143E+00  0.000000000000E+00  0.492224043929E+00  0.520685004480E+00  0.510113521058E+00  0.497997934413E+00  0.498033119835E+00
  0.000000000000E+00  0.492398933809E+00  0.520500572007E+00  0.510161251887E+00  0.497991436811E+00  0.497877011812E+00  0.000000000000E+00
  0.492106298513E+00  0.520685022489E+00  0.510097919820E+00  0.498270094073E+00  0.000000000000E+00  0.492398933429E+00  0.520507628107E+00
  0.510502913756E+00  0.000000000000E+00  0.492224115125E+00  0.519085045969E+00  0.000000000000E+00  0.488846258278E+00  0.000000000000E+00
  0.000000000000E+00  0.000000000000E+00 -0.426755128251E-04  0.000000000000E+00 -0.844638154782E-04  0.204410721883E-04  0.000000000000E+00
  0.509187026659E-04  0.134282859309E-04 -0.453004255797E-08  0.000000000000E+00  0.111277624500E-02  0.247265585950E-04 -0.158358878984E-08
 -0.204489125516E-04  0.000000000000E+00  0.284239320475E-02  0.188959106664E-03 -0.137454766807E-08 -0.134294099022E-04  0.426669101316E-04
  0.000000000000E+00  0.558956015088E-03 -0.177206988751E-07 -0.247284420748E-04  0.844685352072E-04  0.000000000000E+00  0.000000000000E+00
 -0.183484266242E-07 -0.189005542789E-03 -0.509074129257E-04  0.000000000000E+00  0.000000000000E+00 -0.559015021195E-03 -0.111282897540E-02
  0.000000000000E+00  0.000000000000E+00 -0.284245596379E-02  0.000000000000E+00  0.000000000000E+00  0.000000000000E+00  0.000000000000E+00
 -0.198403938048E-03  0.367579870180E-02 -0.319952887128E-03  0.181209563801E-02  0.329313949367E-02 -0.257220418887E-03 -0.456475119986E-01
  0.214546303169E-02  0.345078712533E-02 -0.274008609843E-03 -0.110585382532E+00 -0.436045625441E-01  0.234551867591E-02  0.347899289364E-02
 -0.257217886707E-03  0.000000000000E+00 -0.108318871264E+00 -0.434286464457E-01  0.248281597593E-02  0.345078761682E-02 -0.319956943351E-03
  0.000000000000E+00 -0.108178475206E+00 -0.432555529661E-01  0.234550448758E-02  0.329313307701E-02 -0.198406340043E-03  0.000000000000E+00
 -0.108208018533E+00 -0.434286808963E-01  0.214544730779E-02  0.367579308194E-02  0.000000000000E+00 -0.108178508252E+00 -0.436045551460E-01
  0.181201713166E-02  0.000000000000E+00 -0.108318746501E+00 -0.456476657741E-01  0.000000000000E+00 -0.110585381074E+00  0.000000000000E+00
  0.715159692716E+00  0.715706978264E+00  0.715116561662E+00  0.723843178713E+00  0.715591248826E+00  0.715145453761E+00  0.729055883749E+00
  0.723859229470E+00  0.715610157096E+00  0.715135832132E+00  0.675906803624E+00  0.730622833452E+00  0.723875433495E+00  0.715593054634E+00
  0.715145453278E+00  0.555912081282E+00  0.680004660287E+00  0.730603803355E+00  0.723859462725E+00  0.715610158527E+00  0.715116562899E+00
  0.556526682633E+00  0.679935436865E+00  0.730645354991E+00  0.723875433068E+00  0.715591250839E+00  0.715159701525E+00  0.556647861941E+00
  0.680153248251E+00  0.730603793654E+00  0.723859221021E+00  0.715706988297E+00  0.556650809886E+00  0.679935428568E+00  0.730622803246E+00
  0.723843164254E+00  0.556647870189E+00  0.680004623817E+00  0.729055796576E+00  0.556526766217E+00  0.675906715607E+00  0.555912283143E+00
  0.497836363615E+00  0.498049474941E+00  0.497997455441E+00  0.509636016136E+00  0.497782691894E+00  0.497966339959E+00  0.520307000718E+00
  0.509202461533E+00  0.497787710117E+00  0.497973103217E+00  0.504842373021E+00  0.521419050301E+00  0.509263796960E+00  0.497777859480E+00
  0.497966336548E+00  0.000000000000E+00  0.507648041557E+00  0.521585708505E+00  0.509219601538E+00  0.497787709485E+00  0.497997455812E+00
  0.000000000000E+00  0.507794777234E+00  0.521382815591E+00  0.509263805671E+00  0.497782690170E+00  0.497836365783E+00  0.000000000000E+00
  0.507491925410E+00  0.521585730157E+00  0.509202468648E+00  0.498049489360E+00  0.000000000000E+00  0.507794784488E+00  0.521419021031E+00
  0.509636101230E+00  0.000000000000E+00  0.507648082297E+00  0.520307031624E+00  0.000000000000E+00  0.504842457175E+00  0.000000000000E+00
  0.100016345366E+01  0.100094053445E+01  0.100014365495E+01  0.100341723850E+01  0.100088267488E+01  0.100015443601E+01  0.100300530249E+01
  0.100353793417E+01  0.100089287146E+01  0.100015067347E+01  0.985615495094E+00  0.100350522765E+01  0.100354880476E+01  0.100088677586E+01
  0.100015443584E+01  0.104242640687E+01  0.985716436657E+00  0.100348207999E+01  0.100353779355E+01  0.100089287201E+01  0.100014365500E+01
  0.104242640687E+01  0.985666660874E+00  0.100350150010E+01  0.100354880470E+01  0.100088267677E+01  0.100016345622E+01  0.104242640687E+01
  0.985748407011E+00  0.100348207668E+01  0.100353792793E+01  0.100094054083E+01  0.104242640687E+01  0.985666659245E+00  0.100350521836E+01
  0.100341722655E+01  0.104242640687E+01  0.985716446920E+00  0.100300527838E+01  0.104242640687E+01  0.985615511008E+00  0.104242640687E+01
        22        17        11        16
        17        12         7        11
        12         8         4         7
         8         5         2         4
         5         3         1         2
        28        23        17        22
        23        18        12        17
        18        13         8        12
        13         9         5         8
         9         6         3         5
        33        29        23        28
        29        24        18        23
        24        19        13        18
        19        14         9        13
        14        10         6         9
        37        34        29        33
        34        30        24        29
        30        25        19        24
        25        20        14        19
        20        15        10        14
        40        38        34        37
        38        35        30        34
        35        31        25        30
        31        26        20        25
        26        21        15        20
        42        41        38        40
        41        39        35        38
        39        36        31        35
        36        32        26        31
        32        27        21        26
zone t="boundary 6 bc-6", solutiontime= 0.6000000E+02, strandid=1006, i=42, j=30, f=feblock
  0.500000000000E+01  0.500000000000E+01  0.400000000000E+01  0.200000000000E+01  0.300000000000E+01  0.500000000000E+01  0.400000000000E+01
  0.200000000000E+01  0.300000000000E+01  0.100000000000E+01  0.500000000000E+01  0.400000000000E+01  0.200000000000E+01  0.300000000000E+01
  0.100000000000E+01  0.000000000000E+00  0.500000000000E+01  0.400000000000E+01  0.200000000000E+01  0.300000000000E+01  0.100000000000E+01
  0.000000000000E+00  0.500000000000E+01  0.400000000000E+01  0.200000000000E+01  0.300000000000E+01  0.100000000000E+01  0.000000000000E+00
  0.500000000000E+01  0.400000000000E+01  0.200000000000E+01  0.300000000000E+01  0.100000000000E+01  0.000000000000E+00  0.400000000000E+01
  0.200000000000E+01  0.300000000000E+01  0.100000000000E+01  0.000000000000E+00  0.100000000000E+01  0.000000000000E+00  0.000000000000E+00
  0.000000000000E+00 -0.833333333333E+00  0.000000000000E+00  0.000000000000E+00  0.000000000000E+00 -0.166666666667E+01 -0.833333333333E+00
 -0.833333333333E+00 -0.833333333333E+00  0.000000000000E+00 -0.250000000000E+01 -0.166666666667E+01 -0.166666666667E+01 -0.166666666667E+01
 -0.833333333333E+00  0.000000000000E+00 -0.333333333333E+01 -0.250000000000E+01 -0.250000000000E+01 -0.250000000000E+01 -0.166666666667E+01
 -0.833333333333E+00 -0.416666666667E+01 -0.333333333333E+01 -0.333333333333E+01 -0.333333333333E+01 -0.250000000000E+01 -0.166666666667E+01
 -0.500000000000E+01 -0.416666666667E+01 -0.416666666667E+01 -0.416666666667E+01 -0.333333333333E+01 -0.250000000000E+01 -0.500000000000E+01
 -0.500000000000E+01 -0.500000000000E+01 -0.416666666667E+01 -0.333333333333E+01 -0.500000000000E+01 -0.416666666667E+01 -0.500000000000E+01
 -0.250000000000E+01 -0.250000000000E+01 -0.250000000000E+01 -0.250000000000E+01 -0.250000000000E+01 -0.250000000000E+01 -0.250000000000E+01
 -0.250000000000E+01 -0.250000000000E+01 -0.250000000000E+01 -0.250000000000E+01 -0.250000000000E+01 -0.250000000000E+01 -0.250000000000E+01
 -0.250000000000E+01 -0.250000000000E+01 -0.250000000000E+01 -0.250000000000E+01 -0.250000000000E+01 -0.250000000000E+01 -0.250000000000E+01
 -0.250000000000E+01 -0.250000000000E+01 -0.250000000000E+01 -0.250000000000E+01 -0.250000000000E+01 -0.250000000000E+01 -0.250000000000E+01
 -0.250000000000E+01 -0.250000000000E+01 -0.250000000000E+01 -0.250000000000E+01 -0.250000000000E+01 -0.250000000000E+01 -0.250000000000E+01
 -0.250000000000E+01 -0.250000000000E+01 -0.250000000000E+01 -0.250000000000E+01 -0.250000000000E+01 -0.250000000000E+01 -0.250000000000E+01
  0.746601303137E+00  0.747426725331E+00  0.928920609098E+00  0.928838176420E+00  0.935073555461E+00  0.747589471622E+00  0.929106994499E+00
  0.928567325058E+00  0.935919982415E+00  0.902781459793E+00  0.747593430773E+00  0.929194334101E+00  0.928763055079E+00  0.936209615822E+00
  0.900628622200E+00  0.134581028339E+01  0.747589482699E+00  0.929326985580E+00  0.928807345695E+00  0.936254671731E+00  0.900371079685E+00
  0.134748192806E+01  0.747426837586E+00  0.929194333913E+00  0.928763051432E+00  0.936209604928E+00  0.900337840193E+00  0.134800901593E+01
  0.746601574241E+00  0.929107068603E+00  0.928567379063E+00  0.935919999165E+00  0.900371082863E+00  0.134790061018E+01  0.928920761797E+00
  0.928838292957E+00  0.935073601413E+00  0.900628660712E+00  0.134800902107E+01  0.902781526883E+00  0.134748198728E+01  0.134581046185E+01
  0.000000000000E+00  0.000000000000E+00  0.000000000000E+00  0.000000000000E+00  0.000000000000E+00  0.000000000000E+00  0.000000000000E+00
  0.000000000000E+00  0.000000000000E+00  0.000000000000E+00  0.000000000000E+00  0.000000000000E+00  0.000000000000E+00  0.000000000000E+00
  0.000000000000E+00  0.000000000000E+00  0.000000000000E+00  0.000000000000E+00  0.000000000000E+00  0.000000000000E+00  0.000000000000E+00
  0.000000000000E+00  0.000000000000E+00  0.000000000000E+00  0.000000000000E+00  0.000000000000E+00  0.000000000000E+00  0.000000000000E+00
  0.000000000000E+00  0.000000000000E+00  0.000000000000E+00  0.000000000000E+00  0.000000000000E+00  0.000000000000E+00  0.000000000000E+00
  0.000000000000E+00  0.000000000000E+00  0.000000000000E+00  0.000000000000E+00  0.000000000000E+00  0.000000000000E+00  0.000000000000E+00
  0.000000000000E+00  0.000000000000E+00  0.000000000000E+00  0.000000000000E+00  0.000000000000E+00  0.000000000000E+00  0.000000000000E+00
  0.000000000000E+00  0.000000000000E+00  0.000000000000E+00  0.000000000000E+00  0.000000000000E+00  0.000000000000E+00  0.000000000000E+00
  0.000000000000E+00  0.000000000000E+00  0.000000000000E+00  0.000000000000E+00  0.000000000000E+00  0.000000000000E+00  0.000000000000E+00
  0.000000000000E+00  0.000000000000E+00  0.000000000000E+00  0.000000000000E+00  0.000000000000E+00  0.000000000000E+00  0.000000000000E+00
  0.000000000000E+00  0.000000000000E+00  0.000000000000E+00  0.000000000000E+00  0.000000000000E+00  0.000000000000E+00  0.000000000000E+00
  0.000000000000E+00  0.000000000000E+00  0.000000000000E+00  0.000000000000E+00  0.000000000000E+00  0.000000000000E+00  0.000000000000E+00
  0.000000000000E+00  0.000000000000E+00  0.000000000000E+00  0.000000000000E+00  0.000000000000E+00  0.000000000000E+00  0.000000000000E+00
  0.000000000000E+00  0.000000000000E+00  0.000000000000E+00  0.000000000000E+00  0.000000000000E+00  0.000000000000E+00  0.000000000000E+00
  0.000000000000E+00  0.000000000000E+00  0.000000000000E+00  0.000000000000E+00  0.000000000000E+00  0.000000000000E+00  0.000000000000E+00
  0.000000000000E+00  0.000000000000E+00  0.000000000000E+00  0.000000000000E+00  0.000000000000E+00  0.000000000000E+00  0.000000000000E+00
  0.000000000000E+00  0.000000000000E+00  0.000000000000E+00  0.000000000000E+00  0.000000000000E+00  0.000000000000E+00  0.000000000000E+00
  0.000000000000E+00  0.000000000000E+00  0.000000000000E+00  0.000000000000E+00  0.000000000000E+00  0.000000000000E+00  0.000000000000E+00
  0.555912081282E+00  0.556526682633E+00  0.691665266293E+00  0.691603887722E+00  0.696246690414E+00  0.556647861941E+00  0.691804047053E+00
  0.691402214427E+00  0.696876931706E+00  0.672202309516E+00  0.556650809886E+00  0.691869079273E+00  0.691547953100E+00  0.697092589928E+00
  0.670599327547E+00  0.100207727003E+01  0.556647870189E+00  0.691967850276E+00  0.691580931463E+00  0.697126138121E+00  0.670407563891E+00
  0.100332196042E+01  0.556526766217E+00  0.691869079133E+00  0.691547950385E+00  0.697092581817E+00  0.670382814088E+00  0.100371442494E+01
  0.555912283143E+00  0.691804102230E+00  0.691402254639E+00  0.696876944177E+00  0.670407566257E+00  0.100363370706E+01  0.691665379991E+00
  0.691603974494E+00  0.696246724629E+00  0.670599356222E+00  0.100371442876E+01  0.672202359470E+00  0.100332200452E+01  0.100207740291E+01
  0.000000000000E+00  0.000000000000E+00  0.000000000000E+00  0.000000000000E+00  0.000000000000E+00  0.000000000000E+00  0.000000000000E+00
  0.000000000000E+00  0.000000000000E+00  0.000000000000E+00  0.000000000000E+00  0.000000000000E+00  0.000000000000E+00  0.000000000000E+00
  0.000000000000E+00  0.000000000000E+00  0.000000000000E+00  0.000000000000E+00  0.000000000000E+00  0.000000000000E+00  0.000000000000E+00
  0.000000000000E+00  0.000000000000E+00  0.000000000000E+00  0.000000000000E+00  0.000000000000E+00  0.000000000000E+00  0.000000000000E+00
  0.000000000000E+00  0.000000000000E+00  0.000000000000E+00  0.000000000000E+00  0.000000000000E+00  0.000000000000E+00  0.000000000000E+00
  0.000000000000E+00  0.000000000000E+00  0.000000000000E+00  0.000000000000E+00  0.000000000000E+00  0.000000000000E+00  0.000000000000E+00
  0.104242640687E+01  0.104242640687E+01  0.104242640687E+01  0.104242640687E+01  0.104242640687E+01  0.104242640687E+01  0.104242640687E+01
  0.104242640687E+01  0.104242640687E+01  0.104242640687E+01  0.104242640687E+01  0.104242640687E+01  0.104242640687E+01  0.104242640687E+01
  0.104242640687E+01  0.104242640687E+01  0.104242640687E+01  0.104242640687E+01  0.104242640687E+01  0.104242640687E+01  0.104242640687E+01
  0.104242640687E+01  0.104242640687E+01  0.104242640687E+01  0.104242640687E+01  0.104242640687E+01  0.104242640687E+01  0.104242640687E+01
  0.104242640687E+01  0.104242640687E+01  0.104242640687E+01  0.104242640687E+01  0.104242640687E+01  0.104242640687E+01  0.104242640687E+01
  0.104242640687E+01  0.104242640687E+01  0.104242640687E+01  0.104242640687E+01  0.104242640687E+01  0.104242640687E+01  0.104242640687E+01
        22        15        10        16
        15         8         4        10
         8         9         5         4
         9         7         3         5
         7         2         1         3
        28        21        15        22
        21        13         8        15
        13        14         9         8
        14        12         7         9
        12         6         2         7
        34        27        21        28
        27        19        13        21
        19        20        14        13
        20        18        12        14
        18        11         6        12
        39        33        27        34
        33        25        19        27
        25        26        20        19
        26        24        18        20
        24        17        11        18
        41        38        33        39
        38        31        25        33
        31        32        26        25
        32        30        24        26
        30        23        17        24
        42        40        38        41
        40        36        31        38
        36        37        32        31
        37        35        30        32
        35        29        23        30
