title="tecplot geometry and solution file"
variables = x y z mach temperature lambda1 lambda2 lambda3 lambda4 lambda5
zone t="boundary 1 bc-1", solutiontime= 0.2000000E+02, strandid=1001, i=32, j=46, f=feblock
  0.000000000000E+00  0.000000000000E+00  0.000000000000E+00  0.000000000000E+00  0.000000000000E+00  0.000000000000E+00  0.000000000000E+00
  0.000000000000E+00  0.000000000000E+00  0.000000000000E+00  0.000000000000E+00  0.000000000000E+00  0.000000000000E+00  0.000000000000E+00
  0.000000000000E+00  0.000000000000E+00  0.000000000000E+00  0.000000000000E+00  0.000000000000E+00  0.000000000000E+00  0.000000000000E+00
  0.000000000000E+00  0.000000000000E+00  0.000000000000E+00  0.000000000000E+00  0.000000000000E+00  0.000000000000E+00  0.000000000000E+00
  0.000000000000E+00  0.000000000000E+00  0.000000000000E+00  0.000000000000E+00
  0.250000000000E+01  0.250000000000E+01  0.125000000000E+01  0.146289271009E+01  0.157686156160E+01  0.308372018325E+00  0.000000000000E+00
 -0.125000000000E+01 -0.600232012419E+00  0.250000000000E+01  0.477386199275E+00  0.742988685424E+00 -0.739814786992E+00  0.177790177481E+01
  0.155830813274E+01  0.250000000000E+01 -0.250000000000E+01 -0.154800130438E+01 -0.487811078581E+00  0.250000000000E+01  0.627766083140E+00
 -0.345533899378E+00 -0.178862290564E+01 -0.158811787973E+01  0.125000000000E+01 -0.250000000000E+01 -0.144524380962E+01  0.000000000000E+00
 -0.125000000000E+01 -0.250000000000E+01 -0.250000000000E+01 -0.250000000000E+01
  0.000000000000E+00  0.125000000000E+01  0.000000000000E+00  0.103724302461E+01  0.219251206392E+01  0.922061490191E+00  0.000000000000E+00
  0.000000000000E+00  0.715990576545E+00  0.250000000000E+01  0.202479342020E+01  0.324151231464E+01  0.175434191980E+01  0.310152362409E+01
  0.404200324774E+01  0.375000000000E+01  0.000000000000E+00  0.930412228790E+00  0.299062775774E+01  0.500000000000E+01  0.429310310915E+01
  0.409252726285E+01  0.187029682677E+01  0.284428995242E+01  0.500000000000E+01  0.125000000000E+01  0.394624082883E+01  0.500000000000E+01
  0.500000000000E+01  0.250000000000E+01  0.375000000000E+01  0.500000000000E+01
  0.000000000000E+00  0.441238238418E+00  0.000000000000E+00  0.475214961796E+00  0.460123580272E+00  0.468827756054E+00  0.000000000000E+00
  0.000000000000E+00  0.402302252327E+00  0.469814866974E+00  0.464410992740E+00  0.478713919946E+00  0.489298227018E+00  0.483068464338E+00
  0.487929997327E+00  0.488961578622E+00  0.000000000000E+00  0.464775595985E+00  0.473795475386E+00  0.495346539859E+00  0.490266031380E+00
  0.486285986007E+00  0.445717357445E+00  0.464382072844E+00  0.496127345644E+00  0.443624008640E+00  0.486964359150E+00  0.497246230722E+00
  0.496059214486E+00  0.467732142372E+00  0.488211983969E+00  0.495098202848E+00
  0.999990418744E+00  0.102982723097E+01  0.999990357178E+00  0.104247302828E+01  0.101190083988E+01  0.102520616694E+01  0.999990394394E+00
  0.999990676924E+00  0.103891214268E+01  0.100826280896E+01  0.101252840415E+01  0.100300551353E+01  0.102702888784E+01  0.100605566767E+01
  0.100244403180E+01  0.100355662856E+01  0.999991292264E+00  0.103239744481E+01  0.100459526378E+01  0.100179337938E+01  0.100260308594E+01
  0.100234969021E+01  0.101657160208E+01  0.100617547479E+01  0.100168846499E+01  0.104043315620E+01  0.100303379769E+01  0.100118728691E+01
  0.100134173037E+01  0.100976794917E+01  0.100405373396E+01  0.100176114782E+01
  0.566418473392E-02  0.261539102085E-01  0.691918328339E-02  0.454629399165E-01  0.446295171170E-02  0.619939646194E-01  0.540786751898E-02
  0.212719176572E-02  0.656768370806E-01 -0.444797715733E-03  0.622544540321E-02 -0.726948998953E-02  0.758572540817E-02 -0.379583261692E-02
 -0.149421325404E-01 -0.105567554877E-01  0.387583310528E-02  0.472198970024E-01 -0.466408367531E-02 -0.290135145072E-01 -0.188058825588E-01
 -0.132673425102E-01  0.446550303555E-02 -0.454395865858E-02 -0.313390864780E-01  0.319602750230E-01 -0.108655703957E-01 -0.325805423760E-01
 -0.323341795782E-01 -0.219591698340E-02 -0.932711115132E-02 -0.326819823412E-01
  0.190147586376E-03  0.370303903336E-02  0.332402677799E-03  0.565873709755E-02  0.422672843941E-03  0.921811451372E-02  0.402045136709E-03
  0.426545848181E-03  0.971435701567E-02 -0.557515700953E-03  0.859131527237E-03 -0.163875732221E-02  0.688644588759E-03 -0.123277478097E-02
 -0.317275557941E-02 -0.249661660311E-02  0.369240508904E-03  0.735676663063E-02 -0.973376571022E-03 -0.560188428221E-02 -0.394377829487E-02
 -0.280406574041E-02  0.220764616826E-03 -0.940766892594E-03 -0.635395151312E-02  0.406107933634E-02 -0.234591584791E-02 -0.666778802829E-02
 -0.659013052111E-02 -0.667314305032E-03 -0.206681925485E-02 -0.661229662058E-02
  0.343705959822E-03  0.114425721044E-03  0.457803255886E-03  0.124908623783E-02  0.278184489411E-03  0.862716573290E-03  0.463695927770E-03
 -0.269125812775E-03  0.124342292694E-03 -0.108842943656E-04  0.221029584572E-03  0.248928530347E-03 -0.126275235169E-03  0.130035292682E-03
 -0.363773663244E-04 -0.200111429483E-04 -0.300824226120E-03 -0.101245038049E-02  0.756072932959E-04 -0.217644064488E-04  0.164955502724E-04
  0.663028046360E-04 -0.987489040726E-05 -0.103388420370E-03 -0.557386275352E-05 -0.126262156122E-03  0.528316389793E-05  0.265605691268E-04
 -0.243355597393E-04 -0.200772300835E-04  0.737773991073E-05  0.129537405373E-04
 -0.140099494929E-02 -0.142364284700E-02 -0.161769858968E-02  0.156722867410E-04  0.143628194291E-02  0.177927002541E-02 -0.962470445015E-03
 -0.929673759302E-03  0.122060849928E-02  0.145396591124E-02  0.322102039720E-02  0.185727215698E-02  0.363135094030E-02  0.157942048372E-02
  0.106932656017E-02  0.129644594972E-02 -0.745908326796E-03  0.945094680493E-03  0.219009569824E-02  0.443569848250E-03  0.911995862408E-03
  0.126697541786E-02  0.253833713697E-02  0.177912977133E-02  0.323410083429E-03  0.134508863655E-02  0.118014406112E-02  0.290050110512E-03
  0.381835251165E-03  0.196757658144E-02  0.123965559274E-02  0.436934270365E-03
 -0.453132748161E-02 -0.108061038207E-01 -0.665256353376E-02 -0.181725939418E-01 -0.188032340881E-02 -0.257412259467E-01  0.486407354586E-03
  0.114551527593E-02 -0.272784075917E-01  0.140439287078E-03 -0.270763800771E-02  0.284640566775E-02 -0.322746107551E-02  0.149303219277E-02
  0.614299183758E-02  0.430802121716E-02 -0.134102090543E-02 -0.196954743560E-01  0.168397936127E-02  0.119118478887E-01  0.777698753982E-02
  0.543754332594E-02 -0.198008460536E-02  0.162098598607E-02  0.129826913569E-01 -0.130009074189E-01  0.441441650707E-02  0.135211007573E-01
  0.133861410954E-01  0.705446968410E-03  0.376233386365E-02  0.135058829289E-01
        12        19        11        11
        11         5        12        12
        10        14         5         5
        19        13        11        11
        19        24        13        13
        30        23        24        24
        19        12        22        22
        28        22        21        21
        11        13         6         6
         7         6         9         9
        15        12        14        14
        18        13        23        23
        15        25        21        21
        27        19        22        22
        18         8         9         9
        27        31        24        24
         4        11         6         6
         5        14        12        12
         4         2         5         5
        21        12        15        15
        14        16        15        15
        24        19        27        27
        22        29        27        27
        23        26        18        18
        17         8        18        18
         5        11         4         4
         6         3         4         4
        26        23        30        30
         5         2        10        10
        16        14        10        10
         3         6         7         7
        21        25        28        28
        29        22        28        28
         6        13         9         9
         2         4         1         1
        31        27        32        32
        25        15        20        20
        24        23        13        13
         8         7         9         9
        13        18         9         9
        31        30        24        24
        12        21        22        22
        29        32        27        27
         3         1         4         4
        26        17        18        18
        16        20        15        15
zone t="boundary 2 bc-2", solutiontime= 0.2000000E+02, strandid=1002, i=33, j=48, f=feblock
  0.500000000000E+01  0.375000000000E+01  0.250000000000E+01  0.288078410721E+01  0.125000000000E+01  0.190974100652E+01  0.326683758169E+01
  0.201431602454E+01  0.000000000000E+00  0.963108083381E+00  0.500000000000E+01  0.403552511878E+01  0.423153924130E+01  0.500000000000E+01
  0.385533350601E+01  0.500000000000E+01  0.398173246726E+01  0.315249557942E+01  0.267000324704E+01  0.154774304040E+01  0.218329375016E+01
  0.893127759452E+00  0.000000000000E+00  0.698517061619E+00  0.964171764089E+00  0.310324758057E+01  0.000000000000E+00  0.000000000000E+00
  0.125000000000E+01  0.500000000000E+01  0.375000000000E+01  0.250000000000E+01  0.000000000000E+00
 -0.250000000000E+01 -0.250000000000E+01 -0.250000000000E+01 -0.250000000000E+01 -0.250000000000E+01 -0.250000000000E+01 -0.250000000000E+01
 -0.250000000000E+01 -0.250000000000E+01 -0.250000000000E+01 -0.250000000000E+01 -0.250000000000E+01 -0.250000000000E+01 -0.250000000000E+01
 -0.250000000000E+01 -0.250000000000E+01 -0.250000000000E+01 -0.250000000000E+01 -0.250000000000E+01 -0.250000000000E+01 -0.250000000000E+01
 -0.250000000000E+01 -0.250000000000E+01 -0.250000000000E+01 -0.250000000000E+01 -0.250000000000E+01 -0.250000000000E+01 -0.250000000000E+01
 -0.250000000000E+01 -0.250000000000E+01 -0.250000000000E+01 -0.250000000000E+01 -0.250000000000E+01
  0.000000000000E+00  0.000000000000E+00  0.000000000000E+00  0.904659890645E+00  0.000000000000E+00  0.717002441913E+00  0.188609243358E+01
  0.176246431481E+01  0.000000000000E+00  0.961328577125E+00  0.125000000000E+01  0.101201586758E+01  0.191586535653E+01  0.250000000000E+01
  0.293121848150E+01  0.375000000000E+01  0.406975391361E+01  0.363585050272E+01  0.285047954584E+01  0.292817774674E+01  0.395907379566E+01
  0.205246550326E+01  0.125000000000E+01  0.306828197606E+01  0.397245519226E+01  0.433168271247E+01  0.250000000000E+01  0.375000000000E+01
  0.500000000000E+01  0.500000000000E+01  0.500000000000E+01  0.500000000000E+01  0.500000000000E+01
  0.000000000000E+00  0.000000000000E+00  0.000000000000E+00  0.380991725517E+00  0.000000000000E+00  0.343629902501E+00  0.585285997937E+00
  0.579373345328E+00  0.000000000000E+00  0.501056496643E+00  0.508459636492E+00  0.435372376081E+00  0.572639779008E+00  0.537002216251E+00
  0.568922577244E+00  0.514994217086E+00  0.508247269503E+00  0.527252854700E+00  0.567446690172E+00  0.531657148367E+00  0.505980959997E+00
  0.520795550505E+00  0.443624008640E+00  0.490663634162E+00  0.492155782275E+00  0.501390726941E+00  0.467732142372E+00  0.488211983969E+00
  0.490002657454E+00  0.491352292040E+00  0.486075382695E+00  0.490036359612E+00  0.495098202848E+00
  0.999991230154E+00  0.999991175015E+00  0.999991158230E+00  0.989538312558E+00  0.999991226060E+00  0.985523838840E+00  0.989838990644E+00
  0.991798508740E+00  0.999991292264E+00  0.984410634783E+00  0.985091722602E+00  0.984688434231E+00  0.990058507586E+00  0.100289631571E+01
  0.999855498398E+00  0.100485312288E+01  0.100121556152E+01  0.100055647294E+01  0.997896876980E+00  0.100350037625E+01  0.100058071455E+01
  0.101093288315E+01  0.104043315620E+01  0.100326477647E+01  0.100254501777E+01  0.100045589682E+01  0.100976794917E+01  0.100405373396E+01
  0.100192659785E+01  0.100045434331E+01  0.100058775919E+01  0.100109996600E+01  0.100176114782E+01
 -0.299051691348E-02 -0.224588720481E-02 -0.123458654130E-02  0.332853656063E-01  0.312718752714E-02  0.980476120881E-01 -0.554706383021E-02
  0.282447012222E-02  0.387583310528E-02  0.465522232386E-01 -0.779583024813E-02 -0.741836421531E-02 -0.612674201737E-02 -0.499162533100E-02
 -0.364200837419E-02 -0.325999427859E-02 -0.247865977758E-02 -0.292110593179E-02 -0.474084858045E-02 -0.643816656742E-02 -0.382015162080E-02
  0.299717729640E-02  0.319602750230E-01 -0.239488797793E-02 -0.656648602650E-02 -0.483233720503E-02 -0.219591698340E-02 -0.932711115132E-02
 -0.329661334413E-01 -0.386951903676E-02 -0.148515951581E-01 -0.277181962909E-01 -0.326819823412E-01
  0.814136529356E-03 -0.242368968422E-03  0.379627900625E-04  0.564167525082E-02 -0.508050057374E-03  0.122268066521E-01 -0.113295274824E-03
 -0.264277472048E-03  0.369240508904E-03  0.563812687679E-02  0.167558035678E-02  0.315192137667E-03  0.748725617236E-03  0.128270574940E-02
  0.810335214106E-03  0.774836483314E-03  0.887446003753E-03  0.712886287127E-03  0.228613327152E-03 -0.711847721537E-03  0.207263373048E-03
 -0.924301549298E-04  0.406107933634E-02 -0.497726964427E-05 -0.908361047835E-03  0.312731023646E-03 -0.667314305032E-03 -0.206681925485E-02
 -0.582399483565E-02  0.187448774361E-03 -0.149658132713E-02 -0.419671140612E-02 -0.661229662058E-02
 -0.207363888942E-03  0.468645712395E-04  0.305067943200E-03  0.755194753140E-03  0.156297092853E-03  0.122698681581E-02 -0.929303734325E-04
  0.181815725685E-04 -0.300824226120E-03  0.472430099218E-03 -0.111198690298E-03 -0.343046789284E-03  0.583562527103E-05  0.942664426054E-05
  0.100708201826E-04 -0.153525478964E-04  0.305954906360E-05 -0.445094826302E-05  0.269514094753E-04  0.366004129165E-04 -0.211235123183E-04
  0.515099003370E-04 -0.126262156122E-03  0.176246690117E-04 -0.851268064802E-05 -0.729193845102E-05 -0.200772300835E-04  0.737773991073E-05
 -0.138584913113E-04 -0.205847362492E-05  0.249023919306E-07 -0.146834933814E-05  0.129537405373E-04
 -0.224660396116E-03 -0.264324024036E-03 -0.412918680638E-03  0.122083562415E-02 -0.889996217273E-03  0.155948243203E-03  0.197273526737E-02
  0.253183399899E-02 -0.745908326796E-03  0.115990702914E-02  0.402659798486E-03  0.137468632498E-02  0.788730617192E-03  0.337322162388E-03
  0.762915277838E-03  0.272041247313E-03  0.701497690900E-03  0.100571348456E-02  0.122626620213E-02  0.127760912171E-02  0.110050005506E-02
  0.185460642185E-02  0.134508863655E-02  0.132170308152E-02  0.110746725040E-02  0.937370085273E-03  0.196757658144E-02  0.123965559274E-02
  0.757850689788E-03  0.413546909273E-03  0.880054900960E-03  0.961990186808E-03  0.436934270365E-03
  0.823061026455E-03  0.255261045493E-02  0.439093093470E-02 -0.149932847403E-01  0.501557430306E-02 -0.419382371119E-01  0.166668350230E-02
 -0.121711171726E-02 -0.134102090543E-02 -0.192498944014E-01  0.173051189594E-02  0.209176101129E-02  0.157498786303E-02  0.954560671275E-03
  0.724464023849E-03  0.654507497206E-03  0.365702480639E-03  0.571086657968E-03  0.132517810771E-02  0.227618072203E-02  0.107378040072E-02
 -0.129463583323E-02 -0.130009074189E-01  0.635778535914E-03  0.242511804368E-02  0.140467427043E-02  0.705446968410E-03  0.376233386365E-02
  0.133879970008E-01  0.117234956014E-02  0.557967165622E-02  0.109872623010E-01  0.135058829289E-01
        15         7        19        19
         8        20        19        19
        18        19        21        21
         7         4         8         8
         3         6         4         4
        19         7         8         8
        19        18        15        15
        14        13        15        15
         8        22        20        20
        27        24        22        22
        19        20        21        21
        32        26        21        21
        17        18        26        26
        17        16        15        15
        25        29        21        21
        12         7        13        13
        10         8         6         6
        25        20        24        24
         4         6         8         8
        12         2         4         4
        10        23        22        22
        26        31        17        17
        30        16        17        17
         4         7        12        12
        13        11        12        12
        21        20        25        25
        24        28        25        25
        22         8        10        10
         6         5        10        10
        31        26        32        32
         4         2         3         3
         5         6         3         3
        11        13        14        14
        22        23        27        27
        28        24        27        27
        15        13         7         7
         2        12         1         1
        29        25        33        33
        23        10         9         9
        21        26        18        18
        16        14        15        15
        18        17        15        15
        29        32        21        21
        22        24        20        20
        28        33        25        25
        11         1        12        12
        31        30        17        17
         5         9        10        10
zone t="boundary 3 bc-3", solutiontime= 0.2000000E+02, strandid=1003, i=33, j=48, f=feblock
  0.375000000000E+01  0.250000000000E+01  0.500000000000E+01  0.403552511878E+01  0.288078410721E+01  0.125000000000E+01  0.190974100652E+01
  0.500000000000E+01  0.326683758169E+01  0.423153924130E+01  0.201431602454E+01  0.000000000000E+00  0.963108083381E+00  0.500000000000E+01
  0.267000324704E+01  0.385533350601E+01  0.893127759452E+00  0.154774304040E+01  0.000000000000E+00  0.500000000000E+01  0.315249557942E+01
  0.218329375016E+01  0.398173246726E+01  0.000000000000E+00  0.698517061619E+00  0.964171764089E+00  0.125000000000E+01  0.000000000000E+00
  0.500000000000E+01  0.310324758057E+01  0.250000000000E+01  0.375000000000E+01  0.000000000000E+00
  0.250000000000E+01  0.250000000000E+01  0.250000000000E+01  0.250000000000E+01  0.250000000000E+01  0.250000000000E+01  0.250000000000E+01
  0.250000000000E+01  0.250000000000E+01  0.250000000000E+01  0.250000000000E+01  0.250000000000E+01  0.250000000000E+01  0.250000000000E+01
  0.250000000000E+01  0.250000000000E+01  0.250000000000E+01  0.250000000000E+01  0.250000000000E+01  0.250000000000E+01  0.250000000000E+01
  0.250000000000E+01  0.250000000000E+01  0.250000000000E+01  0.250000000000E+01  0.250000000000E+01  0.250000000000E+01  0.250000000000E+01
  0.250000000000E+01  0.250000000000E+01  0.250000000000E+01  0.250000000000E+01  0.250000000000E+01
  0.000000000000E+00  0.000000000000E+00  0.000000000000E+00  0.101201586758E+01  0.904659890645E+00  0.000000000000E+00  0.717002441913E+00
  0.125000000000E+01  0.188609243358E+01  0.191586535653E+01  0.176246431481E+01  0.000000000000E+00  0.961328577125E+00  0.250000000000E+01
  0.285047954584E+01  0.293121848150E+01  0.205246550326E+01  0.292817774674E+01  0.125000000000E+01  0.375000000000E+01  0.363585050272E+01
  0.395907379566E+01  0.406975391361E+01  0.250000000000E+01  0.306828197606E+01  0.397245519226E+01  0.500000000000E+01  0.375000000000E+01
  0.500000000000E+01  0.433168271247E+01  0.500000000000E+01  0.500000000000E+01  0.500000000000E+01
  0.000000000000E+00  0.000000000000E+00  0.000000000000E+00  0.443767851971E+00  0.402286937187E+00  0.000000000000E+00  0.377550347167E+00
  0.509232303765E+00  0.575832200483E+00  0.573707467431E+00  0.562554066051E+00  0.000000000000E+00  0.490563275283E+00  0.534527160060E+00
  0.556586972364E+00  0.564391596022E+00  0.522730462526E+00  0.522051957840E+00  0.441238238418E+00  0.517182364794E+00  0.524228611468E+00
  0.503687398987E+00  0.509488557597E+00  0.469814866974E+00  0.495614370334E+00  0.494483710979E+00  0.488562341139E+00  0.488961578622E+00
  0.492980742035E+00  0.499005498570E+00  0.486460842266E+00  0.484596857761E+00  0.495346539859E+00
  0.999990271160E+00  0.999990226304E+00  0.999990396196E+00  0.981542103217E+00  0.988774189663E+00  0.999990284241E+00  0.982469591301E+00
  0.984104381171E+00  0.990427577672E+00  0.990355317210E+00  0.994363027919E+00  0.999990418744E+00  0.988652137107E+00  0.100368372122E+01
  0.999769224643E+00  0.100118503172E+01  0.100834889321E+01  0.100252113520E+01  0.102982723097E+01  0.100443321097E+01  0.100199539020E+01
  0.100082058839E+01  0.100138193870E+01  0.100826280896E+01  0.100298790017E+01  0.100192392083E+01  0.100215269912E+01  0.100355662856E+01
  0.100047670699E+01  0.100056592873E+01  0.100126822740E+01  0.100066575135E+01  0.100179337938E+01
 -0.172566230602E-02  0.876000106691E-03 -0.283706413203E-02  0.148844781032E-01  0.509178871463E-01  0.340567154366E-02  0.517830272121E-01
 -0.100174783828E-01 -0.432506854442E-02 -0.645440351032E-02  0.803011739406E-02  0.566418473392E-02  0.351067318562E-01 -0.478370487838E-02
 -0.558056968291E-02 -0.407833582259E-02 -0.346015564444E-03 -0.475805033860E-02  0.261539102085E-01 -0.330157276615E-02 -0.270755156711E-02
 -0.291339933950E-02 -0.251152208685E-02 -0.444797715733E-03 -0.311269804205E-02 -0.884698381918E-02 -0.310619836147E-01 -0.105567554877E-01
 -0.311066076167E-02 -0.431054560831E-02 -0.252471782694E-01 -0.143404545832E-01 -0.290135145072E-01
 -0.352566053732E-03 -0.322652342918E-03  0.676435393411E-03  0.427950678521E-02  0.693595817720E-02 -0.783573942819E-03  0.613932625035E-02
  0.154087272579E-02  0.144717455108E-03  0.834415674017E-03 -0.202663710531E-04  0.190147586376E-03  0.224161210722E-02  0.127327698491E-02
 -0.706590674893E-04  0.676079571119E-03 -0.123540989391E-02 -0.478918748275E-03  0.370303903336E-02  0.821924146715E-03  0.704657150806E-03
  0.401985632888E-03  0.837985654503E-03 -0.557515700953E-03 -0.821606530542E-03 -0.130889919880E-02 -0.537872609109E-02 -0.249661660311E-02
  0.313474922090E-03  0.357697147923E-03 -0.371185027258E-02 -0.145360530776E-02 -0.560188428221E-02
 -0.654107294628E-04  0.268160871005E-04  0.874704892435E-04 -0.243916512640E-03 -0.712425171032E-03  0.317357240691E-03  0.732794178643E-05
  0.519874979324E-05 -0.862571206663E-04  0.220642544875E-04 -0.607498729330E-04  0.343705959822E-03  0.441384177496E-03  0.353365621382E-04
 -0.258579993639E-05  0.622805013592E-05 -0.164033920754E-03 -0.572045562669E-04  0.114425721044E-03  0.183045434437E-04  0.652811923789E-05
  0.379700812036E-04  0.137352974829E-05 -0.108842943656E-04 -0.466993162760E-04  0.106379678953E-04  0.299521551903E-04 -0.200111429483E-04
  0.594794380958E-05  0.493912197521E-05  0.480987205967E-05  0.197445971300E-05 -0.217644064488E-04
 -0.437807817779E-03 -0.759691169565E-03 -0.234254392590E-03  0.458878968256E-03  0.921866736203E-03 -0.779645439234E-03  0.372531575036E-03
  0.355583912250E-03  0.181998573927E-02  0.905600074813E-03  0.256823302533E-02 -0.140099494929E-02  0.759123897547E-03  0.364394092562E-03
  0.101947892575E-02  0.826561224965E-03  0.211801863756E-02  0.112220337546E-02 -0.142364284700E-02  0.345417450140E-03  0.969636465830E-03
  0.994447306675E-03  0.748345630895E-03  0.145396591124E-02  0.146163196185E-02  0.104237147688E-02  0.758628338963E-03  0.129644594972E-02
  0.379595622964E-03  0.923948913806E-03  0.947784958373E-03  0.858028048692E-03  0.443569848250E-03
  0.643806193472E-02  0.294737444555E-02  0.134460505184E-02 -0.780701431960E-02 -0.221784874030E-01  0.349934620769E-03 -0.217721813291E-01
  0.259352310191E-02  0.120475138686E-02  0.168672741738E-02 -0.316353322996E-02 -0.453132748161E-02 -0.137503398030E-01  0.890312245753E-03
  0.175083164512E-02  0.930911882816E-03  0.214219185167E-03  0.159755509996E-02 -0.108061038207E-01  0.640434335192E-03  0.500338989366E-03
  0.689014142808E-03  0.397255178874E-03  0.140439287078E-03  0.105951969117E-02  0.337606493390E-02  0.125776227964E-01  0.430802121716E-02
  0.866504241332E-03  0.120803711886E-02  0.996138072709E-02  0.538219865811E-02  0.119118478887E-01
        15         9        16        16
        15        18        11        11
        22        15        21        21
        11         5         9         9
         5         7         2         2
        11         9        15        15
        16        21        15        15
        16        10        14        14
        18        17        11        11
        17        25        24        24
        22        18        15        15
        22        30        31        31
        30        21        23        23
        16        20        23        23
        22        27        26        26
        10         9         4         4
         7        11        13        13
        25        18        26        26
        11         7         5         5
         5         1         4         4
        17        19        13        13
        23        32        30        30
        23        20        29        29
         4         9         5         5
         4         8        10        10
        26        18        22        22
        26        28        25        25
        13        11        17        17
        13         6         7         7
        31        30        32        32
         2         1         5         5
         2         7         6         6
        14        10         8         8
        24        19        17        17
        24        25        28        28
         9        10        16        16
         3         4         1         1
        33        26        27        27
        12        13        19        19
        21        30        22        22
        16        14        20        20
        16        23        21        21
        22        31        27        27
        18        25        17        17
        26        33        28        28
         4         3         8         8
        23        29        32        32
        13        12         6         6
zone t="boundary 4 bc-4", solutiontime= 0.2000000E+02, strandid=1004, i=32, j=46, f=feblock
  0.125000000000E+01  0.219251206392E+01  0.103724302461E+01  0.500000000000E+01  0.250000000000E+01  0.375000000000E+01  0.404200324774E+01
  0.500000000000E+01  0.000000000000E+00  0.310152362409E+01  0.202479342020E+01  0.324151231464E+01  0.922061490191E+00  0.000000000000E+00
  0.299062775774E+01  0.394624082883E+01  0.500000000000E+01  0.409252726285E+01  0.500000000000E+01  0.429310310915E+01  0.175434191980E+01
  0.284428995242E+01  0.000000000000E+00  0.000000000000E+00  0.715990576545E+00  0.930412228790E+00  0.125000000000E+01  0.187029682677E+01
  0.500000000000E+01  0.375000000000E+01  0.250000000000E+01  0.000000000000E+00
  0.250000000000E+01  0.157686156160E+01  0.146289271009E+01  0.250000000000E+01  0.250000000000E+01  0.250000000000E+01  0.155830813274E+01
  0.125000000000E+01  0.250000000000E+01  0.177790177481E+01  0.477386199275E+00  0.742988685424E+00  0.308372018325E+00  0.125000000000E+01
 -0.487811078581E+00 -0.144524380962E+01 -0.125000000000E+01 -0.345533899378E+00  0.000000000000E+00  0.627766083140E+00 -0.739814786992E+00
 -0.158811787973E+01  0.000000000000E+00 -0.125000000000E+01 -0.600232012419E+00 -0.154800130438E+01 -0.250000000000E+01 -0.178862290564E+01
 -0.250000000000E+01 -0.250000000000E+01 -0.250000000000E+01 -0.250000000000E+01
  0.500000000000E+01  0.500000000000E+01  0.500000000000E+01  0.500000000000E+01  0.500000000000E+01  0.500000000000E+01  0.500000000000E+01
  0.500000000000E+01  0.500000000000E+01  0.500000000000E+01  0.500000000000E+01  0.500000000000E+01  0.500000000000E+01  0.500000000000E+01
  0.500000000000E+01  0.500000000000E+01  0.500000000000E+01  0.500000000000E+01  0.500000000000E+01  0.500000000000E+01  0.500000000000E+01
  0.500000000000E+01  0.500000000000E+01  0.500000000000E+01  0.500000000000E+01  0.500000000000E+01  0.500000000000E+01  0.500000000000E+01
  0.500000000000E+01  0.500000000000E+01  0.500000000000E+01  0.500000000000E+01
  0.488562341139E+00  0.488873032190E+00  0.490562859008E+00  0.492980742035E+00  0.486460842266E+00  0.484596857761E+00  0.485347839168E+00
  0.494163546244E+00  0.495346539859E+00  0.486528146737E+00  0.487819888657E+00  0.487068824666E+00  0.494045825543E+00  0.496127345644E+00
  0.487612248631E+00  0.483219641417E+00  0.492395524030E+00  0.487214085145E+00  0.494738995157E+00  0.487958482370E+00  0.489677130929E+00
  0.488028988723E+00  0.497246230722E+00  0.496059214486E+00  0.494950977562E+00  0.492800285634E+00  0.490002657454E+00  0.490005003498E+00
  0.491352292040E+00  0.486075382695E+00  0.490036359612E+00  0.495098202848E+00
  0.100215269912E+01  0.100152655428E+01  0.100178349846E+01  0.100047670699E+01  0.100126822740E+01  0.100066575135E+01  0.100025358887E+01
  0.100050392281E+01  0.100179337938E+01  0.100112369427E+01  0.100133047555E+01  0.100072434606E+01  0.100164369001E+01  0.100168846499E+01
  0.100096276497E+01  0.100000874944E+01  0.100082864588E+01  0.100022269848E+01  0.100062146520E+01  0.100023497975E+01  0.100174638491E+01
  0.100098857876E+01  0.100118728691E+01  0.100134173037E+01  0.100132638128E+01  0.100179876461E+01  0.100192659785E+01  0.100163751619E+01
  0.100045434331E+01  0.100058775919E+01  0.100109996600E+01  0.100176114782E+01
 -0.310619836147E-01 -0.264322515472E-01 -0.280096795836E-01 -0.311066076167E-02 -0.252471782694E-01 -0.143404545832E-01 -0.977964933678E-02
 -0.314365973245E-02 -0.290135145072E-01 -0.213486819181E-01 -0.294676693047E-01 -0.205792039054E-01 -0.310303674143E-01 -0.313390864780E-01
 -0.229572353587E-01 -0.960135898993E-02 -0.373216065013E-02 -0.123890489811E-01 -0.294605009368E-02 -0.120119548982E-01 -0.359465764454E-01
 -0.212148540733E-01 -0.325805423760E-01 -0.323341795782E-01 -0.374336788682E-01 -0.318903305764E-01 -0.329661334413E-01 -0.324112576617E-01
 -0.386951903676E-02 -0.148515951581E-01 -0.277181962909E-01 -0.326819823412E-01
 -0.537872609109E-02 -0.403792251015E-02 -0.470030259680E-02  0.313474922090E-03 -0.371185027258E-02 -0.145360530776E-02 -0.630806462079E-03
  0.234124988383E-03 -0.560188428221E-02 -0.277867690169E-02 -0.462789195238E-02 -0.266740702195E-02 -0.522482473670E-02 -0.635395151312E-02
 -0.312007328353E-02 -0.565160963495E-03  0.233159014779E-03 -0.111173547071E-02  0.244719658551E-03 -0.106757081194E-02 -0.600421970642E-02
 -0.275535257175E-02 -0.666778802829E-02 -0.659013052111E-02 -0.670317180475E-02 -0.572193642135E-02 -0.582399483565E-02 -0.535098880313E-02
  0.187448774361E-03 -0.149658132713E-02 -0.419671140612E-02 -0.661229662058E-02
  0.299521551903E-04  0.576734483496E-04  0.863265585506E-04  0.594794380958E-05  0.480987205967E-05  0.197445971300E-05  0.203206350705E-04
 -0.187005952885E-04 -0.217644064488E-04  0.119069011956E-04  0.364420731058E-04  0.314387991662E-04  0.494938726366E-04 -0.557386275352E-05
 -0.336711626737E-04 -0.361315224546E-04 -0.556487186486E-05 -0.463835859434E-04  0.392511257134E-05 -0.340985986707E-05 -0.658819866091E-04
 -0.414751836293E-04  0.265605691268E-04 -0.243355597393E-04 -0.111564997412E-03 -0.936930520099E-04 -0.138584913113E-04 -0.879094186156E-04
 -0.205847362492E-05  0.249023919306E-07 -0.146834933814E-05  0.129537405373E-04
  0.758628338963E-03  0.938266292690E-03  0.752497267178E-03  0.379595622964E-03  0.947784958373E-03  0.858028048692E-03  0.780381771221E-03
  0.341956250919E-03  0.443569848250E-03  0.956550820993E-03  0.889646761095E-03  0.973461471817E-03  0.730700943564E-03  0.323410083429E-03
  0.968378262573E-03  0.798465369240E-03  0.388404923816E-03  0.809109219587E-03  0.326394600506E-03  0.738501018051E-03  0.844274011647E-03
  0.969491741477E-03  0.290050110512E-03  0.381835251165E-03  0.620496857280E-03  0.713225425925E-03  0.757850689788E-03  0.866325481628E-03
  0.413546909273E-03  0.880054900960E-03  0.961990186808E-03  0.436934270365E-03
  0.125776227964E-01  0.104784022795E-01  0.112971439098E-01  0.866504241332E-03  0.996138072709E-02  0.538219865811E-02  0.350010710603E-02
  0.913964433560E-03  0.119118478887E-01  0.828620381002E-02  0.117595609643E-01  0.798104608936E-02  0.125388179106E-01  0.129826913569E-01
  0.896710123100E-02  0.341546477623E-02  0.110821395590E-02  0.459059787510E-02  0.842561011041E-03  0.446080632098E-02  0.144911260365E-01
  0.822628417261E-02  0.135211007573E-01  0.133861410954E-01  0.152910565412E-01  0.129770966174E-01  0.133879970008E-01  0.130226670863E-01
  0.117234956014E-02  0.557967165622E-02  0.109872623010E-01  0.135058829289E-01
        12        15        11        11
        11         2        12        12
         5        10         2         2
        15        21        11        11
        15        22        21        21
        31        28        22        22
        15        12        18        18
        19        18        20        20
        11        21        13        13
        23        13        25        25
         7        12        10        10
        26        21        28        28
         7         8        20        20
        16        15        18        18
        26        24        25        25
        16        30        22        22
         3        11        13        13
         2        10        12        12
         3         1         2         2
        20        12         7         7
        10         6         7         7
        22        15        16        16
        18        17        16        16
        28        27        26        26
        32        24        26        26
         2        11         3         3
        13        14         3         3
        27        28        31        31
         2         1         5         5
         6        10         5         5
        14        13        23        23
        20         8        19        19
        17        18        19        19
        13        21        25        25
         1         3         9         9
        30        16        29        29
         8         7         4         4
        22        28        21        21
        24        23        25        25
        21        26        25        25
        30        31        22        22
        12        20        18        18
        17        29        16        16
        14         9         3         3
        27        32        26        26
         6         4         7         7
zone t="boundary 5 bc-5", solutiontime= 0.2000000E+02, strandid=1005, i=33, j=48, f=feblock
  0.500000000000E+01  0.500000000000E+01  0.500000000000E+01  0.500000000000E+01  0.500000000000E+01  0.500000000000E+01  0.500000000000E+01
  0.500000000000E+01  0.500000000000E+01  0.500000000000E+01  0.500000000000E+01  0.500000000000E+01  0.500000000000E+01  0.500000000000E+01
  0.500000000000E+01  0.500000000000E+01  0.500000000000E+01  0.500000000000E+01  0.500000000000E+01  0.500000000000E+01  0.500000000000E+01
  0.500000000000E+01  0.500000000000E+01  0.500000000000E+01  0.500000000000E+01  0.500000000000E+01  0.500000000000E+01  0.500000000000E+01
  0.500000000000E+01  0.500000000000E+01  0.500000000000E+01  0.500000000000E+01  0.500000000000E+01
  0.250000000000E+01  0.125000000000E+01  0.250000000000E+01  0.157899473280E+01  0.000000000000E+00  0.659350882208E+00  0.250000000000E+01
  0.173899611320E+01  0.825621401394E+00  0.132549389334E+01 -0.125000000000E+01 -0.322732261638E+00  0.250000000000E+01  0.490615021923E-01
 -0.873141960959E+00  0.350800286361E+00  0.145332269920E+01 -0.250000000000E+01 -0.147959633950E+01  0.250000000000E+01 -0.857924212153E+00
 -0.165007033378E+01  0.518568023061E+00 -0.461282870254E+00  0.125000000000E+01 -0.250000000000E+01 -0.183684615440E+01 -0.158398995423E+01
 -0.250000000000E+01 -0.250000000000E+01 -0.125000000000E+01  0.000000000000E+00 -0.250000000000E+01
  0.000000000000E+00  0.000000000000E+00  0.125000000000E+01  0.905837536509E+00  0.000000000000E+00  0.735450417037E+00  0.250000000000E+01
  0.182727219356E+01  0.162230260845E+01  0.280856328277E+01  0.000000000000E+00  0.109945440014E+01  0.375000000000E+01  0.227317933631E+01
  0.189599568386E+01  0.342819755379E+01  0.403384942830E+01  0.000000000000E+00  0.104050588738E+01  0.500000000000E+01  0.297954017413E+01
  0.214587157439E+01  0.430969386006E+01  0.408642231822E+01  0.500000000000E+01  0.125000000000E+01  0.304506426164E+01  0.398205049073E+01
  0.250000000000E+01  0.375000000000E+01  0.500000000000E+01  0.500000000000E+01  0.500000000000E+01
  0.000000000000E+00  0.000000000000E+00  0.509232303765E+00  0.472098889877E+00  0.000000000000E+00  0.480805232568E+00  0.534527160060E+00
  0.535829357857E+00  0.535478981134E+00  0.540786114149E+00  0.000000000000E+00  0.510355469719E+00  0.517182364794E+00  0.539187609845E+00
  0.542979583813E+00  0.529277497031E+00  0.511036806073E+00  0.000000000000E+00  0.495603636910E+00  0.492980742035E+00  0.531173567011E+00
  0.533778435684E+00  0.505621180161E+00  0.512004268975E+00  0.494163546244E+00  0.508459636492E+00  0.529554387316E+00  0.511911103307E+00
  0.537002216251E+00  0.514994217086E+00  0.492395524030E+00  0.494738995157E+00  0.491352292040E+00
  0.999990396196E+00  0.999990325101E+00  0.984104381171E+00  0.976444186981E+00  0.999990349063E+00  0.959042246313E+00  0.100368372122E+01
  0.994429545795E+00  0.991216409760E+00  0.100355191873E+01  0.999990618155E+00  0.971537346423E+00  0.100443321097E+01  0.100528534968E+01
  0.997216652767E+00  0.100662945901E+01  0.100305332869E+01  0.999991230154E+00  0.973515622436E+00  0.100047670699E+01  0.100763871335E+01
  0.100128636665E+01  0.100314051624E+01  0.100383224503E+01  0.100050392281E+01  0.985091722602E+00  0.100596560541E+01  0.100387955763E+01
  0.100289631571E+01  0.100485312288E+01  0.100082864588E+01  0.100062146520E+01  0.100045434331E+01
 -0.283706413203E-02 -0.257600428858E-02 -0.100174783828E-01 -0.124486918213E-01 -0.350063933757E-02 -0.388633872554E-02 -0.478370487838E-02
 -0.650732750256E-02 -0.726603885175E-02 -0.413975677835E-02 -0.245798419581E-02 -0.579957031987E-02 -0.330157276615E-02 -0.526762270226E-02
 -0.606623360129E-02 -0.351318100001E-02 -0.269396621100E-02 -0.299051691348E-02 -0.478592546009E-02 -0.311066076167E-02 -0.419306109227E-02
 -0.577552288472E-02 -0.213964180652E-02 -0.239236346101E-02 -0.314365973245E-02 -0.779583024813E-02 -0.413480290756E-02 -0.266170989303E-02
 -0.499162533100E-02 -0.325999427859E-02 -0.373216065013E-02 -0.294605009368E-02 -0.386951903676E-02
  0.676435393411E-03  0.707072691510E-03  0.154087272579E-02  0.151339837744E-02  0.111453466750E-02  0.440978965103E-02  0.127327698491E-02
  0.161808392721E-02  0.184798620477E-02  0.119219541738E-02  0.926951607726E-03  0.317404398086E-02  0.821924146715E-03  0.138792803003E-02
  0.166218283097E-02  0.977885920914E-03  0.807346267992E-03  0.814136529356E-03  0.324907155815E-02  0.313474922090E-03  0.108650487864E-02
  0.149004273714E-02  0.718871939843E-03  0.849913404439E-03  0.234124988383E-03  0.167558035678E-02  0.101593616951E-02  0.846075279381E-03
  0.128270574940E-02  0.774836483314E-03  0.233159014779E-03  0.244719658551E-03  0.187448774361E-03
  0.874704892435E-04  0.194475478403E-03  0.519874979324E-05  0.405263648514E-03 -0.195495844721E-03  0.316901564555E-03  0.353365621382E-04
  0.168706347982E-03  0.138804142238E-03  0.367210737096E-04 -0.104441147257E-03 -0.394040599401E-03  0.183045434437E-04 -0.559029327675E-04
 -0.110459089620E-03  0.348769291565E-04  0.842678259283E-05 -0.207363888942E-03 -0.207177701065E-03  0.594794380958E-05 -0.447063495291E-04
 -0.149712860228E-03  0.333467944497E-05  0.409180915040E-05 -0.187005952885E-04 -0.111198690298E-03 -0.448589062489E-05 -0.328644973172E-04
  0.942664426054E-05 -0.153525478964E-04 -0.556487186486E-05  0.392511257134E-05 -0.205847362492E-05
 -0.234254392590E-03 -0.422283287510E-03  0.355583912250E-03  0.239461682981E-03 -0.540113265996E-03 -0.380212795590E-03  0.364394092562E-03
  0.456236912693E-03  0.888602464263E-03  0.416398828136E-03 -0.402382533391E-03  0.151246338509E-03  0.345417450140E-03  0.413509236326E-03
  0.633374522021E-03  0.263247622309E-03  0.366477700657E-03 -0.224660396116E-03 -0.802808793860E-04  0.379595622964E-03  0.274376581658E-03
  0.464103238861E-03  0.254466660357E-03  0.307347235059E-03  0.341956250919E-03  0.402659798486E-03  0.240661659761E-03  0.295619964967E-03
  0.337322162388E-03  0.272041247313E-03  0.388404923816E-03  0.326394600506E-03  0.413546909273E-03
  0.134460505184E-02  0.429172147715E-02  0.259352310191E-02  0.350787156116E-02  0.428626194346E-02 -0.111221404480E-02  0.890312245753E-03
  0.130228233126E-02  0.148556794929E-02  0.722504685515E-03  0.447797369264E-02  0.195520828645E-03  0.640434335192E-03  0.973394964369E-03
  0.112778180079E-02  0.634959329026E-03  0.469673991379E-03  0.823061026455E-03 -0.126275107824E-03  0.866504241332E-03  0.788681710770E-03
  0.110359360192E-02  0.329620683588E-03  0.354865275278E-03  0.913964433560E-03  0.173051189594E-02  0.805839330047E-03  0.447920209686E-03
  0.954560671275E-03  0.654507497206E-03  0.110821395590E-02  0.842561011041E-03  0.117234956014E-02
        12        15        14        14
        21        16        14        14
         9        14        10        10
        15        22        21        21
        29        27        22        22
        14        16        10        10
         7         8        10        10
        14        15        21        21
        14         9        12        12
         5        12         6         6
        21        24        16        16
        32        23        24        24
        28        21        27        27
        17        16        23        23
        28        31        24        24
        19        15        12        12
         4         2         6         6
         4         9         8         8
        10         8         9         9
        17        13        10        10
        19        26        22        22
        10        16        17        17
        23        25        17        17
        22        15        19        19
        12        11        19        19
        27        30        28        28
        33        31        28        28
         6         9         4         4
         8         3         4         4
        25        23        32        32
        10        13         7         7
         3         8         7         7
        30        27        29        29
         6         2         5         5
        11        12         5         5
        24        23        16        16
        13        17        20        20
        26        19        18        18
         2         4         1         1
        22        27        21        21
        31        32        24        24
        21        28        24        24
        26        29        22        22
         9         6        12        12
        11        18        19        19
        25        20        17        17
        30        33        28        28
         3         1         4         4
zone t="boundary 6 bc-6", solutiontime= 0.2000000E+02, strandid=1006, i=33, j=48, f=feblock
  0.375000000000E+01  0.250000000000E+01  0.500000000000E+01  0.403384942830E+01  0.280856328277E+01  0.125000000000E+01  0.182727219356E+01
  0.500000000000E+01  0.430969386006E+01  0.342819755379E+01  0.227317933631E+01  0.162230260845E+01  0.000000000000E+00  0.905837536509E+00
  0.500000000000E+01  0.408642231822E+01  0.297954017413E+01  0.189599568386E+01  0.109945440014E+01  0.735450417037E+00  0.000000000000E+00
  0.500000000000E+01  0.398205049073E+01  0.304506426164E+01  0.214587157439E+01  0.104050588738E+01  0.000000000000E+00  0.000000000000E+00
  0.500000000000E+01  0.375000000000E+01  0.250000000000E+01  0.125000000000E+01  0.000000000000E+00
  0.250000000000E+01  0.250000000000E+01  0.250000000000E+01  0.145332269920E+01  0.132549389334E+01  0.250000000000E+01  0.173899611320E+01
  0.125000000000E+01  0.518568023061E+00  0.350800286361E+00  0.490615021923E-01  0.825621401394E+00  0.250000000000E+01  0.157899473280E+01
  0.000000000000E+00 -0.461282870254E+00 -0.857924212153E+00 -0.873141960959E+00 -0.322732261638E+00  0.659350882208E+00  0.125000000000E+01
 -0.125000000000E+01 -0.158398995423E+01 -0.183684615440E+01 -0.165007033378E+01 -0.147959633950E+01  0.000000000000E+00 -0.125000000000E+01
 -0.250000000000E+01 -0.250000000000E+01 -0.250000000000E+01 -0.250000000000E+01 -0.250000000000E+01
  0.000000000000E+00  0.000000000000E+00  0.000000000000E+00  0.000000000000E+00  0.000000000000E+00  0.000000000000E+00  0.000000000000E+00
  0.000000000000E+00  0.000000000000E+00  0.000000000000E+00  0.000000000000E+00  0.000000000000E+00  0.000000000000E+00  0.000000000000E+00
  0.000000000000E+00  0.000000000000E+00  0.000000000000E+00  0.000000000000E+00  0.000000000000E+00  0.000000000000E+00  0.000000000000E+00
  0.000000000000E+00  0.000000000000E+00  0.000000000000E+00  0.000000000000E+00  0.000000000000E+00  0.000000000000E+00  0.000000000000E+00
  0.000000000000E+00  0.000000000000E+00  0.000000000000E+00  0.000000000000E+00  0.000000000000E+00
  0.000000000000E+00  0.000000000000E+00  0.000000000000E+00  0.000000000000E+00  0.000000000000E+00  0.000000000000E+00  0.000000000000E+00
  0.000000000000E+00  0.000000000000E+00  0.000000000000E+00  0.000000000000E+00  0.000000000000E+00  0.000000000000E+00  0.000000000000E+00
  0.000000000000E+00  0.000000000000E+00  0.000000000000E+00  0.000000000000E+00  0.000000000000E+00  0.000000000000E+00  0.000000000000E+00
  0.000000000000E+00  0.000000000000E+00  0.000000000000E+00  0.000000000000E+00  0.000000000000E+00  0.000000000000E+00  0.000000000000E+00
  0.000000000000E+00  0.000000000000E+00  0.000000000000E+00  0.000000000000E+00  0.000000000000E+00
  0.999990271160E+00  0.999990226304E+00  0.999990396196E+00  0.999990182377E+00  0.999990059368E+00  0.999990284241E+00  0.999990143498E+00
  0.999990325101E+00  0.999990167205E+00  0.999989996585E+00  0.999989917772E+00  0.999990049955E+00  0.999990418744E+00  0.999990224555E+00
  0.999990349063E+00  0.999990157773E+00  0.999989991223E+00  0.999990034648E+00  0.999990131616E+00  0.999990193926E+00  0.999990357178E+00
  0.999990618155E+00  0.999990505567E+00  0.999990497886E+00  0.999990354822E+00  0.999990495401E+00  0.999990394394E+00  0.999990676924E+00
  0.999991230154E+00  0.999991175015E+00  0.999991158230E+00  0.999991226060E+00  0.999991292264E+00
 -0.172566230602E-02  0.876000106691E-03 -0.283706413203E-02 -0.241232552506E-02  0.119347969264E-03  0.340567154366E-02  0.134174103446E-02
 -0.257600428858E-02 -0.284167028936E-02 -0.123611392554E-02  0.733907760291E-03  0.151057338012E-02  0.566418473392E-02  0.400120903276E-02
 -0.350063933757E-02 -0.293592308596E-02 -0.283539741904E-04  0.188033036688E-02  0.174450273717E-02  0.363092917977E-02  0.691918328339E-02
 -0.245798419581E-02 -0.263240111840E-02  0.239754305972E-04  0.391954880207E-03  0.257550541076E-02  0.540786751898E-02  0.212719176572E-02
 -0.299051691348E-02 -0.224588720481E-02 -0.123458654130E-02  0.312718752714E-02  0.387583310528E-02
 -0.352566053732E-03 -0.322652342918E-03  0.676435393411E-03 -0.358260754804E-03 -0.121566302291E-02 -0.783573942819E-03 -0.268688765930E-03
  0.707072691510E-03 -0.269439200741E-03 -0.919395971562E-03 -0.714165201019E-03 -0.512127452267E-03  0.190147586376E-03 -0.125681185484E-02
  0.111453466750E-02 -0.246184710225E-03 -0.919456832022E-03 -0.717600426487E-03 -0.740327282936E-03 -0.107217649422E-02  0.332402677799E-03
  0.926951607726E-03 -0.198468041263E-03 -0.871270367737E-03 -0.618752859369E-03 -0.697097127591E-03  0.402045136709E-03  0.426545848181E-03
  0.814136529356E-03 -0.242368968422E-03  0.379627900625E-04 -0.508050057374E-03  0.369240508904E-03
 -0.654107294628E-04  0.268160871005E-04  0.874704892435E-04 -0.753066266984E-04  0.679498730337E-04  0.317357240691E-03  0.433409114138E-04
  0.194475478403E-03  0.119565579397E-03  0.612170568391E-04 -0.109607702461E-03 -0.131858240473E-04  0.343705959822E-03  0.207468322998E-03
 -0.195495844721E-03 -0.170659439639E-03 -0.489609321621E-03 -0.500676815722E-03 -0.882186384859E-03  0.173805824466E-03  0.457803255886E-03
 -0.104441147257E-03 -0.459585386877E-04  0.422830805384E-03  0.103797642564E-02  0.677754789924E-04  0.463695927770E-03 -0.269125812775E-03
 -0.207363888942E-03  0.468645712395E-04  0.305067943200E-03  0.156297092853E-03 -0.300824226120E-03
 -0.437807817779E-03 -0.759691169565E-03 -0.234254392590E-03 -0.998006935727E-03 -0.163036429855E-02 -0.779645439234E-03 -0.985392885691E-03
 -0.422283287510E-03 -0.710753263675E-03 -0.992290978730E-03 -0.155233555627E-02 -0.212998402408E-02 -0.140099494929E-02 -0.898139455082E-03
 -0.540113265996E-03 -0.649279877885E-03 -0.120023761500E-02 -0.147652533710E-02 -0.317089231953E-02 -0.146437066208E-02 -0.161769858968E-02
 -0.402382533391E-03 -0.527881808665E-03 -0.712911286542E-03 -0.127735316600E-02 -0.225596938144E-02 -0.962470445015E-03 -0.929673759302E-03
 -0.224660396116E-03 -0.264324024036E-03 -0.412918680638E-03 -0.889996217273E-03 -0.745908326796E-03
  0.643806193472E-02  0.294737444555E-02  0.134460505184E-02  0.418294271865E-02  0.624206669608E-02  0.349934620769E-03  0.364627349563E-02
  0.429172147715E-02  0.208085514415E-02  0.573108162112E-02  0.581993255435E-02  0.140188700890E-02 -0.453132748161E-02  0.914299211100E-02
  0.428626194346E-02  0.502355622145E-02  0.780574104963E-02  0.114775886031E-02  0.253398678214E-02  0.494568844908E-02 -0.665256353376E-02
  0.447797369264E-02  0.688958790590E-02 -0.790603911062E-03  0.116413139746E-02 -0.124129853702E-02  0.486407354586E-03  0.114551527593E-02
  0.823061026455E-03  0.255261045493E-02  0.439093093470E-02  0.501557430306E-02 -0.134102090543E-02
        19        18        11        11
        17        10        11        11
        12        11         5         5
        18        25        17        17
        31        24        25        25
        11        10         5         5
         2         7         5         5
        11        18        17        17
        11        12        19        19
        27        19        20        20
        17        16        10        10
        15         9        16        16
        23        17        24        24
         4        10         9         9
        23        22        16        16
        26        18        19        19
        14        21        20        20
        14        12         7         7
         5         7        12        12
         4         1         5         5
        26        32        25        25
         5        10         4         4
         9         8         4         4
        25        18        26        26
        19        28        26        26
        24        30        23        23
        29        22        23        23
        20        12        14        14
         7         6        14        14
         8         9        15        15
         5         1         2         2
         6         7         2         2
        30        24        31        31
        20        21        27        27
        28        19        27        27
        16         9        10        10
         1         4         3         3
        32        26        33        33
        21        14        13        13
        25        24        17        17
        22        15        16        16
        17        23        16        16
        32        31        25        25
        12        20        19        19
        28        33        26        26
         8         3         4         4
        30        29        23        23
         6        13        14        14
