title="tecplot geometry and solution file"
variables = x y z mach temperature lambda1 lambda2 lambda3 lambda4 lambda5
zone t="boundary 1 bc-1", solutiontime= 0.8000000E+02, strandid=1001, i=32, j=46, f=feblock
  0.000000000000E+00  0.000000000000E+00  0.000000000000E+00  0.000000000000E+00  0.000000000000E+00  0.000000000000E+00  0.000000000000E+00
  0.000000000000E+00  0.000000000000E+00  0.000000000000E+00  0.000000000000E+00  0.000000000000E+00  0.000000000000E+00  0.000000000000E+00
  0.000000000000E+00  0.000000000000E+00  0.000000000000E+00  0.000000000000E+00  0.000000000000E+00  0.000000000000E+00  0.000000000000E+00
  0.000000000000E+00  0.000000000000E+00  0.000000000000E+00  0.000000000000E+00  0.000000000000E+00  0.000000000000E+00  0.000000000000E+00
  0.000000000000E+00  0.000000000000E+00  0.000000000000E+00  0.000000000000E+00
  0.250000000000E+01  0.250000000000E+01  0.125000000000E+01  0.146289271009E+01  0.157686156160E+01  0.308372018325E+00  0.000000000000E+00
 -0.125000000000E+01 -0.600232012419E+00  0.250000000000E+01  0.477386199275E+00  0.742988685424E+00 -0.739814786992E+00  0.177790177481E+01
  0.155830813274E+01  0.250000000000E+01 -0.250000000000E+01 -0.154800130438E+01 -0.487811078581E+00  0.250000000000E+01  0.627766083140E+00
 -0.345533899378E+00 -0.178862290564E+01 -0.158811787973E+01  0.125000000000E+01 -0.250000000000E+01 -0.144524380962E+01  0.000000000000E+00
 -0.125000000000E+01 -0.250000000000E+01 -0.250000000000E+01 -0.250000000000E+01
  0.000000000000E+00  0.125000000000E+01  0.000000000000E+00  0.103724302461E+01  0.219251206392E+01  0.922061490191E+00  0.000000000000E+00
  0.000000000000E+00  0.715990576545E+00  0.250000000000E+01  0.202479342020E+01  0.324151231464E+01  0.175434191980E+01  0.310152362409E+01
  0.404200324774E+01  0.375000000000E+01  0.000000000000E+00  0.930412228790E+00  0.299062775774E+01  0.500000000000E+01  0.429310310915E+01
  0.409252726285E+01  0.187029682677E+01  0.284428995242E+01  0.500000000000E+01  0.125000000000E+01  0.394624082883E+01  0.500000000000E+01
  0.500000000000E+01  0.250000000000E+01  0.375000000000E+01  0.500000000000E+01
  0.000000000000E+00  0.441238238418E+00  0.000000000000E+00  0.475214961796E+00  0.460123580272E+00  0.468827756054E+00  0.000000000000E+00
  0.000000000000E+00  0.402302252327E+00  0.469814866974E+00  0.464410992740E+00  0.478713919946E+00  0.489298227018E+00  0.483068464338E+00
  0.487929997327E+00  0.488961578622E+00  0.000000000000E+00  0.464775595985E+00  0.473795475386E+00  0.495346539859E+00  0.490266031380E+00
  0.486285986007E+00  0.445717357445E+00  0.464382072844E+00  0.496127345644E+00  0.443624008640E+00  0.486964359150E+00  0.497246230722E+00
  0.496059214486E+00  0.467732142372E+00  0.488211983969E+00  0.495098202848E+00
  0.999990418744E+00  0.102982723097E+01  0.999990357178E+00  0.104247302828E+01  0.101190083988E+01  0.102520616694E+01  0.999990394394E+00
  0.999990676924E+00  0.103891214268E+01  0.100826280896E+01  0.101252840415E+01  0.100300551353E+01  0.102702888784E+01  0.100605566767E+01
  0.100244403180E+01  0.100355662856E+01  0.999991292264E+00  0.103239744481E+01  0.100459526378E+01  0.100179337938E+01  0.100260308594E+01
  0.100234969021E+01  0.101657160208E+01  0.100617547479E+01  0.100168846499E+01  0.104043315620E+01  0.100303379769E+01  0.100118728691E+01
  0.100134173037E+01  0.100976794917E+01  0.100405373396E+01  0.100176114782E+01
  0.570949895893E-02  0.281448657445E-01  0.686861183447E-02  0.472514510925E-01  0.246645106362E-02  0.624824509638E-01  0.542658037761E-02
  0.220754236832E-02  0.666823869661E-01 -0.224135081232E-02  0.373959312586E-02 -0.733674464309E-02  0.527205352267E-02 -0.397299744096E-02
 -0.976442618494E-02 -0.941830300695E-02  0.400492645231E-02  0.489372752018E-01 -0.559828456894E-02 -0.367304904357E-01 -0.130833767692E-01
 -0.898693621676E-02  0.340857208020E-02 -0.523874559104E-02 -0.380702082650E-01  0.328959935844E-01 -0.720294603549E-02 -0.422405922319E-01
 -0.374718238645E-01 -0.415698381274E-02 -0.807908879663E-02 -0.352250296625E-01
  0.193125828469E-03  0.400349066608E-02  0.315049397806E-03  0.594837908803E-02 -0.213279024057E-04  0.950291621862E-02  0.405328742089E-03
  0.431984044757E-03  0.100196473064E-01 -0.901902290118E-03  0.294411766656E-03 -0.155052342853E-02  0.163875456664E-03 -0.116255091334E-02
 -0.191636453902E-02 -0.207520613608E-02  0.379926206006E-03  0.769806518178E-02 -0.111616700096E-02 -0.755118364823E-02 -0.259745035318E-02
 -0.172034331870E-02 -0.363588876393E-04 -0.994499490179E-03 -0.797235953649E-02  0.417804898669E-02 -0.141572006776E-02 -0.887251777798E-02
 -0.784035347565E-02 -0.103443863263E-02 -0.170875945470E-02 -0.732943058924E-02
  0.358613622485E-03  0.120921044167E-03  0.479708841416E-03  0.126087503835E-02  0.204964897073E-03  0.697834778031E-03  0.440236054510E-03
 -0.281241494722E-03  0.821589941432E-04 -0.128994231661E-04  0.228182645286E-03  0.225543131309E-03 -0.658827810816E-04  0.753549709119E-04
 -0.161759395308E-04 -0.469699194600E-05 -0.301948347929E-03 -0.948425974555E-03  0.112792323677E-03  0.193448507155E-05  0.189132096091E-04
  0.193364629525E-04  0.380337555113E-04 -0.101136669228E-03  0.122767769425E-03 -0.129479022015E-03 -0.496532864068E-04  0.158937145981E-04
 -0.618831934629E-04 -0.265011720447E-04 -0.110562407600E-04  0.530408017453E-05
 -0.141602085631E-02 -0.120927833815E-02 -0.161281062770E-02  0.743646953740E-04  0.148015108318E-02  0.172424749065E-02 -0.972940186650E-03
 -0.968269450230E-03  0.119244505587E-02  0.159911030485E-02  0.308825829222E-02  0.170730463836E-02  0.358747529818E-02  0.153905301469E-02
  0.115384479685E-02  0.133126014116E-02 -0.762796475047E-03  0.921482259862E-03  0.202574029114E-02  0.498196150727E-03  0.109767190962E-02
  0.133336237688E-02  0.252551982088E-02  0.167738508408E-02  0.480552531845E-03  0.126415104161E-02  0.124002449542E-02  0.455844118365E-03
  0.547640008571E-03  0.193242484905E-02  0.127816690704E-02  0.533895719922E-03
 -0.459085346246E-02 -0.116162094219E-01 -0.661344566355E-02 -0.189131357745E-01 -0.104511918492E-02 -0.259630179546E-01  0.445351219073E-03
  0.104404844754E-02 -0.277091546007E-01  0.892510551854E-03 -0.165809653396E-02  0.286358189499E-02 -0.223507920648E-02  0.155555696648E-02
  0.389366612492E-02  0.378843619339E-02 -0.139874515023E-02 -0.204086447853E-01  0.206991040799E-02  0.152493427620E-01  0.528323601234E-02
  0.355774791998E-02 -0.153671155357E-02  0.188651339002E-02  0.158329807663E-01 -0.133815054682E-01  0.281695697138E-02  0.176190137028E-01
  0.155941293621E-01  0.151859334636E-02  0.322071737245E-02  0.146216020406E-01
        12        19        11        11
        11         5        12        12
        10        14         5         5
        19        13        11        11
        19        24        13        13
        30        23        24        24
        19        12        22        22
        28        22        21        21
        11        13         6         6
         7         6         9         9
        15        12        14        14
        18        13        23        23
        15        25        21        21
        27        19        22        22
        18         8         9         9
        27        31        24        24
         4        11         6         6
         5        14        12        12
         4         2         5         5
        21        12        15        15
        14        16        15        15
        24        19        27        27
        22        29        27        27
        23        26        18        18
        17         8        18        18
         5        11         4         4
         6         3         4         4
        26        23        30        30
         5         2        10        10
        16        14        10        10
         3         6         7         7
        21        25        28        28
        29        22        28        28
         6        13         9         9
         2         4         1         1
        31        27        32        32
        25        15        20        20
        24        23        13        13
         8         7         9         9
        13        18         9         9
        31        30        24        24
        12        21        22        22
        29        32        27        27
         3         1         4         4
        26        17        18        18
        16        20        15        15
zone t="boundary 2 bc-2", solutiontime= 0.8000000E+02, strandid=1002, i=33, j=48, f=feblock
  0.500000000000E+01  0.375000000000E+01  0.250000000000E+01  0.288078410721E+01  0.125000000000E+01  0.190974100652E+01  0.326683758169E+01
  0.201431602454E+01  0.000000000000E+00  0.963108083381E+00  0.500000000000E+01  0.403552511878E+01  0.423153924130E+01  0.500000000000E+01
  0.385533350601E+01  0.500000000000E+01  0.398173246726E+01  0.315249557942E+01  0.267000324704E+01  0.154774304040E+01  0.218329375016E+01
  0.893127759452E+00  0.000000000000E+00  0.698517061619E+00  0.964171764089E+00  0.310324758057E+01  0.000000000000E+00  0.000000000000E+00
  0.125000000000E+01  0.500000000000E+01  0.375000000000E+01  0.250000000000E+01  0.000000000000E+00
 -0.250000000000E+01 -0.250000000000E+01 -0.250000000000E+01 -0.250000000000E+01 -0.250000000000E+01 -0.250000000000E+01 -0.250000000000E+01
 -0.250000000000E+01 -0.250000000000E+01 -0.250000000000E+01 -0.250000000000E+01 -0.250000000000E+01 -0.250000000000E+01 -0.250000000000E+01
 -0.250000000000E+01 -0.250000000000E+01 -0.250000000000E+01 -0.250000000000E+01 -0.250000000000E+01 -0.250000000000E+01 -0.250000000000E+01
 -0.250000000000E+01 -0.250000000000E+01 -0.250000000000E+01 -0.250000000000E+01 -0.250000000000E+01 -0.250000000000E+01 -0.250000000000E+01
 -0.250000000000E+01 -0.250000000000E+01 -0.250000000000E+01 -0.250000000000E+01 -0.250000000000E+01
  0.000000000000E+00  0.000000000000E+00  0.000000000000E+00  0.904659890645E+00  0.000000000000E+00  0.717002441913E+00  0.188609243358E+01
  0.176246431481E+01  0.000000000000E+00  0.961328577125E+00  0.125000000000E+01  0.101201586758E+01  0.191586535653E+01  0.250000000000E+01
  0.293121848150E+01  0.375000000000E+01  0.406975391361E+01  0.363585050272E+01  0.285047954584E+01  0.292817774674E+01  0.395907379566E+01
  0.205246550326E+01  0.125000000000E+01  0.306828197606E+01  0.397245519226E+01  0.433168271247E+01  0.250000000000E+01  0.375000000000E+01
  0.500000000000E+01  0.500000000000E+01  0.500000000000E+01  0.500000000000E+01  0.500000000000E+01
  0.000000000000E+00  0.000000000000E+00  0.000000000000E+00  0.380991725517E+00  0.000000000000E+00  0.343629902501E+00  0.585285997937E+00
  0.579373345328E+00  0.000000000000E+00  0.501056496643E+00  0.508459636492E+00  0.435372376081E+00  0.572639779008E+00  0.537002216251E+00
  0.568922577244E+00  0.514994217086E+00  0.508247269503E+00  0.527252854700E+00  0.567446690172E+00  0.531657148367E+00  0.505980959997E+00
  0.520795550505E+00  0.443624008640E+00  0.490663634162E+00  0.492155782275E+00  0.501390726941E+00  0.467732142372E+00  0.488211983969E+00
  0.490002657454E+00  0.491352292040E+00  0.486075382695E+00  0.490036359612E+00  0.495098202848E+00
  0.999991230154E+00  0.999991175015E+00  0.999991158230E+00  0.989538312558E+00  0.999991226060E+00  0.985523838840E+00  0.989838990644E+00
  0.991798508740E+00  0.999991292264E+00  0.984410634783E+00  0.985091722602E+00  0.984688434231E+00  0.990058507586E+00  0.100289631571E+01
  0.999855498398E+00  0.100485312288E+01  0.100121556152E+01  0.100055647294E+01  0.997896876980E+00  0.100350037625E+01  0.100058071455E+01
  0.101093288315E+01  0.104043315620E+01  0.100326477647E+01  0.100254501777E+01  0.100045589682E+01  0.100976794917E+01  0.100405373396E+01
  0.100192659785E+01  0.100045434331E+01  0.100058775919E+01  0.100109996600E+01  0.100176114782E+01
 -0.304377557099E-02 -0.225969149982E-02 -0.129469821285E-02  0.326034652946E-01  0.326888423367E-02  0.101962442358E+00 -0.594402447372E-02
  0.227128295805E-02  0.400492645231E-02  0.474008964231E-01 -0.762321877941E-02 -0.921753140778E-02 -0.587160168322E-02 -0.503587179675E-02
 -0.364298853067E-02 -0.330545673788E-02 -0.243187886565E-02 -0.282541410568E-02 -0.491596150390E-02 -0.615155333986E-02 -0.365615340128E-02
  0.235330263167E-02  0.328959935844E-01 -0.408255426260E-02 -0.686033159328E-02 -0.439108825686E-02 -0.415698381274E-02 -0.807908879663E-02
 -0.317532805451E-01 -0.384020505831E-02 -0.145985088750E-01 -0.279512488610E-01 -0.352250296625E-01
  0.825436758156E-03 -0.250620570349E-03  0.297399558707E-04  0.552360735160E-02 -0.543641089511E-03  0.126989613125E-01 -0.160761308255E-03
 -0.439578299429E-03  0.379926206006E-03  0.564944008077E-02  0.173857692260E-02 -0.444091151646E-04  0.830374974224E-03  0.128459962109E-02
  0.808873927349E-03  0.774839599906E-03  0.911589680279E-03  0.735215934434E-03  0.176857318632E-03 -0.636210270670E-03  0.305753336177E-03
 -0.390302033209E-03  0.417804898669E-02 -0.320155234741E-03 -0.809015277573E-03  0.432679810804E-03 -0.103443863263E-02 -0.170875945470E-02
 -0.572803673019E-02  0.189811655973E-03 -0.147367456542E-02 -0.436477726243E-02 -0.732943058924E-02
 -0.202363888383E-03  0.518652032129E-04  0.311678336350E-03  0.752968251173E-03  0.162285389239E-03  0.124434055866E-02 -0.977183713253E-04
  0.161715634524E-04 -0.301948347929E-03  0.459304965654E-03 -0.111252073476E-03 -0.357400226715E-03  0.850917059442E-05  0.928066802978E-05
  0.985053221159E-05 -0.160794224170E-04  0.180123925644E-05 -0.987032769573E-05  0.217362173650E-04  0.393337113461E-04 -0.200160858006E-04
  0.392737204252E-04 -0.129479022015E-03  0.688627688981E-05 -0.412468583931E-05 -0.756158655862E-05 -0.265011720447E-04 -0.110562407600E-04
 -0.428625043145E-05 -0.326174423044E-05 -0.118882771127E-08  0.207774668135E-05  0.530408017453E-05
 -0.226307209419E-03 -0.264352566895E-03 -0.404239407666E-03  0.130465903452E-02 -0.911024996736E-03  0.218870752007E-03  0.199159814688E-02
  0.257149623791E-02 -0.762796475047E-03  0.120267289512E-02  0.406718420451E-03  0.147263255490E-02  0.789649496326E-03  0.338870774635E-03
  0.761731988042E-03  0.268406563296E-03  0.706676036074E-03  0.100197685897E-02  0.123455224709E-02  0.124188943105E-02  0.114331345211E-02
  0.196923265340E-02  0.126415104161E-02  0.131229411831E-02  0.113627832808E-02  0.988643268403E-03  0.193242484905E-02  0.127816690704E-02
  0.755640576844E-03  0.408612459163E-03  0.883294760130E-03  0.953071709984E-03  0.533895719922E-03
  0.852384630086E-03  0.256569801138E-02  0.444724524451E-02 -0.147027367571E-01  0.500193736933E-02 -0.435675616815E-01  0.182491907556E-02
 -0.962115220227E-03 -0.139874515023E-02 -0.195715796708E-01  0.164401256667E-02  0.287033503771E-02  0.145478512053E-02  0.967589361842E-03
  0.724264508917E-03  0.668787742066E-03  0.340448831710E-03  0.530342495571E-03  0.140303604984E-02  0.215312036806E-02  0.987817945577E-03
 -0.990129460524E-03 -0.133815054682E-01  0.134612560451E-02  0.251490164779E-02  0.120544818168E-02  0.151859334636E-02  0.322071737245E-02
  0.129060101311E-01  0.116202817337E-02  0.548037583404E-02  0.111192456826E-01  0.146216020406E-01
        15         7        19        19
         8        20        19        19
        18        19        21        21
         7         4         8         8
         3         6         4         4
        19         7         8         8
        19        18        15        15
        14        13        15        15
         8        22        20        20
        27        24        22        22
        19        20        21        21
        32        26        21        21
        17        18        26        26
        17        16        15        15
        25        29        21        21
        12         7        13        13
        10         8         6         6
        25        20        24        24
         4         6         8         8
        12         2         4         4
        10        23        22        22
        26        31        17        17
        30        16        17        17
         4         7        12        12
        13        11        12        12
        21        20        25        25
        24        28        25        25
        22         8        10        10
         6         5        10        10
        31        26        32        32
         4         2         3         3
         5         6         3         3
        11        13        14        14
        22        23        27        27
        28        24        27        27
        15        13         7         7
         2        12         1         1
        29        25        33        33
        23        10         9         9
        21        26        18        18
        16        14        15        15
        18        17        15        15
        29        32        21        21
        22        24        20        20
        28        33        25        25
        11         1        12        12
        31        30        17        17
         5         9        10        10
zone t="boundary 3 bc-3", solutiontime= 0.8000000E+02, strandid=1003, i=33, j=48, f=feblock
  0.375000000000E+01  0.250000000000E+01  0.500000000000E+01  0.403552511878E+01  0.288078410721E+01  0.125000000000E+01  0.190974100652E+01
  0.500000000000E+01  0.326683758169E+01  0.423153924130E+01  0.201431602454E+01  0.000000000000E+00  0.963108083381E+00  0.500000000000E+01
  0.267000324704E+01  0.385533350601E+01  0.893127759452E+00  0.154774304040E+01  0.000000000000E+00  0.500000000000E+01  0.315249557942E+01
  0.218329375016E+01  0.398173246726E+01  0.000000000000E+00  0.698517061619E+00  0.964171764089E+00  0.125000000000E+01  0.000000000000E+00
  0.500000000000E+01  0.310324758057E+01  0.250000000000E+01  0.375000000000E+01  0.000000000000E+00
  0.250000000000E+01  0.250000000000E+01  0.250000000000E+01  0.250000000000E+01  0.250000000000E+01  0.250000000000E+01  0.250000000000E+01
  0.250000000000E+01  0.250000000000E+01  0.250000000000E+01  0.250000000000E+01  0.250000000000E+01  0.250000000000E+01  0.250000000000E+01
  0.250000000000E+01  0.250000000000E+01  0.250000000000E+01  0.250000000000E+01  0.250000000000E+01  0.250000000000E+01  0.250000000000E+01
  0.250000000000E+01  0.250000000000E+01  0.250000000000E+01  0.250000000000E+01  0.250000000000E+01  0.250000000000E+01  0.250000000000E+01
  0.250000000000E+01  0.250000000000E+01  0.250000000000E+01  0.250000000000E+01  0.250000000000E+01
  0.000000000000E+00  0.000000000000E+00  0.000000000000E+00  0.101201586758E+01  0.904659890645E+00  0.000000000000E+00  0.717002441913E+00
  0.125000000000E+01  0.188609243358E+01  0.191586535653E+01  0.176246431481E+01  0.000000000000E+00  0.961328577125E+00  0.250000000000E+01
  0.285047954584E+01  0.293121848150E+01  0.205246550326E+01  0.292817774674E+01  0.125000000000E+01  0.375000000000E+01  0.363585050272E+01
  0.395907379566E+01  0.406975391361E+01  0.250000000000E+01  0.306828197606E+01  0.397245519226E+01  0.500000000000E+01  0.375000000000E+01
  0.500000000000E+01  0.433168271247E+01  0.500000000000E+01  0.500000000000E+01  0.500000000000E+01
  0.000000000000E+00  0.000000000000E+00  0.000000000000E+00  0.443767851971E+00  0.402286937187E+00  0.000000000000E+00  0.377550347167E+00
  0.509232303765E+00  0.575832200483E+00  0.573707467431E+00  0.562554066051E+00  0.000000000000E+00  0.490563275283E+00  0.534527160060E+00
  0.556586972364E+00  0.564391596022E+00  0.522730462526E+00  0.522051957840E+00  0.441238238418E+00  0.517182364794E+00  0.524228611468E+00
  0.503687398987E+00  0.509488557597E+00  0.469814866974E+00  0.495614370334E+00  0.494483710979E+00  0.488562341139E+00  0.488961578622E+00
  0.492980742035E+00  0.499005498570E+00  0.486460842266E+00  0.484596857761E+00  0.495346539859E+00
  0.999990271160E+00  0.999990226304E+00  0.999990396196E+00  0.981542103217E+00  0.988774189663E+00  0.999990284241E+00  0.982469591301E+00
  0.984104381171E+00  0.990427577672E+00  0.990355317210E+00  0.994363027919E+00  0.999990418744E+00  0.988652137107E+00  0.100368372122E+01
  0.999769224643E+00  0.100118503172E+01  0.100834889321E+01  0.100252113520E+01  0.102982723097E+01  0.100443321097E+01  0.100199539020E+01
  0.100082058839E+01  0.100138193870E+01  0.100826280896E+01  0.100298790017E+01  0.100192392083E+01  0.100215269912E+01  0.100355662856E+01
  0.100047670699E+01  0.100056592873E+01  0.100126822740E+01  0.100066575135E+01  0.100179337938E+01
 -0.181246566989E-02  0.101414524055E-02 -0.283643725613E-02  0.136310884356E-01  0.553273379460E-01  0.352110800373E-02  0.558257770886E-01
 -0.972265831135E-02 -0.519170391583E-02 -0.629039393778E-02  0.846603250567E-02  0.570949895893E-02  0.377591999215E-01 -0.484441975783E-02
 -0.538996071797E-02 -0.403621275120E-02  0.122519165659E-03 -0.518968366764E-02  0.281448657445E-01 -0.334963846682E-02 -0.248016912841E-02
 -0.331430939231E-02 -0.256753625238E-02 -0.224135081232E-02 -0.450664558582E-02 -0.879099762995E-02 -0.276122594141E-01 -0.941830300695E-02
 -0.319926150324E-02 -0.394445599174E-02 -0.257913092025E-01 -0.139618653172E-01 -0.367304904357E-01
 -0.376344825770E-03 -0.380471794893E-03  0.704082795573E-03  0.405988156431E-02  0.759458741043E-02 -0.787288767013E-03  0.676747944295E-02
  0.163003428950E-02  0.178080804251E-04  0.899305088015E-03  0.185270360955E-04  0.193125828469E-03  0.259405542662E-02  0.126879226187E-02
  0.243615482489E-04  0.694087345621E-03 -0.127213401755E-02 -0.476721602209E-03  0.400349066608E-02  0.822896165246E-03  0.736128889339E-03
  0.411767014646E-03  0.846902437845E-03 -0.901902290118E-03 -0.100741129085E-02 -0.110499636292E-02 -0.489165822670E-02 -0.207520613608E-02
  0.293425133722E-03  0.475972476044E-03 -0.398343419581E-02 -0.137987376259E-02 -0.755118364823E-02
 -0.675452631318E-04  0.262814604892E-04  0.961489163219E-04 -0.239697188488E-03 -0.757597054870E-03  0.315207053064E-03 -0.600122856405E-05
  0.441827752604E-05 -0.872711980038E-04  0.187422637686E-04 -0.729984350568E-04  0.358613622485E-03  0.443463239897E-03  0.350487393302E-04
 -0.478041283897E-06  0.805032139778E-05 -0.149131763321E-03 -0.572773663027E-04  0.120921044167E-03  0.194522989201E-04  0.761779489343E-05
  0.439479884897E-04  0.157264865288E-05 -0.128994231661E-04 -0.370487249938E-04  0.128255024806E-04  0.165063243352E-04 -0.469699194600E-05
  0.680246732062E-05  0.110390154360E-06  0.397610070271E-05 -0.102925823903E-05  0.193448507155E-05
 -0.425536088862E-03 -0.805615150525E-03 -0.248331596736E-03  0.580582414661E-03  0.993292457974E-03 -0.807273685163E-03  0.353512812312E-03
  0.330277739414E-03  0.182726453262E-02  0.893727360385E-03  0.268231541484E-02 -0.141602085631E-02  0.886000491240E-03  0.369820402012E-03
  0.101223722975E-02  0.832542956230E-03  0.230927560511E-02  0.109307423886E-02 -0.120927833815E-02  0.341381143630E-03  0.984996084650E-03
  0.103986027845E-02  0.747094469086E-03  0.159911030485E-02  0.154453434639E-02  0.107027795388E-02  0.784869390418E-03  0.133126014116E-02
  0.375238775294E-03  0.976381443967E-03  0.950212461894E-03  0.864273831966E-03  0.498196150727E-03
  0.652268047919E-02  0.288579166738E-02  0.130925767116E-02 -0.727415114367E-02 -0.240413942806E-01  0.286664865461E-03 -0.234811289074E-01
  0.245107878057E-02  0.156323040726E-02  0.160337912842E-02 -0.333460820403E-02 -0.459085346246E-02 -0.148472336219E-01  0.911840654834E-03
  0.165445621234E-02  0.907769778500E-03  0.475172943260E-04  0.176146856149E-02 -0.116162094219E-01  0.656571708836E-03  0.405937569695E-03
  0.838979149255E-03  0.414154269672E-03  0.892510551854E-03  0.162786821326E-02  0.330152127229E-02  0.111608589125E-01  0.378843619339E-02
  0.905597196460E-03  0.103823447238E-02  0.102297624534E-01  0.522425495435E-02  0.152493427620E-01
        15         9        16        16
        15        18        11        11
        22        15        21        21
        11         5         9         9
         5         7         2         2
        11         9        15        15
        16        21        15        15
        16        10        14        14
        18        17        11        11
        17        25        24        24
        22        18        15        15
        22        30        31        31
        30        21        23        23
        16        20        23        23
        22        27        26        26
        10         9         4         4
         7        11        13        13
        25        18        26        26
        11         7         5         5
         5         1         4         4
        17        19        13        13
        23        32        30        30
        23        20        29        29
         4         9         5         5
         4         8        10        10
        26        18        22        22
        26        28        25        25
        13        11        17        17
        13         6         7         7
        31        30        32        32
         2         1         5         5
         2         7         6         6
        14        10         8         8
        24        19        17        17
        24        25        28        28
         9        10        16        16
         3         4         1         1
        33        26        27        27
        12        13        19        19
        21        30        22        22
        16        14        20        20
        16        23        21        21
        22        31        27        27
        18        25        17        17
        26        33        28        28
         4         3         8         8
        23        29        32        32
        13        12         6         6
zone t="boundary 4 bc-4", solutiontime= 0.8000000E+02, strandid=1004, i=32, j=46, f=feblock
  0.125000000000E+01  0.219251206392E+01  0.103724302461E+01  0.500000000000E+01  0.250000000000E+01  0.375000000000E+01  0.404200324774E+01
  0.500000000000E+01  0.000000000000E+00  0.310152362409E+01  0.202479342020E+01  0.324151231464E+01  0.922061490191E+00  0.000000000000E+00
  0.299062775774E+01  0.394624082883E+01  0.500000000000E+01  0.409252726285E+01  0.500000000000E+01  0.429310310915E+01  0.175434191980E+01
  0.284428995242E+01  0.000000000000E+00  0.000000000000E+00  0.715990576545E+00  0.930412228790E+00  0.125000000000E+01  0.187029682677E+01
  0.500000000000E+01  0.375000000000E+01  0.250000000000E+01  0.000000000000E+00
  0.250000000000E+01  0.157686156160E+01  0.146289271009E+01  0.250000000000E+01  0.250000000000E+01  0.250000000000E+01  0.155830813274E+01
  0.125000000000E+01  0.250000000000E+01  0.177790177481E+01  0.477386199275E+00  0.742988685424E+00  0.308372018325E+00  0.125000000000E+01
 -0.487811078581E+00 -0.144524380962E+01 -0.125000000000E+01 -0.345533899378E+00  0.000000000000E+00  0.627766083140E+00 -0.739814786992E+00
 -0.158811787973E+01  0.000000000000E+00 -0.125000000000E+01 -0.600232012419E+00 -0.154800130438E+01 -0.250000000000E+01 -0.178862290564E+01
 -0.250000000000E+01 -0.250000000000E+01 -0.250000000000E+01 -0.250000000000E+01
  0.500000000000E+01  0.500000000000E+01  0.500000000000E+01  0.500000000000E+01  0.500000000000E+01  0.500000000000E+01  0.500000000000E+01
  0.500000000000E+01  0.500000000000E+01  0.500000000000E+01  0.500000000000E+01  0.500000000000E+01  0.500000000000E+01  0.500000000000E+01
  0.500000000000E+01  0.500000000000E+01  0.500000000000E+01  0.500000000000E+01  0.500000000000E+01  0.500000000000E+01  0.500000000000E+01
  0.500000000000E+01  0.500000000000E+01  0.500000000000E+01  0.500000000000E+01  0.500000000000E+01  0.500000000000E+01  0.500000000000E+01
  0.500000000000E+01  0.500000000000E+01  0.500000000000E+01  0.500000000000E+01
  0.488562341139E+00  0.488873032190E+00  0.490562859008E+00  0.492980742035E+00  0.486460842266E+00  0.484596857761E+00  0.485347839168E+00
  0.494163546244E+00  0.495346539859E+00  0.486528146737E+00  0.487819888657E+00  0.487068824666E+00  0.494045825543E+00  0.496127345644E+00
  0.487612248631E+00  0.483219641417E+00  0.492395524030E+00  0.487214085145E+00  0.494738995157E+00  0.487958482370E+00  0.489677130929E+00
  0.488028988723E+00  0.497246230722E+00  0.496059214486E+00  0.494950977562E+00  0.492800285634E+00  0.490002657454E+00  0.490005003498E+00
  0.491352292040E+00  0.486075382695E+00  0.490036359612E+00  0.495098202848E+00
  0.100215269912E+01  0.100152655428E+01  0.100178349846E+01  0.100047670699E+01  0.100126822740E+01  0.100066575135E+01  0.100025358887E+01
  0.100050392281E+01  0.100179337938E+01  0.100112369427E+01  0.100133047555E+01  0.100072434606E+01  0.100164369001E+01  0.100168846499E+01
  0.100096276497E+01  0.100000874944E+01  0.100082864588E+01  0.100022269848E+01  0.100062146520E+01  0.100023497975E+01  0.100174638491E+01
  0.100098857876E+01  0.100118728691E+01  0.100134173037E+01  0.100132638128E+01  0.100179876461E+01  0.100192659785E+01  0.100163751619E+01
  0.100045434331E+01  0.100058775919E+01  0.100109996600E+01  0.100176114782E+01
 -0.276122594141E-01 -0.268264520418E-01 -0.276046134895E-01 -0.319926150324E-02 -0.257913092025E-01 -0.139618653172E-01 -0.972226975151E-02
 -0.319070851307E-02 -0.367304904357E-01 -0.214287782412E-01 -0.290119029323E-01 -0.202872496544E-01 -0.338541383453E-01 -0.380702082650E-01
 -0.230510574001E-01 -0.957662637792E-02 -0.372026660867E-02 -0.121009753280E-01 -0.300736990092E-02 -0.119870431457E-01 -0.359663699543E-01
 -0.218272655188E-01 -0.422405922319E-01 -0.374718238645E-01 -0.393452124966E-01 -0.316540161084E-01 -0.317532805451E-01 -0.335872740433E-01
 -0.384020505831E-02 -0.145985088750E-01 -0.279512488610E-01 -0.352250296625E-01
 -0.489165822670E-02 -0.434728549593E-02 -0.495654853826E-02  0.293425133722E-03 -0.398343419581E-02 -0.137987376259E-02 -0.613997592421E-03
  0.225729932200E-03 -0.755118364823E-02 -0.292579524392E-02 -0.475508561737E-02 -0.266614828482E-02 -0.617479991641E-02 -0.797235953649E-02
 -0.324485185759E-02 -0.587392406277E-03  0.235700531375E-03 -0.106275059682E-02  0.233851176744E-03 -0.106105231701E-02 -0.622676056647E-02
 -0.299769756832E-02 -0.887251777798E-02 -0.784035347565E-02 -0.747492911960E-02 -0.588323288154E-02 -0.572803673019E-02 -0.573460944543E-02
  0.189811655973E-03 -0.147367456542E-02 -0.436477726243E-02 -0.732943058924E-02
  0.165063243352E-04  0.647947634334E-04  0.751741143849E-04  0.680246732062E-05  0.397610070271E-05 -0.102925823903E-05  0.191873661746E-04
 -0.171057990389E-04  0.193448507155E-05  0.345924391842E-04  0.826003047991E-04  0.323423252607E-04  0.103833651854E-03  0.122767769425E-03
 -0.167765452541E-04 -0.366747443176E-04 -0.143206858044E-04 -0.497318905675E-04  0.395292711088E-06 -0.877824809459E-05 -0.145879664209E-04
 -0.200448163377E-04  0.158937145981E-04 -0.618831934629E-04 -0.175147343027E-04 -0.756025173968E-04 -0.428625043145E-05 -0.752176799373E-04
 -0.326174423044E-05 -0.118882771127E-08  0.207774668135E-05  0.530408017453E-05
  0.784869390418E-03  0.941148407725E-03  0.752400454121E-03  0.375238775294E-03  0.950212461894E-03  0.864273831966E-03  0.783292423253E-03
  0.340982521779E-03  0.498196150727E-03  0.966430048932E-03  0.921221188980E-03  0.981055462442E-03  0.727962982208E-03  0.480552531845E-03
  0.975868776783E-03  0.806848818480E-03  0.389933255800E-03  0.805744898827E-03  0.326080488706E-03  0.732274804065E-03  0.874129673376E-03
  0.990358389682E-03  0.455844118365E-03  0.547640008571E-03  0.621536182043E-03  0.720919704835E-03  0.755640576844E-03  0.863316086225E-03
  0.408612459163E-03  0.883294760130E-03  0.953071709984E-03  0.533895719922E-03
  0.111608589125E-01  0.106986140093E-01  0.112002084603E-01  0.905597196460E-03  0.102297624534E-01  0.522425495435E-02  0.347547388656E-02
  0.933219658496E-03  0.152493427620E-01  0.835385354524E-02  0.116134139075E-01  0.787200973887E-02  0.138149852277E-01  0.158329807663E-01
  0.903395643253E-02  0.341208126207E-02  0.110323649580E-02  0.447236368910E-02  0.867778981998E-03  0.445151156173E-02  0.145454520685E-01
  0.851545325671E-02  0.176190137028E-01  0.155941293621E-01  0.161858909355E-01  0.129267228256E-01  0.129060101311E-01  0.135538565804E-01
  0.116202817337E-02  0.548037583404E-02  0.111192456826E-01  0.146216020406E-01
        12        15        11        11
        11         2        12        12
         5        10         2         2
        15        21        11        11
        15        22        21        21
        31        28        22        22
        15        12        18        18
        19        18        20        20
        11        21        13        13
        23        13        25        25
         7        12        10        10
        26        21        28        28
         7         8        20        20
        16        15        18        18
        26        24        25        25
        16        30        22        22
         3        11        13        13
         2        10        12        12
         3         1         2         2
        20        12         7         7
        10         6         7         7
        22        15        16        16
        18        17        16        16
        28        27        26        26
        32        24        26        26
         2        11         3         3
        13        14         3         3
        27        28        31        31
         2         1         5         5
         6        10         5         5
        14        13        23        23
        20         8        19        19
        17        18        19        19
        13        21        25        25
         1         3         9         9
        30        16        29        29
         8         7         4         4
        22        28        21        21
        24        23        25        25
        21        26        25        25
        30        31        22        22
        12        20        18        18
        17        29        16        16
        14         9         3         3
        27        32        26        26
         6         4         7         7
zone t="boundary 5 bc-5", solutiontime= 0.8000000E+02, strandid=1005, i=33, j=48, f=feblock
  0.500000000000E+01  0.500000000000E+01  0.500000000000E+01  0.500000000000E+01  0.500000000000E+01  0.500000000000E+01  0.500000000000E+01
  0.500000000000E+01  0.500000000000E+01  0.500000000000E+01  0.500000000000E+01  0.500000000000E+01  0.500000000000E+01  0.500000000000E+01
  0.500000000000E+01  0.500000000000E+01  0.500000000000E+01  0.500000000000E+01  0.500000000000E+01  0.500000000000E+01  0.500000000000E+01
  0.500000000000E+01  0.500000000000E+01  0.500000000000E+01  0.500000000000E+01  0.500000000000E+01  0.500000000000E+01  0.500000000000E+01
  0.500000000000E+01  0.500000000000E+01  0.500000000000E+01  0.500000000000E+01  0.500000000000E+01
  0.250000000000E+01  0.125000000000E+01  0.250000000000E+01  0.157899473280E+01  0.000000000000E+00  0.659350882208E+00  0.250000000000E+01
  0.173899611320E+01  0.825621401394E+00  0.132549389334E+01 -0.125000000000E+01 -0.322732261638E+00  0.250000000000E+01  0.490615021923E-01
 -0.873141960959E+00  0.350800286361E+00  0.145332269920E+01 -0.250000000000E+01 -0.147959633950E+01  0.250000000000E+01 -0.857924212153E+00
 -0.165007033378E+01  0.518568023061E+00 -0.461282870254E+00  0.125000000000E+01 -0.250000000000E+01 -0.183684615440E+01 -0.158398995423E+01
 -0.250000000000E+01 -0.250000000000E+01 -0.125000000000E+01  0.000000000000E+00 -0.250000000000E+01
  0.000000000000E+00  0.000000000000E+00  0.125000000000E+01  0.905837536509E+00  0.000000000000E+00  0.735450417037E+00  0.250000000000E+01
  0.182727219356E+01  0.162230260845E+01  0.280856328277E+01  0.000000000000E+00  0.109945440014E+01  0.375000000000E+01  0.227317933631E+01
  0.189599568386E+01  0.342819755379E+01  0.403384942830E+01  0.000000000000E+00  0.104050588738E+01  0.500000000000E+01  0.297954017413E+01
  0.214587157439E+01  0.430969386006E+01  0.408642231822E+01  0.500000000000E+01  0.125000000000E+01  0.304506426164E+01  0.398205049073E+01
  0.250000000000E+01  0.375000000000E+01  0.500000000000E+01  0.500000000000E+01  0.500000000000E+01
  0.000000000000E+00  0.000000000000E+00  0.509232303765E+00  0.472098889877E+00  0.000000000000E+00  0.480805232568E+00  0.534527160060E+00
  0.535829357857E+00  0.535478981134E+00  0.540786114149E+00  0.000000000000E+00  0.510355469719E+00  0.517182364794E+00  0.539187609845E+00
  0.542979583813E+00  0.529277497031E+00  0.511036806073E+00  0.000000000000E+00  0.495603636910E+00  0.492980742035E+00  0.531173567011E+00
  0.533778435684E+00  0.505621180161E+00  0.512004268975E+00  0.494163546244E+00  0.508459636492E+00  0.529554387316E+00  0.511911103307E+00
  0.537002216251E+00  0.514994217086E+00  0.492395524030E+00  0.494738995157E+00  0.491352292040E+00
  0.999990396196E+00  0.999990325101E+00  0.984104381171E+00  0.976444186981E+00  0.999990349063E+00  0.959042246313E+00  0.100368372122E+01
  0.994429545795E+00  0.991216409760E+00  0.100355191873E+01  0.999990618155E+00  0.971537346423E+00  0.100443321097E+01  0.100528534968E+01
  0.997216652767E+00  0.100662945901E+01  0.100305332869E+01  0.999991230154E+00  0.973515622436E+00  0.100047670699E+01  0.100763871335E+01
  0.100128636665E+01  0.100314051624E+01  0.100383224503E+01  0.100050392281E+01  0.985091722602E+00  0.100596560541E+01  0.100387955763E+01
  0.100289631571E+01  0.100485312288E+01  0.100082864588E+01  0.100062146520E+01  0.100045434331E+01
 -0.283643725613E-02 -0.257654361357E-02 -0.972265831135E-02 -0.121612976953E-01 -0.352265614986E-02 -0.399592931788E-02 -0.484441975783E-02
 -0.642950850756E-02 -0.727429919719E-02 -0.426504121020E-02 -0.246448429483E-02 -0.587951721323E-02 -0.334963846682E-02 -0.530108694425E-02
 -0.608305134611E-02 -0.352284813397E-02 -0.270229693443E-02 -0.304377557099E-02 -0.482031337838E-02 -0.319926150324E-02 -0.420751394873E-02
 -0.579492640176E-02 -0.217936611215E-02 -0.242370875948E-02 -0.319070851307E-02 -0.762321877941E-02 -0.414960923940E-02 -0.269344123588E-02
 -0.503587179675E-02 -0.330545673788E-02 -0.372026660867E-02 -0.300736990092E-02 -0.384020505831E-02
  0.704082795573E-03  0.716016040640E-03  0.163003428950E-02  0.158615261433E-02  0.111623734308E-02  0.441337288076E-02  0.126879226187E-02
  0.165460632989E-02  0.186067140367E-02  0.117248438653E-02  0.929191992817E-03  0.317246743091E-02  0.822896165246E-03  0.138132787026E-02
  0.166489261015E-02  0.980656637556E-03  0.816643504753E-03  0.825436758156E-03  0.326356440488E-02  0.293425133722E-03  0.109313119496E-02
  0.149657935008E-02  0.724356232091E-03  0.854272589591E-03  0.225729932200E-03  0.173857692260E-02  0.102487331365E-02  0.854564743280E-03
  0.128459962109E-02  0.774839599906E-03  0.235700531375E-03  0.233851176744E-03  0.189811655973E-03
  0.961489163219E-04  0.195307226973E-03  0.441827752604E-05  0.414390354835E-03 -0.196435745959E-03  0.328225326591E-03  0.350487393302E-04
  0.165967967718E-03  0.144111993795E-03  0.338955030976E-04 -0.101507104079E-03 -0.398043359828E-03  0.194522989201E-04 -0.533573165467E-04
 -0.107081938439E-03  0.339698270890E-04  0.955824370290E-05 -0.202363888383E-03 -0.197462879057E-03  0.680246732062E-05 -0.438580932902E-04
 -0.145052862294E-03  0.375241141355E-05  0.124499133829E-05 -0.171057990389E-04 -0.111252073476E-03 -0.456341423035E-05 -0.354281880009E-04
  0.928066802978E-05 -0.160794224170E-04 -0.143206858044E-04  0.395292711088E-06 -0.326174423044E-05
 -0.248331596736E-03 -0.420883580512E-03  0.330277739414E-03  0.197915748311E-03 -0.543349850944E-03 -0.390159540706E-03  0.369820402012E-03
  0.459272359202E-03  0.884118390926E-03  0.417072085649E-03 -0.402244674077E-03  0.155980180116E-03  0.341381143630E-03  0.411673125528E-03
  0.633969533810E-03  0.253872842980E-03  0.362226468921E-03 -0.226307209419E-03 -0.667968844522E-04  0.375238775294E-03  0.268631433952E-03
  0.469181268706E-03  0.258169131112E-03  0.310039693811E-03  0.340982521779E-03  0.406718420451E-03  0.235070090568E-03  0.295728505940E-03
  0.338870774635E-03  0.268406563296E-03  0.389933255800E-03  0.326080488706E-03  0.408612459163E-03
  0.130925767116E-02  0.428016162620E-02  0.245107878057E-02  0.337276493539E-02  0.429386916096E-02 -0.107605704185E-02  0.911840654834E-03
  0.125894336171E-02  0.148273819837E-02  0.772659446632E-03  0.447132976120E-02  0.223692085492E-03  0.656571708836E-03  0.986700753413E-03
  0.113064923260E-02  0.636686282356E-03  0.468636825860E-03  0.852384630086E-03 -0.119356324428E-03  0.905597196460E-03  0.790146047800E-03
  0.110585164026E-02  0.341062605521E-03  0.363341486260E-03  0.933219658496E-03  0.164401256667E-02  0.806198425160E-03  0.455160936807E-03
  0.967589361842E-03  0.668787742066E-03  0.110323649580E-02  0.867778981998E-03  0.116202817337E-02
        12        15        14        14
        21        16        14        14
         9        14        10        10
        15        22        21        21
        29        27        22        22
        14        16        10        10
         7         8        10        10
        14        15        21        21
        14         9        12        12
         5        12         6         6
        21        24        16        16
        32        23        24        24
        28        21        27        27
        17        16        23        23
        28        31        24        24
        19        15        12        12
         4         2         6         6
         4         9         8         8
        10         8         9         9
        17        13        10        10
        19        26        22        22
        10        16        17        17
        23        25        17        17
        22        15        19        19
        12        11        19        19
        27        30        28        28
        33        31        28        28
         6         9         4         4
         8         3         4         4
        25        23        32        32
        10        13         7         7
         3         8         7         7
        30        27        29        29
         6         2         5         5
        11        12         5         5
        24        23        16        16
        13        17        20        20
        26        19        18        18
         2         4         1         1
        22        27        21        21
        31        32        24        24
        21        28        24        24
        26        29        22        22
         9         6        12        12
        11        18        19        19
        25        20        17        17
        30        33        28        28
         3         1         4         4
zone t="boundary 6 bc-6", solutiontime= 0.8000000E+02, strandid=1006, i=33, j=48, f=feblock
  0.375000000000E+01  0.250000000000E+01  0.500000000000E+01  0.403384942830E+01  0.280856328277E+01  0.125000000000E+01  0.182727219356E+01
  0.500000000000E+01  0.430969386006E+01  0.342819755379E+01  0.227317933631E+01  0.162230260845E+01  0.000000000000E+00  0.905837536509E+00
  0.500000000000E+01  0.408642231822E+01  0.297954017413E+01  0.189599568386E+01  0.109945440014E+01  0.735450417037E+00  0.000000000000E+00
  0.500000000000E+01  0.398205049073E+01  0.304506426164E+01  0.214587157439E+01  0.104050588738E+01  0.000000000000E+00  0.000000000000E+00
  0.500000000000E+01  0.375000000000E+01  0.250000000000E+01  0.125000000000E+01  0.000000000000E+00
  0.250000000000E+01  0.250000000000E+01  0.250000000000E+01  0.145332269920E+01  0.132549389334E+01  0.250000000000E+01  0.173899611320E+01
  0.125000000000E+01  0.518568023061E+00  0.350800286361E+00  0.490615021923E-01  0.825621401394E+00  0.250000000000E+01  0.157899473280E+01
  0.000000000000E+00 -0.461282870254E+00 -0.857924212153E+00 -0.873141960959E+00 -0.322732261638E+00  0.659350882208E+00  0.125000000000E+01
 -0.125000000000E+01 -0.158398995423E+01 -0.183684615440E+01 -0.165007033378E+01 -0.147959633950E+01  0.000000000000E+00 -0.125000000000E+01
 -0.250000000000E+01 -0.250000000000E+01 -0.250000000000E+01 -0.250000000000E+01 -0.250000000000E+01
  0.000000000000E+00  0.000000000000E+00  0.000000000000E+00  0.000000000000E+00  0.000000000000E+00  0.000000000000E+00  0.000000000000E+00
  0.000000000000E+00  0.000000000000E+00  0.000000000000E+00  0.000000000000E+00  0.000000000000E+00  0.000000000000E+00  0.000000000000E+00
  0.000000000000E+00  0.000000000000E+00  0.000000000000E+00  0.000000000000E+00  0.000000000000E+00  0.000000000000E+00  0.000000000000E+00
  0.000000000000E+00  0.000000000000E+00  0.000000000000E+00  0.000000000000E+00  0.000000000000E+00  0.000000000000E+00  0.000000000000E+00
  0.000000000000E+00  0.000000000000E+00  0.000000000000E+00  0.000000000000E+00  0.000000000000E+00
  0.000000000000E+00  0.000000000000E+00  0.000000000000E+00  0.000000000000E+00  0.000000000000E+00  0.000000000000E+00  0.000000000000E+00
  0.000000000000E+00  0.000000000000E+00  0.000000000000E+00  0.000000000000E+00  0.000000000000E+00  0.000000000000E+00  0.000000000000E+00
  0.000000000000E+00  0.000000000000E+00  0.000000000000E+00  0.000000000000E+00  0.000000000000E+00  0.000000000000E+00  0.000000000000E+00
  0.000000000000E+00  0.000000000000E+00  0.000000000000E+00  0.000000000000E+00  0.000000000000E+00  0.000000000000E+00  0.000000000000E+00
  0.000000000000E+00  0.000000000000E+00  0.000000000000E+00  0.000000000000E+00  0.000000000000E+00
  0.999990271160E+00  0.999990226304E+00  0.999990396196E+00  0.999990182377E+00  0.999990059368E+00  0.999990284241E+00  0.999990143498E+00
  0.999990325101E+00  0.999990167205E+00  0.999989996585E+00  0.999989917772E+00  0.999990049955E+00  0.999990418744E+00  0.999990224555E+00
  0.999990349063E+00  0.999990157773E+00  0.999989991223E+00  0.999990034648E+00  0.999990131616E+00  0.999990193926E+00  0.999990357178E+00
  0.999990618155E+00  0.999990505567E+00  0.999990497886E+00  0.999990354822E+00  0.999990495401E+00  0.999990394394E+00  0.999990676924E+00
  0.999991230154E+00  0.999991175015E+00  0.999991158230E+00  0.999991226060E+00  0.999991292264E+00
 -0.181246566989E-02  0.101414524055E-02 -0.283643725613E-02 -0.247320010582E-02  0.109691751027E-03  0.352110800373E-02  0.139154934766E-02
 -0.257654361357E-02 -0.283650147334E-02 -0.121776593528E-02  0.693717174577E-03  0.142466893658E-02  0.570949895893E-02  0.399128762939E-02
 -0.352265614986E-02 -0.294499500736E-02 -0.936764047527E-04  0.191931569649E-02  0.176806166721E-02  0.355792263329E-02  0.686861183447E-02
 -0.246448429483E-02 -0.263708751010E-02  0.627757521655E-04  0.376225581209E-03  0.264600307530E-02  0.542658037761E-02  0.220754236832E-02
 -0.304377557099E-02 -0.225969149982E-02 -0.129469821285E-02  0.326888423367E-02  0.400492645231E-02
 -0.376344825770E-03 -0.380471794893E-03  0.704082795573E-03 -0.356863915894E-03 -0.123663643790E-02 -0.787288767013E-03 -0.277972867064E-03
  0.716016040640E-03 -0.266718790780E-03 -0.901856257932E-03 -0.715018395549E-03 -0.517211368008E-03  0.193125828469E-03 -0.125428606046E-02
  0.111623734308E-02 -0.241052797693E-03 -0.924139971373E-03 -0.769089669832E-03 -0.796263966374E-03 -0.111056048120E-02  0.315049397806E-03
  0.929191992817E-03 -0.217686081920E-03 -0.865615062038E-03 -0.682213046028E-03 -0.780010325343E-03  0.405328742089E-03  0.431984044757E-03
  0.825436758156E-03 -0.250620570349E-03  0.297399558707E-04 -0.543641089511E-03  0.379926206006E-03
 -0.675452631318E-04  0.262814604892E-04  0.961489163219E-04 -0.102417847731E-03  0.590500950043E-04  0.315207053064E-03  0.900742882511E-04
  0.195307226973E-03  0.115484216054E-03  0.573845751237E-04 -0.108750433508E-03  0.908560276614E-05  0.358613622485E-03  0.255558215533E-03
 -0.196435745959E-03 -0.169724690059E-03 -0.500503323723E-03 -0.511204887082E-03 -0.897846112644E-03  0.176621321179E-03  0.479708841416E-03
 -0.101507104079E-03 -0.391359911923E-04  0.416485663516E-03  0.102837699204E-02  0.320990385929E-04  0.440236054510E-03 -0.281241494722E-03
 -0.202363888383E-03  0.518652032129E-04  0.311678336350E-03  0.162285389239E-03 -0.301948347929E-03
 -0.425536088862E-03 -0.805615150525E-03 -0.248331596736E-03 -0.967080676042E-03 -0.164517362762E-02 -0.807273685163E-03 -0.100560493662E-02
 -0.420883580512E-03 -0.711267495399E-03 -0.997580109177E-03 -0.152709822194E-02 -0.208225892002E-02 -0.141602085631E-02 -0.874497777064E-03
 -0.543349850944E-03 -0.653712994268E-03 -0.118567713923E-02 -0.147863999260E-02 -0.320302842034E-02 -0.144379098380E-02 -0.161281062770E-02
 -0.402244674077E-03 -0.527558043211E-03 -0.722308473631E-03 -0.126428222407E-02 -0.229668359690E-02 -0.972940186650E-03 -0.968269450230E-03
 -0.226307209419E-03 -0.264352566895E-03 -0.404239407666E-03 -0.911024996736E-03 -0.762796475047E-03
  0.652268047919E-02  0.288579166738E-02  0.130925767116E-02  0.431004940896E-02  0.626964776469E-02  0.286664865461E-03  0.362590232001E-02
  0.428016162620E-02  0.204636876453E-02  0.566906572298E-02  0.586937237058E-02  0.155462287767E-02 -0.459085346246E-02  0.915357894815E-02
  0.429386916096E-02  0.500566252689E-02  0.787603735588E-02  0.115026108594E-02  0.250544183069E-02  0.498898501752E-02 -0.661344566355E-02
  0.447132976120E-02  0.690010824575E-02 -0.846981716022E-03  0.126825070898E-02 -0.124953494616E-02  0.445351219073E-03  0.104404844754E-02
  0.852384630086E-03  0.256569801138E-02  0.444724524451E-02  0.500193736933E-02 -0.139874515023E-02
        19        18        11        11
        17        10        11        11
        12        11         5         5
        18        25        17        17
        31        24        25        25
        11        10         5         5
         2         7         5         5
        11        18        17        17
        11        12        19        19
        27        19        20        20
        17        16        10        10
        15         9        16        16
        23        17        24        24
         4        10         9         9
        23        22        16        16
        26        18        19        19
        14        21        20        20
        14        12         7         7
         5         7        12        12
         4         1         5         5
        26        32        25        25
         5        10         4         4
         9         8         4         4
        25        18        26        26
        19        28        26        26
        24        30        23        23
        29        22        23        23
        20        12        14        14
         7         6        14        14
         8         9        15        15
         5         1         2         2
         6         7         2         2
        30        24        31        31
        20        21        27        27
        28        19        27        27
        16         9        10        10
         1         4         3         3
        32        26        33        33
        21        14        13        13
        25        24        17        17
        22        15        16        16
        17        23        16        16
        32        31        25        25
        12        20        19        19
        28        33        26        26
         8         3         4         4
        30        29        23        23
         6        13        14        14
