title="tecplot geometry and solution file"
variables = x y z mach temperature lambda1 lambda2 lambda3 lambda4 lambda5
zone t="boundary 1 bc-1", solutiontime= 0.1000000E+02, strandid=1001, i=32, j=46, f=feblock
  0.000000000000E+00  0.000000000000E+00  0.000000000000E+00  0.000000000000E+00  0.000000000000E+00  0.000000000000E+00  0.000000000000E+00
  0.000000000000E+00  0.000000000000E+00  0.000000000000E+00  0.000000000000E+00  0.000000000000E+00  0.000000000000E+00  0.000000000000E+00
  0.000000000000E+00  0.000000000000E+00  0.000000000000E+00  0.000000000000E+00  0.000000000000E+00  0.000000000000E+00  0.000000000000E+00
  0.000000000000E+00  0.000000000000E+00  0.000000000000E+00  0.000000000000E+00  0.000000000000E+00  0.000000000000E+00  0.000000000000E+00
  0.000000000000E+00  0.000000000000E+00  0.000000000000E+00  0.000000000000E+00
  0.250000000000E+01  0.250000000000E+01  0.125000000000E+01  0.146289271009E+01  0.157686156160E+01  0.308372018325E+00  0.000000000000E+00
 -0.125000000000E+01 -0.600232012419E+00  0.250000000000E+01  0.477386199275E+00  0.742988685424E+00 -0.739814786992E+00  0.177790177481E+01
  0.155830813274E+01  0.250000000000E+01 -0.250000000000E+01 -0.154800130438E+01 -0.487811078581E+00  0.250000000000E+01  0.627766083140E+00
 -0.345533899378E+00 -0.178862290564E+01 -0.158811787973E+01  0.125000000000E+01 -0.250000000000E+01 -0.144524380962E+01  0.000000000000E+00
 -0.125000000000E+01 -0.250000000000E+01 -0.250000000000E+01 -0.250000000000E+01
  0.000000000000E+00  0.125000000000E+01  0.000000000000E+00  0.103724302461E+01  0.219251206392E+01  0.922061490191E+00  0.000000000000E+00
  0.000000000000E+00  0.715990576545E+00  0.250000000000E+01  0.202479342020E+01  0.324151231464E+01  0.175434191980E+01  0.310152362409E+01
  0.404200324774E+01  0.375000000000E+01  0.000000000000E+00  0.930412228790E+00  0.299062775774E+01  0.500000000000E+01  0.429310310915E+01
  0.409252726285E+01  0.187029682677E+01  0.284428995242E+01  0.500000000000E+01  0.125000000000E+01  0.394624082883E+01  0.500000000000E+01
  0.500000000000E+01  0.250000000000E+01  0.375000000000E+01  0.500000000000E+01
  0.000000000000E+00  0.441238238418E+00  0.000000000000E+00  0.475214961796E+00  0.460123580272E+00  0.468827756054E+00  0.000000000000E+00
  0.000000000000E+00  0.402302252327E+00  0.469814866974E+00  0.464410992740E+00  0.478713919946E+00  0.489298227018E+00  0.483068464338E+00
  0.487929997327E+00  0.488961578622E+00  0.000000000000E+00  0.464775595985E+00  0.473795475386E+00  0.495346539859E+00  0.490266031380E+00
  0.486285986007E+00  0.445717357445E+00  0.464382072844E+00  0.496127345644E+00  0.443624008640E+00  0.486964359150E+00  0.497246230722E+00
  0.496059214486E+00  0.467732142372E+00  0.488211983969E+00  0.495098202848E+00
  0.999990418744E+00  0.102982723097E+01  0.999990357178E+00  0.104247302828E+01  0.101190083988E+01  0.102520616694E+01  0.999990394394E+00
  0.999990676924E+00  0.103891214268E+01  0.100826280896E+01  0.101252840415E+01  0.100300551353E+01  0.102702888784E+01  0.100605566767E+01
  0.100244403180E+01  0.100355662856E+01  0.999991292264E+00  0.103239744481E+01  0.100459526378E+01  0.100179337938E+01  0.100260308594E+01
  0.100234969021E+01  0.101657160208E+01  0.100617547479E+01  0.100168846499E+01  0.104043315620E+01  0.100303379769E+01  0.100118728691E+01
  0.100134173037E+01  0.100976794917E+01  0.100405373396E+01  0.100176114782E+01
  0.328547137679E-02  0.224475701464E-01 -0.535429045248E-03 -0.544650473474E-02  0.606687050248E-01 -0.133020491538E-01 -0.119141864919E-01
 -0.477046234849E-02 -0.183490622996E-01  0.507613536357E-01  0.887398051356E-01 -0.610219276758E-02  0.106779870060E+00 -0.143182525119E-01
 -0.552700359290E-01 -0.576999288390E-01 -0.540174325061E-02 -0.137724811125E-01  0.103540291791E-01  0.189714632813E-01 -0.492569756352E-01
 -0.549339905275E-01  0.686802870929E-01  0.881347561290E-02  0.115067071952E-01 -0.148940227020E-01 -0.614619263097E-01  0.117310515743E-01
  0.150042137777E-02  0.349996200184E-01 -0.564283747354E-01  0.524620159578E-02
  0.766322784025E-03  0.229434191461E-02  0.145417520032E-02 -0.346738417361E-02  0.927340651777E-02 -0.430202077825E-02  0.144959376314E-03
  0.739593504502E-03 -0.344162887684E-02  0.847984610463E-02  0.134474753256E-01 -0.181293694088E-02  0.176738840493E-01 -0.307363485792E-02
 -0.934730581037E-02 -0.985553752264E-02  0.569619972328E-03 -0.345561875639E-02  0.125376709083E-02  0.708404046510E-02 -0.841661430725E-02
 -0.102173492095E-01  0.110877082690E-01  0.919798022849E-03  0.452398934130E-02 -0.436627629784E-02 -0.109534083447E-01  0.406054231213E-02
  0.336378031037E-02  0.531084105807E-02 -0.106013889476E-01  0.484096331328E-02
  0.165892696535E-03 -0.854981118726E-04  0.154844908348E-02  0.155912259870E-02  0.737080680744E-03  0.302425418072E-02  0.266301873975E-03
 -0.719466561721E-03 -0.105602739042E-02  0.271861418008E-04  0.860188293549E-03  0.418347852950E-03 -0.131078460313E-02  0.118909052622E-02
  0.491128004583E-03  0.689515223595E-05  0.334985066148E-03 -0.190996153434E-02 -0.593857212820E-03  0.165456247924E-04 -0.348227967610E-04
 -0.224015824596E-03 -0.115400699957E-02 -0.114135318783E-03 -0.755148324748E-03 -0.149462752546E-03 -0.184889570260E-03  0.152377191099E-04
  0.404984178767E-03 -0.578832989989E-04 -0.155781991270E-03 -0.102472504914E-04
  0.180687127327E-03 -0.184440558165E-03  0.782323591181E-03  0.245127155559E-02  0.229489836770E-02 -0.136465733331E-02  0.180266086762E-02
  0.789692621858E-03 -0.396640022062E-02  0.792022592800E-03  0.177603401760E-02  0.431302274599E-02  0.228177014950E-02  0.307133098129E-02
  0.212007132265E-02  0.234912079976E-02  0.102000699218E-02 -0.229692800917E-02  0.293281029318E-02  0.137990154969E-02  0.155036453803E-02
  0.183171322311E-02  0.202628794339E-02  0.435183385233E-02  0.708986437449E-03  0.191980727190E-02  0.229985447291E-02  0.845030585173E-03
  0.912834599747E-03  0.337364644344E-02  0.338444760743E-02  0.906746057867E-03
 -0.268162377655E-02 -0.923519270039E-02 -0.163820007756E-03  0.274098852570E-02 -0.250910202452E-01  0.463359608606E-02  0.770909577443E-02
  0.282359786143E-02  0.597529509785E-02 -0.212004436836E-01 -0.367471584769E-01  0.226377638717E-02 -0.441668457557E-01  0.575748658687E-02
  0.224857629470E-01  0.234346549219E-01  0.231413823817E-02  0.494317870734E-02 -0.465518683884E-02 -0.876031254295E-02  0.201296343863E-01
  0.225559263873E-01 -0.285018041253E-01 -0.413628945189E-02 -0.529560728618E-02  0.599733300716E-02  0.251418533842E-01 -0.544600186654E-02
 -0.135324285490E-02 -0.148805038030E-01  0.232204641794E-01 -0.305804918131E-02
        12        19        11        11
        11         5        12        12
        10        14         5         5
        19        13        11        11
        19        24        13        13
        30        23        24        24
        19        12        22        22
        28        22        21        21
        11        13         6         6
         7         6         9         9
        15        12        14        14
        18        13        23        23
        15        25        21        21
        27        19        22        22
        18         8         9         9
        27        31        24        24
         4        11         6         6
         5        14        12        12
         4         2         5         5
        21        12        15        15
        14        16        15        15
        24        19        27        27
        22        29        27        27
        23        26        18        18
        17         8        18        18
         5        11         4         4
         6         3         4         4
        26        23        30        30
         5         2        10        10
        16        14        10        10
         3         6         7         7
        21        25        28        28
        29        22        28        28
         6        13         9         9
         2         4         1         1
        31        27        32        32
        25        15        20        20
        24        23        13        13
         8         7         9         9
        13        18         9         9
        31        30        24        24
        12        21        22        22
        29        32        27        27
         3         1         4         4
        26        17        18        18
        16        20        15        15
zone t="boundary 2 bc-2", solutiontime= 0.1000000E+02, strandid=1002, i=33, j=48, f=feblock
  0.500000000000E+01  0.375000000000E+01  0.250000000000E+01  0.288078410721E+01  0.125000000000E+01  0.190974100652E+01  0.326683758169E+01
  0.201431602454E+01  0.000000000000E+00  0.963108083381E+00  0.500000000000E+01  0.403552511878E+01  0.423153924130E+01  0.500000000000E+01
  0.385533350601E+01  0.500000000000E+01  0.398173246726E+01  0.315249557942E+01  0.267000324704E+01  0.154774304040E+01  0.218329375016E+01
  0.893127759452E+00  0.000000000000E+00  0.698517061619E+00  0.964171764089E+00  0.310324758057E+01  0.000000000000E+00  0.000000000000E+00
  0.125000000000E+01  0.500000000000E+01  0.375000000000E+01  0.250000000000E+01  0.000000000000E+00
 -0.250000000000E+01 -0.250000000000E+01 -0.250000000000E+01 -0.250000000000E+01 -0.250000000000E+01 -0.250000000000E+01 -0.250000000000E+01
 -0.250000000000E+01 -0.250000000000E+01 -0.250000000000E+01 -0.250000000000E+01 -0.250000000000E+01 -0.250000000000E+01 -0.250000000000E+01
 -0.250000000000E+01 -0.250000000000E+01 -0.250000000000E+01 -0.250000000000E+01 -0.250000000000E+01 -0.250000000000E+01 -0.250000000000E+01
 -0.250000000000E+01 -0.250000000000E+01 -0.250000000000E+01 -0.250000000000E+01 -0.250000000000E+01 -0.250000000000E+01 -0.250000000000E+01
 -0.250000000000E+01 -0.250000000000E+01 -0.250000000000E+01 -0.250000000000E+01 -0.250000000000E+01
  0.000000000000E+00  0.000000000000E+00  0.000000000000E+00  0.904659890645E+00  0.000000000000E+00  0.717002441913E+00  0.188609243358E+01
  0.176246431481E+01  0.000000000000E+00  0.961328577125E+00  0.125000000000E+01  0.101201586758E+01  0.191586535653E+01  0.250000000000E+01
  0.293121848150E+01  0.375000000000E+01  0.406975391361E+01  0.363585050272E+01  0.285047954584E+01  0.292817774674E+01  0.395907379566E+01
  0.205246550326E+01  0.125000000000E+01  0.306828197606E+01  0.397245519226E+01  0.433168271247E+01  0.250000000000E+01  0.375000000000E+01
  0.500000000000E+01  0.500000000000E+01  0.500000000000E+01  0.500000000000E+01  0.500000000000E+01
  0.000000000000E+00  0.000000000000E+00  0.000000000000E+00  0.380991725517E+00  0.000000000000E+00  0.343629902501E+00  0.585285997937E+00
  0.579373345328E+00  0.000000000000E+00  0.501056496643E+00  0.508459636492E+00  0.435372376081E+00  0.572639779008E+00  0.537002216251E+00
  0.568922577244E+00  0.514994217086E+00  0.508247269503E+00  0.527252854700E+00  0.567446690172E+00  0.531657148367E+00  0.505980959997E+00
  0.520795550505E+00  0.443624008640E+00  0.490663634162E+00  0.492155782275E+00  0.501390726941E+00  0.467732142372E+00  0.488211983969E+00
  0.490002657454E+00  0.491352292040E+00  0.486075382695E+00  0.490036359612E+00  0.495098202848E+00
  0.999991230154E+00  0.999991175015E+00  0.999991158230E+00  0.989538312558E+00  0.999991226060E+00  0.985523838840E+00  0.989838990644E+00
  0.991798508740E+00  0.999991292264E+00  0.984410634783E+00  0.985091722602E+00  0.984688434231E+00  0.990058507586E+00  0.100289631571E+01
  0.999855498398E+00  0.100485312288E+01  0.100121556152E+01  0.100055647294E+01  0.997896876980E+00  0.100350037625E+01  0.100058071455E+01
  0.101093288315E+01  0.104043315620E+01  0.100326477647E+01  0.100254501777E+01  0.100045589682E+01  0.100976794917E+01  0.100405373396E+01
  0.100192659785E+01  0.100045434331E+01  0.100058775919E+01  0.100109996600E+01  0.100176114782E+01
 -0.144433240144E-02 -0.144173449178E-02  0.133512031577E-02  0.250940082584E-01 -0.123673496745E-02 -0.632195054692E-01  0.359064116273E-04
  0.339910328057E-01 -0.540174325061E-02  0.638581617221E-02 -0.712158867419E-02  0.322440530375E-01 -0.932256294174E-02 -0.256111019876E-06
 -0.363606014848E-02 -0.941317058296E-03 -0.349874741658E-02 -0.634890068502E-02 -0.102164844347E-01 -0.124391511459E-02 -0.233987271754E-01
  0.305037841526E-01 -0.148940227020E-01 -0.170621190678E-01 -0.410081651398E-01 -0.101211916311E-01  0.349996200184E-01 -0.564283747354E-01
  0.143210977231E-01 -0.753713773353E-02 -0.739770112503E-02  0.433699238755E-02  0.524620159578E-02
  0.621233796062E-03  0.324247938920E-03  0.378642786162E-03  0.260716672021E-02  0.131705773177E-02 -0.908702871846E-02  0.850994358123E-03
  0.669023133491E-02  0.569619972328E-03  0.610441120752E-04 -0.239086447546E-04  0.694161648356E-02 -0.113840942387E-02  0.115477806896E-02
  0.656734276289E-03  0.746876678934E-03  0.215228994320E-03  0.539153514024E-03  0.508399994946E-03  0.140358966852E-02 -0.266549476338E-02
  0.545036061055E-02 -0.436627629784E-02 -0.324288367188E-02 -0.603761745504E-02 -0.895752131907E-03  0.531084105807E-02 -0.106013889476E-01
  0.778109983125E-02 -0.503989448777E-03  0.290551053478E-03  0.432112923753E-02  0.484096331328E-02
 -0.298037836034E-03 -0.145408416272E-03 -0.526673989763E-04  0.784404996034E-03  0.284232325271E-03  0.307666991496E-03  0.544226990929E-04
  0.302230529584E-03  0.334985066148E-03  0.189419283220E-03 -0.979500467810E-04  0.206825487907E-03 -0.755129311737E-04 -0.103175640095E-04
  0.493604728309E-05 -0.200458788591E-04 -0.691297027699E-04  0.730493201611E-04  0.135762691730E-03  0.948298247237E-04 -0.200426765502E-04
  0.167851938507E-03 -0.149462752546E-03 -0.115315869118E-03 -0.804304362880E-04  0.242531991742E-04 -0.578832989989E-04 -0.155781991270E-03
  0.735027381663E-04 -0.309674812028E-04 -0.424091640859E-05  0.437583089394E-05 -0.102472504914E-04
 -0.334400647113E-04 -0.263072897487E-03 -0.608904065064E-03 -0.128077858467E-02  0.161031106216E-03 -0.245452988924E-02  0.193834669178E-03
  0.148559390671E-02  0.102000699218E-02  0.382290046650E-03  0.567142163078E-03 -0.480498850722E-03  0.171208340144E-03  0.149868750071E-03
 -0.970089843946E-04  0.335863929176E-03  0.359301257088E-03  0.107233637267E-03 -0.281810614057E-03  0.144580896598E-02 -0.393044940895E-03
  0.384120901901E-02  0.191980727190E-02  0.342432156780E-02  0.111698138367E-02 -0.186262790071E-03  0.337364644344E-02  0.338444760743E-02
  0.131868404386E-03  0.619847455359E-03  0.748226254758E-03  0.790883055928E-03  0.906746057867E-03
 -0.430358614501E-04  0.192176828166E-02  0.240438814796E-02 -0.110122066196E-01  0.545556286171E-02  0.255215357522E-01 -0.516954482296E-03
 -0.149980603076E-01  0.231413823817E-02 -0.309430391531E-02  0.231593121605E-02 -0.145119102317E-01  0.345498906250E-02 -0.673728404053E-03
  0.822000817755E-03 -0.890401394710E-04  0.101481936020E-02  0.192026196543E-02  0.322933100483E-02 -0.412543426436E-03  0.915085025101E-02
 -0.133183673495E-01  0.599733300716E-02  0.673370157075E-02  0.165801709602E-01  0.381594277632E-02 -0.148805038030E-01  0.232204641794E-01
 -0.731641068429E-02  0.269821057075E-02  0.233056497351E-02 -0.312437424372E-02 -0.305804918131E-02
        15         7        19        19
         8        20        19        19
        18        19        21        21
         7         4         8         8
         3         6         4         4
        19         7         8         8
        19        18        15        15
        14        13        15        15
         8        22        20        20
        27        24        22        22
        19        20        21        21
        32        26        21        21
        17        18        26        26
        17        16        15        15
        25        29        21        21
        12         7        13        13
        10         8         6         6
        25        20        24        24
         4         6         8         8
        12         2         4         4
        10        23        22        22
        26        31        17        17
        30        16        17        17
         4         7        12        12
        13        11        12        12
        21        20        25        25
        24        28        25        25
        22         8        10        10
         6         5        10        10
        31        26        32        32
         4         2         3         3
         5         6         3         3
        11        13        14        14
        22        23        27        27
        28        24        27        27
        15        13         7         7
         2        12         1         1
        29        25        33        33
        23        10         9         9
        21        26        18        18
        16        14        15        15
        18        17        15        15
        29        32        21        21
        22        24        20        20
        28        33        25        25
        11         1        12        12
        31        30        17        17
         5         9        10        10
zone t="boundary 3 bc-3", solutiontime= 0.1000000E+02, strandid=1003, i=33, j=48, f=feblock
  0.375000000000E+01  0.250000000000E+01  0.500000000000E+01  0.403552511878E+01  0.288078410721E+01  0.125000000000E+01  0.190974100652E+01
  0.500000000000E+01  0.326683758169E+01  0.423153924130E+01  0.201431602454E+01  0.000000000000E+00  0.963108083381E+00  0.500000000000E+01
  0.267000324704E+01  0.385533350601E+01  0.893127759452E+00  0.154774304040E+01  0.000000000000E+00  0.500000000000E+01  0.315249557942E+01
  0.218329375016E+01  0.398173246726E+01  0.000000000000E+00  0.698517061619E+00  0.964171764089E+00  0.125000000000E+01  0.000000000000E+00
  0.500000000000E+01  0.310324758057E+01  0.250000000000E+01  0.375000000000E+01  0.000000000000E+00
  0.250000000000E+01  0.250000000000E+01  0.250000000000E+01  0.250000000000E+01  0.250000000000E+01  0.250000000000E+01  0.250000000000E+01
  0.250000000000E+01  0.250000000000E+01  0.250000000000E+01  0.250000000000E+01  0.250000000000E+01  0.250000000000E+01  0.250000000000E+01
  0.250000000000E+01  0.250000000000E+01  0.250000000000E+01  0.250000000000E+01  0.250000000000E+01  0.250000000000E+01  0.250000000000E+01
  0.250000000000E+01  0.250000000000E+01  0.250000000000E+01  0.250000000000E+01  0.250000000000E+01  0.250000000000E+01  0.250000000000E+01
  0.250000000000E+01  0.250000000000E+01  0.250000000000E+01  0.250000000000E+01  0.250000000000E+01
  0.000000000000E+00  0.000000000000E+00  0.000000000000E+00  0.101201586758E+01  0.904659890645E+00  0.000000000000E+00  0.717002441913E+00
  0.125000000000E+01  0.188609243358E+01  0.191586535653E+01  0.176246431481E+01  0.000000000000E+00  0.961328577125E+00  0.250000000000E+01
  0.285047954584E+01  0.293121848150E+01  0.205246550326E+01  0.292817774674E+01  0.125000000000E+01  0.375000000000E+01  0.363585050272E+01
  0.395907379566E+01  0.406975391361E+01  0.250000000000E+01  0.306828197606E+01  0.397245519226E+01  0.500000000000E+01  0.375000000000E+01
  0.500000000000E+01  0.433168271247E+01  0.500000000000E+01  0.500000000000E+01  0.500000000000E+01
  0.000000000000E+00  0.000000000000E+00  0.000000000000E+00  0.443767851971E+00  0.402286937187E+00  0.000000000000E+00  0.377550347167E+00
  0.509232303765E+00  0.575832200483E+00  0.573707467431E+00  0.562554066051E+00  0.000000000000E+00  0.490563275283E+00  0.534527160060E+00
  0.556586972364E+00  0.564391596022E+00  0.522730462526E+00  0.522051957840E+00  0.441238238418E+00  0.517182364794E+00  0.524228611468E+00
  0.503687398987E+00  0.509488557597E+00  0.469814866974E+00  0.495614370334E+00  0.494483710979E+00  0.488562341139E+00  0.488961578622E+00
  0.492980742035E+00  0.499005498570E+00  0.486460842266E+00  0.484596857761E+00  0.495346539859E+00
  0.999990271160E+00  0.999990226304E+00  0.999990396196E+00  0.981542103217E+00  0.988774189663E+00  0.999990284241E+00  0.982469591301E+00
  0.984104381171E+00  0.990427577672E+00  0.990355317210E+00  0.994363027919E+00  0.999990418744E+00  0.988652137107E+00  0.100368372122E+01
  0.999769224643E+00  0.100118503172E+01  0.100834889321E+01  0.100252113520E+01  0.102982723097E+01  0.100443321097E+01  0.100199539020E+01
  0.100082058839E+01  0.100138193870E+01  0.100826280896E+01  0.100298790017E+01  0.100192392083E+01  0.100215269912E+01  0.100355662856E+01
  0.100047670699E+01  0.100056592873E+01  0.100126822740E+01  0.100066575135E+01  0.100179337938E+01
 -0.139890463703E-02 -0.320834964291E-02 -0.208092831626E-02  0.113352668268E-01 -0.444953025693E-01 -0.727717935555E-03 -0.200103112352E-01
 -0.773585333009E-02 -0.247599245171E-03 -0.632588034140E-02  0.130820756347E-02  0.328547137679E-02  0.277991769509E-01 -0.227859940677E-02
 -0.771186825362E-02 -0.176460696660E-02  0.492098158762E-01 -0.618174654455E-02  0.224475701464E-01 -0.202090704970E-02  0.131768492768E-02
 -0.180010305337E-01 -0.405717494746E-02  0.507613536357E-01 -0.179531966434E-01 -0.350289971430E-01  0.227261405973E-01 -0.576999288390E-01
 -0.809043474279E-02 -0.105789871907E-01  0.206369998680E-01 -0.150409346816E-01  0.189714632813E-01
  0.501301079207E-03  0.981129718087E-03  0.424528226065E-03  0.531734857851E-02 -0.395349640417E-02 -0.479481633231E-03 -0.175306530035E-02
  0.736925117819E-03  0.496951946619E-03 -0.674408551965E-05  0.220762708269E-02  0.766322784025E-03  0.284853449195E-02  0.901338757349E-03
 -0.175442456833E-03  0.126153115749E-02  0.115333455212E-01 -0.135477344422E-03  0.229434191461E-02  0.556773988120E-03  0.158113405332E-02
 -0.235272832608E-02  0.298474387019E-03  0.847984610463E-02 -0.223687547038E-02 -0.548077457323E-02  0.859955857072E-02 -0.985553752264E-02
 -0.545582574927E-03 -0.982100183999E-03  0.700333389445E-02 -0.953712339895E-03  0.708404046510E-02
 -0.278997415302E-04  0.376317480839E-04 -0.834329256086E-06 -0.446381713791E-03 -0.397447672790E-03  0.324619592656E-03 -0.484500046132E-04
  0.318781977966E-04  0.591138505573E-04  0.770001624026E-04  0.104073602494E-03  0.165892696535E-03  0.628156447359E-04 -0.214484592721E-04
  0.382740176340E-04 -0.639644411834E-05 -0.401645488388E-03 -0.149193945709E-04 -0.854981118726E-04  0.237217215104E-04  0.946859839661E-04
  0.184666114421E-04  0.590144643883E-04  0.271861418008E-04 -0.944578620855E-04 -0.118515009950E-03  0.774905075968E-05  0.689515223595E-05
  0.100253998396E-04  0.829317997987E-04 -0.343645043762E-04  0.249160293205E-04  0.165456247924E-04
 -0.406259632000E-03  0.333003633084E-04 -0.171211178953E-04 -0.234358874939E-02 -0.112386223373E-02  0.608816511630E-04  0.135024018788E-02
  0.868831606428E-03  0.609568257400E-04  0.477067054558E-03  0.837979910375E-03  0.180687127327E-03  0.442347822491E-03  0.290110715619E-03
 -0.577712276917E-04 -0.797082073271E-04  0.120164702155E-02  0.204144309781E-02 -0.184440558165E-03  0.293627494552E-03 -0.182789381749E-03
 -0.383193504697E-03  0.362780651332E-03  0.792022592800E-03  0.344710835027E-02  0.142487075672E-02 -0.582127519375E-04  0.234912079976E-02
  0.554470025317E-03 -0.326366841123E-03  0.535779518697E-03  0.756475970446E-03  0.137990154969E-02
  0.502322298596E-02  0.427012664764E-02  0.115794065883E-02 -0.660203844644E-02  0.174196419974E-01  0.144929022365E-02  0.768864400575E-02
  0.217628341053E-02 -0.368121325458E-03  0.193332381898E-02 -0.143371792299E-02 -0.268162377655E-02 -0.114322109967E-01  0.228004442877E-03
  0.254872600029E-02 -0.569698175322E-04 -0.216218545568E-01  0.183463052077E-02 -0.923519270039E-02  0.361913076043E-03 -0.117860112250E-02
  0.703417451832E-02  0.119630945598E-02 -0.212004436836E-01  0.699156591658E-02  0.142326481344E-01 -0.105969683604E-01  0.234346549219E-01
  0.293929414568E-02  0.398490195628E-02 -0.993487863320E-02  0.537806928934E-02 -0.876031254295E-02
        15         9        16        16
        15        18        11        11
        22        15        21        21
        11         5         9         9
         5         7         2         2
        11         9        15        15
        16        21        15        15
        16        10        14        14
        18        17        11        11
        17        25        24        24
        22        18        15        15
        22        30        31        31
        30        21        23        23
        16        20        23        23
        22        27        26        26
        10         9         4         4
         7        11        13        13
        25        18        26        26
        11         7         5         5
         5         1         4         4
        17        19        13        13
        23        32        30        30
        23        20        29        29
         4         9         5         5
         4         8        10        10
        26        18        22        22
        26        28        25        25
        13        11        17        17
        13         6         7         7
        31        30        32        32
         2         1         5         5
         2         7         6         6
        14        10         8         8
        24        19        17        17
        24        25        28        28
         9        10        16        16
         3         4         1         1
        33        26        27        27
        12        13        19        19
        21        30        22        22
        16        14        20        20
        16        23        21        21
        22        31        27        27
        18        25        17        17
        26        33        28        28
         4         3         8         8
        23        29        32        32
        13        12         6         6
zone t="boundary 4 bc-4", solutiontime= 0.1000000E+02, strandid=1004, i=32, j=46, f=feblock
  0.125000000000E+01  0.219251206392E+01  0.103724302461E+01  0.500000000000E+01  0.250000000000E+01  0.375000000000E+01  0.404200324774E+01
  0.500000000000E+01  0.000000000000E+00  0.310152362409E+01  0.202479342020E+01  0.324151231464E+01  0.922061490191E+00  0.000000000000E+00
  0.299062775774E+01  0.394624082883E+01  0.500000000000E+01  0.409252726285E+01  0.500000000000E+01  0.429310310915E+01  0.175434191980E+01
  0.284428995242E+01  0.000000000000E+00  0.000000000000E+00  0.715990576545E+00  0.930412228790E+00  0.125000000000E+01  0.187029682677E+01
  0.500000000000E+01  0.375000000000E+01  0.250000000000E+01  0.000000000000E+00
  0.250000000000E+01  0.157686156160E+01  0.146289271009E+01  0.250000000000E+01  0.250000000000E+01  0.250000000000E+01  0.155830813274E+01
  0.125000000000E+01  0.250000000000E+01  0.177790177481E+01  0.477386199275E+00  0.742988685424E+00  0.308372018325E+00  0.125000000000E+01
 -0.487811078581E+00 -0.144524380962E+01 -0.125000000000E+01 -0.345533899378E+00  0.000000000000E+00  0.627766083140E+00 -0.739814786992E+00
 -0.158811787973E+01  0.000000000000E+00 -0.125000000000E+01 -0.600232012419E+00 -0.154800130438E+01 -0.250000000000E+01 -0.178862290564E+01
 -0.250000000000E+01 -0.250000000000E+01 -0.250000000000E+01 -0.250000000000E+01
  0.500000000000E+01  0.500000000000E+01  0.500000000000E+01  0.500000000000E+01  0.500000000000E+01  0.500000000000E+01  0.500000000000E+01
  0.500000000000E+01  0.500000000000E+01  0.500000000000E+01  0.500000000000E+01  0.500000000000E+01  0.500000000000E+01  0.500000000000E+01
  0.500000000000E+01  0.500000000000E+01  0.500000000000E+01  0.500000000000E+01  0.500000000000E+01  0.500000000000E+01  0.500000000000E+01
  0.500000000000E+01  0.500000000000E+01  0.500000000000E+01  0.500000000000E+01  0.500000000000E+01  0.500000000000E+01  0.500000000000E+01
  0.500000000000E+01  0.500000000000E+01  0.500000000000E+01  0.500000000000E+01
  0.488562341139E+00  0.488873032190E+00  0.490562859008E+00  0.492980742035E+00  0.486460842266E+00  0.484596857761E+00  0.485347839168E+00
  0.494163546244E+00  0.495346539859E+00  0.486528146737E+00  0.487819888657E+00  0.487068824666E+00  0.494045825543E+00  0.496127345644E+00
  0.487612248631E+00  0.483219641417E+00  0.492395524030E+00  0.487214085145E+00  0.494738995157E+00  0.487958482370E+00  0.489677130929E+00
  0.488028988723E+00  0.497246230722E+00  0.496059214486E+00  0.494950977562E+00  0.492800285634E+00  0.490002657454E+00  0.490005003498E+00
  0.491352292040E+00  0.486075382695E+00  0.490036359612E+00  0.495098202848E+00
  0.100215269912E+01  0.100152655428E+01  0.100178349846E+01  0.100047670699E+01  0.100126822740E+01  0.100066575135E+01  0.100025358887E+01
  0.100050392281E+01  0.100179337938E+01  0.100112369427E+01  0.100133047555E+01  0.100072434606E+01  0.100164369001E+01  0.100168846499E+01
  0.100096276497E+01  0.100000874944E+01  0.100082864588E+01  0.100022269848E+01  0.100062146520E+01  0.100023497975E+01  0.100174638491E+01
  0.100098857876E+01  0.100118728691E+01  0.100134173037E+01  0.100132638128E+01  0.100179876461E+01  0.100192659785E+01  0.100163751619E+01
  0.100045434331E+01  0.100058775919E+01  0.100109996600E+01  0.100176114782E+01
  0.227261405973E-01  0.253974816240E-01  0.169029386558E-01 -0.809043474279E-02  0.206369998680E-01 -0.150409346816E-01 -0.146949686354E-01
 -0.501001995871E-02  0.189714632813E-01  0.107954902447E-01  0.271022276866E-01 -0.432469448045E-02  0.277900134728E-01  0.115067071952E-01
  0.382013355364E-02 -0.523257219719E-02 -0.468999964021E-02 -0.143606994238E-01 -0.507498987322E-02 -0.187110638592E-01  0.396350315378E-01
  0.115895702774E-01  0.117310515743E-01  0.150042137777E-02  0.163182076431E-01  0.102655349874E-01  0.143210977231E-01  0.223076240039E-01
 -0.753713773353E-02 -0.739770112503E-02  0.433699238755E-02  0.524620159578E-02
  0.859955857072E-02  0.847417707030E-02  0.694794815223E-02 -0.545582574927E-03  0.700333389445E-02 -0.953712339895E-03 -0.104214060503E-02
  0.233017909567E-04  0.708404046510E-02  0.465855544323E-02  0.906832664857E-02  0.210288952123E-02  0.826256971833E-02  0.452398934130E-02
  0.374567206929E-02  0.791696514392E-03  0.131419741309E-03 -0.834774040186E-03  0.682428770079E-04 -0.180516852764E-02  0.119415551580E-01
  0.501767816971E-02  0.406054231213E-02  0.336378031037E-02  0.635261867762E-02  0.630865724426E-02  0.778109983125E-02  0.842975609656E-02
 -0.503989448777E-03  0.290551053478E-03  0.432112923753E-02  0.484096331328E-02
  0.774905075968E-05 -0.161004635017E-03 -0.353654903776E-03  0.100253998396E-04 -0.343645043762E-04  0.249160293205E-04  0.582510117205E-04
 -0.759865841932E-04  0.165456247924E-04  0.127600963704E-03 -0.102753405569E-03  0.279719019244E-03 -0.428724655427E-03 -0.755148324748E-03
  0.160711207707E-03  0.149496020732E-03  0.100888635615E-03  0.213036345381E-03  0.794961643233E-04  0.216338250456E-03 -0.788377529989E-04
  0.370880892309E-04  0.152377191099E-04  0.404984178767E-03 -0.278121961891E-03  0.237953369443E-03  0.735027381663E-04  0.187271244328E-03
 -0.309674812028E-04 -0.424091640859E-05  0.437583089394E-05 -0.102472504914E-04
 -0.582127519375E-04  0.106370995483E-03  0.222565340644E-03  0.554470025317E-03  0.535779518697E-03  0.756475970446E-03  0.692842981442E-03
  0.438679759736E-03  0.137990154969E-02  0.478464541970E-03  0.701643083155E-04  0.590467136698E-03  0.695831235459E-03  0.708986437449E-03
  0.493126982453E-03  0.600646830257E-03  0.453681705749E-03  0.726641109572E-03  0.449711295548E-03  0.824151317396E-03  0.359888459861E-03
  0.266346951719E-03  0.845030585173E-03  0.912834599747E-03  0.730464935669E-03  0.126915563877E-03  0.131868404386E-03  0.521982235320E-03
  0.619847455359E-03  0.748226254758E-03  0.790883055928E-03  0.906746057867E-03
 -0.105969683604E-01 -0.118680785448E-01 -0.781783562130E-02  0.293929414568E-02 -0.993487863320E-02  0.537806928934E-02  0.537305528770E-02
  0.165788485194E-02 -0.876031254295E-02 -0.568986914502E-02 -0.126208548374E-01  0.615625489190E-03 -0.122155348174E-01 -0.529560728618E-02
 -0.275971179368E-02  0.143850741250E-02  0.149096966141E-02  0.519661446089E-02  0.165459897538E-02  0.705330346611E-02 -0.179411528763E-01
 -0.591249388508E-02 -0.544600186654E-02 -0.135324285490E-02 -0.738968559609E-02 -0.517372682230E-02 -0.731641068429E-02 -0.106974173860E-01
  0.269821057075E-02  0.233056497351E-02 -0.312437424372E-02 -0.305804918131E-02
        12        15        11        11
        11         2        12        12
         5        10         2         2
        15        21        11        11
        15        22        21        21
        31        28        22        22
        15        12        18        18
        19        18        20        20
        11        21        13        13
        23        13        25        25
         7        12        10        10
        26        21        28        28
         7         8        20        20
        16        15        18        18
        26        24        25        25
        16        30        22        22
         3        11        13        13
         2        10        12        12
         3         1         2         2
        20        12         7         7
        10         6         7         7
        22        15        16        16
        18        17        16        16
        28        27        26        26
        32        24        26        26
         2        11         3         3
        13        14         3         3
        27        28        31        31
         2         1         5         5
         6        10         5         5
        14        13        23        23
        20         8        19        19
        17        18        19        19
        13        21        25        25
         1         3         9         9
        30        16        29        29
         8         7         4         4
        22        28        21        21
        24        23        25        25
        21        26        25        25
        30        31        22        22
        12        20        18        18
        17        29        16        16
        14         9         3         3
        27        32        26        26
         6         4         7         7
zone t="boundary 5 bc-5", solutiontime= 0.1000000E+02, strandid=1005, i=33, j=48, f=feblock
  0.500000000000E+01  0.500000000000E+01  0.500000000000E+01  0.500000000000E+01  0.500000000000E+01  0.500000000000E+01  0.500000000000E+01
  0.500000000000E+01  0.500000000000E+01  0.500000000000E+01  0.500000000000E+01  0.500000000000E+01  0.500000000000E+01  0.500000000000E+01
  0.500000000000E+01  0.500000000000E+01  0.500000000000E+01  0.500000000000E+01  0.500000000000E+01  0.500000000000E+01  0.500000000000E+01
  0.500000000000E+01  0.500000000000E+01  0.500000000000E+01  0.500000000000E+01  0.500000000000E+01  0.500000000000E+01  0.500000000000E+01
  0.500000000000E+01  0.500000000000E+01  0.500000000000E+01  0.500000000000E+01  0.500000000000E+01
  0.250000000000E+01  0.125000000000E+01  0.250000000000E+01  0.157899473280E+01  0.000000000000E+00  0.659350882208E+00  0.250000000000E+01
  0.173899611320E+01  0.825621401394E+00  0.132549389334E+01 -0.125000000000E+01 -0.322732261638E+00  0.250000000000E+01  0.490615021923E-01
 -0.873141960959E+00  0.350800286361E+00  0.145332269920E+01 -0.250000000000E+01 -0.147959633950E+01  0.250000000000E+01 -0.857924212153E+00
 -0.165007033378E+01  0.518568023061E+00 -0.461282870254E+00  0.125000000000E+01 -0.250000000000E+01 -0.183684615440E+01 -0.158398995423E+01
 -0.250000000000E+01 -0.250000000000E+01 -0.125000000000E+01  0.000000000000E+00 -0.250000000000E+01
  0.000000000000E+00  0.000000000000E+00  0.125000000000E+01  0.905837536509E+00  0.000000000000E+00  0.735450417037E+00  0.250000000000E+01
  0.182727219356E+01  0.162230260845E+01  0.280856328277E+01  0.000000000000E+00  0.109945440014E+01  0.375000000000E+01  0.227317933631E+01
  0.189599568386E+01  0.342819755379E+01  0.403384942830E+01  0.000000000000E+00  0.104050588738E+01  0.500000000000E+01  0.297954017413E+01
  0.214587157439E+01  0.430969386006E+01  0.408642231822E+01  0.500000000000E+01  0.125000000000E+01  0.304506426164E+01  0.398205049073E+01
  0.250000000000E+01  0.375000000000E+01  0.500000000000E+01  0.500000000000E+01  0.500000000000E+01
  0.000000000000E+00  0.000000000000E+00  0.509232303765E+00  0.472098889877E+00  0.000000000000E+00  0.480805232568E+00  0.534527160060E+00
  0.535829357857E+00  0.535478981134E+00  0.540786114149E+00  0.000000000000E+00  0.510355469719E+00  0.517182364794E+00  0.539187609845E+00
  0.542979583813E+00  0.529277497031E+00  0.511036806073E+00  0.000000000000E+00  0.495603636910E+00  0.492980742035E+00  0.531173567011E+00
  0.533778435684E+00  0.505621180161E+00  0.512004268975E+00  0.494163546244E+00  0.508459636492E+00  0.529554387316E+00  0.511911103307E+00
  0.537002216251E+00  0.514994217086E+00  0.492395524030E+00  0.494738995157E+00  0.491352292040E+00
  0.999990396196E+00  0.999990325101E+00  0.984104381171E+00  0.976444186981E+00  0.999990349063E+00  0.959042246313E+00  0.100368372122E+01
  0.994429545795E+00  0.991216409760E+00  0.100355191873E+01  0.999990618155E+00  0.971537346423E+00  0.100443321097E+01  0.100528534968E+01
  0.997216652767E+00  0.100662945901E+01  0.100305332869E+01  0.999991230154E+00  0.973515622436E+00  0.100047670699E+01  0.100763871335E+01
  0.100128636665E+01  0.100314051624E+01  0.100383224503E+01  0.100050392281E+01  0.985091722602E+00  0.100596560541E+01  0.100387955763E+01
  0.100289631571E+01  0.100485312288E+01  0.100082864588E+01  0.100062146520E+01  0.100045434331E+01
 -0.208092831626E-02 -0.187897667970E-02 -0.773585333009E-02 -0.867411175313E-02 -0.267569202900E-02 -0.132001702430E-02 -0.227859940677E-02
 -0.455236422069E-02 -0.108862894154E-01 -0.139218754789E-02 -0.164042598764E-02 -0.172368745415E-02 -0.202090704970E-02 -0.335669064478E-02
 -0.302194480130E-02 -0.453808193594E-03 -0.116724236758E-02 -0.144433240144E-02  0.311003597823E-02 -0.809043474279E-02 -0.158706349197E-02
 -0.219994343264E-02 -0.680156213534E-03 -0.925895360263E-03 -0.501001995871E-02 -0.712158867419E-02 -0.134962590136E-02 -0.201632059059E-02
 -0.256111019876E-06 -0.941317058296E-03 -0.468999964021E-02 -0.507498987322E-02 -0.753713773353E-02
  0.424528226065E-03  0.378766213154E-03  0.736925117819E-03  0.922403199684E-03  0.989638994292E-03  0.285399295250E-02  0.901338757349E-03
  0.321174325119E-03 -0.670794108502E-03  0.929601273832E-03  0.635647999728E-03  0.196591816898E-02  0.556773988120E-03  0.786607226967E-03
  0.622326790148E-03  0.126313715343E-02  0.571155622146E-03  0.621233796062E-03  0.235172598952E-02 -0.545582574927E-03  0.103449497943E-02
  0.988569610384E-03  0.495880554277E-03  0.651300862369E-03  0.233017909567E-04 -0.239086447546E-04  0.950393878180E-03  0.374783372335E-03
  0.115477806896E-02  0.746876678934E-03  0.131419741309E-03  0.682428770079E-04 -0.503989448777E-03
 -0.834329256086E-06  0.207005196051E-03  0.318781977966E-04 -0.280599149458E-04 -0.160442912417E-03 -0.913387186908E-04 -0.214484592721E-04
 -0.163497976167E-04 -0.457872332069E-04  0.369748796977E-04 -0.977630876024E-04 -0.351617860954E-03  0.237217215104E-04 -0.814770841692E-05
 -0.334393351448E-04  0.163253382036E-04  0.800171471858E-04 -0.298037836034E-03 -0.391840482477E-04  0.100253998396E-04 -0.629111293136E-04
 -0.122537624027E-03  0.194719195907E-04 -0.101162785168E-04 -0.759865841932E-04 -0.979500467810E-04 -0.980874661400E-04 -0.615206188428E-04
 -0.103175640095E-04 -0.200458788591E-04  0.100888635615E-03  0.794961643233E-04 -0.309674812028E-04
 -0.171211178953E-04 -0.358824759347E-03  0.868831606428E-03  0.823485746852E-03 -0.351236570491E-03  0.264860296278E-03  0.290110715619E-03
  0.358655399878E-03  0.889767185713E-03  0.491543704091E-04 -0.172924143519E-03  0.522394344227E-03  0.293627494552E-03  0.168842143730E-03
  0.568930477264E-03  0.333331631758E-03  0.356855910676E-03 -0.334400647113E-04  0.132925593170E-03  0.554470025317E-03  0.186751455740E-03
  0.277364647957E-03  0.630377392868E-04  0.218338486204E-03  0.438679759736E-03  0.567142163078E-03  0.319062715635E-03  0.308938399305E-03
  0.149868750071E-03  0.335863929176E-03  0.453681705749E-03  0.449711295548E-03  0.619847455359E-03
  0.115794065883E-02  0.452372266663E-02  0.217628341053E-02  0.249803505219E-02  0.418718216121E-02 -0.127706816463E-02  0.228004442877E-03
  0.115440074857E-02  0.379189490950E-02 -0.829239572049E-04  0.465986801947E-02 -0.605813700302E-03  0.361913076043E-03  0.607554876895E-03
  0.548920432075E-03 -0.474266487999E-03  0.917192188137E-04 -0.430358614501E-04 -0.250051004379E-02  0.293929414568E-02 -0.338311076080E-04
  0.145838489564E-03 -0.113920074913E-04 -0.980392154022E-05  0.165788485194E-02  0.231593121605E-02 -0.740270149837E-04  0.455178374366E-03
 -0.673728404053E-03 -0.890401394710E-04  0.149096966141E-02  0.165459897538E-02  0.269821057075E-02
        12        15        14        14
        21        16        14        14
         9        14        10        10
        15        22        21        21
        29        27        22        22
        14        16        10        10
         7         8        10        10
        14        15        21        21
        14         9        12        12
         5        12         6         6
        21        24        16        16
        32        23        24        24
        28        21        27        27
        17        16        23        23
        28        31        24        24
        19        15        12        12
         4         2         6         6
         4         9         8         8
        10         8         9         9
        17        13        10        10
        19        26        22        22
        10        16        17        17
        23        25        17        17
        22        15        19        19
        12        11        19        19
        27        30        28        28
        33        31        28        28
         6         9         4         4
         8         3         4         4
        25        23        32        32
        10        13         7         7
         3         8         7         7
        30        27        29        29
         6         2         5         5
        11        12         5         5
        24        23        16        16
        13        17        20        20
        26        19        18        18
         2         4         1         1
        22        27        21        21
        31        32        24        24
        21        28        24        24
        26        29        22        22
         9         6        12        12
        11        18        19        19
        25        20        17        17
        30        33        28        28
         3         1         4         4
zone t="boundary 6 bc-6", solutiontime= 0.1000000E+02, strandid=1006, i=33, j=48, f=feblock
  0.375000000000E+01  0.250000000000E+01  0.500000000000E+01  0.403384942830E+01  0.280856328277E+01  0.125000000000E+01  0.182727219356E+01
  0.500000000000E+01  0.430969386006E+01  0.342819755379E+01  0.227317933631E+01  0.162230260845E+01  0.000000000000E+00  0.905837536509E+00
  0.500000000000E+01  0.408642231822E+01  0.297954017413E+01  0.189599568386E+01  0.109945440014E+01  0.735450417037E+00  0.000000000000E+00
  0.500000000000E+01  0.398205049073E+01  0.304506426164E+01  0.214587157439E+01  0.104050588738E+01  0.000000000000E+00  0.000000000000E+00
  0.500000000000E+01  0.375000000000E+01  0.250000000000E+01  0.125000000000E+01  0.000000000000E+00
  0.250000000000E+01  0.250000000000E+01  0.250000000000E+01  0.145332269920E+01  0.132549389334E+01  0.250000000000E+01  0.173899611320E+01
  0.125000000000E+01  0.518568023061E+00  0.350800286361E+00  0.490615021923E-01  0.825621401394E+00  0.250000000000E+01  0.157899473280E+01
  0.000000000000E+00 -0.461282870254E+00 -0.857924212153E+00 -0.873141960959E+00 -0.322732261638E+00  0.659350882208E+00  0.125000000000E+01
 -0.125000000000E+01 -0.158398995423E+01 -0.183684615440E+01 -0.165007033378E+01 -0.147959633950E+01  0.000000000000E+00 -0.125000000000E+01
 -0.250000000000E+01 -0.250000000000E+01 -0.250000000000E+01 -0.250000000000E+01 -0.250000000000E+01
  0.000000000000E+00  0.000000000000E+00  0.000000000000E+00  0.000000000000E+00  0.000000000000E+00  0.000000000000E+00  0.000000000000E+00
  0.000000000000E+00  0.000000000000E+00  0.000000000000E+00  0.000000000000E+00  0.000000000000E+00  0.000000000000E+00  0.000000000000E+00
  0.000000000000E+00  0.000000000000E+00  0.000000000000E+00  0.000000000000E+00  0.000000000000E+00  0.000000000000E+00  0.000000000000E+00
  0.000000000000E+00  0.000000000000E+00  0.000000000000E+00  0.000000000000E+00  0.000000000000E+00  0.000000000000E+00  0.000000000000E+00
  0.000000000000E+00  0.000000000000E+00  0.000000000000E+00  0.000000000000E+00  0.000000000000E+00
  0.000000000000E+00  0.000000000000E+00  0.000000000000E+00  0.000000000000E+00  0.000000000000E+00  0.000000000000E+00  0.000000000000E+00
  0.000000000000E+00  0.000000000000E+00  0.000000000000E+00  0.000000000000E+00  0.000000000000E+00  0.000000000000E+00  0.000000000000E+00
  0.000000000000E+00  0.000000000000E+00  0.000000000000E+00  0.000000000000E+00  0.000000000000E+00  0.000000000000E+00  0.000000000000E+00
  0.000000000000E+00  0.000000000000E+00  0.000000000000E+00  0.000000000000E+00  0.000000000000E+00  0.000000000000E+00  0.000000000000E+00
  0.000000000000E+00  0.000000000000E+00  0.000000000000E+00  0.000000000000E+00  0.000000000000E+00
  0.999990271160E+00  0.999990226304E+00  0.999990396196E+00  0.999990182377E+00  0.999990059368E+00  0.999990284241E+00  0.999990143498E+00
  0.999990325101E+00  0.999990167205E+00  0.999989996585E+00  0.999989917772E+00  0.999990049955E+00  0.999990418744E+00  0.999990224555E+00
  0.999990349063E+00  0.999990157773E+00  0.999989991223E+00  0.999990034648E+00  0.999990131616E+00  0.999990193926E+00  0.999990357178E+00
  0.999990618155E+00  0.999990505567E+00  0.999990497886E+00  0.999990354822E+00  0.999990495401E+00  0.999990394394E+00  0.999990676924E+00
  0.999991230154E+00  0.999991175015E+00  0.999991158230E+00  0.999991226060E+00  0.999991292264E+00
 -0.139890463703E-02 -0.320834964291E-02 -0.208092831626E-02 -0.111349448765E-02 -0.123295733742E-03 -0.727717935555E-03 -0.110612210232E-02
 -0.187897667970E-02 -0.169724390825E-02  0.890531579647E-03  0.204335335565E-02  0.421680865308E-03  0.328547137679E-02  0.643998029830E-03
 -0.267569202900E-02 -0.109537470627E-02  0.219329361149E-02 -0.139176791166E-02  0.114467620380E-03  0.172222601913E-03 -0.535429045248E-03
 -0.164042598764E-02 -0.143859944284E-02 -0.903133498432E-03  0.893426520199E-03 -0.197041039183E-03 -0.119141864919E-01 -0.477046234849E-02
 -0.144433240144E-02 -0.144173449178E-02  0.133512031577E-02 -0.123673496745E-02 -0.540174325061E-02
  0.501301079207E-03  0.981129718087E-03  0.424528226065E-03  0.296209181087E-03  0.126745861889E-02 -0.479481633231E-03  0.412687536865E-03
  0.378766213154E-03 -0.322365607962E-03  0.382567010245E-04  0.112760519886E-02  0.195436893340E-02  0.766322784025E-03  0.166842389626E-03
  0.989638994292E-03 -0.145819277167E-03  0.148078689343E-03  0.393492546583E-03  0.695146629242E-02  0.367304813076E-02  0.145417520032E-02
  0.635647999728E-03  0.679218447259E-03 -0.268738059267E-03  0.153044921980E-02  0.385020187027E-02  0.144959376314E-03  0.739593504502E-03
  0.621233796062E-03  0.324247938920E-03  0.378642786162E-03  0.131705773177E-02  0.569619972328E-03
 -0.278997415302E-04  0.376317480839E-04 -0.834329256086E-06 -0.349321693878E-03 -0.116712809450E-02  0.324619592656E-03 -0.712706558543E-03
  0.207005196051E-03 -0.982079610859E-04 -0.364503926597E-03 -0.217428546597E-03 -0.123654545617E-02  0.165892696535E-03  0.206684676444E-03
 -0.160442912417E-03 -0.105387242193E-03  0.590477731668E-03  0.110095247930E-03  0.622881910321E-03  0.921112362027E-03  0.154844908348E-02
 -0.977630876024E-04  0.253145368728E-03  0.546466083716E-03  0.566146923415E-03  0.661004899860E-03  0.266301873975E-03 -0.719466561721E-03
 -0.298037836034E-03 -0.145408416272E-03 -0.526673989763E-04  0.284232325271E-03  0.334985066148E-03
 -0.406259632000E-03  0.333003633084E-04 -0.171211178953E-04 -0.119491594925E-02 -0.124573240327E-02  0.608816511630E-04 -0.563451378275E-03
 -0.358824759347E-03 -0.738217546491E-03 -0.171823941453E-02 -0.169270918592E-02 -0.149439733853E-02  0.180687127327E-03 -0.611082159494E-03
 -0.351236570491E-03 -0.822260021177E-03 -0.156795880792E-02 -0.430114516326E-03  0.287998519027E-02  0.135635110628E-02  0.782323591181E-03
 -0.172924143519E-03 -0.548291425225E-03 -0.488469369826E-03 -0.115176768219E-02  0.459425860674E-03  0.180266086762E-02  0.789692621858E-03
 -0.334400647113E-04 -0.263072897487E-03 -0.608904065064E-03  0.161031106216E-03  0.102000699218E-02
  0.502322298596E-02  0.427012664764E-02  0.115794065883E-02  0.901108949117E-03  0.432985133041E-02  0.144929022365E-02  0.363258165546E-02
  0.452372266663E-02  0.218074032002E-02  0.293729755577E-02  0.360324531324E-02 -0.746606573108E-03 -0.268162377655E-02  0.843015032370E-02
  0.418718216121E-02  0.430619215236E-02  0.505437861856E-02  0.453152148735E-02  0.120973290684E-02  0.416058063425E-02 -0.163820007756E-03
  0.465986801947E-02  0.604451203852E-02  0.551735955049E-03 -0.223731397136E-02 -0.313857881077E-02  0.770909577443E-02  0.282359786143E-02
 -0.430358614501E-04  0.192176828166E-02  0.240438814796E-02  0.545556286171E-02  0.231413823817E-02
        19        18        11        11
        17        10        11        11
        12        11         5         5
        18        25        17        17
        31        24        25        25
        11        10         5         5
         2         7         5         5
        11        18        17        17
        11        12        19        19
        27        19        20        20
        17        16        10        10
        15         9        16        16
        23        17        24        24
         4        10         9         9
        23        22        16        16
        26        18        19        19
        14        21        20        20
        14        12         7         7
         5         7        12        12
         4         1         5         5
        26        32        25        25
         5        10         4         4
         9         8         4         4
        25        18        26        26
        19        28        26        26
        24        30        23        23
        29        22        23        23
        20        12        14        14
         7         6        14        14
         8         9        15        15
         5         1         2         2
         6         7         2         2
        30        24        31        31
        20        21        27        27
        28        19        27        27
        16         9        10        10
         1         4         3         3
        32        26        33        33
        21        14        13        13
        25        24        17        17
        22        15        16        16
        17        23        16        16
        32        31        25        25
        12        20        19        19
        28        33        26        26
         8         3         4         4
        30        29        23        23
         6        13        14        14
