title="tecplot geometry and solution file"
variables = x y z rho u v w p mach temperature
zone t="boundary 1 bc-1", solutiontime= 0.4000000E+02, strandid=1001, i=32, j=46, f=feblock
 -0.547468544159E-02  0.000000000000E+00 -0.567606031233E-02  0.000000000000E+00  0.000000000000E+00  0.000000000000E+00 -0.525159244844E-02
 -0.425776897972E-02  0.000000000000E+00  0.000000000000E+00  0.000000000000E+00  0.000000000000E+00  0.000000000000E+00  0.000000000000E+00
  0.000000000000E+00  0.000000000000E+00 -0.338395986569E-02  0.000000000000E+00  0.000000000000E+00  0.000000000000E+00  0.000000000000E+00
  0.000000000000E+00  0.000000000000E+00  0.000000000000E+00  0.000000000000E+00  0.000000000000E+00  0.000000000000E+00  0.000000000000E+00
  0.000000000000E+00  0.000000000000E+00  0.000000000000E+00  0.000000000000E+00
  0.250494197117E+01  0.250494197117E+01  0.127822156907E+01  0.146289271009E+01  0.157686156160E+01  0.308372018325E+00  0.261948602440E-01
 -0.122573481164E+01 -0.600232012419E+00  0.250494197117E+01  0.477386199275E+00  0.742988685424E+00 -0.739814786992E+00  0.177790177481E+01
  0.155830813274E+01  0.250494197117E+01 -0.249658903664E+01 -0.154800130438E+01 -0.487811078581E+00  0.250494197117E+01  0.627766083140E+00
 -0.345533899378E+00 -0.178862290564E+01 -0.158811787973E+01  0.125000000000E+01 -0.249658903664E+01 -0.144524380962E+01  0.000000000000E+00
 -0.125000000000E+01 -0.249658903664E+01 -0.249658903664E+01 -0.249658903664E+01
  0.803813859736E-04  0.125000000000E+01  0.822460170124E-04  0.103724302461E+01  0.219251206392E+01  0.922061490191E+00  0.103872438714E-03
  0.341545874213E-04  0.715990576545E+00  0.250000000000E+01  0.202479342020E+01  0.324151231464E+01  0.175434191980E+01  0.310152362409E+01
  0.404200324774E+01  0.375000000000E+01  0.810725962675E-04  0.930412228790E+00  0.299062775774E+01  0.500000000000E+01  0.429310310915E+01
  0.409252726285E+01  0.187029682677E+01  0.284428995242E+01  0.500000000000E+01  0.125000000000E+01  0.394624082883E+01  0.500000000000E+01
  0.500000000000E+01  0.250000000000E+01  0.375000000000E+01  0.500000000000E+01
  0.134612569879E+01  0.106375187211E+01  0.142660805928E+01  0.108602600065E+01  0.103229532117E+01  0.120170301520E+01  0.164675492665E+01
  0.149542183765E+01  0.123514381052E+01  0.102386744233E+01  0.102822214765E+01  0.101305360736E+01  0.103253623344E+01  0.101467112307E+01
  0.100662677374E+01  0.100826784049E+01  0.144848021159E+01  0.116397946908E+01  0.101464148002E+01  0.100424981287E+01  0.100679674837E+01
  0.100725266500E+01  0.104656772468E+01  0.101934263906E+01  0.100423996805E+01  0.106449059162E+01  0.100790839616E+01  0.100288628834E+01
  0.100335079018E+01  0.102844577742E+01  0.100960760174E+01  0.100399891901E+01
  0.000000000000E+00  0.444892694339E+00  0.000000000000E+00  0.468179959215E+00  0.462188450658E+00  0.443238536326E+00  0.000000000000E+00
  0.000000000000E+00  0.379430232954E+00  0.471809759354E+00  0.466360237980E+00  0.479394635515E+00  0.490369737252E+00  0.484572920065E+00
  0.488598075735E+00  0.489901624590E+00  0.000000000000E+00  0.451028659154E+00  0.474777434225E+00  0.495801425238E+00  0.490926741662E+00
  0.486825371708E+00  0.448792921577E+00  0.465788477528E+00  0.496535910656E+00  0.444902177986E+00  0.487664888925E+00  0.497536158095E+00
  0.496380746855E+00  0.470009971285E+00  0.489175622748E+00  0.495514480334E+00
  0.000000000000E+00  0.000000000000E+00  0.000000000000E+00  0.182125964858E-01 -0.276656394760E-02  0.330059412585E-01  0.000000000000E+00
  0.000000000000E+00 -0.635746383467E-02  0.000000000000E+00  0.362928875051E-02 -0.561366842687E-02 -0.432718777267E-02  0.439473594342E-04
 -0.103560750651E-02  0.000000000000E+00  0.000000000000E+00 -0.778994279348E-02  0.391036653898E-03  0.000000000000E+00 -0.202846229297E-02
 -0.137710144628E-02  0.151779448844E-02 -0.162047748640E-02 -0.665090034397E-04  0.000000000000E+00 -0.290236637100E-04 -0.202463967494E-03
  0.805204545046E-03  0.000000000000E+00  0.000000000000E+00  0.000000000000E+00
  0.000000000000E+00  0.453333646375E-01  0.000000000000E+00  0.123662651818E+00  0.245708300463E-01  0.166131304828E+00  0.000000000000E+00
  0.000000000000E+00  0.155939403388E+00  0.352838797828E-02  0.259087831417E-01 -0.647782850338E-02  0.752860407427E-01  0.371619478885E-02
 -0.127426084494E-03  0.472061084202E-03  0.000000000000E+00  0.141090396998E+00 -0.806990273519E-02  0.236429451722E-02 -0.280454314146E-03
 -0.438313724255E-02  0.256755084600E-01 -0.189560027303E-02  0.307398670788E-02  0.838625952299E-01 -0.122886725346E-02  0.268516770649E-02
  0.264470330316E-02  0.283247992204E-02 -0.846931983606E-03  0.345739757914E-02
  0.961509029887E+00  0.782488053453E+00  0.101899634366E+01  0.808635073912E+00  0.746111081206E+00  0.879959052738E+00  0.117624342742E+01
  0.106815009291E+01  0.916497222462E+00  0.737373209000E+00  0.743650916490E+00  0.725792455213E+00  0.757480336282E+00  0.729143496810E+00
  0.720777357039E+00  0.722746681351E+00  0.103462119479E+01  0.858102228509E+00  0.728073573704E+00  0.718602612981E+00  0.721012646341E+00
  0.721155106308E+00  0.759936506779E+00  0.732620565606E+00  0.718522001394E+00  0.790954588923E+00  0.722119409584E+00  0.717197805527E+00
  0.717642725153E+00  0.741777241775E+00  0.724073510406E+00  0.718407361873E+00
  0.000000000000E+00  0.440672140718E+00  0.000000000000E+00  0.474618023615E+00  0.460125071258E+00  0.468639321317E+00  0.000000000000E+00
  0.000000000000E+00  0.402534625467E+00  0.469886789752E+00  0.464193115419E+00  0.478749743385E+00  0.489555752239E+00  0.483130040368E+00
  0.488002892184E+00  0.489035028678E+00  0.000000000000E+00  0.465237714160E+00  0.473759134912E+00  0.495364836101E+00  0.490293246175E+00
  0.486276628228E+00  0.445850269316E+00  0.464356458560E+00  0.496127941904E+00  0.443891886127E+00  0.486928138649E+00  0.497248362823E+00
  0.496055079403E+00  0.467740404900E+00  0.488187230987E+00  0.495089982869E+00
  0.999990300348E+00  0.102982970329E+01  0.999990762599E+00  0.104241436467E+01  0.101187663284E+01  0.102516400329E+01  0.999991420540E+00
  0.999992171056E+00  0.103882325323E+01  0.100825795403E+01  0.101253536063E+01  0.100301645433E+01  0.102705593901E+01  0.100604114212E+01
  0.100244532153E+01  0.100354817764E+01  0.999992724176E+00  0.103209992257E+01  0.100459425645E+01  0.100178625406E+01  0.100260326279E+01
  0.100234745850E+01  0.101657167941E+01  0.100620611024E+01  0.100168369509E+01  0.104025008131E+01  0.100303477704E+01  0.100118721276E+01
  0.100134451983E+01  0.100976459944E+01  0.100405634111E+01  0.100176433219E+01
        12        19        11        11
        11         5        12        12
        10        14         5         5
        19        13        11        11
        19        24        13        13
        30        23        24        24
        19        12        22        22
        28        22        21        21
        11        13         6         6
         7         6         9         9
        15        12        14        14
        18        13        23        23
        15        25        21        21
        27        19        22        22
        18         8         9         9
        27        31        24        24
         4        11         6         6
         5        14        12        12
         4         2         5         5
        21        12        15        15
        14        16        15        15
        24        19        27        27
        22        29        27        27
        23        26        18        18
        17         8        18        18
         5        11         4         4
         6         3         4         4
        26        23        30        30
         5         2        10        10
        16        14        10        10
         3         6         7         7
        21        25        28        28
        29        22        28        28
         6        13         9         9
         2         4         1         1
        31        27        32        32
        25        15        20        20
        24        23        13        13
         8         7         9         9
        13        18         9         9
        31        30        24        24
        12        21        22        22
        29        32        27        27
         3         1         4         4
        26        17        18        18
        16        20        15        15
zone t="boundary 2 bc-2", solutiontime= 0.4000000E+02, strandid=1002, i=33, j=48, f=feblock
  0.500195253374E+01  0.375034811161E+01  0.249861146299E+01  0.288036674177E+01  0.124717526933E+01  0.190856698521E+01  0.326577190273E+01
  0.201394856120E+01 -0.338395986569E-02  0.962374249381E+00  0.500000000000E+01  0.403430190008E+01  0.423029563807E+01  0.500000000000E+01
  0.385439188940E+01  0.500000000000E+01  0.398133433176E+01  0.315200081417E+01  0.266958028869E+01  0.154798029824E+01  0.218327860466E+01
  0.893688440338E+00  0.000000000000E+00  0.699009761768E+00  0.964460899052E+00  0.310303671659E+01  0.000000000000E+00  0.000000000000E+00
  0.125000000000E+01  0.500000000000E+01  0.375000000000E+01  0.250000000000E+01  0.000000000000E+00
 -0.249658903664E+01 -0.249658903664E+01 -0.249658903664E+01 -0.249658903664E+01 -0.249658903664E+01 -0.249658903664E+01 -0.249658903664E+01
 -0.249658903664E+01 -0.249658903664E+01 -0.249658903664E+01 -0.249658903664E+01 -0.249658903664E+01 -0.249658903664E+01 -0.249658903664E+01
 -0.249658903664E+01 -0.249658903664E+01 -0.249658903664E+01 -0.249658903664E+01 -0.249658903664E+01 -0.249658903664E+01 -0.249658903664E+01
 -0.249658903664E+01 -0.249658903664E+01 -0.249658903664E+01 -0.249658903664E+01 -0.249658903664E+01 -0.249658903664E+01 -0.249658903664E+01
 -0.249658903664E+01 -0.249658903664E+01 -0.249658903664E+01 -0.249658903664E+01 -0.249658903664E+01
  0.108225889030E-03  0.145875369682E-03  0.100893326426E-03  0.901663374396E+00  0.110858761919E-03  0.714928318829E+00  0.188140648011E+01
  0.175892165504E+01  0.810725962675E-04  0.957504300331E+00  0.125000000000E+01  0.100596698996E+01  0.191313519089E+01  0.250000000000E+01
  0.292898096716E+01  0.375000000000E+01  0.406883369524E+01  0.363389289944E+01  0.284756860985E+01  0.292582308120E+01  0.395754054931E+01
  0.205027256979E+01  0.125000000000E+01  0.306703272692E+01  0.397155766662E+01  0.433068622168E+01  0.250000000000E+01  0.375000000000E+01
  0.500000000000E+01  0.500000000000E+01  0.500000000000E+01  0.500000000000E+01  0.500000000000E+01
  0.831048175336E+00  0.935360824444E+00  0.934403635849E+00  0.968071345166E+00  0.961589885503E+00  0.964865498564E+00  0.984198584406E+00
  0.991414918835E+00  0.144848021159E+01  0.102900225534E+01  0.956085019785E+00  0.960783087535E+00  0.981507062889E+00  0.100649929202E+01
  0.997931714853E+00  0.100981502326E+01  0.100200285085E+01  0.998068351368E+00  0.991091649929E+00  0.100132695368E+01  0.100094042924E+01
  0.101223727169E+01  0.106449059162E+01  0.101080086267E+01  0.100685970201E+01  0.100119194148E+01  0.102844577742E+01  0.100960760174E+01
  0.100511669572E+01  0.100179321132E+01  0.100266914185E+01  0.100322418293E+01  0.100399891901E+01
  0.000000000000E+00  0.000000000000E+00  0.000000000000E+00  0.378543266441E+00  0.000000000000E+00  0.340245251539E+00  0.582137361453E+00
  0.575309130397E+00  0.000000000000E+00  0.489361311917E+00  0.495121332193E+00  0.430490436271E+00  0.569150353900E+00  0.536358903316E+00
  0.569063626821E+00  0.516261169504E+00  0.508568271696E+00  0.527504025081E+00  0.566854732264E+00  0.532031630539E+00  0.506131999181E+00
  0.520940438117E+00  0.444902177986E+00  0.491382659627E+00  0.492728079570E+00  0.501504822867E+00  0.470009971285E+00  0.489175622748E+00
  0.490415160341E+00  0.491399190021E+00  0.486162647918E+00  0.490249139811E+00  0.495514480334E+00
  0.000000000000E+00  0.000000000000E+00  0.000000000000E+00  0.000000000000E+00  0.000000000000E+00  0.000000000000E+00  0.000000000000E+00
  0.000000000000E+00  0.000000000000E+00  0.000000000000E+00  0.000000000000E+00  0.000000000000E+00  0.000000000000E+00  0.000000000000E+00
  0.000000000000E+00  0.000000000000E+00  0.000000000000E+00  0.000000000000E+00  0.000000000000E+00  0.000000000000E+00  0.000000000000E+00
  0.000000000000E+00  0.000000000000E+00  0.000000000000E+00  0.000000000000E+00  0.000000000000E+00  0.000000000000E+00  0.000000000000E+00
  0.000000000000E+00  0.000000000000E+00  0.000000000000E+00  0.000000000000E+00  0.000000000000E+00
  0.000000000000E+00  0.000000000000E+00  0.000000000000E+00 -0.231452540553E-02  0.000000000000E+00  0.182378835139E-01  0.121295123996E-01
  0.454078974839E-01  0.000000000000E+00  0.867522180984E-01 -0.992710283730E-01 -0.210113179968E-01 -0.304767630700E-01 -0.412776984257E-01
 -0.131928935345E-02  0.269534157878E-02  0.638275949705E-03  0.540582324929E-03  0.151257538546E-01  0.284080240625E-01  0.565447249359E-02
  0.554043257048E-01  0.838625952299E-01  0.110586924464E-01  0.679301523518E-02 -0.738204076849E-03  0.283247992204E-02 -0.846931983606E-03
  0.399851940369E-02  0.605678234171E-02 -0.135555038351E-03  0.119983249732E-02  0.345739757914E-02
  0.593601974247E+00  0.668110659422E+00  0.667426859683E+00  0.684285843337E+00  0.686845205769E+00  0.679268123241E+00  0.695856155817E+00
  0.702297518793E+00  0.103462119479E+01  0.723403570788E+00  0.672769693970E+00  0.675854410524E+00  0.694112309719E+00  0.721030035191E+00
  0.712706967831E+00  0.724811092035E+00  0.716594653590E+00  0.713312205081E+00  0.706427651262E+00  0.717743592583E+00  0.715381886816E+00
  0.730912726445E+00  0.790954588923E+00  0.724368486752E+00  0.721019082421E+00  0.715471813433E+00  0.741777241775E+00  0.724073510406E+00
  0.719323439578E+00  0.715894503876E+00  0.716614416389E+00  0.717377594829E+00  0.718407361873E+00
  0.000000000000E+00  0.000000000000E+00  0.000000000000E+00  0.380534932310E+00  0.000000000000E+00  0.343213085593E+00  0.585244498215E+00
  0.579499347410E+00  0.000000000000E+00  0.500959579450E+00  0.508769430992E+00  0.434312434089E+00  0.572817904396E+00  0.537160216418E+00
  0.569105636355E+00  0.515014978658E+00  0.508256899825E+00  0.527354070682E+00  0.567656192378E+00  0.531857081819E+00  0.506013407728E+00
  0.521044572094E+00  0.443891886127E+00  0.490703087862E+00  0.492147931219E+00  0.501388045210E+00  0.467740404900E+00  0.488187230987E+00
  0.489959791884E+00  0.491323948106E+00  0.486019441533E+00  0.489980972123E+00  0.495089982869E+00
  0.999993488475E+00  0.999993690933E+00  0.999993544233E+00  0.989596671212E+00  0.999993139044E+00  0.985604080520E+00  0.989839483189E+00
  0.991730614126E+00  0.999992724176E+00  0.984220388097E+00  0.985139974025E+00  0.984817683627E+00  0.990066470582E+00  0.100292375491E+01
  0.999857745888E+00  0.100487268012E+01  0.100122720627E+01  0.100056983647E+01  0.997888249627E+00  0.100350941910E+01  0.100059365401E+01
  0.101090707252E+01  0.104025008131E+01  0.100327959631E+01  0.100254952440E+01  0.100046803945E+01  0.100976459944E+01  0.100405634111E+01
  0.100192626358E+01  0.100045827233E+01  0.100058946772E+01  0.100110090033E+01  0.100176433219E+01
        15         7        19        19
         8        20        19        19
        18        19        21        21
         7         4         8         8
         3         6         4         4
        19         7         8         8
        19        18        15        15
        14        13        15        15
         8        22        20        20
        27        24        22        22
        19        20        21        21
        32        26        21        21
        17        18        26        26
        17        16        15        15
        25        29        21        21
        12         7        13        13
        10         8         6         6
        25        20        24        24
         4         6         8         8
        12         2         4         4
        10        23        22        22
        26        31        17        17
        30        16        17        17
         4         7        12        12
        13        11        12        12
        21        20        25        25
        24        28        25        25
        22         8        10        10
         6         5        10        10
        31        26        32        32
         4         2         3         3
         5         6         3         3
        11        13        14        14
        22        23        27        27
        28        24        27        27
        15        13         7         7
         2        12         1         1
        29        25        33        33
        23        10         9         9
        21        26        18        18
        16        14        15        15
        18        17        15        15
        29        32        21        21
        22        24        20        20
        28        33        25        25
        11         1        12        12
        31        30        17        17
         5         9        10        10
zone t="boundary 3 bc-3", solutiontime= 0.4000000E+02, strandid=1003, i=33, j=48, f=feblock
  0.375059096892E+01  0.249769609313E+01  0.500322133174E+01  0.403612218725E+01  0.287976772365E+01  0.124541910518E+01  0.190552237404E+01
  0.500000000000E+01  0.326671104552E+01  0.423253755448E+01  0.201271136506E+01 -0.547468544159E-02  0.958895643487E+00  0.500000000000E+01
  0.266968147299E+01  0.385584487271E+01  0.890374214836E+00  0.154654013699E+01  0.000000000000E+00  0.500000000000E+01  0.315261136744E+01
  0.218304199515E+01  0.398195307895E+01  0.000000000000E+00  0.697379952124E+00  0.963757277315E+00  0.125000000000E+01  0.000000000000E+00
  0.500000000000E+01  0.310330738524E+01  0.250000000000E+01  0.375000000000E+01  0.000000000000E+00
  0.250494197117E+01  0.250494197117E+01  0.250494197117E+01  0.250494197117E+01  0.250494197117E+01  0.250494197117E+01  0.250494197117E+01
  0.250494197117E+01  0.250494197117E+01  0.250494197117E+01  0.250494197117E+01  0.250494197117E+01  0.250494197117E+01  0.250494197117E+01
  0.250494197117E+01  0.250494197117E+01  0.250494197117E+01  0.250494197117E+01  0.250494197117E+01  0.250494197117E+01  0.250494197117E+01
  0.250494197117E+01  0.250494197117E+01  0.250494197117E+01  0.250494197117E+01  0.250494197117E+01  0.250494197117E+01  0.250494197117E+01
  0.250494197117E+01  0.250494197117E+01  0.250494197117E+01  0.250494197117E+01  0.250494197117E+01
  0.135649900475E-03  0.110129816450E-03  0.966887303695E-04  0.101756752009E+01  0.908094589218E+00  0.103942505786E-03  0.722629083213E+00
  0.125000000000E+01  0.188965661746E+01  0.191862696980E+01  0.176708239098E+01  0.803813859736E-04  0.969652551954E+00  0.250000000000E+01
  0.285339433501E+01  0.293325058812E+01  0.205656223819E+01  0.293157016932E+01  0.125000000000E+01  0.375000000000E+01  0.363766838842E+01
  0.396069444983E+01  0.407056385475E+01  0.250000000000E+01  0.307031995245E+01  0.397359820314E+01  0.500000000000E+01  0.375000000000E+01
  0.500000000000E+01  0.433260781310E+01  0.500000000000E+01  0.500000000000E+01  0.500000000000E+01
  0.942183315359E+00  0.946102058172E+00  0.843610119031E+00  0.964597825314E+00  0.979042471525E+00  0.957208450245E+00  0.983429243676E+00
  0.963721962165E+00  0.982810762669E+00  0.984401147007E+00  0.990479868828E+00  0.134612569879E+01  0.101938619017E+01  0.100836255538E+01
  0.993522485995E+00  0.998022458364E+00  0.100803247427E+01  0.100074557569E+01  0.106375187211E+01  0.100671335941E+01  0.100059443996E+01
  0.100235464779E+01  0.100177895157E+01  0.102386744233E+01  0.100869510292E+01  0.100526310861E+01  0.100520798459E+01  0.100826784049E+01
  0.100195929247E+01  0.100162152518E+01  0.100412051560E+01  0.100321831990E+01  0.100424981287E+01
  0.000000000000E+00  0.000000000000E+00  0.000000000000E+00  0.440215656880E+00  0.400393514865E+00  0.000000000000E+00  0.375212962333E+00
  0.494608165192E+00  0.572938489078E+00  0.569372046217E+00  0.559962258431E+00  0.000000000000E+00  0.484442589437E+00  0.533629644217E+00
  0.556227681851E+00  0.564435201773E+00  0.522387784142E+00  0.522298183041E+00  0.444892694339E+00  0.518273672898E+00  0.524586201882E+00
  0.503813392147E+00  0.509767155159E+00  0.471809759354E+00  0.496276139659E+00  0.494958455393E+00  0.489142916922E+00  0.489901624590E+00
  0.493069827890E+00  0.499094662211E+00  0.486810859365E+00  0.484772076838E+00  0.495801425238E+00
  0.000000000000E+00  0.000000000000E+00  0.000000000000E+00  0.000000000000E+00  0.000000000000E+00  0.000000000000E+00  0.000000000000E+00
  0.000000000000E+00  0.000000000000E+00  0.000000000000E+00  0.000000000000E+00  0.000000000000E+00  0.000000000000E+00  0.000000000000E+00
  0.000000000000E+00  0.000000000000E+00  0.000000000000E+00  0.000000000000E+00  0.000000000000E+00  0.000000000000E+00  0.000000000000E+00
  0.000000000000E+00  0.000000000000E+00  0.000000000000E+00  0.000000000000E+00  0.000000000000E+00  0.000000000000E+00  0.000000000000E+00
  0.000000000000E+00  0.000000000000E+00  0.000000000000E+00  0.000000000000E+00  0.000000000000E+00
  0.000000000000E+00  0.000000000000E+00  0.000000000000E+00 -0.226613433770E-01  0.112044580019E-01  0.000000000000E+00  0.182027361691E-01
 -0.100724125107E+00  0.384685518870E-02 -0.389363195044E-01  0.339577433110E-01  0.000000000000E+00  0.656339777673E-01 -0.424552416150E-01
  0.838018833568E-02 -0.653498356430E-02  0.487083442846E-01  0.134196935015E-01  0.453333646375E-01  0.715864686650E-03 -0.737230154060E-03
  0.238154990486E-02  0.838435352813E-03  0.352838797828E-02  0.102975048424E-01  0.427106328789E-02  0.337260222512E-02  0.472061084202E-03
  0.570495645143E-02  0.305670535628E-03  0.160688310406E-02  0.568433507687E-03  0.236429451722E-02
  0.672980912082E+00  0.675780031117E+00  0.602572409262E+00  0.676166116113E+00  0.691394595154E+00  0.683713370163E+00  0.689996365866E+00
  0.677410865765E+00  0.695272678361E+00  0.696337292467E+00  0.703516869503E+00  0.961509029887E+00  0.719936709717E+00  0.722890731956E+00
  0.709498957259E+00  0.713711031257E+00  0.725999946971E+00  0.716614561044E+00  0.782488053453E+00  0.722259696222E+00  0.716134595625E+00
  0.716554662941E+00  0.716543540673E+00  0.737373209000E+00  0.722639097990E+00  0.719421655577E+00  0.719547906807E+00  0.722746681351E+00
  0.716025657558E+00  0.715848708228E+00  0.718137801626E+00  0.717062955643E+00  0.718602612981E+00
  0.000000000000E+00  0.000000000000E+00  0.000000000000E+00  0.444961643961E+00  0.402838314795E+00  0.000000000000E+00  0.379028993979E+00
  0.508827590178E+00  0.575719765372E+00  0.573484211266E+00  0.562571096113E+00  0.000000000000E+00  0.491643473790E+00  0.534340509605E+00
  0.556353512912E+00  0.564141608076E+00  0.522489642020E+00  0.521815321448E+00  0.440672140718E+00  0.517132425744E+00  0.524064799205E+00
  0.503612594792E+00  0.509416582633E+00  0.469886789752E+00  0.495646538394E+00  0.494503099115E+00  0.488630061241E+00  0.489035028678E+00
  0.492985589045E+00  0.498953634520E+00  0.486505362774E+00  0.484610657288E+00  0.495364836101E+00
  0.999989345551E+00  0.999989414876E+00  0.999989632576E+00  0.981375385384E+00  0.988672566684E+00  0.999989832918E+00  0.982271900520E+00
  0.984075541809E+00  0.990406074779E+00  0.990320066589E+00  0.994390343814E+00  0.999990300348E+00  0.988743425529E+00  0.100365391330E+01
  0.999774594098E+00  0.100117530962E+01  0.100830077573E+01  0.100251293619E+01  0.102982970329E+01  0.100442053863E+01  0.100199280931E+01
  0.100081994963E+01  0.100137955122E+01  0.100825795403E+01  0.100297377697E+01  0.100191711920E+01  0.100214789872E+01  0.100354817764E+01
  0.100047569608E+01  0.100056574897E+01  0.100126718522E+01  0.100066766923E+01  0.100178625406E+01
        15         9        16        16
        15        18        11        11
        22        15        21        21
        11         5         9         9
         5         7         2         2
        11         9        15        15
        16        21        15        15
        16        10        14        14
        18        17        11        11
        17        25        24        24
        22        18        15        15
        22        30        31        31
        30        21        23        23
        16        20        23        23
        22        27        26        26
        10         9         4         4
         7        11        13        13
        25        18        26        26
        11         7         5         5
         5         1         4         4
        17        19        13        13
        23        32        30        30
        23        20        29        29
         4         9         5         5
         4         8        10        10
        26        18        22        22
        26        28        25        25
        13        11        17        17
        13         6         7         7
        31        30        32        32
         2         1         5         5
         2         7         6         6
        14        10         8         8
        24        19        17        17
        24        25        28        28
         9        10        16        16
         3         4         1         1
        33        26        27        27
        12        13        19        19
        21        30        22        22
        16        14        20        20
        16        23        21        21
        22        31        27        27
        18        25        17        17
        26        33        28        28
         4         3         8         8
        23        29        32        32
        13        12         6         6
zone t="boundary 4 bc-4", solutiontime= 0.4000000E+02, strandid=1004, i=32, j=46, f=feblock
  0.125000000000E+01  0.219251206392E+01  0.103724302461E+01  0.500000000000E+01  0.250000000000E+01  0.375000000000E+01  0.404200324774E+01
  0.500000000000E+01  0.000000000000E+00  0.310152362409E+01  0.202479342020E+01  0.324151231464E+01  0.922061490191E+00  0.000000000000E+00
  0.299062775774E+01  0.394624082883E+01  0.500000000000E+01  0.409252726285E+01  0.500000000000E+01  0.429310310915E+01  0.175434191980E+01
  0.284428995242E+01  0.000000000000E+00  0.000000000000E+00  0.715990576545E+00  0.930412228790E+00  0.125000000000E+01  0.187029682677E+01
  0.500000000000E+01  0.375000000000E+01  0.250000000000E+01  0.000000000000E+00
  0.250494197117E+01  0.157686156160E+01  0.146289271009E+01  0.250494197117E+01  0.250494197117E+01  0.250494197117E+01  0.155830813274E+01
  0.125000000000E+01  0.250494197117E+01  0.177790177481E+01  0.477386199275E+00  0.742988685424E+00  0.308372018325E+00  0.125000000000E+01
 -0.487811078581E+00 -0.144524380962E+01 -0.125000000000E+01 -0.345533899378E+00  0.000000000000E+00  0.627766083140E+00 -0.739814786992E+00
 -0.158811787973E+01  0.000000000000E+00 -0.125000000000E+01 -0.600232012419E+00 -0.154800130438E+01 -0.249658903664E+01 -0.178862290564E+01
 -0.249658903664E+01 -0.249658903664E+01 -0.249658903664E+01 -0.249658903664E+01
  0.500000000000E+01  0.500000000000E+01  0.500000000000E+01  0.500000000000E+01  0.500000000000E+01  0.500000000000E+01  0.500000000000E+01
  0.500000000000E+01  0.500000000000E+01  0.500000000000E+01  0.500000000000E+01  0.500000000000E+01  0.500000000000E+01  0.500000000000E+01
  0.500000000000E+01  0.500000000000E+01  0.500000000000E+01  0.500000000000E+01  0.500000000000E+01  0.500000000000E+01  0.500000000000E+01
  0.500000000000E+01  0.500000000000E+01  0.500000000000E+01  0.500000000000E+01  0.500000000000E+01  0.500000000000E+01  0.500000000000E+01
  0.500000000000E+01  0.500000000000E+01  0.500000000000E+01  0.500000000000E+01
  0.100520798459E+01  0.100431951374E+01  0.100430492742E+01  0.100195929247E+01  0.100412051560E+01  0.100321831990E+01  0.100259023998E+01
  0.100200912146E+01  0.100424981287E+01  0.100371920237E+01  0.100446314811E+01  0.100347260548E+01  0.100365337144E+01  0.100423996805E+01
  0.100362997640E+01  0.100164299110E+01  0.100227299905E+01  0.100227931843E+01  0.100213230668E+01  0.100254720129E+01  0.100443083657E+01
  0.100338091263E+01  0.100288628834E+01  0.100335079018E+01  0.100323377294E+01  0.100407000687E+01  0.100511669572E+01  0.100432527480E+01
  0.100179321132E+01  0.100266914185E+01  0.100322418293E+01  0.100399891901E+01
  0.489142916922E+00  0.489272104018E+00  0.491032943362E+00  0.493069827890E+00  0.486810859365E+00  0.484772076838E+00  0.485404094869E+00
  0.494263294832E+00  0.495801425238E+00  0.486816467002E+00  0.488145576921E+00  0.487229545952E+00  0.494434703633E+00  0.496535910656E+00
  0.487824586823E+00  0.483169863382E+00  0.492563506360E+00  0.487247116301E+00  0.494865514700E+00  0.488001356230E+00  0.490070590292E+00
  0.488216018391E+00  0.497536158095E+00  0.496380746855E+00  0.495256746977E+00  0.493194144065E+00  0.490415160341E+00  0.490358111643E+00
  0.491399190021E+00  0.486162647918E+00  0.490249139811E+00  0.495514480334E+00
  0.000000000000E+00 -0.570894904614E-04 -0.127311779072E-02  0.000000000000E+00  0.000000000000E+00  0.000000000000E+00  0.474681087911E-03
  0.851357175584E-03  0.000000000000E+00  0.314649662291E-03 -0.889029662638E-03 -0.750192796968E-03 -0.173000598591E-02 -0.665090034397E-04
 -0.105201005698E-02 -0.997704810935E-03 -0.129364816052E-02 -0.207628992085E-02 -0.126256326083E-02 -0.996007514022E-03 -0.596596907435E-03
 -0.741883770885E-03 -0.202463967494E-03  0.805204545046E-03  0.605542757460E-04  0.162403297146E-02  0.000000000000E+00  0.804119804908E-03
  0.000000000000E+00  0.000000000000E+00  0.000000000000E+00  0.000000000000E+00
  0.337260222512E-02  0.270712139190E-02  0.386455957099E-02  0.570495645143E-02  0.160688310406E-02  0.568433507687E-03  0.202898142613E-02
  0.492471692973E-02  0.236429451722E-02  0.106990797487E-02  0.201065484647E-02 -0.219879753121E-04  0.500703512557E-02  0.307398670788E-02
  0.338728891067E-04  0.112646280627E-02  0.490061693186E-02  0.118834350255E-02  0.497388154716E-02  0.146034753159E-02  0.271258198400E-02
  0.911933446270E-04  0.268516770649E-02  0.264470330316E-02  0.438718719679E-02  0.489436162834E-02  0.399851940369E-02  0.231724410390E-02
  0.605678234171E-02 -0.135555038351E-03  0.119983249732E-02  0.345739757914E-02
  0.719547906807E+00  0.718464182074E+00  0.718636992228E+00  0.716025657558E+00  0.718137801626E+00  0.717062955643E+00  0.716318567692E+00
  0.716080900954E+00  0.718602612981E+00  0.717747980263E+00  0.718426890856E+00  0.717284363513E+00  0.718071575506E+00  0.718522001394E+00
  0.717569476770E+00  0.715467216756E+00  0.716505067326E+00  0.716074018655E+00  0.716253554159E+00  0.716272588719E+00  0.718704252573E+00
  0.717410350990E+00  0.717197805527E+00  0.717642725153E+00  0.717546661862E+00  0.718483667934E+00  0.719323439578E+00  0.718550334529E+00
  0.715894503876E+00  0.716614416389E+00  0.717377594829E+00  0.718407361873E+00
  0.488630061241E+00  0.488907249796E+00  0.490613544627E+00  0.492985589045E+00  0.486505362774E+00  0.484610657288E+00  0.485346666929E+00
  0.494164263177E+00  0.495364836101E+00  0.486544434171E+00  0.487826579180E+00  0.487054087507E+00  0.494057913242E+00  0.496127941904E+00
  0.487590810743E+00  0.483169526417E+00  0.492384743518E+00  0.487198475328E+00  0.494738443197E+00  0.487947513300E+00  0.489650845522E+00
  0.487975046387E+00  0.497248362823E+00  0.496055079403E+00  0.494947828339E+00  0.492777850367E+00  0.489959791884E+00  0.489963104034E+00
  0.491323948106E+00  0.486019441533E+00  0.489980972123E+00  0.495089982869E+00
  0.100214789872E+01  0.100152375927E+01  0.100177920236E+01  0.100047569608E+01  0.100126718522E+01  0.100066766923E+01  0.100025509403E+01
  0.100050312903E+01  0.100178625406E+01  0.100112379040E+01  0.100132856949E+01  0.100072299277E+01  0.100164083967E+01  0.100168369509E+01
  0.100096379253E+01  0.100001109413E+01  0.100083220361E+01  0.100022379759E+01  0.100062134425E+01  0.100023382731E+01  0.100174737470E+01
  0.100099023087E+01  0.100118721276E+01  0.100134451983E+01  0.100132726161E+01  0.100179980303E+01  0.100192626358E+01  0.100163810828E+01
  0.100045827233E+01  0.100058946772E+01  0.100110090033E+01  0.100176433219E+01
        12        15        11        11
        11         2        12        12
         5        10         2         2
        15        21        11        11
        15        22        21        21
        31        28        22        22
        15        12        18        18
        19        18        20        20
        11        21        13        13
        23        13        25        25
         7        12        10        10
        26        21        28        28
         7         8        20        20
        16        15        18        18
        26        24        25        25
        16        30        22        22
         3        11        13        13
         2        10        12        12
         3         1         2         2
        20        12         7         7
        10         6         7         7
        22        15        16        16
        18        17        16        16
        28        27        26        26
        32        24        26        26
         2        11         3         3
        13        14         3         3
        27        28        31        31
         2         1         5         5
         6        10         5         5
        14        13        23        23
        20         8        19        19
        17        18        19        19
        13        21        25        25
         1         3         9         9
        30        16        29        29
         8         7         4         4
        22        28        21        21
        24        23        25        25
        21        26        25        25
        30        31        22        22
        12        20        18        18
        17        29        16        16
        14         9         3         3
        27        32        26        26
         6         4         7         7
zone t="boundary 5 bc-5", solutiontime= 0.4000000E+02, strandid=1005, i=33, j=48, f=feblock
  0.500322133174E+01  0.500467668798E+01  0.500000000000E+01  0.500000000000E+01  0.500477267378E+01  0.500000000000E+01  0.500000000000E+01
  0.500000000000E+01  0.500000000000E+01  0.500000000000E+01  0.500358118334E+01  0.500000000000E+01  0.500000000000E+01  0.500000000000E+01
  0.500000000000E+01  0.500000000000E+01  0.500000000000E+01  0.500195253374E+01  0.500000000000E+01  0.500000000000E+01  0.500000000000E+01
  0.500000000000E+01  0.500000000000E+01  0.500000000000E+01  0.500000000000E+01  0.500000000000E+01  0.500000000000E+01  0.500000000000E+01
  0.500000000000E+01  0.500000000000E+01  0.500000000000E+01  0.500000000000E+01  0.500000000000E+01
  0.250494197117E+01  0.128129120217E+01  0.250494197117E+01  0.157899473280E+01  0.277507990646E-01  0.659350882208E+00  0.250494197117E+01
  0.173899611320E+01  0.825621401394E+00  0.132549389334E+01 -0.122585350888E+01 -0.322732261638E+00  0.250494197117E+01  0.490615021923E-01
 -0.873141960959E+00  0.350800286361E+00  0.145332269920E+01 -0.249658903664E+01 -0.147959633950E+01  0.250494197117E+01 -0.857924212153E+00
 -0.165007033378E+01  0.518568023061E+00 -0.461282870254E+00  0.125000000000E+01 -0.249658903664E+01 -0.183684615440E+01 -0.158398995423E+01
 -0.249658903664E+01 -0.249658903664E+01 -0.125000000000E+01  0.000000000000E+00 -0.249658903664E+01
  0.966887303695E-04  0.163805301923E-03  0.125000000000E+01  0.905837536509E+00  0.190347800834E-03  0.735450417037E+00  0.250000000000E+01
  0.182727219356E+01  0.162230260845E+01  0.280856328277E+01  0.160776520444E-03  0.109945440014E+01  0.375000000000E+01  0.227317933631E+01
  0.189599568386E+01  0.342819755379E+01  0.403384942830E+01  0.108225889030E-03  0.104050588738E+01  0.500000000000E+01  0.297954017413E+01
  0.214587157439E+01  0.430969386006E+01  0.408642231822E+01  0.500000000000E+01  0.125000000000E+01  0.304506426164E+01  0.398205049073E+01
  0.250000000000E+01  0.375000000000E+01  0.500000000000E+01  0.500000000000E+01  0.500000000000E+01
  0.843610119031E+00  0.774202497883E+00  0.963721962165E+00  0.925299722997E+00  0.762763286175E+00  0.875250242146E+00  0.100836255538E+01
  0.990926016727E+00  0.976803878946E+00  0.100515252144E+01  0.766149606989E+00  0.909147697200E+00  0.100671335941E+01  0.100559263488E+01
  0.986080379346E+00  0.101041600684E+01  0.100449157943E+01  0.831048175336E+00  0.914488978866E+00  0.100195929247E+01  0.101289528371E+01
  0.100053035043E+01  0.100545662493E+01  0.100582659405E+01  0.100200912146E+01  0.956085019785E+00  0.101167709308E+01  0.100705374572E+01
  0.100649929202E+01  0.100981502326E+01  0.100227299905E+01  0.100213230668E+01  0.100179321132E+01
  0.000000000000E+00  0.000000000000E+00  0.494608165192E+00  0.452053090697E+00  0.000000000000E+00  0.460030707279E+00  0.533629644217E+00
  0.527960585105E+00  0.524262937083E+00  0.540925452257E+00  0.000000000000E+00  0.493115503272E+00  0.518273672898E+00  0.537419441854E+00
  0.536367713264E+00  0.530977073484E+00  0.511768958610E+00  0.000000000000E+00  0.478625108016E+00  0.493069827890E+00  0.532893880614E+00
  0.529986668224E+00  0.506365090536E+00  0.512971150176E+00  0.494263294832E+00  0.495121332193E+00  0.530977225454E+00  0.512902467441E+00
  0.536358903316E+00  0.516261169504E+00  0.492563506360E+00  0.494865514700E+00  0.491399190021E+00
  0.000000000000E+00  0.000000000000E+00  0.000000000000E+00 -0.193378298377E-01  0.000000000000E+00 -0.817104419667E-02  0.000000000000E+00
 -0.729550031383E-02 -0.132579186152E-01 -0.691228616884E-04  0.000000000000E+00 -0.675368008138E-02  0.000000000000E+00 -0.416610466441E-03
  0.455224619337E-02  0.316805610771E-02  0.221315116698E-02  0.000000000000E+00  0.141931348304E-01  0.000000000000E+00  0.347836113528E-02
  0.499391929836E-02  0.175555238704E-02  0.735883273377E-03  0.851357175584E-03  0.000000000000E+00  0.194671813315E-02  0.503579845631E-03
  0.000000000000E+00  0.000000000000E+00 -0.129364816052E-02 -0.126256326083E-02  0.000000000000E+00
  0.000000000000E+00  0.000000000000E+00 -0.100724125107E+00 -0.112036043239E+00  0.000000000000E+00 -0.983548305385E-01 -0.424552416150E-01
 -0.799994620546E-01 -0.944396632362E-01 -0.277643196181E-01  0.000000000000E+00 -0.989259223528E-01  0.715864686650E-03 -0.586333791262E-01
 -0.808652476077E-01 -0.596435990702E-02  0.421639325120E-02  0.000000000000E+00 -0.100259574511E+00  0.570495645143E-02 -0.192731550900E-01
 -0.679097074912E-01  0.682282704293E-02  0.519703319881E-02  0.492471692973E-02 -0.992710283730E-01 -0.156350871125E-01  0.514457583284E-02
 -0.412776984257E-01  0.269534157878E-02  0.490061693186E-02  0.497388154716E-02  0.605678234171E-02
  0.602572409262E+00  0.552996411771E+00  0.677410865765E+00  0.645375804229E+00  0.544826283939E+00  0.599604100701E+00  0.722890731956E+00
  0.703844353747E+00  0.691594521845E+00  0.720508615442E+00  0.547245791467E+00  0.630966697932E+00  0.722259696222E+00  0.722087109363E+00
  0.702392180309E+00  0.726513078075E+00  0.719681952108E+00  0.593601974247E+00  0.635930429177E+00  0.716025657558E+00  0.729038238899E+00
  0.715606639803E+00  0.720438998301E+00  0.721207339149E+00  0.716080900954E+00  0.672769693970E+00  0.726956528349E+00  0.722125979271E+00
  0.721030035191E+00  0.724811092035E+00  0.716505067326E+00  0.716253554159E+00  0.715894503876E+00
  0.000000000000E+00  0.000000000000E+00  0.508827590178E+00  0.471713993164E+00  0.000000000000E+00  0.480427548494E+00  0.534340509605E+00
  0.535537183110E+00  0.535219546951E+00  0.540681014705E+00  0.000000000000E+00  0.510276801822E+00  0.517132425744E+00  0.539181784204E+00
  0.543201194305E+00  0.529267550712E+00  0.511012550456E+00  0.000000000000E+00  0.495819846002E+00  0.492985589045E+00  0.531223071832E+00
  0.533991238345E+00  0.505620684307E+00  0.512015543657E+00  0.494164263177E+00  0.508769430992E+00  0.529626525606E+00  0.511932457050E+00
  0.537160216418E+00  0.515014978658E+00  0.492384743518E+00  0.494738443197E+00  0.491323948106E+00
  0.999989632576E+00  0.999990284966E+00  0.984075541809E+00  0.976468600892E+00  0.999991493218E+00  0.959092269342E+00  0.100365391330E+01
  0.994405312417E+00  0.991224903435E+00  0.100354129359E+01  0.999992822635E+00  0.971628020206E+00  0.100442053863E+01  0.100529967905E+01
  0.997230117372E+00  0.100663321089E+01  0.100304945665E+01  0.999993488475E+00  0.973552028972E+00  0.100047569608E+01  0.100765947959E+01
  0.100131824616E+01  0.100314083433E+01  0.100384129907E+01  0.100050312903E+01  0.985139974025E+00  0.100599207658E+01  0.100389514986E+01
  0.100292375491E+01  0.100487268012E+01  0.100083220361E+01  0.100062134425E+01  0.100045827233E+01
        12        15        14        14
        21        16        14        14
         9        14        10        10
        15        22        21        21
        29        27        22        22
        14        16        10        10
         7         8        10        10
        14        15        21        21
        14         9        12        12
         5        12         6         6
        21        24        16        16
        32        23        24        24
        28        21        27        27
        17        16        23        23
        28        31        24        24
        19        15        12        12
         4         2         6         6
         4         9         8         8
        10         8         9         9
        17        13        10        10
        19        26        22        22
        10        16        17        17
        23        25        17        17
        22        15        19        19
        12        11        19        19
        27        30        28        28
        33        31        28        28
         6         9         4         4
         8         3         4         4
        25        23        32        32
        10        13         7         7
         3         8         7         7
        30        27        29        29
         6         2         5         5
        11        12         5         5
        24        23        16        16
        13        17        20        20
        26        19        18        18
         2         4         1         1
        22        27        21        21
        31        32        24        24
        21        28        24        24
        26        29        22        22
         9         6        12        12
        11        18        19        19
        25        20        17        17
        30        33        28        28
         3         1         4         4
zone t="boundary 6 bc-6", solutiontime= 0.4000000E+02, strandid=1006, i=33, j=48, f=feblock
  0.375059096892E+01  0.249769609313E+01  0.500322133174E+01  0.403560203922E+01  0.280631115217E+01  0.124541910518E+01  0.182303273760E+01
  0.500467668798E+01  0.431322535535E+01  0.342786661481E+01  0.226876920017E+01  0.161701865931E+01 -0.547468544159E-02  0.900320961795E+00
  0.500477267378E+01  0.408884044540E+01  0.297791651125E+01  0.189186087594E+01  0.109435348063E+01  0.729840026748E+00 -0.567606031233E-02
  0.500358118334E+01  0.398317221069E+01  0.304409324138E+01  0.214319966288E+01  0.103661372330E+01 -0.525159244844E-02 -0.425776897972E-02
  0.500195253374E+01  0.375034811161E+01  0.249861146299E+01  0.124717526933E+01 -0.338395986569E-02
  0.250494197117E+01  0.250494197117E+01  0.250494197117E+01  0.148676003042E+01  0.135862937360E+01  0.250494197117E+01  0.177126519354E+01
  0.128129120217E+01  0.548913337634E+00  0.381390483997E+00  0.772369181917E-01  0.855320802494E+00  0.250494197117E+01  0.160897911228E+01
  0.277507990646E-01 -0.435104782594E+00 -0.833499148310E+00 -0.848131036561E+00 -0.296462201067E+00  0.687468474672E+00  0.127822156907E+01
 -0.122585350888E+01 -0.156121190484E+01 -0.181436122511E+01 -0.162712850922E+01 -0.145562642992E+01  0.261948602440E-01 -0.122573481164E+01
 -0.249658903664E+01 -0.249658903664E+01 -0.249658903664E+01 -0.249658903664E+01 -0.249658903664E+01
  0.135649900475E-03  0.110129816450E-03  0.966887303695E-04  0.171331286195E-03  0.194349216384E-03  0.103942505786E-03  0.183620288701E-03
  0.163805301923E-03  0.231300957346E-03  0.293695548331E-03  0.207230778300E-03  0.152981090487E-03  0.803813859736E-04  0.870414072652E-04
  0.190347800834E-03  0.271993329401E-03  0.224559693180E-03  0.167064550176E-03  0.126059023686E-03  0.104459864046E-03  0.822460170124E-04
  0.160776520444E-03  0.175711672033E-03  0.161700011239E-03  0.160617042520E-03  0.104718930152E-03  0.103872438714E-03  0.341545874213E-04
  0.108225889030E-03  0.145875369682E-03  0.100893326426E-03  0.110858761919E-03  0.810725962675E-04
  0.942183315359E+00  0.946102058172E+00  0.843610119031E+00  0.943829124942E+00  0.944651586856E+00  0.957208450245E+00  0.930331875845E+00
  0.774202497883E+00  0.937870024717E+00  0.956553731233E+00  0.942404686713E+00  0.925814752456E+00  0.134612569879E+01  0.100980806659E+01
  0.762763286175E+00  0.953814178151E+00  0.952043853633E+00  0.886235250485E+00  0.941483240206E+00  0.103711822025E+01  0.142660805928E+01
  0.766149606989E+00  0.951145692127E+00  0.935097173093E+00  0.932249721528E+00  0.957448951645E+00  0.164675492665E+01  0.149542183765E+01
  0.831048175336E+00  0.935360824444E+00  0.934403635849E+00  0.961589885503E+00  0.144848021159E+01
  0.000000000000E+00  0.000000000000E+00  0.000000000000E+00  0.000000000000E+00  0.000000000000E+00  0.000000000000E+00  0.000000000000E+00
  0.000000000000E+00  0.000000000000E+00  0.000000000000E+00  0.000000000000E+00  0.000000000000E+00  0.000000000000E+00  0.000000000000E+00
  0.000000000000E+00  0.000000000000E+00  0.000000000000E+00  0.000000000000E+00  0.000000000000E+00  0.000000000000E+00  0.000000000000E+00
  0.000000000000E+00  0.000000000000E+00  0.000000000000E+00  0.000000000000E+00  0.000000000000E+00  0.000000000000E+00  0.000000000000E+00
  0.000000000000E+00  0.000000000000E+00  0.000000000000E+00  0.000000000000E+00  0.000000000000E+00
  0.000000000000E+00  0.000000000000E+00  0.000000000000E+00  0.000000000000E+00  0.000000000000E+00  0.000000000000E+00  0.000000000000E+00
  0.000000000000E+00  0.000000000000E+00  0.000000000000E+00  0.000000000000E+00  0.000000000000E+00  0.000000000000E+00  0.000000000000E+00
  0.000000000000E+00  0.000000000000E+00  0.000000000000E+00  0.000000000000E+00  0.000000000000E+00  0.000000000000E+00  0.000000000000E+00
  0.000000000000E+00  0.000000000000E+00  0.000000000000E+00  0.000000000000E+00  0.000000000000E+00  0.000000000000E+00  0.000000000000E+00
  0.000000000000E+00  0.000000000000E+00  0.000000000000E+00  0.000000000000E+00  0.000000000000E+00
  0.000000000000E+00  0.000000000000E+00  0.000000000000E+00  0.000000000000E+00  0.000000000000E+00  0.000000000000E+00  0.000000000000E+00
  0.000000000000E+00  0.000000000000E+00  0.000000000000E+00  0.000000000000E+00  0.000000000000E+00  0.000000000000E+00  0.000000000000E+00
  0.000000000000E+00  0.000000000000E+00  0.000000000000E+00  0.000000000000E+00  0.000000000000E+00  0.000000000000E+00  0.000000000000E+00
  0.000000000000E+00  0.000000000000E+00  0.000000000000E+00  0.000000000000E+00  0.000000000000E+00  0.000000000000E+00  0.000000000000E+00
  0.000000000000E+00  0.000000000000E+00  0.000000000000E+00  0.000000000000E+00  0.000000000000E+00
  0.672980912082E+00  0.675780031117E+00  0.602572409262E+00  0.674156651674E+00  0.674744131674E+00  0.683713370163E+00  0.664515991769E+00
  0.552996411771E+00  0.669900921728E+00  0.683246169399E+00  0.673140303235E+00  0.661290025389E+00  0.961509029887E+00  0.721284533605E+00
  0.544826283939E+00  0.681290488320E+00  0.680026353326E+00  0.633020317027E+00  0.672482411561E+00  0.740792003419E+00  0.101899634366E+01
  0.547245791467E+00  0.679385293728E+00  0.667922197278E+00  0.665888099774E+00  0.683886993348E+00  0.117624342742E+01  0.106815009291E+01
  0.593601974247E+00  0.668110659422E+00  0.667426859683E+00  0.686845205769E+00  0.103462119479E+01
  0.000000000000E+00  0.000000000000E+00  0.000000000000E+00  0.000000000000E+00  0.000000000000E+00  0.000000000000E+00  0.000000000000E+00
  0.000000000000E+00  0.000000000000E+00  0.000000000000E+00  0.000000000000E+00  0.000000000000E+00  0.000000000000E+00  0.000000000000E+00
  0.000000000000E+00  0.000000000000E+00  0.000000000000E+00  0.000000000000E+00  0.000000000000E+00  0.000000000000E+00  0.000000000000E+00
  0.000000000000E+00  0.000000000000E+00  0.000000000000E+00  0.000000000000E+00  0.000000000000E+00  0.000000000000E+00  0.000000000000E+00
  0.000000000000E+00  0.000000000000E+00  0.000000000000E+00  0.000000000000E+00  0.000000000000E+00
  0.999989345551E+00  0.999989414876E+00  0.999989632576E+00  0.999989603416E+00  0.999989623145E+00  0.999989832918E+00  0.999989802168E+00
  0.999990284966E+00  0.999990687091E+00  0.999990492876E+00  0.999991232870E+00  0.999990584605E+00  0.999990300348E+00  0.999990374858E+00
  0.999991493218E+00  0.999992142596E+00  0.999992690486E+00  0.999992319593E+00  0.999991647201E+00  0.999990921514E+00  0.999990762599E+00
  0.999992822635E+00  0.999993396482E+00  0.999993479924E+00  0.999993154362E+00  0.999992520794E+00  0.999991420540E+00  0.999992171056E+00
  0.999993488475E+00  0.999993690933E+00  0.999993544233E+00  0.999993139044E+00  0.999992724176E+00
        19        18        11        11
        17        10        11        11
        12        11         5         5
        18        25        17        17
        31        24        25        25
        11        10         5         5
         2         7         5         5
        11        18        17        17
        11        12        19        19
        27        19        20        20
        17        16        10        10
        15         9        16        16
        23        17        24        24
         4        10         9         9
        23        22        16        16
        26        18        19        19
        14        21        20        20
        14        12         7         7
         5         7        12        12
         4         1         5         5
        26        32        25        25
         5        10         4         4
         9         8         4         4
        25        18        26        26
        19        28        26        26
        24        30        23        23
        29        22        23        23
        20        12        14        14
         7         6        14        14
         8         9        15        15
         5         1         2         2
         6         7         2         2
        30        24        31        31
        20        21        27        27
        28        19        27        27
        16         9        10        10
         1         4         3         3
        32        26        33        33
        21        14        13        13
        25        24        17        17
        22        15        16        16
        17        23        16        16
        32        31        25        25
        12        20        19        19
        28        33        26        26
         8         3         4         4
        30        29        23        23
         6        13        14        14
