title="tecplot geometry and solution file"
variables = x y z mach temperature lambda1 lambda2 lambda3 lambda4 lambda5 lambda6
zone t="boundary 1 bc-1", solutiontime= 0.7000000E+02, strandid=1001, i=32, j=46, f=feblock
  0.000000000000E+00  0.000000000000E+00  0.000000000000E+00  0.000000000000E+00  0.000000000000E+00  0.000000000000E+00  0.000000000000E+00
  0.000000000000E+00  0.000000000000E+00  0.000000000000E+00  0.000000000000E+00  0.000000000000E+00  0.000000000000E+00  0.000000000000E+00
  0.000000000000E+00  0.000000000000E+00  0.000000000000E+00  0.000000000000E+00  0.000000000000E+00  0.000000000000E+00  0.000000000000E+00
  0.000000000000E+00  0.000000000000E+00  0.000000000000E+00  0.000000000000E+00  0.000000000000E+00  0.000000000000E+00  0.000000000000E+00
  0.000000000000E+00  0.000000000000E+00  0.000000000000E+00  0.000000000000E+00
  0.250000000000E+01  0.250000000000E+01  0.125000000000E+01  0.146289271009E+01  0.157686156160E+01  0.308372018325E+00  0.000000000000E+00
 -0.125000000000E+01 -0.600232012419E+00  0.250000000000E+01  0.477386199275E+00  0.742988685424E+00 -0.739814786992E+00  0.177790177481E+01
  0.155830813274E+01  0.250000000000E+01 -0.250000000000E+01 -0.154800130438E+01 -0.487811078581E+00  0.250000000000E+01  0.627766083140E+00
 -0.345533899378E+00 -0.178862290564E+01 -0.158811787973E+01  0.125000000000E+01 -0.250000000000E+01 -0.144524380962E+01  0.000000000000E+00
 -0.125000000000E+01 -0.250000000000E+01 -0.250000000000E+01 -0.250000000000E+01
  0.000000000000E+00  0.125000000000E+01  0.000000000000E+00  0.103724302461E+01  0.219251206392E+01  0.922061490191E+00  0.000000000000E+00
  0.000000000000E+00  0.715990576545E+00  0.250000000000E+01  0.202479342020E+01  0.324151231464E+01  0.175434191980E+01  0.310152362409E+01
  0.404200324774E+01  0.375000000000E+01  0.000000000000E+00  0.930412228790E+00  0.299062775774E+01  0.500000000000E+01  0.429310310915E+01
  0.409252726285E+01  0.187029682677E+01  0.284428995242E+01  0.500000000000E+01  0.125000000000E+01  0.394624082883E+01  0.500000000000E+01
  0.500000000000E+01  0.250000000000E+01  0.375000000000E+01  0.500000000000E+01
  0.000000000000E+00  0.441238864710E+00  0.000000000000E+00  0.475212333418E+00  0.460125600047E+00  0.468825459916E+00  0.000000000000E+00
  0.000000000000E+00  0.402299647307E+00  0.469815278546E+00  0.464413480260E+00  0.478714152972E+00  0.489298547802E+00  0.483067971662E+00
  0.487929224832E+00  0.488960767301E+00  0.000000000000E+00  0.464773408827E+00  0.473796242669E+00  0.495345969094E+00  0.490265403772E+00
  0.486285557293E+00  0.445720648663E+00  0.464383522981E+00  0.496127006189E+00  0.443623519427E+00  0.486963956588E+00  0.497245800655E+00
  0.496058644718E+00  0.467732961393E+00  0.488211579388E+00  0.495097551278E+00
  0.999990335442E+00  0.102982730935E+01  0.999990797222E+00  0.104247144519E+01  0.101190167613E+01  0.102520600953E+01  0.999991453848E+00
  0.999992202332E+00  0.103891124272E+01  0.100826302705E+01  0.101252909219E+01  0.100300571845E+01  0.102702848665E+01  0.100605562865E+01
  0.100244399774E+01  0.100355656280E+01  0.999992753610E+00  0.103239691667E+01  0.100459561267E+01  0.100179353455E+01  0.100260307775E+01
  0.100234974224E+01  0.101657231252E+01  0.100617628259E+01  0.100168864675E+01  0.104043187424E+01  0.100303393289E+01  0.100118748788E+01
  0.100134189338E+01  0.100976788455E+01  0.100405369623E+01  0.100176128351E+01
 -0.154112156487E+00 -0.780466435892E+00 -0.175108070711E+00 -0.124641039451E+01 -0.854251809808E-01 -0.149096780215E+01 -0.129685040316E+00
 -0.429997624236E-01 -0.149779531267E+01  0.435615807132E-01 -0.964149781803E-01  0.177619436376E+00 -0.778122485087E-01  0.989365780208E-01
  0.236423602768E+00  0.235866836263E+00 -0.762519034827E-01 -0.964181454261E+00  0.129974509179E+00  0.861078819585E+00  0.306853999899E+00
  0.204733742058E+00 -0.446111763957E-01  0.109746501627E+00  0.890742341735E+00 -0.609067137608E+00  0.159199252007E+00  0.981439034743E+00
  0.865805716578E+00  0.887575459217E-01  0.174944665802E+00  0.813553123076E+00
 -0.595532164808E-02 -0.113300619050E+00 -0.833087984265E-02 -0.159755721268E+00 -0.387733679549E-02 -0.226605419964E+00 -0.901439002222E-02
 -0.780576310562E-02 -0.223566644214E+00  0.200857087483E-01 -0.861951089005E-02  0.374040625084E-01  0.311301859419E-02  0.289449318522E-01
  0.462886145177E-01  0.518365133570E-01 -0.688071022275E-02 -0.150448505414E+00  0.260231250147E-01  0.176808503986E+00  0.608195283260E-01
  0.391704755081E-01  0.549965027959E-02  0.210935331916E-01  0.186493397185E+00 -0.746758475374E-01  0.313768521808E-01  0.206197621664E+00
  0.181157597665E+00  0.224101117901E-01  0.372961043333E-01  0.169234353131E+00
 -0.104721022650E-01 -0.321904271521E-02 -0.141034620284E-01 -0.322578896769E-01 -0.365718215927E-02 -0.166697703779E-01 -0.116218523259E-01
  0.448539801446E-02  0.788142845638E-03  0.343414116789E-03 -0.346540782576E-02 -0.321759589626E-02  0.382885103135E-02 -0.495330382181E-03
  0.139351171169E-02  0.709589713490E-04  0.600418604363E-02  0.204645394539E-01 -0.282217862421E-03 -0.886242422191E-04  0.990476208145E-03
  0.114535428052E-02  0.759786428877E-03  0.368344783904E-02 -0.219447151678E-02  0.265402342745E-02  0.210137872882E-02  0.537955280343E-03
  0.198072611803E-02  0.559472783978E-03  0.194436564942E-03 -0.172744941121E-03
  0.374072976589E-01  0.332860492652E-01  0.406907758710E-01 -0.214415368443E-03 -0.366211949348E-01 -0.400260862620E-01  0.232560365965E-01
  0.198816810098E-01 -0.298760927198E-01 -0.401321520785E-01 -0.738129156416E-01 -0.404869952644E-01 -0.817940495532E-01 -0.379475410662E-01
 -0.278792347479E-01 -0.328570846598E-01  0.149192713328E-01 -0.243962766353E-01 -0.465182897692E-01 -0.116747449532E-01 -0.257807572711E-01
 -0.306641168818E-01 -0.550673407442E-01 -0.376649075302E-01 -0.112200261605E-01 -0.284918233262E-01 -0.280674472648E-01 -0.106212003739E-01
 -0.126814775488E-01 -0.424994656461E-01 -0.287352238503E-01 -0.124604458655E-01
  0.123595533880E+00  0.321574607397E+00  0.167298226627E+00  0.498971906147E+00  0.355771914754E-01  0.619529076696E+00 -0.111840994019E-01
 -0.280760880941E-01  0.622885932565E+00 -0.175141404418E-01  0.422526960790E-01 -0.693994528954E-01  0.337671021193E-01 -0.389641509716E-01
 -0.944112886213E-01 -0.951208595303E-01  0.249389505141E-01  0.403305536223E+00 -0.481130567760E-01 -0.357463433493E+00 -0.123916341150E+00
 -0.809399622414E-01  0.217235117466E-01 -0.391874587291E-01 -0.370440359211E+00  0.248449981930E+00 -0.620525253415E-01 -0.409358749211E+00
 -0.360296278520E+00 -0.321283645410E-01 -0.694689320529E-01 -0.337664786437E+00
  0.714329144568E-07  0.152554251755E-06  0.758489909642E-07  0.276135540976E-06  0.795068662985E-07  0.579262476265E-07 -0.453029237722E-07
 -0.140004756858E-07 -0.125995352971E-05  0.677905897392E-07  0.223936154614E-06  0.106412577208E-06  0.153495537860E-06  0.794357069632E-07
  0.251124841080E-07  0.483198311133E-07  0.798486637209E-08 -0.268368822733E-06  0.105921855244E-06  0.729790674659E-08  0.109555057658E-07
  0.195951614551E-07  0.938764485403E-07  0.948551083887E-07 -0.792751123339E-09  0.131982201855E-06  0.255771090834E-07 -0.674225344883E-08
 -0.307415704107E-09  0.746331562879E-07  0.369661421168E-07  0.754550392136E-08
        12        19        11        11
        11         5        12        12
        10        14         5         5
        19        13        11        11
        19        24        13        13
        30        23        24        24
        19        12        22        22
        28        22        21        21
        11        13         6         6
         7         6         9         9
        15        12        14        14
        18        13        23        23
        15        25        21        21
        27        19        22        22
        18         8         9         9
        27        31        24        24
         4        11         6         6
         5        14        12        12
         4         2         5         5
        21        12        15        15
        14        16        15        15
        24        19        27        27
        22        29        27        27
        23        26        18        18
        17         8        18        18
         5        11         4         4
         6         3         4         4
        26        23        30        30
         5         2        10        10
        16        14        10        10
         3         6         7         7
        21        25        28        28
        29        22        28        28
         6        13         9         9
         2         4         1         1
        31        27        32        32
        25        15        20        20
        24        23        13        13
         8         7         9         9
        13        18         9         9
        31        30        24        24
        12        21        22        22
        29        32        27        27
         3         1         4         4
        26        17        18        18
        16        20        15        15
zone t="boundary 2 bc-2", solutiontime= 0.7000000E+02, strandid=1002, i=33, j=48, f=feblock
  0.500000000000E+01  0.375000000000E+01  0.250000000000E+01  0.288078410721E+01  0.125000000000E+01  0.190974100652E+01  0.326683758169E+01
  0.201431602454E+01  0.000000000000E+00  0.963108083381E+00  0.500000000000E+01  0.403552511878E+01  0.423153924130E+01  0.500000000000E+01
  0.385533350601E+01  0.500000000000E+01  0.398173246726E+01  0.315249557942E+01  0.267000324704E+01  0.154774304040E+01  0.218329375016E+01
  0.893127759452E+00  0.000000000000E+00  0.698517061619E+00  0.964171764089E+00  0.310324758057E+01  0.000000000000E+00  0.000000000000E+00
  0.125000000000E+01  0.500000000000E+01  0.375000000000E+01  0.250000000000E+01  0.000000000000E+00
 -0.250000000000E+01 -0.250000000000E+01 -0.250000000000E+01 -0.250000000000E+01 -0.250000000000E+01 -0.250000000000E+01 -0.250000000000E+01
 -0.250000000000E+01 -0.250000000000E+01 -0.250000000000E+01 -0.250000000000E+01 -0.250000000000E+01 -0.250000000000E+01 -0.250000000000E+01
 -0.250000000000E+01 -0.250000000000E+01 -0.250000000000E+01 -0.250000000000E+01 -0.250000000000E+01 -0.250000000000E+01 -0.250000000000E+01
 -0.250000000000E+01 -0.250000000000E+01 -0.250000000000E+01 -0.250000000000E+01 -0.250000000000E+01 -0.250000000000E+01 -0.250000000000E+01
 -0.250000000000E+01 -0.250000000000E+01 -0.250000000000E+01 -0.250000000000E+01 -0.250000000000E+01
  0.000000000000E+00  0.000000000000E+00  0.000000000000E+00  0.904659890645E+00  0.000000000000E+00  0.717002441913E+00  0.188609243358E+01
  0.176246431481E+01  0.000000000000E+00  0.961328577125E+00  0.125000000000E+01  0.101201586758E+01  0.191586535653E+01  0.250000000000E+01
  0.293121848150E+01  0.375000000000E+01  0.406975391361E+01  0.363585050272E+01  0.285047954584E+01  0.292817774674E+01  0.395907379566E+01
  0.205246550326E+01  0.125000000000E+01  0.306828197606E+01  0.397245519226E+01  0.433168271247E+01  0.250000000000E+01  0.375000000000E+01
  0.500000000000E+01  0.500000000000E+01  0.500000000000E+01  0.500000000000E+01  0.500000000000E+01
  0.000000000000E+00  0.000000000000E+00  0.000000000000E+00  0.380991677071E+00  0.000000000000E+00  0.343629846333E+00  0.585283712637E+00
  0.579371274939E+00  0.000000000000E+00  0.501053781697E+00  0.508459764195E+00  0.435372705232E+00  0.572637650783E+00  0.537001621764E+00
  0.568921604272E+00  0.514994863512E+00  0.508249384174E+00  0.527254272376E+00  0.567446148296E+00  0.531657889979E+00  0.505982349932E+00
  0.520795557933E+00  0.443623519427E+00  0.490664279058E+00  0.492156105736E+00  0.501392667577E+00  0.467732961393E+00  0.488211579388E+00
  0.490002415326E+00  0.491354393416E+00  0.486078174930E+00  0.490037677861E+00  0.495097551278E+00
  0.999993511960E+00  0.999993715260E+00  0.999993570321E+00  0.989539101465E+00  0.999993167142E+00  0.985524838689E+00  0.989838839696E+00
  0.991798259717E+00  0.999992753610E+00  0.984411184056E+00  0.985091609572E+00  0.984689131748E+00  0.990058406085E+00  0.100289567776E+01
  0.999855182158E+00  0.100485299288E+01  0.100121572260E+01  0.100055639449E+01  0.997896752171E+00  0.100350023825E+01  0.100058089063E+01
  0.101093252220E+01  0.104043187424E+01  0.100326541074E+01  0.100254508116E+01  0.100045601675E+01  0.100976788455E+01  0.100405369623E+01
  0.100192661355E+01  0.100045469615E+01  0.100058772260E+01  0.100109988203E+01  0.100176128351E+01
  0.631336252665E-01  0.497923729035E-01  0.303281054092E-01 -0.582048645160E+00 -0.593152299372E-01 -0.192683800135E+01  0.129417131633E+00
 -0.193700815501E-01 -0.762519034827E-01 -0.893567792254E+00  0.166017944824E+00  0.190843976100E+00  0.130499272755E+00  0.111425432313E+00
  0.819952236016E-01  0.749344674828E-01  0.552043868403E-01  0.638350148299E-01  0.104815971615E+00  0.124763055733E+00  0.832485493448E-01
 -0.313736203433E-01 -0.609067137608E+00  0.844409934371E-01  0.153632794516E+00  0.100308688395E+00  0.887575459217E-01  0.174944665802E+00
  0.731938424521E+00  0.872329260081E-01  0.334354504964E+00  0.643054912796E+00  0.813553123076E+00
 -0.171111652876E-01  0.472935149440E-02 -0.443207261174E-03 -0.100521654251E+00  0.109535569764E-01 -0.239849354075E+00  0.107541689795E-03
  0.977459812522E-02 -0.688071022275E-02 -0.105674607557E+00 -0.374864109578E-01 -0.185733988759E-02 -0.192580327267E-01 -0.285015828830E-01
 -0.190923271421E-01 -0.175714135264E-01 -0.210994172290E-01 -0.176398423288E-01 -0.673247477693E-02  0.101775251895E-01 -0.758735237316E-02
  0.859002893914E-02 -0.746758475374E-01  0.553120110122E-02  0.176635120360E-01 -0.104299358144E-01  0.224101117901E-01  0.372961043333E-01
  0.131638457069E+00 -0.440831485225E-02  0.335868018394E-01  0.999425999013E-01  0.169234353131E+00
  0.380310660252E-02 -0.100786133238E-02 -0.590736999433E-02 -0.135948541295E-01 -0.314175916474E-02 -0.239146153446E-01  0.189465229363E-02
 -0.151869288063E-03  0.600418604363E-02 -0.919810307794E-02  0.220242234903E-02  0.707409278871E-02 -0.136054165477E-03 -0.211596418136E-03
 -0.168964581489E-03  0.332955579908E-03 -0.440027647552E-04  0.176782339231E-03 -0.268279299929E-03 -0.648108533507E-03  0.425235554096E-03
 -0.694006709363E-03  0.265402342745E-02 -0.117663030296E-03  0.677980070095E-04  0.148296419419E-03  0.559472783978E-03  0.194436564942E-03
  0.622291541124E-04  0.574407901877E-04 -0.140443893012E-04 -0.429656537216E-04 -0.172744941121E-03
  0.496482017533E-02  0.497880815661E-02  0.754137862860E-02 -0.256702110586E-01  0.174401510060E-01 -0.540894032841E-02 -0.387138442749E-01
 -0.516716914549E-01  0.149192713328E-01 -0.243590199139E-01 -0.736013968156E-02 -0.270631808886E-01 -0.156432541293E-01 -0.708486599587E-02
 -0.162600123575E-01 -0.596595102565E-02 -0.158575890138E-01 -0.223980907691E-01 -0.264933873733E-01 -0.275945531536E-01 -0.258873638235E-01
 -0.412488942875E-01 -0.284918233262E-01 -0.293809686895E-01 -0.259617282399E-01 -0.223802930280E-01 -0.424994656461E-01 -0.287352238503E-01
 -0.174859087325E-01 -0.930228931098E-02 -0.202542786037E-01 -0.219801083852E-01 -0.124604458655E-01
 -0.169945656425E-01 -0.478788012681E-01 -0.834047275860E-01  0.265846072725E+00 -0.100534988039E+00  0.825648995458E+00 -0.382825462139E-01
  0.106533071352E-01  0.249389505141E-01  0.370510190475E+00 -0.359542081839E-01 -0.576783096925E-01 -0.320172301501E-01 -0.213625749093E-01
 -0.159811994533E-01 -0.151535305054E-01 -0.757701720128E-02 -0.115768921258E-01 -0.285971249435E-01 -0.422189058984E-01 -0.222380854773E-01
  0.146101283022E-01  0.248449981930E+00 -0.271084229155E-01 -0.560269157602E-01 -0.273748394314E-01 -0.321283645410E-01 -0.694689320529E-01
 -0.297381683671E+00 -0.263605435952E-01 -0.125467802401E+00 -0.255679972082E+00 -0.337664786437E+00
  0.296029923346E-10  0.329483602483E-09  0.654385089456E-09  0.346892910309E-07  0.247816372906E-08  0.784793484090E-07  0.335313688106E-07
  0.201847190227E-06  0.798486637209E-08  0.161768152085E-06  0.366286795805E-08  0.902985328093E-08 -0.139633476760E-07 -0.586576573888E-08
 -0.663093642262E-09  0.299438661841E-08  0.449604553065E-08  0.722429382976E-08  0.145790358678E-07  0.415373295761E-07  0.141749062113E-07
  0.147587873223E-06  0.131982201855E-06  0.570759934443E-07  0.173662034852E-07  0.868829910414E-08  0.746331562879E-07  0.369661421168E-07
  0.198755136428E-07  0.246574835384E-09  0.475478870660E-08  0.165065640688E-07  0.754550392136E-08
        15         7        19        19
         8        20        19        19
        18        19        21        21
         7         4         8         8
         3         6         4         4
        19         7         8         8
        19        18        15        15
        14        13        15        15
         8        22        20        20
        27        24        22        22
        19        20        21        21
        32        26        21        21
        17        18        26        26
        17        16        15        15
        25        29        21        21
        12         7        13        13
        10         8         6         6
        25        20        24        24
         4         6         8         8
        12         2         4         4
        10        23        22        22
        26        31        17        17
        30        16        17        17
         4         7        12        12
        13        11        12        12
        21        20        25        25
        24        28        25        25
        22         8        10        10
         6         5        10        10
        31        26        32        32
         4         2         3         3
         5         6         3         3
        11        13        14        14
        22        23        27        27
        28        24        27        27
        15        13         7         7
         2        12         1         1
        29        25        33        33
        23        10         9         9
        21        26        18        18
        16        14        15        15
        18        17        15        15
        29        32        21        21
        22        24        20        20
        28        33        25        25
        11         1        12        12
        31        30        17        17
         5         9        10        10
zone t="boundary 3 bc-3", solutiontime= 0.7000000E+02, strandid=1003, i=33, j=48, f=feblock
  0.375000000000E+01  0.250000000000E+01  0.500000000000E+01  0.403552511878E+01  0.288078410721E+01  0.125000000000E+01  0.190974100652E+01
  0.500000000000E+01  0.326683758169E+01  0.423153924130E+01  0.201431602454E+01  0.000000000000E+00  0.963108083381E+00  0.500000000000E+01
  0.267000324704E+01  0.385533350601E+01  0.893127759452E+00  0.154774304040E+01  0.000000000000E+00  0.500000000000E+01  0.315249557942E+01
  0.218329375016E+01  0.398173246726E+01  0.000000000000E+00  0.698517061619E+00  0.964171764089E+00  0.125000000000E+01  0.000000000000E+00
  0.500000000000E+01  0.310324758057E+01  0.250000000000E+01  0.375000000000E+01  0.000000000000E+00
  0.250000000000E+01  0.250000000000E+01  0.250000000000E+01  0.250000000000E+01  0.250000000000E+01  0.250000000000E+01  0.250000000000E+01
  0.250000000000E+01  0.250000000000E+01  0.250000000000E+01  0.250000000000E+01  0.250000000000E+01  0.250000000000E+01  0.250000000000E+01
  0.250000000000E+01  0.250000000000E+01  0.250000000000E+01  0.250000000000E+01  0.250000000000E+01  0.250000000000E+01  0.250000000000E+01
  0.250000000000E+01  0.250000000000E+01  0.250000000000E+01  0.250000000000E+01  0.250000000000E+01  0.250000000000E+01  0.250000000000E+01
  0.250000000000E+01  0.250000000000E+01  0.250000000000E+01  0.250000000000E+01  0.250000000000E+01
  0.000000000000E+00  0.000000000000E+00  0.000000000000E+00  0.101201586758E+01  0.904659890645E+00  0.000000000000E+00  0.717002441913E+00
  0.125000000000E+01  0.188609243358E+01  0.191586535653E+01  0.176246431481E+01  0.000000000000E+00  0.961328577125E+00  0.250000000000E+01
  0.285047954584E+01  0.293121848150E+01  0.205246550326E+01  0.292817774674E+01  0.125000000000E+01  0.375000000000E+01  0.363585050272E+01
  0.395907379566E+01  0.406975391361E+01  0.250000000000E+01  0.306828197606E+01  0.397245519226E+01  0.500000000000E+01  0.375000000000E+01
  0.500000000000E+01  0.433168271247E+01  0.500000000000E+01  0.500000000000E+01  0.500000000000E+01
  0.000000000000E+00  0.000000000000E+00  0.000000000000E+00  0.443768049813E+00  0.402287063289E+00  0.000000000000E+00  0.377550015530E+00
  0.509231651017E+00  0.575830373842E+00  0.573705119893E+00  0.562552484917E+00  0.000000000000E+00  0.490560996922E+00  0.534526640478E+00
  0.556587161529E+00  0.564391003890E+00  0.522730520214E+00  0.522053035057E+00  0.441238864710E+00  0.517182885172E+00  0.524230081365E+00
  0.503688666615E+00  0.509490322369E+00  0.469815278546E+00  0.495614921017E+00  0.494483812152E+00  0.488562139423E+00  0.488960767301E+00
  0.492982637025E+00  0.499007441401E+00  0.486462299176E+00  0.484599832491E+00  0.495345969094E+00
  0.999989380190E+00  0.999989451040E+00  0.999989665041E+00  0.981541820811E+00  0.988773959065E+00  0.999989868921E+00  0.982469495615E+00
  0.984104107106E+00  0.990427340160E+00  0.990355127069E+00  0.994362617112E+00  0.999990335442E+00  0.988651707786E+00  0.100368299998E+01
  0.999769041194E+00  0.100118460274E+01  0.100834871539E+01  0.100252122579E+01  0.102982730935E+01  0.100443305346E+01  0.100199527495E+01
  0.100082072308E+01  0.100138208455E+01  0.100826302705E+01  0.100298818591E+01  0.100192398684E+01  0.100215265586E+01  0.100355656280E+01
  0.100047708080E+01  0.100056610141E+01  0.100126814609E+01  0.100066576236E+01  0.100179353455E+01
  0.438320885512E-01 -0.329872720904E-01  0.716811359677E-01 -0.407990722818E+00 -0.156430109037E+01 -0.970704583736E-01 -0.155719332054E+01
  0.245697014735E+00  0.123941968321E+00  0.154455771468E+00 -0.261328369039E+00 -0.154112156487E+00 -0.105802605099E+01  0.116986496229E+00
  0.136453487267E+00  0.963338840889E-01 -0.330958877912E-01  0.131904503404E+00 -0.780466435892E+00  0.797200863135E-01  0.583433070138E-01
  0.798094983068E-01  0.608049209128E-01  0.435615807132E-01  0.112732786843E+00  0.211419135851E+00  0.648536642219E+00  0.235866836263E+00
  0.755317254242E-01  0.928780840890E-01  0.606243871187E+00  0.328728559285E+00  0.861078819585E+00
  0.101462691487E-01  0.978801515145E-02 -0.180155089404E-01 -0.113919865411E+00 -0.216422798762E+00  0.206089942985E-01 -0.193926010863E+00
 -0.400019542907E-01  0.177334113372E-02 -0.212224370175E-01 -0.569670544092E-02 -0.595532164808E-02 -0.803320629110E-01 -0.306119865415E-01
  0.180181351450E-02 -0.161576124865E-01  0.283715868268E-01  0.136575978776E-01 -0.113300619050E+00 -0.195479462488E-01 -0.170189159130E-01
 -0.933955078195E-02 -0.197825438606E-01  0.200857087483E-01  0.262551853201E-01  0.264666288471E-01  0.114980896043E+00  0.518365133570E-01
 -0.688079554689E-02 -0.109709441303E-01  0.939799096897E-01  0.326116268109E-01  0.176808503986E+00
  0.191054646351E-02 -0.108309983569E-02 -0.239756325335E-02  0.782856795189E-02  0.222042768276E-01 -0.869329097646E-02  0.465630888242E-03
 -0.105695062026E-04  0.245678475709E-02 -0.376444829141E-03  0.204604888597E-02 -0.104721022650E-01 -0.117835290895E-01 -0.884877023655E-03
  0.116193512600E-03 -0.111776868091E-03  0.407561101987E-02  0.154941253596E-02 -0.321904271521E-02 -0.497003983281E-03 -0.247222576717E-03
 -0.106742817741E-02 -0.171648107542E-04  0.343414116789E-03  0.930068585739E-03 -0.300416260418E-03 -0.439886344446E-03  0.709589713490E-04
 -0.177294792305E-03  0.785320402917E-05 -0.991130140248E-04  0.246604151310E-04 -0.886242422191E-04
  0.120427284074E-01  0.225747631625E-01  0.624053679051E-02 -0.160599953594E-01 -0.264063631661E-01  0.217493338451E-01 -0.803242900052E-02
 -0.952756378532E-02 -0.488511362163E-01 -0.234888373350E-01 -0.712364797533E-01  0.374072976589E-01 -0.234531769900E-01 -0.937848019715E-02
 -0.250959785360E-01 -0.208864791313E-01 -0.601342307039E-01 -0.268794129823E-01  0.332860492652E-01 -0.832005318675E-02 -0.240925737513E-01
 -0.249562248065E-01 -0.179715257921E-01 -0.401321520785E-01 -0.386980213520E-01 -0.257917175287E-01 -0.184632049000E-01 -0.328570846598E-01
 -0.886002390593E-02 -0.233903111545E-01 -0.223618758827E-01 -0.203705026020E-01 -0.116747449532E-01
 -0.181807980405E+00 -0.789674138113E-01 -0.357065698722E-01  0.211215175313E+00  0.677312171961E+00 -0.744819304472E-02  0.654572075688E+00
 -0.627496281612E-01 -0.383340385899E-01 -0.398988666783E-01  0.102234300823E+00  0.123595533880E+00  0.417080917167E+00 -0.220117777648E-01
 -0.430784283215E-01 -0.217861235890E-01  0.103157384169E-01 -0.456335113939E-01  0.321574607397E+00 -0.156419881705E-01 -0.962513107898E-02
 -0.205241213426E-01 -0.989591642875E-02 -0.175141404418E-01 -0.411121566122E-01 -0.795202296927E-01 -0.262179055737E+00 -0.951208595303E-01
 -0.213982190331E-01 -0.244963946974E-01 -0.240544534851E+00 -0.123042150824E+00 -0.357463433493E+00
  0.721456863111E-09  0.253267722071E-08  0.205056963396E-09  0.236730188806E-07  0.421439025484E-07  0.171150182588E-07  0.325772354278E-06
  0.439660580909E-08  0.662030235137E-07 -0.189720084367E-07  0.226552831063E-06  0.714329144568E-07  0.393321200852E-06 -0.535754654930E-08
  0.164976872139E-07 -0.303226511216E-08  0.157618756625E-06  0.542806119526E-07  0.152554251755E-06  0.295371227408E-08  0.222548152948E-08
  0.808628416059E-08  0.332283001410E-08  0.677905897392E-07  0.780909301773E-07  0.173745361194E-07  0.955364632394E-08  0.483198311133E-07
  0.739649690286E-09  0.391464890633E-08  0.647596098285E-08  0.123744419501E-08  0.729790674659E-08
        15         9        16        16
        15        18        11        11
        22        15        21        21
        11         5         9         9
         5         7         2         2
        11         9        15        15
        16        21        15        15
        16        10        14        14
        18        17        11        11
        17        25        24        24
        22        18        15        15
        22        30        31        31
        30        21        23        23
        16        20        23        23
        22        27        26        26
        10         9         4         4
         7        11        13        13
        25        18        26        26
        11         7         5         5
         5         1         4         4
        17        19        13        13
        23        32        30        30
        23        20        29        29
         4         9         5         5
         4         8        10        10
        26        18        22        22
        26        28        25        25
        13        11        17        17
        13         6         7         7
        31        30        32        32
         2         1         5         5
         2         7         6         6
        14        10         8         8
        24        19        17        17
        24        25        28        28
         9        10        16        16
         3         4         1         1
        33        26        27        27
        12        13        19        19
        21        30        22        22
        16        14        20        20
        16        23        21        21
        22        31        27        27
        18        25        17        17
        26        33        28        28
         4         3         8         8
        23        29        32        32
        13        12         6         6
zone t="boundary 4 bc-4", solutiontime= 0.7000000E+02, strandid=1004, i=32, j=46, f=feblock
  0.125000000000E+01  0.219251206392E+01  0.103724302461E+01  0.500000000000E+01  0.250000000000E+01  0.375000000000E+01  0.404200324774E+01
  0.500000000000E+01  0.000000000000E+00  0.310152362409E+01  0.202479342020E+01  0.324151231464E+01  0.922061490191E+00  0.000000000000E+00
  0.299062775774E+01  0.394624082883E+01  0.500000000000E+01  0.409252726285E+01  0.500000000000E+01  0.429310310915E+01  0.175434191980E+01
  0.284428995242E+01  0.000000000000E+00  0.000000000000E+00  0.715990576545E+00  0.930412228790E+00  0.125000000000E+01  0.187029682677E+01
  0.500000000000E+01  0.375000000000E+01  0.250000000000E+01  0.000000000000E+00
  0.250000000000E+01  0.157686156160E+01  0.146289271009E+01  0.250000000000E+01  0.250000000000E+01  0.250000000000E+01  0.155830813274E+01
  0.125000000000E+01  0.250000000000E+01  0.177790177481E+01  0.477386199275E+00  0.742988685424E+00  0.308372018325E+00  0.125000000000E+01
 -0.487811078581E+00 -0.144524380962E+01 -0.125000000000E+01 -0.345533899378E+00  0.000000000000E+00  0.627766083140E+00 -0.739814786992E+00
 -0.158811787973E+01  0.000000000000E+00 -0.125000000000E+01 -0.600232012419E+00 -0.154800130438E+01 -0.250000000000E+01 -0.178862290564E+01
 -0.250000000000E+01 -0.250000000000E+01 -0.250000000000E+01 -0.250000000000E+01
  0.500000000000E+01  0.500000000000E+01  0.500000000000E+01  0.500000000000E+01  0.500000000000E+01  0.500000000000E+01  0.500000000000E+01
  0.500000000000E+01  0.500000000000E+01  0.500000000000E+01  0.500000000000E+01  0.500000000000E+01  0.500000000000E+01  0.500000000000E+01
  0.500000000000E+01  0.500000000000E+01  0.500000000000E+01  0.500000000000E+01  0.500000000000E+01  0.500000000000E+01  0.500000000000E+01
  0.500000000000E+01  0.500000000000E+01  0.500000000000E+01  0.500000000000E+01  0.500000000000E+01  0.500000000000E+01  0.500000000000E+01
  0.500000000000E+01  0.500000000000E+01  0.500000000000E+01  0.500000000000E+01
  0.488562139423E+00  0.488874000561E+00  0.490562525969E+00  0.492982637025E+00  0.486462299176E+00  0.484599832491E+00  0.485351056328E+00
  0.494165297986E+00  0.495345969094E+00  0.486530385273E+00  0.487820868640E+00  0.487071567783E+00  0.494045245745E+00  0.496127006189E+00
  0.487614575024E+00  0.483222914968E+00  0.492397284427E+00  0.487217595138E+00  0.494740878675E+00  0.487962223365E+00  0.489677418309E+00
  0.488030812357E+00  0.497245800655E+00  0.496058644718E+00  0.494950398327E+00  0.492799795685E+00  0.490002415326E+00  0.490005393925E+00
  0.491354393416E+00  0.486078174930E+00  0.490037677861E+00  0.495097551278E+00
  0.100215265586E+01  0.100152650955E+01  0.100178350432E+01  0.100047708080E+01  0.100126814609E+01  0.100066576236E+01  0.100025373712E+01
  0.100050439023E+01  0.100179353455E+01  0.100112362362E+01  0.100133048087E+01  0.100072434148E+01  0.100164373443E+01  0.100168864675E+01
  0.100096273085E+01  0.100000888234E+01  0.100082904662E+01  0.100022284689E+01  0.100062196846E+01  0.100023523420E+01  0.100174639175E+01
  0.100098850056E+01  0.100118748788E+01  0.100134189338E+01  0.100132651061E+01  0.100179882340E+01  0.100192661355E+01  0.100163748303E+01
  0.100045469615E+01  0.100058772260E+01  0.100109988203E+01  0.100176128351E+01
  0.648536642219E+00  0.628834418103E+00  0.646003777344E+00  0.755317254242E-01  0.606243871187E+00  0.328728559285E+00  0.228582047038E+00
  0.752067663298E-01  0.861078819585E+00  0.503831479687E+00  0.675878255825E+00  0.473497080167E+00  0.787594062179E+00  0.890742341735E+00
  0.533725544012E+00  0.219887733293E+00  0.850158260254E-01  0.280064468435E+00  0.697760237444E-01  0.279901917266E+00  0.831961666686E+00
  0.502176512778E+00  0.981439034743E+00  0.865805716578E+00  0.912467997470E+00  0.731402531681E+00  0.731938424521E+00  0.773922427393E+00
  0.872329260081E-01  0.334354504964E+00  0.643054912796E+00  0.813553123076E+00
  0.114980896043E+00  0.102121497711E+00  0.116024799051E+00 -0.688079554689E-02  0.939799096897E-01  0.326116268109E-01  0.145632325713E-01
 -0.528142824107E-02  0.176808503986E+00  0.690140200002E-01  0.110853154780E+00  0.622740952274E-01  0.143676425652E+00  0.186493397185E+00
  0.751078317870E-01  0.133568415372E-01 -0.541552270746E-02  0.245578353267E-01 -0.543176572374E-02  0.248114358635E-01  0.143960904926E+00
  0.686639882816E-01  0.206197621664E+00  0.181157597665E+00  0.173329824925E+00  0.135707822401E+00  0.131638457069E+00  0.131724609927E+00
 -0.440831485225E-02  0.335868018394E-01  0.999425999013E-01  0.169234353131E+00
 -0.439886344446E-03 -0.106418230828E-02 -0.118816546819E-02 -0.177294792305E-03 -0.991130140248E-04  0.246604151310E-04 -0.260964631510E-03
  0.422282710417E-03 -0.886242422191E-04 -0.552829664768E-03 -0.115544418591E-02 -0.261383820694E-03 -0.162225519867E-02 -0.219447151678E-02
  0.828166766209E-03  0.903810357675E-03  0.238921194981E-03  0.137169387537E-02  0.179104749980E-04  0.375497425968E-03  0.929227527841E-03
  0.680500757933E-03  0.537955280343E-03  0.198072611803E-02  0.100237296891E-02  0.204164130115E-02  0.622291541124E-04  0.197961023207E-02
  0.574407901877E-04 -0.140443893012E-04 -0.429656537216E-04 -0.172744941121E-03
 -0.184632049000E-01 -0.220846635632E-01 -0.176483676606E-01 -0.886002390593E-02 -0.223618758827E-01 -0.203705026020E-01 -0.184160102545E-01
 -0.805043708930E-02 -0.116747449532E-01 -0.227273663894E-01 -0.215209337518E-01 -0.229073565373E-01 -0.169858254888E-01 -0.112200261605E-01
 -0.225511956218E-01 -0.185418485157E-01 -0.888610548712E-02 -0.186331870169E-01 -0.754101137406E-02 -0.170922608997E-01 -0.202640124169E-01
 -0.228113702239E-01 -0.106212003739E-01 -0.126814775488E-01 -0.144242864010E-01 -0.166985949724E-01 -0.174859087325E-01 -0.199689238403E-01
 -0.930228931098E-02 -0.202542786037E-01 -0.219801083852E-01 -0.124604458655E-01
 -0.262179055737E+00 -0.250840074689E+00 -0.262122475588E+00 -0.213982190331E-01 -0.240544534851E+00 -0.123042150824E+00 -0.817586922547E-01
 -0.220167849707E-01 -0.357463433493E+00 -0.196482129631E+00 -0.270551129715E+00 -0.183737341603E+00 -0.321387945291E+00 -0.370440359211E+00
 -0.209165728393E+00 -0.782830929660E-01 -0.251883201177E-01 -0.103487806521E+00 -0.201309015069E-01 -0.103958168217E+00 -0.336421445819E+00
 -0.195825484417E+00 -0.409358749211E+00 -0.360296278520E+00 -0.375358986711E+00 -0.298625461720E+00 -0.297381683671E+00 -0.312188028161E+00
 -0.263605435952E-01 -0.125467802401E+00 -0.255679972082E+00 -0.337664786437E+00
  0.955364632394E-08  0.396830513800E-08  0.491971419786E-08  0.739649690286E-09  0.647596098285E-08  0.123744419501E-08 -0.175887582835E-08
 -0.384657225266E-09  0.729790674659E-08  0.112201739403E-08  0.458001211440E-08 -0.425414302090E-08 -0.283393018612E-10 -0.792751123339E-09
  0.337702227616E-08  0.336218370856E-08  0.642306574891E-09 -0.278101536625E-08 -0.919370796973E-09 -0.491222288906E-08  0.136901629757E-07
  0.132521938273E-07 -0.674225344883E-08 -0.307415704107E-09 -0.524663733661E-08  0.105901651369E-07  0.198755136428E-07  0.228371500313E-07
  0.246574835384E-09  0.475478870660E-08  0.165065640688E-07  0.754550392136E-08
        12        15        11        11
        11         2        12        12
         5        10         2         2
        15        21        11        11
        15        22        21        21
        31        28        22        22
        15        12        18        18
        19        18        20        20
        11        21        13        13
        23        13        25        25
         7        12        10        10
        26        21        28        28
         7         8        20        20
        16        15        18        18
        26        24        25        25
        16        30        22        22
         3        11        13        13
         2        10        12        12
         3         1         2         2
        20        12         7         7
        10         6         7         7
        22        15        16        16
        18        17        16        16
        28        27        26        26
        32        24        26        26
         2        11         3         3
        13        14         3         3
        27        28        31        31
         2         1         5         5
         6        10         5         5
        14        13        23        23
        20         8        19        19
        17        18        19        19
        13        21        25        25
         1         3         9         9
        30        16        29        29
         8         7         4         4
        22        28        21        21
        24        23        25        25
        21        26        25        25
        30        31        22        22
        12        20        18        18
        17        29        16        16
        14         9         3         3
        27        32        26        26
         6         4         7         7
zone t="boundary 5 bc-5", solutiontime= 0.7000000E+02, strandid=1005, i=33, j=48, f=feblock
  0.500000000000E+01  0.500000000000E+01  0.500000000000E+01  0.500000000000E+01  0.500000000000E+01  0.500000000000E+01  0.500000000000E+01
  0.500000000000E+01  0.500000000000E+01  0.500000000000E+01  0.500000000000E+01  0.500000000000E+01  0.500000000000E+01  0.500000000000E+01
  0.500000000000E+01  0.500000000000E+01  0.500000000000E+01  0.500000000000E+01  0.500000000000E+01  0.500000000000E+01  0.500000000000E+01
  0.500000000000E+01  0.500000000000E+01  0.500000000000E+01  0.500000000000E+01  0.500000000000E+01  0.500000000000E+01  0.500000000000E+01
  0.500000000000E+01  0.500000000000E+01  0.500000000000E+01  0.500000000000E+01  0.500000000000E+01
  0.250000000000E+01  0.125000000000E+01  0.250000000000E+01  0.157899473280E+01  0.000000000000E+00  0.659350882208E+00  0.250000000000E+01
  0.173899611320E+01  0.825621401394E+00  0.132549389334E+01 -0.125000000000E+01 -0.322732261638E+00  0.250000000000E+01  0.490615021923E-01
 -0.873141960959E+00  0.350800286361E+00  0.145332269920E+01 -0.250000000000E+01 -0.147959633950E+01  0.250000000000E+01 -0.857924212153E+00
 -0.165007033378E+01  0.518568023061E+00 -0.461282870254E+00  0.125000000000E+01 -0.250000000000E+01 -0.183684615440E+01 -0.158398995423E+01
 -0.250000000000E+01 -0.250000000000E+01 -0.125000000000E+01  0.000000000000E+00 -0.250000000000E+01
  0.000000000000E+00  0.000000000000E+00  0.125000000000E+01  0.905837536509E+00  0.000000000000E+00  0.735450417037E+00  0.250000000000E+01
  0.182727219356E+01  0.162230260845E+01  0.280856328277E+01  0.000000000000E+00  0.109945440014E+01  0.375000000000E+01  0.227317933631E+01
  0.189599568386E+01  0.342819755379E+01  0.403384942830E+01  0.000000000000E+00  0.104050588738E+01  0.500000000000E+01  0.297954017413E+01
  0.214587157439E+01  0.430969386006E+01  0.408642231822E+01  0.500000000000E+01  0.125000000000E+01  0.304506426164E+01  0.398205049073E+01
  0.250000000000E+01  0.375000000000E+01  0.500000000000E+01  0.500000000000E+01  0.500000000000E+01
  0.000000000000E+00  0.000000000000E+00  0.509231651017E+00  0.472098660396E+00  0.000000000000E+00  0.480805603697E+00  0.534526640478E+00
  0.535828440334E+00  0.535478265955E+00  0.540785509946E+00  0.000000000000E+00  0.510355985123E+00  0.517182885172E+00  0.539186899467E+00
  0.542978945344E+00  0.529277295987E+00  0.511037681933E+00  0.000000000000E+00  0.495604512708E+00  0.492982637025E+00  0.531173286457E+00
  0.533777938965E+00  0.505621993934E+00  0.512004958312E+00  0.494165297986E+00  0.508459764195E+00  0.529554163546E+00  0.511911907371E+00
  0.537001621764E+00  0.514994863512E+00  0.492397284427E+00  0.494740878675E+00  0.491354393416E+00
  0.999989665041E+00  0.999990314978E+00  0.984104107106E+00  0.976444065643E+00  0.999991520367E+00  0.959042409169E+00  0.100368299998E+01
  0.994429033358E+00  0.991216031156E+00  0.100355134699E+01  0.999992846899E+00  0.971537364772E+00  0.100443305346E+01  0.100528455762E+01
  0.997216104922E+00  0.100662902149E+01  0.100305335378E+01  0.999993511960E+00  0.973515828385E+00  0.100047708080E+01  0.100763800039E+01
  0.100128566133E+01  0.100314070134E+01  0.100383228369E+01  0.100050439023E+01  0.985091609572E+00  0.100596500390E+01  0.100387955250E+01
  0.100289567776E+01  0.100485299288E+01  0.100082904662E+01  0.100062196846E+01  0.100045469615E+01
  0.716811359677E-01  0.633157981939E-01  0.245697014735E+00  0.308100963467E+00  0.818686792840E-01  0.887319114369E-01  0.116986496229E+00
  0.156340093319E+00  0.176400418062E+00  0.101472964001E+00  0.534957540341E-01  0.139443344251E+00  0.797200863135E-01  0.122995250145E+00
  0.137075789479E+00  0.820395612909E-01  0.639350003715E-01  0.631336252665E-01  0.111741364828E+00  0.755317254242E-01  0.957255971943E-01
  0.128582535275E+00  0.508169534631E-01  0.559529118365E-01  0.752067663298E-01  0.166017944824E+00  0.933951787617E-01  0.612295274451E-01
  0.111425432313E+00  0.749344674828E-01  0.850158260254E-01  0.697760237444E-01  0.872329260081E-01
 -0.180155089404E-01 -0.175128842006E-01 -0.400019542907E-01 -0.385698457649E-01 -0.255984518506E-01 -0.107783652371E+00 -0.306119865415E-01
 -0.404631945760E-01 -0.446660296872E-01 -0.280068184333E-01 -0.200425380448E-01 -0.705010352016E-01 -0.195479462488E-01 -0.320059494256E-01
 -0.370433506638E-01 -0.228324094531E-01 -0.192638944636E-01 -0.171111652876E-01 -0.674938510484E-01 -0.688079554689E-02 -0.250430125407E-01
 -0.331460795219E-01 -0.168999002881E-01 -0.196914143413E-01 -0.528142824107E-02 -0.374864109578E-01 -0.231496272152E-01 -0.194864150222E-01
 -0.285015828830E-01 -0.175714135264E-01 -0.541552270746E-02 -0.543176572374E-02 -0.440831485225E-02
 -0.239756325335E-02 -0.406977042272E-02 -0.105695062026E-04 -0.852969071719E-02  0.524400211994E-02 -0.413676461836E-02 -0.884877023655E-03
 -0.366020135772E-02 -0.177854813653E-02 -0.444422750960E-03  0.325268685761E-02  0.125646887261E-01 -0.497003983281E-03  0.227607031881E-02
  0.341203687058E-02 -0.480785679639E-03 -0.981306912047E-04  0.380310660252E-02  0.557288485674E-02 -0.177294792305E-03  0.120745809536E-02
  0.328958274387E-02  0.261237999757E-04  0.115089161185E-03  0.422282710417E-03  0.220242234903E-02  0.312934735593E-03  0.851971978599E-03
 -0.211596418136E-03  0.332955579908E-03  0.238921194981E-03  0.179104749980E-04  0.574407901877E-04
  0.624053679051E-02  0.104553600354E-01 -0.952756378532E-02 -0.624655710020E-02  0.127950030649E-01  0.949593737154E-02 -0.937848019715E-02
 -0.118430550042E-01 -0.224766866818E-01 -0.103882509405E-01  0.839829129017E-02 -0.424017826507E-02 -0.832005318675E-02 -0.954737363651E-02
 -0.131367261098E-01 -0.589118693657E-02 -0.870108059746E-02  0.496482017533E-02  0.241813097571E-02 -0.886002390593E-02 -0.587381860201E-02
 -0.951221259782E-02 -0.597403407159E-02 -0.712765589843E-02 -0.805043708930E-02 -0.736013968156E-02 -0.507422551441E-02 -0.666736301525E-02
 -0.708486599587E-02 -0.596595102565E-02 -0.888610548712E-02 -0.754101137406E-02 -0.930228931098E-02
 -0.357065698722E-01 -0.111213895476E+00 -0.627496281612E-01 -0.864570308247E-01 -0.989813767407E-01  0.292829189715E-01 -0.220117777648E-01
 -0.305211113540E-01 -0.362670957504E-01 -0.183110277983E-01 -0.900185571445E-01 -0.795712364712E-02 -0.156419881705E-01 -0.229040915784E-01
 -0.256784312237E-01 -0.148192870121E-01 -0.111108177519E-01 -0.169945656425E-01 -0.157380819650E-02 -0.213982190331E-01 -0.178997816234E-01
 -0.246189413461E-01 -0.794647752930E-02 -0.839703042674E-02 -0.220167849707E-01 -0.359542081839E-01 -0.181157797113E-01 -0.103188142620E-01
 -0.213625749093E-01 -0.151535305054E-01 -0.251883201177E-01 -0.201309015069E-01 -0.263605435952E-01
  0.205056963396E-09  0.122823334291E-09  0.439660580909E-08  0.678047918756E-08 -0.871202647420E-12  0.214572419699E-07 -0.535754654930E-08
 -0.228424968838E-07  0.312321448822E-08 -0.489329191337E-08  0.237629264888E-12  0.995018884389E-08  0.295371227408E-08 -0.938100586766E-08
  0.203807614156E-09  0.205579823530E-08  0.237690686063E-08  0.296029923346E-10  0.130936787823E-07  0.739649690286E-09 -0.217131165819E-08
 -0.530099463515E-08  0.200983570573E-08  0.225631272763E-08 -0.384657225266E-09  0.366286795805E-08 -0.151133963971E-08  0.170784464148E-08
 -0.586576573888E-08  0.299438661841E-08  0.642306574891E-09 -0.919370796973E-09  0.246574835384E-09
        12        15        14        14
        21        16        14        14
         9        14        10        10
        15        22        21        21
        29        27        22        22
        14        16        10        10
         7         8        10        10
        14        15        21        21
        14         9        12        12
         5        12         6         6
        21        24        16        16
        32        23        24        24
        28        21        27        27
        17        16        23        23
        28        31        24        24
        19        15        12        12
         4         2         6         6
         4         9         8         8
        10         8         9         9
        17        13        10        10
        19        26        22        22
        10        16        17        17
        23        25        17        17
        22        15        19        19
        12        11        19        19
        27        30        28        28
        33        31        28        28
         6         9         4         4
         8         3         4         4
        25        23        32        32
        10        13         7         7
         3         8         7         7
        30        27        29        29
         6         2         5         5
        11        12         5         5
        24        23        16        16
        13        17        20        20
        26        19        18        18
         2         4         1         1
        22        27        21        21
        31        32        24        24
        21        28        24        24
        26        29        22        22
         9         6        12        12
        11        18        19        19
        25        20        17        17
        30        33        28        28
         3         1         4         4
zone t="boundary 6 bc-6", solutiontime= 0.7000000E+02, strandid=1006, i=33, j=48, f=feblock
  0.375000000000E+01  0.250000000000E+01  0.500000000000E+01  0.403384942830E+01  0.280856328277E+01  0.125000000000E+01  0.182727219356E+01
  0.500000000000E+01  0.430969386006E+01  0.342819755379E+01  0.227317933631E+01  0.162230260845E+01  0.000000000000E+00  0.905837536509E+00
  0.500000000000E+01  0.408642231822E+01  0.297954017413E+01  0.189599568386E+01  0.109945440014E+01  0.735450417037E+00  0.000000000000E+00
  0.500000000000E+01  0.398205049073E+01  0.304506426164E+01  0.214587157439E+01  0.104050588738E+01  0.000000000000E+00  0.000000000000E+00
  0.500000000000E+01  0.375000000000E+01  0.250000000000E+01  0.125000000000E+01  0.000000000000E+00
  0.250000000000E+01  0.250000000000E+01  0.250000000000E+01  0.145332269920E+01  0.132549389334E+01  0.250000000000E+01  0.173899611320E+01
  0.125000000000E+01  0.518568023061E+00  0.350800286361E+00  0.490615021923E-01  0.825621401394E+00  0.250000000000E+01  0.157899473280E+01
  0.000000000000E+00 -0.461282870254E+00 -0.857924212153E+00 -0.873141960959E+00 -0.322732261638E+00  0.659350882208E+00  0.125000000000E+01
 -0.125000000000E+01 -0.158398995423E+01 -0.183684615440E+01 -0.165007033378E+01 -0.147959633950E+01  0.000000000000E+00 -0.125000000000E+01
 -0.250000000000E+01 -0.250000000000E+01 -0.250000000000E+01 -0.250000000000E+01 -0.250000000000E+01
  0.000000000000E+00  0.000000000000E+00  0.000000000000E+00  0.000000000000E+00  0.000000000000E+00  0.000000000000E+00  0.000000000000E+00
  0.000000000000E+00  0.000000000000E+00  0.000000000000E+00  0.000000000000E+00  0.000000000000E+00  0.000000000000E+00  0.000000000000E+00
  0.000000000000E+00  0.000000000000E+00  0.000000000000E+00  0.000000000000E+00  0.000000000000E+00  0.000000000000E+00  0.000000000000E+00
  0.000000000000E+00  0.000000000000E+00  0.000000000000E+00  0.000000000000E+00  0.000000000000E+00  0.000000000000E+00  0.000000000000E+00
  0.000000000000E+00  0.000000000000E+00  0.000000000000E+00  0.000000000000E+00  0.000000000000E+00
  0.000000000000E+00  0.000000000000E+00  0.000000000000E+00  0.000000000000E+00  0.000000000000E+00  0.000000000000E+00  0.000000000000E+00
  0.000000000000E+00  0.000000000000E+00  0.000000000000E+00  0.000000000000E+00  0.000000000000E+00  0.000000000000E+00  0.000000000000E+00
  0.000000000000E+00  0.000000000000E+00  0.000000000000E+00  0.000000000000E+00  0.000000000000E+00  0.000000000000E+00  0.000000000000E+00
  0.000000000000E+00  0.000000000000E+00  0.000000000000E+00  0.000000000000E+00  0.000000000000E+00  0.000000000000E+00  0.000000000000E+00
  0.000000000000E+00  0.000000000000E+00  0.000000000000E+00  0.000000000000E+00  0.000000000000E+00
  0.999989380190E+00  0.999989451040E+00  0.999989665041E+00  0.999989636947E+00  0.999989659209E+00  0.999989868921E+00  0.999989838547E+00
  0.999990314978E+00  0.999990717139E+00  0.999990526267E+00  0.999991266627E+00  0.999990619998E+00  0.999990335442E+00  0.999990410387E+00
  0.999991520367E+00  0.999992169986E+00  0.999992719204E+00  0.999992350550E+00  0.999991680168E+00  0.999990956169E+00  0.999990797222E+00
  0.999992846899E+00  0.999993421276E+00  0.999993505912E+00  0.999993182332E+00  0.999992551088E+00  0.999991453848E+00  0.999992202332E+00
  0.999993511960E+00  0.999993715260E+00  0.999993570321E+00  0.999993167142E+00  0.999992753610E+00
  0.438320885512E-01 -0.329872720904E-01  0.716811359677E-01  0.609403800715E-01 -0.703942692649E-02 -0.970704583736E-01 -0.394377064284E-01
  0.633157981939E-01  0.667066370288E-01  0.278051669748E-01 -0.149673329735E-01 -0.360740849663E-01 -0.154112156487E+00 -0.105503700000E+00
  0.818686792840E-01  0.660146911981E-01  0.674077527360E-02 -0.354921475762E-01 -0.360103264063E-01 -0.869625446942E-01 -0.175108070711E+00
  0.534957540341E-01  0.568871360478E-01  0.562857945152E-02 -0.175633407258E-02 -0.488834615233E-01 -0.129685040316E+00 -0.429997624236E-01
  0.631336252665E-01  0.497923729035E-01  0.303281054092E-01 -0.593152299372E-01 -0.762519034827E-01
  0.101462691487E-01  0.978801515145E-02 -0.180155089404E-01  0.932579164611E-02  0.307200873916E-01  0.206089942985E-01  0.659036222869E-02
 -0.175128842006E-01  0.667206216565E-02  0.213473013332E-01  0.159486817703E-01  0.119586195405E-01 -0.595532164808E-02  0.319887064182E-01
 -0.255984518506E-01  0.589891453419E-02  0.190749445758E-01  0.159460521660E-01  0.198071521580E-01  0.278309710237E-01 -0.833087984265E-02
 -0.200425380448E-01  0.399986031566E-02  0.169177937474E-01  0.142871657091E-01  0.165150299746E-01 -0.901439002222E-02 -0.780576310562E-02
 -0.171111652876E-01  0.472935149440E-02 -0.443207261174E-03  0.109535569764E-01 -0.688071022275E-02
  0.191054646351E-02 -0.108309983569E-02 -0.239756325335E-02  0.479698241808E-02 -0.520129097488E-03 -0.869329097646E-02 -0.316166578114E-02
 -0.406977042272E-02 -0.717915029025E-03 -0.102431721823E-04  0.170115424682E-02 -0.117833245030E-02 -0.104721022650E-01 -0.838503470602E-02
  0.524400211994E-02  0.676170009051E-02  0.102500151573E-01  0.101088863396E-01  0.175008038027E-01 -0.694072600467E-02 -0.141034620284E-01
  0.325268685761E-02  0.152867152216E-02 -0.749592768333E-02 -0.193919854876E-01 -0.188975521800E-02 -0.116218523259E-01  0.448539801446E-02
  0.380310660252E-02 -0.100786133238E-02 -0.590736999433E-02 -0.314175916474E-02  0.600418604363E-02
  0.120427284074E-01  0.225747631625E-01  0.624053679051E-02  0.260829564259E-01  0.441774481054E-01  0.217493338451E-01  0.274073291699E-01
  0.104553600354E-01  0.173698982773E-01  0.241259486769E-01  0.339282625604E-01  0.515873077714E-01  0.374072976589E-01  0.223651152296E-01
  0.127950030649E-01  0.139042687359E-01  0.233639719543E-01  0.301018041200E-01  0.716349333853E-01  0.344843685482E-01  0.406907758710E-01
  0.839829129017E-02  0.999125050648E-02  0.135858823537E-01  0.239486733085E-01  0.447045762910E-01  0.232560365965E-01  0.198816810098E-01
  0.496482017533E-02  0.497880815661E-02  0.754137862860E-02  0.174401510060E-01  0.149192713328E-01
 -0.181807980405E+00 -0.789674138113E-01 -0.357065698722E-01 -0.112317564040E+00 -0.162715535714E+00 -0.744819304472E-02 -0.957750384896E-01
 -0.111213895476E+00 -0.452661909228E-01 -0.133929773984E+00 -0.139963539071E+00 -0.376782443763E-01  0.123595533880E+00 -0.236734686510E+00
 -0.989813767407E-01 -0.107832900219E+00 -0.158691816353E+00 -0.213686877621E-01 -0.567867668484E-01 -0.121398848588E+00  0.167298226627E+00
 -0.900185571445E-01 -0.129886085564E+00  0.157905510105E-01 -0.268872074380E-01  0.192413424401E-01 -0.111840994019E-01 -0.280760880941E-01
 -0.169945656425E-01 -0.478788012681E-01 -0.834047275860E-01 -0.100534988039E+00  0.249389505141E-01
  0.721456863111E-09  0.253267722071E-08  0.205056963396E-09  0.415764979996E-08  0.109072188850E-07  0.171150182588E-07  0.139577798976E-07
  0.122823334291E-09  0.127784986528E-08  0.531659095847E-08  0.529546517590E-08  0.216672317439E-07  0.714329144568E-07  0.166159081083E-07
 -0.871202647420E-12  0.762734493361E-09  0.168523251533E-08  0.483453462247E-08  0.700058924165E-07  0.301282642025E-07  0.758489909642E-07
  0.237629264888E-12  0.802493680638E-09  0.137078097600E-08  0.115217187887E-08  0.159347951824E-07 -0.453029237722E-07 -0.140004756858E-07
  0.296029923346E-10  0.329483602483E-09  0.654385089456E-09  0.247816372906E-08  0.798486637209E-08
        19        18        11        11
        17        10        11        11
        12        11         5         5
        18        25        17        17
        31        24        25        25
        11        10         5         5
         2         7         5         5
        11        18        17        17
        11        12        19        19
        27        19        20        20
        17        16        10        10
        15         9        16        16
        23        17        24        24
         4        10         9         9
        23        22        16        16
        26        18        19        19
        14        21        20        20
        14        12         7         7
         5         7        12        12
         4         1         5         5
        26        32        25        25
         5        10         4         4
         9         8         4         4
        25        18        26        26
        19        28        26        26
        24        30        23        23
        29        22        23        23
        20        12        14        14
         7         6        14        14
         8         9        15        15
         5         1         2         2
         6         7         2         2
        30        24        31        31
        20        21        27        27
        28        19        27        27
        16         9        10        10
         1         4         3         3
        32        26        33        33
        21        14        13        13
        25        24        17        17
        22        15        16        16
        17        23        16        16
        32        31        25        25
        12        20        19        19
        28        33        26        26
         8         3         4         4
        30        29        23        23
         6        13        14        14
