title="tecplot geometry and solution file"
variables = x y z mach temperature lambda1 lambda2 lambda3 lambda4 lambda5 lambda6
zone t="boundary 1 bc-1", solutiontime= 0.3000000E+02, strandid=1001, i=32, j=46, f=feblock
  0.000000000000E+00  0.000000000000E+00  0.000000000000E+00  0.000000000000E+00  0.000000000000E+00  0.000000000000E+00  0.000000000000E+00
  0.000000000000E+00  0.000000000000E+00  0.000000000000E+00  0.000000000000E+00  0.000000000000E+00  0.000000000000E+00  0.000000000000E+00
  0.000000000000E+00  0.000000000000E+00  0.000000000000E+00  0.000000000000E+00  0.000000000000E+00  0.000000000000E+00  0.000000000000E+00
  0.000000000000E+00  0.000000000000E+00  0.000000000000E+00  0.000000000000E+00  0.000000000000E+00  0.000000000000E+00  0.000000000000E+00
  0.000000000000E+00  0.000000000000E+00  0.000000000000E+00  0.000000000000E+00
  0.250000000000E+01  0.250000000000E+01  0.125000000000E+01  0.146289271009E+01  0.157686156160E+01  0.308372018325E+00  0.000000000000E+00
 -0.125000000000E+01 -0.600232012419E+00  0.250000000000E+01  0.477386199275E+00  0.742988685424E+00 -0.739814786992E+00  0.177790177481E+01
  0.155830813274E+01  0.250000000000E+01 -0.250000000000E+01 -0.154800130438E+01 -0.487811078581E+00  0.250000000000E+01  0.627766083140E+00
 -0.345533899378E+00 -0.178862290564E+01 -0.158811787973E+01  0.125000000000E+01 -0.250000000000E+01 -0.144524380962E+01  0.000000000000E+00
 -0.125000000000E+01 -0.250000000000E+01 -0.250000000000E+01 -0.250000000000E+01
  0.000000000000E+00  0.125000000000E+01  0.000000000000E+00  0.103724302461E+01  0.219251206392E+01  0.922061490191E+00  0.000000000000E+00
  0.000000000000E+00  0.715990576545E+00  0.250000000000E+01  0.202479342020E+01  0.324151231464E+01  0.175434191980E+01  0.310152362409E+01
  0.404200324774E+01  0.375000000000E+01  0.000000000000E+00  0.930412228790E+00  0.299062775774E+01  0.500000000000E+01  0.429310310915E+01
  0.409252726285E+01  0.187029682677E+01  0.284428995242E+01  0.500000000000E+01  0.125000000000E+01  0.394624082883E+01  0.500000000000E+01
  0.500000000000E+01  0.250000000000E+01  0.375000000000E+01  0.500000000000E+01
  0.000000000000E+00  0.441238864710E+00  0.000000000000E+00  0.475212333418E+00  0.460125600047E+00  0.468825459916E+00  0.000000000000E+00
  0.000000000000E+00  0.402299647307E+00  0.469815278546E+00  0.464413480260E+00  0.478714152972E+00  0.489298547802E+00  0.483067971662E+00
  0.487929224832E+00  0.488960767301E+00  0.000000000000E+00  0.464773408827E+00  0.473796242669E+00  0.495345969094E+00  0.490265403772E+00
  0.486285557293E+00  0.445720648663E+00  0.464383522981E+00  0.496127006189E+00  0.443623519427E+00  0.486963956588E+00  0.497245800655E+00
  0.496058644718E+00  0.467732961393E+00  0.488211579388E+00  0.495097551278E+00
  0.999990335442E+00  0.102982730935E+01  0.999990797222E+00  0.104247144519E+01  0.101190167613E+01  0.102520600953E+01  0.999991453848E+00
  0.999992202332E+00  0.103891124272E+01  0.100826302705E+01  0.101252909219E+01  0.100300571845E+01  0.102702848665E+01  0.100605562865E+01
  0.100244399774E+01  0.100355656280E+01  0.999992753610E+00  0.103239691667E+01  0.100459561267E+01  0.100179353455E+01  0.100260307775E+01
  0.100234974224E+01  0.101657231252E+01  0.100617628259E+01  0.100168864675E+01  0.104043187424E+01  0.100303393289E+01  0.100118748788E+01
  0.100134189338E+01  0.100976788455E+01  0.100405369623E+01  0.100176128351E+01
  0.880207891393E-03  0.384014242564E-02  0.115890107693E-02  0.731427592873E-02  0.129900936265E-03  0.114771251887E-01  0.106470569430E-02
  0.387015399345E-03  0.133149477022E-01 -0.573678119282E-03  0.680844623014E-03 -0.121860231211E-02  0.129559618190E-02 -0.648185074365E-03
 -0.157701550057E-02 -0.145433110241E-02  0.480636789086E-03  0.754652613487E-02 -0.948942510204E-03 -0.624238650447E-02 -0.219783031857E-02
 -0.154151440814E-02  0.420517577979E-03 -0.828042779426E-03 -0.646337725293E-02  0.405259821431E-02 -0.124144322823E-02 -0.717761498768E-02
 -0.635711994569E-02 -0.647058935979E-03 -0.136461094105E-02 -0.597018228433E-02
  0.239179644651E-04  0.532682951903E-03  0.531746065261E-04  0.900589008022E-03 -0.477182752976E-04  0.176850378198E-02  0.837710584879E-04
  0.627875217247E-04  0.203981846286E-02 -0.181500144773E-03  0.624998177076E-04 -0.256177283731E-03  0.104518904455E-03 -0.188057054981E-03
 -0.310658980787E-03 -0.323827420121E-03  0.445423790486E-04  0.117434540736E-02 -0.187156633068E-03 -0.128409394622E-02 -0.436655822431E-03
 -0.294425115771E-03 -0.219632385853E-04 -0.159241248049E-03 -0.135335750065E-02  0.493142934336E-03 -0.244706388864E-03 -0.150705575442E-02
 -0.132956440284E-02 -0.167291636964E-03 -0.289769835902E-03 -0.124139167021E-02
  0.457501830410E-04  0.193511843338E-04  0.563480537722E-04  0.202181438660E-03  0.433119841212E-04  0.139651333199E-03  0.770901854540E-04
 -0.209886314299E-04  0.193518263935E-04 -0.184295504283E-05  0.398856637756E-04  0.480139654840E-04 -0.395260307256E-04  0.203168396127E-04
  0.123428649659E-05 -0.953791104116E-06 -0.322082769047E-04 -0.178970237166E-03  0.183745188505E-04  0.107276993193E-06  0.663533931631E-05
  0.557354037166E-05 -0.145533825827E-04 -0.271770144698E-04  0.218784740566E-04 -0.184802861257E-04 -0.968795666372E-05  0.382982974271E-05
 -0.110486273889E-04 -0.467535459728E-05 -0.133037422362E-05  0.100693808516E-05
 -0.220390619086E-03 -0.177169424165E-03 -0.275364116847E-03  0.272218903681E-04  0.246893935406E-03  0.324154498637E-03 -0.188781917346E-03
 -0.171794592759E-03  0.300648452745E-03  0.259684629001E-03  0.556896320009E-03  0.292448406188E-03  0.661964496775E-03  0.253117194479E-03
  0.194570723408E-03  0.220480534441E-03 -0.101972406721E-03  0.198143614529E-03  0.355103062377E-03  0.853143036960E-04  0.187189809074E-03
  0.230416072904E-03  0.408115506317E-03  0.285781204260E-03  0.817264040634E-04  0.209649580923E-03  0.211166395090E-03  0.774772351899E-04
  0.928969263976E-04  0.316716724513E-03  0.215442554394E-03  0.903546015490E-04
 -0.676041139474E-03 -0.158793698801E-02 -0.109948009831E-02 -0.292289258880E-02 -0.587052356684E-04 -0.476946701112E-02  0.101669714328E-03
  0.175840752297E-03 -0.555081554041E-02  0.230543041874E-03 -0.300991763090E-03  0.474637789882E-03 -0.544192624993E-03  0.253006762963E-03
  0.627510047316E-03  0.582982679004E-03 -0.161758248944E-03 -0.315022717537E-02  0.348602988210E-03  0.259172915016E-02  0.887293597822E-03
  0.610381397930E-03 -0.200922344347E-03  0.295425405082E-03  0.268810490202E-02 -0.166116589526E-02  0.485994673321E-03  0.299383022408E-02
  0.264552336757E-02  0.232810868454E-03  0.543725865743E-03  0.247803998648E-02
 -0.420237251513E-09 -0.683134414689E-09 -0.503497592212E-09 -0.175464911383E-08 -0.456025158627E-09 -0.307051466849E-09  0.405633160116E-09
  0.955351873743E-10  0.108474149181E-07 -0.370478917718E-09 -0.168498866095E-08 -0.740946468399E-09 -0.127044858401E-08 -0.504812272212E-09
 -0.178626815550E-09 -0.313129503014E-09 -0.670394504788E-10  0.187738393032E-08 -0.838699967988E-09 -0.606075259230E-10 -0.942358226273E-10
 -0.161352436292E-09 -0.868713364180E-09 -0.705138907274E-09 -0.338146734405E-11 -0.112468687331E-08 -0.194179373363E-09  0.381591453282E-10
 -0.444972427829E-11 -0.558386593524E-09 -0.270327702691E-09 -0.559293979160E-10
        12        19        11        11
        11         5        12        12
        10        14         5         5
        19        13        11        11
        19        24        13        13
        30        23        24        24
        19        12        22        22
        28        22        21        21
        11        13         6         6
         7         6         9         9
        15        12        14        14
        18        13        23        23
        15        25        21        21
        27        19        22        22
        18         8         9         9
        27        31        24        24
         4        11         6         6
         5        14        12        12
         4         2         5         5
        21        12        15        15
        14        16        15        15
        24        19        27        27
        22        29        27        27
        23        26        18        18
        17         8        18        18
         5        11         4         4
         6         3         4         4
        26        23        30        30
         5         2        10        10
        16        14        10        10
         3         6         7         7
        21        25        28        28
        29        22        28        28
         6        13         9         9
         2         4         1         1
        31        27        32        32
        25        15        20        20
        24        23        13        13
         8         7         9         9
        13        18         9         9
        31        30        24        24
        12        21        22        22
        29        32        27        27
         3         1         4         4
        26        17        18        18
        16        20        15        15
zone t="boundary 2 bc-2", solutiontime= 0.3000000E+02, strandid=1002, i=33, j=48, f=feblock
  0.500000000000E+01  0.375000000000E+01  0.250000000000E+01  0.288078410721E+01  0.125000000000E+01  0.190974100652E+01  0.326683758169E+01
  0.201431602454E+01  0.000000000000E+00  0.963108083381E+00  0.500000000000E+01  0.403552511878E+01  0.423153924130E+01  0.500000000000E+01
  0.385533350601E+01  0.500000000000E+01  0.398173246726E+01  0.315249557942E+01  0.267000324704E+01  0.154774304040E+01  0.218329375016E+01
  0.893127759452E+00  0.000000000000E+00  0.698517061619E+00  0.964171764089E+00  0.310324758057E+01  0.000000000000E+00  0.000000000000E+00
  0.125000000000E+01  0.500000000000E+01  0.375000000000E+01  0.250000000000E+01  0.000000000000E+00
 -0.250000000000E+01 -0.250000000000E+01 -0.250000000000E+01 -0.250000000000E+01 -0.250000000000E+01 -0.250000000000E+01 -0.250000000000E+01
 -0.250000000000E+01 -0.250000000000E+01 -0.250000000000E+01 -0.250000000000E+01 -0.250000000000E+01 -0.250000000000E+01 -0.250000000000E+01
 -0.250000000000E+01 -0.250000000000E+01 -0.250000000000E+01 -0.250000000000E+01 -0.250000000000E+01 -0.250000000000E+01 -0.250000000000E+01
 -0.250000000000E+01 -0.250000000000E+01 -0.250000000000E+01 -0.250000000000E+01 -0.250000000000E+01 -0.250000000000E+01 -0.250000000000E+01
 -0.250000000000E+01 -0.250000000000E+01 -0.250000000000E+01 -0.250000000000E+01 -0.250000000000E+01
  0.000000000000E+00  0.000000000000E+00  0.000000000000E+00  0.904659890645E+00  0.000000000000E+00  0.717002441913E+00  0.188609243358E+01
  0.176246431481E+01  0.000000000000E+00  0.961328577125E+00  0.125000000000E+01  0.101201586758E+01  0.191586535653E+01  0.250000000000E+01
  0.293121848150E+01  0.375000000000E+01  0.406975391361E+01  0.363585050272E+01  0.285047954584E+01  0.292817774674E+01  0.395907379566E+01
  0.205246550326E+01  0.125000000000E+01  0.306828197606E+01  0.397245519226E+01  0.433168271247E+01  0.250000000000E+01  0.375000000000E+01
  0.500000000000E+01  0.500000000000E+01  0.500000000000E+01  0.500000000000E+01  0.500000000000E+01
  0.000000000000E+00  0.000000000000E+00  0.000000000000E+00  0.380991677071E+00  0.000000000000E+00  0.343629846333E+00  0.585283712637E+00
  0.579371274939E+00  0.000000000000E+00  0.501053781697E+00  0.508459764195E+00  0.435372705232E+00  0.572637650783E+00  0.537001621764E+00
  0.568921604272E+00  0.514994863512E+00  0.508249384174E+00  0.527254272376E+00  0.567446148296E+00  0.531657889979E+00  0.505982349932E+00
  0.520795557933E+00  0.443623519427E+00  0.490664279058E+00  0.492156105736E+00  0.501392667577E+00  0.467732961393E+00  0.488211579388E+00
  0.490002415326E+00  0.491354393416E+00  0.486078174930E+00  0.490037677861E+00  0.495097551278E+00
  0.999993511960E+00  0.999993715260E+00  0.999993570321E+00  0.989539101465E+00  0.999993167142E+00  0.985524838689E+00  0.989838839696E+00
  0.991798259717E+00  0.999992753610E+00  0.984411184056E+00  0.985091609572E+00  0.984689131748E+00  0.990058406085E+00  0.100289567776E+01
  0.999855182158E+00  0.100485299288E+01  0.100121572260E+01  0.100055639449E+01  0.997896752171E+00  0.100350023825E+01  0.100058089063E+01
  0.101093252220E+01  0.104043187424E+01  0.100326541074E+01  0.100254508116E+01  0.100045601675E+01  0.100976788455E+01  0.100405369623E+01
  0.100192661355E+01  0.100045469615E+01  0.100058772260E+01  0.100109988203E+01  0.100176128351E+01
 -0.504793570033E-03 -0.375569132138E-03 -0.814399655289E-04  0.625774722136E-02  0.409128590811E-03  0.124197771013E-01 -0.100034304467E-02
  0.462526715782E-03  0.480636789086E-03  0.613474622709E-02 -0.128951882957E-02 -0.155322515725E-02 -0.995577163851E-03 -0.851263542321E-03
 -0.617896748701E-03 -0.558931778724E-03 -0.411529798195E-03 -0.478975513363E-03 -0.824525397356E-03 -0.101661025497E-02 -0.619886340459E-03
  0.348865799666E-03  0.405259821431E-02 -0.669862479234E-03 -0.116279842907E-02 -0.743643705978E-03 -0.647058935979E-03 -0.136461094105E-02
 -0.537776857899E-02 -0.649353922615E-03 -0.246897412445E-02 -0.473334952940E-02 -0.597018228433E-02
  0.134434604413E-03 -0.434592583354E-04 -0.107997512152E-04  0.970701603776E-03 -0.580911079802E-04  0.138459327017E-02 -0.313036055448E-04
 -0.643579382122E-04  0.445423790486E-04  0.715048017290E-03  0.293296222697E-03 -0.278020459890E-04  0.134111793137E-03  0.217474094007E-03
  0.136287778649E-03  0.131214528997E-03  0.154603765729E-03  0.126038680344E-03  0.274896468660E-04 -0.105818959662E-03  0.520500162434E-04
 -0.455606639869E-04  0.493142934336E-03 -0.548697092267E-04 -0.137887969492E-03  0.742511414364E-04 -0.167291636964E-03 -0.289769835902E-03
 -0.969228983583E-03  0.320429829348E-04 -0.248986367707E-03 -0.737754565186E-03 -0.124139167021E-02
 -0.326318838249E-04  0.120895663006E-04  0.436606195825E-04  0.131001624765E-03  0.249049430501E-04  0.131495481055E-03 -0.164388543065E-04
 -0.190606445287E-05 -0.322082769047E-04  0.459195339697E-04 -0.202351900651E-04 -0.603602624449E-04  0.997446302262E-06  0.156991058540E-05
  0.169680752940E-05 -0.267453762426E-05  0.431472858233E-06 -0.175044540228E-05  0.310918038384E-05  0.506009515279E-05 -0.334592181276E-05
  0.455195968817E-05 -0.184802861257E-04 -0.404515801562E-07 -0.609474881952E-06 -0.125785892204E-05 -0.467535459728E-05 -0.133037422362E-05
 -0.605405416070E-06 -0.551274330357E-06 -0.282714526419E-07  0.385476486310E-06  0.100693808516E-05
 -0.400517754391E-04 -0.480357607830E-04 -0.628170911927E-04  0.177065974366E-03 -0.105973413295E-03 -0.508435944189E-04  0.325437448471E-03
  0.389485138376E-03 -0.101972406721E-03  0.141319751464E-03  0.688564854236E-04  0.242081669540E-03  0.131902030666E-03  0.580615471263E-04
  0.128123504565E-03  0.457217694409E-04  0.119363506266E-03  0.169509288509E-03  0.206929353969E-03  0.209478155487E-03  0.194286338079E-03
  0.287174564708E-03  0.209649580923E-03  0.219198214213E-03  0.192393900477E-03  0.167420796127E-03  0.316716724513E-03  0.215442554394E-03
  0.127900355179E-03  0.691282285965E-04  0.149401739312E-03  0.161547380099E-03  0.903546015490E-04
  0.150753895977E-03  0.446951623533E-03  0.708779081972E-03 -0.278889197763E-02  0.487422379054E-03 -0.524392831686E-02  0.308374202158E-03
 -0.197737262122E-03 -0.161758248944E-03 -0.253892548321E-02  0.277837555156E-03  0.490763836753E-03  0.249183125218E-03  0.163445129798E-03
  0.123322341712E-03  0.112987520873E-03  0.575284675273E-04  0.894136517891E-04  0.235860014130E-03  0.355186820159E-03  0.167341195573E-03
 -0.156473535841E-03 -0.166116589526E-02  0.220880818407E-03  0.426412885815E-03  0.203948528663E-03  0.232810868454E-03  0.543725865743E-03
  0.218559947831E-02  0.196477436550E-03  0.926780810584E-03  0.188261134974E-02  0.247803998648E-02
 -0.196374353149E-12 -0.203492729799E-11 -0.543863220802E-11 -0.288306448704E-09 -0.179672503637E-10 -0.569017250538E-09 -0.334550870027E-09
 -0.156604640256E-08 -0.670394504788E-10 -0.123947863471E-08 -0.243209682482E-10 -0.493610203971E-10  0.125607093906E-09  0.553562854557E-10
  0.185208948489E-10 -0.202772656171E-10 -0.324264850103E-10 -0.447346687069E-10 -0.114187307672E-09 -0.311114902879E-09 -0.100246183526E-09
 -0.104674550790E-08 -0.112468687331E-08 -0.413595535334E-09 -0.126101267444E-09 -0.611747980635E-10 -0.558386593524E-09 -0.270327702691E-09
 -0.144055068510E-09 -0.194218935861E-11 -0.346355827328E-10 -0.119669307162E-09 -0.559293979160E-10
        15         7        19        19
         8        20        19        19
        18        19        21        21
         7         4         8         8
         3         6         4         4
        19         7         8         8
        19        18        15        15
        14        13        15        15
         8        22        20        20
        27        24        22        22
        19        20        21        21
        32        26        21        21
        17        18        26        26
        17        16        15        15
        25        29        21        21
        12         7        13        13
        10         8         6         6
        25        20        24        24
         4         6         8         8
        12         2         4         4
        10        23        22        22
        26        31        17        17
        30        16        17        17
         4         7        12        12
        13        11        12        12
        21        20        25        25
        24        28        25        25
        22         8        10        10
         6         5        10        10
        31        26        32        32
         4         2         3         3
         5         6         3         3
        11        13        14        14
        22        23        27        27
        28        24        27        27
        15        13         7         7
         2        12         1         1
        29        25        33        33
        23        10         9         9
        21        26        18        18
        16        14        15        15
        18        17        15        15
        29        32        21        21
        22        24        20        20
        28        33        25        25
        11         1        12        12
        31        30        17        17
         5         9        10        10
zone t="boundary 3 bc-3", solutiontime= 0.3000000E+02, strandid=1003, i=33, j=48, f=feblock
  0.375000000000E+01  0.250000000000E+01  0.500000000000E+01  0.403552511878E+01  0.288078410721E+01  0.125000000000E+01  0.190974100652E+01
  0.500000000000E+01  0.326683758169E+01  0.423153924130E+01  0.201431602454E+01  0.000000000000E+00  0.963108083381E+00  0.500000000000E+01
  0.267000324704E+01  0.385533350601E+01  0.893127759452E+00  0.154774304040E+01  0.000000000000E+00  0.500000000000E+01  0.315249557942E+01
  0.218329375016E+01  0.398173246726E+01  0.000000000000E+00  0.698517061619E+00  0.964171764089E+00  0.125000000000E+01  0.000000000000E+00
  0.500000000000E+01  0.310324758057E+01  0.250000000000E+01  0.375000000000E+01  0.000000000000E+00
  0.250000000000E+01  0.250000000000E+01  0.250000000000E+01  0.250000000000E+01  0.250000000000E+01  0.250000000000E+01  0.250000000000E+01
  0.250000000000E+01  0.250000000000E+01  0.250000000000E+01  0.250000000000E+01  0.250000000000E+01  0.250000000000E+01  0.250000000000E+01
  0.250000000000E+01  0.250000000000E+01  0.250000000000E+01  0.250000000000E+01  0.250000000000E+01  0.250000000000E+01  0.250000000000E+01
  0.250000000000E+01  0.250000000000E+01  0.250000000000E+01  0.250000000000E+01  0.250000000000E+01  0.250000000000E+01  0.250000000000E+01
  0.250000000000E+01  0.250000000000E+01  0.250000000000E+01  0.250000000000E+01  0.250000000000E+01
  0.000000000000E+00  0.000000000000E+00  0.000000000000E+00  0.101201586758E+01  0.904659890645E+00  0.000000000000E+00  0.717002441913E+00
  0.125000000000E+01  0.188609243358E+01  0.191586535653E+01  0.176246431481E+01  0.000000000000E+00  0.961328577125E+00  0.250000000000E+01
  0.285047954584E+01  0.293121848150E+01  0.205246550326E+01  0.292817774674E+01  0.125000000000E+01  0.375000000000E+01  0.363585050272E+01
  0.395907379566E+01  0.406975391361E+01  0.250000000000E+01  0.306828197606E+01  0.397245519226E+01  0.500000000000E+01  0.375000000000E+01
  0.500000000000E+01  0.433168271247E+01  0.500000000000E+01  0.500000000000E+01  0.500000000000E+01
  0.000000000000E+00  0.000000000000E+00  0.000000000000E+00  0.443768049813E+00  0.402287063289E+00  0.000000000000E+00  0.377550015530E+00
  0.509231651017E+00  0.575830373842E+00  0.573705119893E+00  0.562552484917E+00  0.000000000000E+00  0.490560996922E+00  0.534526640478E+00
  0.556587161529E+00  0.564391003890E+00  0.522730520214E+00  0.522053035057E+00  0.441238864710E+00  0.517182885172E+00  0.524230081365E+00
  0.503688666615E+00  0.509490322369E+00  0.469815278546E+00  0.495614921017E+00  0.494483812152E+00  0.488562139423E+00  0.488960767301E+00
  0.492982637025E+00  0.499007441401E+00  0.486462299176E+00  0.484599832491E+00  0.495345969094E+00
  0.999989380190E+00  0.999989451040E+00  0.999989665041E+00  0.981541820811E+00  0.988773959065E+00  0.999989868921E+00  0.982469495615E+00
  0.984104107106E+00  0.990427340160E+00  0.990355127069E+00  0.994362617112E+00  0.999990335442E+00  0.988651707786E+00  0.100368299998E+01
  0.999769041194E+00  0.100118460274E+01  0.100834871539E+01  0.100252122579E+01  0.102982730935E+01  0.100443305346E+01  0.100199527495E+01
  0.100082072308E+01  0.100138208455E+01  0.100826302705E+01  0.100298818591E+01  0.100192398684E+01  0.100215265586E+01  0.100355656280E+01
  0.100047708080E+01  0.100056610141E+01  0.100126814609E+01  0.100066576236E+01  0.100179353455E+01
 -0.311836599772E-03 -0.155797727099E-04 -0.416369113874E-03  0.114320306288E-02  0.561742952070E-02  0.521022901637E-03  0.765075516647E-02
 -0.143918570444E-02 -0.842133517498E-03 -0.991785558312E-03  0.459408027681E-03  0.880207891393E-03  0.506296838357E-02 -0.781826314384E-03
 -0.772881222378E-03 -0.670051103208E-03 -0.437116509038E-03 -0.788759491289E-03  0.384014242564E-02 -0.552923390132E-03 -0.424582987755E-03
 -0.537483961583E-03 -0.426815480578E-03 -0.573678119282E-03 -0.750156610085E-03 -0.143125300362E-02 -0.467915985423E-02 -0.145433110241E-02
 -0.533362427926E-03 -0.663995420305E-03 -0.435632013655E-02 -0.234641673008E-02 -0.624238650447E-02
 -0.361894507115E-04 -0.503957251902E-04  0.990459270979E-04  0.479791731626E-03  0.836715978683E-03 -0.141785553607E-03  0.942688613442E-03
  0.256471995714E-03  0.554310936924E-04  0.156257350306E-03 -0.765002906839E-04  0.239179644651E-04  0.245288915132E-03  0.205353582045E-03
  0.479439430386E-04  0.123351667997E-03 -0.263707798071E-03 -0.517923969330E-04  0.532682951903E-03  0.136379229864E-03  0.132002387114E-03
  0.787954210184E-04  0.145892469989E-03 -0.181500144773E-03 -0.156030853874E-03 -0.177226952034E-03 -0.826201487235E-03 -0.323827420121E-03
  0.496291774200E-04  0.863249969584E-04 -0.667222170984E-03 -0.229318578190E-03 -0.128409394622E-02
 -0.785778569885E-05  0.187705977488E-05  0.132816837918E-04 -0.199585634834E-04 -0.745925757148E-04  0.458229628977E-04 -0.659764262501E-05
  0.211039992974E-05 -0.830084057444E-05  0.497132713935E-05 -0.105013128771E-05  0.457501830410E-04  0.676110465915E-04  0.490530867120E-05
  0.106887214246E-05  0.177574690602E-05 -0.216482290164E-04 -0.780542421203E-05  0.193511843338E-04  0.292705199185E-05  0.103002247355E-05
  0.715443475350E-05  0.277034114034E-06 -0.184295504283E-05 -0.595783659459E-05  0.203519727148E-05  0.248846650008E-05 -0.953791104116E-06
  0.105841240497E-05  0.333671679459E-07  0.602944361381E-06 -0.109445697669E-06  0.107276993193E-06
 -0.437108959905E-04 -0.976942720369E-04 -0.370897605103E-04  0.592668616938E-04  0.142409015330E-03 -0.123646227856E-03  0.103962072631E-03
  0.338278867612E-04  0.244790759660E-03  0.123704162679E-03  0.394649007783E-03 -0.220390619086E-03  0.148967484677E-03  0.546706796827E-04
  0.166844532522E-03  0.127810300279E-03  0.368619544810E-03  0.184339669198E-03 -0.177169424165E-03  0.537021610492E-04  0.161034645290E-03
  0.178163068166E-03  0.121891807528E-03  0.259684629001E-03  0.254263476760E-03  0.182664150576E-03  0.134114707086E-03  0.220480534441E-03
  0.624483863845E-04  0.162378007248E-03  0.161201345106E-03  0.145492914373E-03  0.853143036960E-04
  0.616279870940E-03  0.541639554334E-03  0.157192909679E-03 -0.709626872049E-03 -0.250261963678E-02  0.715988636618E-04 -0.326127432080E-02
  0.352299743573E-03  0.230662267389E-03  0.245010644657E-03 -0.186549992598E-03 -0.676041139474E-03 -0.196707641099E-02  0.147136035455E-03
  0.215900812310E-03  0.148418058111E-03  0.190777238930E-03  0.258014790843E-03 -0.158793698801E-02  0.108177675751E-03  0.683725722111E-04
  0.130660242712E-03  0.670725772277E-04  0.230543041874E-03  0.269376513389E-03  0.535177468643E-03  0.189053623848E-02  0.582982679004E-03
  0.150674699688E-03  0.173059672501E-03  0.172646762483E-02  0.877199292913E-03  0.259172915016E-02
 -0.462623945425E-11 -0.147944914552E-10 -0.194023152783E-11 -0.151801958969E-09 -0.246208698924E-09 -0.952070431435E-10 -0.181227687719E-08
 -0.356302351168E-10 -0.249740206842E-09  0.899932075980E-10 -0.112062075491E-08 -0.420237251513E-09 -0.219911442060E-08  0.229076565030E-10
 -0.943092446549E-10 -0.625377849107E-11 -0.747840606464E-09 -0.316695295268E-09 -0.683134414689E-09 -0.245301168241E-10 -0.500588656693E-10
 -0.805968787965E-10 -0.263252279590E-10 -0.370478917718E-09 -0.469311187746E-09 -0.131117290167E-09 -0.832108322127E-10 -0.313129503014E-09
 -0.492030638438E-11 -0.341216373271E-10 -0.540619015497E-10 -0.103037716264E-10 -0.606075259230E-10
        15         9        16        16
        15        18        11        11
        22        15        21        21
        11         5         9         9
         5         7         2         2
        11         9        15        15
        16        21        15        15
        16        10        14        14
        18        17        11        11
        17        25        24        24
        22        18        15        15
        22        30        31        31
        30        21        23        23
        16        20        23        23
        22        27        26        26
        10         9         4         4
         7        11        13        13
        25        18        26        26
        11         7         5         5
         5         1         4         4
        17        19        13        13
        23        32        30        30
        23        20        29        29
         4         9         5         5
         4         8        10        10
        26        18        22        22
        26        28        25        25
        13        11        17        17
        13         6         7         7
        31        30        32        32
         2         1         5         5
         2         7         6         6
        14        10         8         8
        24        19        17        17
        24        25        28        28
         9        10        16        16
         3         4         1         1
        33        26        27        27
        12        13        19        19
        21        30        22        22
        16        14        20        20
        16        23        21        21
        22        31        27        27
        18        25        17        17
        26        33        28        28
         4         3         8         8
        23        29        32        32
        13        12         6         6
zone t="boundary 4 bc-4", solutiontime= 0.3000000E+02, strandid=1004, i=32, j=46, f=feblock
  0.125000000000E+01  0.219251206392E+01  0.103724302461E+01  0.500000000000E+01  0.250000000000E+01  0.375000000000E+01  0.404200324774E+01
  0.500000000000E+01  0.000000000000E+00  0.310152362409E+01  0.202479342020E+01  0.324151231464E+01  0.922061490191E+00  0.000000000000E+00
  0.299062775774E+01  0.394624082883E+01  0.500000000000E+01  0.409252726285E+01  0.500000000000E+01  0.429310310915E+01  0.175434191980E+01
  0.284428995242E+01  0.000000000000E+00  0.000000000000E+00  0.715990576545E+00  0.930412228790E+00  0.125000000000E+01  0.187029682677E+01
  0.500000000000E+01  0.375000000000E+01  0.250000000000E+01  0.000000000000E+00
  0.250000000000E+01  0.157686156160E+01  0.146289271009E+01  0.250000000000E+01  0.250000000000E+01  0.250000000000E+01  0.155830813274E+01
  0.125000000000E+01  0.250000000000E+01  0.177790177481E+01  0.477386199275E+00  0.742988685424E+00  0.308372018325E+00  0.125000000000E+01
 -0.487811078581E+00 -0.144524380962E+01 -0.125000000000E+01 -0.345533899378E+00  0.000000000000E+00  0.627766083140E+00 -0.739814786992E+00
 -0.158811787973E+01  0.000000000000E+00 -0.125000000000E+01 -0.600232012419E+00 -0.154800130438E+01 -0.250000000000E+01 -0.178862290564E+01
 -0.250000000000E+01 -0.250000000000E+01 -0.250000000000E+01 -0.250000000000E+01
  0.500000000000E+01  0.500000000000E+01  0.500000000000E+01  0.500000000000E+01  0.500000000000E+01  0.500000000000E+01  0.500000000000E+01
  0.500000000000E+01  0.500000000000E+01  0.500000000000E+01  0.500000000000E+01  0.500000000000E+01  0.500000000000E+01  0.500000000000E+01
  0.500000000000E+01  0.500000000000E+01  0.500000000000E+01  0.500000000000E+01  0.500000000000E+01  0.500000000000E+01  0.500000000000E+01
  0.500000000000E+01  0.500000000000E+01  0.500000000000E+01  0.500000000000E+01  0.500000000000E+01  0.500000000000E+01  0.500000000000E+01
  0.500000000000E+01  0.500000000000E+01  0.500000000000E+01  0.500000000000E+01
  0.488562139423E+00  0.488874000561E+00  0.490562525969E+00  0.492982637025E+00  0.486462299176E+00  0.484599832491E+00  0.485351056328E+00
  0.494165297986E+00  0.495345969094E+00  0.486530385273E+00  0.487820868640E+00  0.487071567783E+00  0.494045245745E+00  0.496127006189E+00
  0.487614575024E+00  0.483222914968E+00  0.492397284427E+00  0.487217595138E+00  0.494740878675E+00  0.487962223365E+00  0.489677418309E+00
  0.488030812357E+00  0.497245800655E+00  0.496058644718E+00  0.494950398327E+00  0.492799795685E+00  0.490002415326E+00  0.490005393925E+00
  0.491354393416E+00  0.486078174930E+00  0.490037677861E+00  0.495097551278E+00
  0.100215265586E+01  0.100152650955E+01  0.100178350432E+01  0.100047708080E+01  0.100126814609E+01  0.100066576236E+01  0.100025373712E+01
  0.100050439023E+01  0.100179353455E+01  0.100112362362E+01  0.100133048087E+01  0.100072434148E+01  0.100164373443E+01  0.100168864675E+01
  0.100096273085E+01  0.100000888234E+01  0.100082904662E+01  0.100022284689E+01  0.100062196846E+01  0.100023523420E+01  0.100174639175E+01
  0.100098850056E+01  0.100118748788E+01  0.100134189338E+01  0.100132651061E+01  0.100179882340E+01  0.100192661355E+01  0.100163748303E+01
  0.100045469615E+01  0.100058772260E+01  0.100109988203E+01  0.100176128351E+01
 -0.467915985423E-02 -0.454636703354E-02 -0.469106642912E-02 -0.533362427926E-03 -0.435632013655E-02 -0.234641673008E-02 -0.163332512971E-02
 -0.531601055147E-03 -0.624238650447E-02 -0.360916828437E-02 -0.492070526374E-02 -0.342695223119E-02 -0.574947246665E-02 -0.646337725293E-02
 -0.390113687417E-02 -0.161915912225E-02 -0.627153835383E-03 -0.204592065321E-02 -0.505921120202E-03 -0.201933960794E-02 -0.609951851814E-02
 -0.369450619663E-02 -0.717761498768E-02 -0.635711994569E-02 -0.667379889305E-02 -0.536197661496E-02 -0.537776857899E-02 -0.568968954703E-02
 -0.649353922615E-03 -0.246897412445E-02 -0.473334952940E-02 -0.597018228433E-02
 -0.826201487235E-03 -0.732232213763E-03 -0.840298952179E-03  0.496291774200E-04 -0.667222170984E-03 -0.229318578190E-03 -0.100882691367E-03
  0.382451214917E-04 -0.128409394622E-02 -0.488377511301E-03 -0.803083954274E-03 -0.447110477142E-03 -0.104641402873E-02 -0.135335750065E-02
 -0.546893190780E-03 -0.986578268579E-04  0.398771965370E-04 -0.178610311165E-03  0.395117001882E-04 -0.177014452380E-03 -0.105346752527E-02
 -0.505818844481E-03 -0.150705575442E-02 -0.132956440284E-02 -0.126606349515E-02 -0.994962787133E-03 -0.969228983583E-03 -0.969986804567E-03
  0.320429829348E-04 -0.248986367707E-03 -0.737754565186E-03 -0.124139167021E-02
  0.248846650008E-05  0.113708693509E-04  0.136580510524E-04  0.105841240497E-05  0.602944361381E-06 -0.109445697669E-06  0.402340264044E-05
 -0.253190002568E-05  0.107276993193E-06  0.612222347157E-05  0.152891787750E-04  0.636540743078E-05  0.187296447807E-04  0.218784740566E-04
 -0.218264268835E-05 -0.591067858901E-05 -0.257073785136E-05 -0.823741802357E-05 -0.163798688931E-08 -0.103223905515E-05 -0.203895691486E-05
 -0.327437865706E-05  0.382982974271E-05 -0.110486273889E-04 -0.302848744860E-05 -0.130040840735E-04 -0.605405416070E-06 -0.129557017035E-04
 -0.551274330357E-06 -0.282714526419E-07  0.385476486310E-06  0.100693808516E-05
  0.134114707086E-03  0.160266132009E-03  0.128647374902E-03  0.624483863845E-04  0.161201345106E-03  0.145492914373E-03  0.131728060159E-03
  0.567207869688E-04  0.853143036960E-04  0.163061494231E-03  0.156636975147E-03  0.165832456747E-03  0.124160837127E-03  0.817264040634E-04
  0.165366532476E-03  0.136304513653E-03  0.657003581195E-04  0.136342534232E-03  0.550109455792E-04  0.123447091769E-03  0.148665138347E-03
  0.167765780896E-03  0.774772351899E-04  0.928969263976E-04  0.105801016024E-03  0.122579974662E-03  0.127900355179E-03  0.146450778457E-03
  0.691282285965E-04  0.149401739312E-03  0.161547380099E-03  0.903546015490E-04
  0.189053623848E-02  0.181199723990E-02  0.190289392609E-02  0.150674699688E-03  0.172646762483E-02  0.877199292913E-03  0.583121202010E-03
  0.155189080560E-03  0.259172915016E-02  0.140580751793E-02  0.196890046990E-02  0.132893892147E-02  0.234568569413E-02  0.268810490202E-02
  0.152831961588E-02  0.576681416202E-03  0.185899486788E-03  0.755840425258E-03  0.145883868832E-03  0.749383032119E-03  0.246611746614E-02
  0.144091224599E-02  0.299383022408E-02  0.264552336757E-02  0.274502910265E-02  0.218928642865E-02  0.218559947831E-02  0.229565981568E-02
  0.196477436550E-03  0.926780810584E-03  0.188261134974E-02  0.247803998648E-02
 -0.832108322127E-10 -0.393899973218E-10 -0.479777255607E-10 -0.492030638438E-11 -0.540619015497E-10 -0.103037716264E-10  0.124223198699E-10
  0.289591257763E-11 -0.606075259230E-10 -0.120988895443E-10 -0.422234132583E-10  0.285666634927E-10 -0.102421828366E-10 -0.338146734405E-11
 -0.273688911163E-10 -0.247919109289E-10 -0.484785673829E-11  0.192625369613E-10  0.670387584616E-11  0.353213014567E-10 -0.103177780481E-09
 -0.963163783189E-10  0.381591453282E-10 -0.444972427829E-11  0.305760021004E-10 -0.783622489511E-10 -0.144055068510E-09 -0.166186465986E-09
 -0.194218935861E-11 -0.346355827328E-10 -0.119669307162E-09 -0.559293979160E-10
        12        15        11        11
        11         2        12        12
         5        10         2         2
        15        21        11        11
        15        22        21        21
        31        28        22        22
        15        12        18        18
        19        18        20        20
        11        21        13        13
        23        13        25        25
         7        12        10        10
        26        21        28        28
         7         8        20        20
        16        15        18        18
        26        24        25        25
        16        30        22        22
         3        11        13        13
         2        10        12        12
         3         1         2         2
        20        12         7         7
        10         6         7         7
        22        15        16        16
        18        17        16        16
        28        27        26        26
        32        24        26        26
         2        11         3         3
        13        14         3         3
        27        28        31        31
         2         1         5         5
         6        10         5         5
        14        13        23        23
        20         8        19        19
        17        18        19        19
        13        21        25        25
         1         3         9         9
        30        16        29        29
         8         7         4         4
        22        28        21        21
        24        23        25        25
        21        26        25        25
        30        31        22        22
        12        20        18        18
        17        29        16        16
        14         9         3         3
        27        32        26        26
         6         4         7         7
zone t="boundary 5 bc-5", solutiontime= 0.3000000E+02, strandid=1005, i=33, j=48, f=feblock
  0.500000000000E+01  0.500000000000E+01  0.500000000000E+01  0.500000000000E+01  0.500000000000E+01  0.500000000000E+01  0.500000000000E+01
  0.500000000000E+01  0.500000000000E+01  0.500000000000E+01  0.500000000000E+01  0.500000000000E+01  0.500000000000E+01  0.500000000000E+01
  0.500000000000E+01  0.500000000000E+01  0.500000000000E+01  0.500000000000E+01  0.500000000000E+01  0.500000000000E+01  0.500000000000E+01
  0.500000000000E+01  0.500000000000E+01  0.500000000000E+01  0.500000000000E+01  0.500000000000E+01  0.500000000000E+01  0.500000000000E+01
  0.500000000000E+01  0.500000000000E+01  0.500000000000E+01  0.500000000000E+01  0.500000000000E+01
  0.250000000000E+01  0.125000000000E+01  0.250000000000E+01  0.157899473280E+01  0.000000000000E+00  0.659350882208E+00  0.250000000000E+01
  0.173899611320E+01  0.825621401394E+00  0.132549389334E+01 -0.125000000000E+01 -0.322732261638E+00  0.250000000000E+01  0.490615021923E-01
 -0.873141960959E+00  0.350800286361E+00  0.145332269920E+01 -0.250000000000E+01 -0.147959633950E+01  0.250000000000E+01 -0.857924212153E+00
 -0.165007033378E+01  0.518568023061E+00 -0.461282870254E+00  0.125000000000E+01 -0.250000000000E+01 -0.183684615440E+01 -0.158398995423E+01
 -0.250000000000E+01 -0.250000000000E+01 -0.125000000000E+01  0.000000000000E+00 -0.250000000000E+01
  0.000000000000E+00  0.000000000000E+00  0.125000000000E+01  0.905837536509E+00  0.000000000000E+00  0.735450417037E+00  0.250000000000E+01
  0.182727219356E+01  0.162230260845E+01  0.280856328277E+01  0.000000000000E+00  0.109945440014E+01  0.375000000000E+01  0.227317933631E+01
  0.189599568386E+01  0.342819755379E+01  0.403384942830E+01  0.000000000000E+00  0.104050588738E+01  0.500000000000E+01  0.297954017413E+01
  0.214587157439E+01  0.430969386006E+01  0.408642231822E+01  0.500000000000E+01  0.125000000000E+01  0.304506426164E+01  0.398205049073E+01
  0.250000000000E+01  0.375000000000E+01  0.500000000000E+01  0.500000000000E+01  0.500000000000E+01
  0.000000000000E+00  0.000000000000E+00  0.509231651017E+00  0.472098660396E+00  0.000000000000E+00  0.480805603697E+00  0.534526640478E+00
  0.535828440334E+00  0.535478265955E+00  0.540785509946E+00  0.000000000000E+00  0.510355985123E+00  0.517182885172E+00  0.539186899467E+00
  0.542978945344E+00  0.529277295987E+00  0.511037681933E+00  0.000000000000E+00  0.495604512708E+00  0.492982637025E+00  0.531173286457E+00
  0.533777938965E+00  0.505621993934E+00  0.512004958312E+00  0.494165297986E+00  0.508459764195E+00  0.529554163546E+00  0.511911907371E+00
  0.537001621764E+00  0.514994863512E+00  0.492397284427E+00  0.494740878675E+00  0.491354393416E+00
  0.999989665041E+00  0.999990314978E+00  0.984104107106E+00  0.976444065643E+00  0.999991520367E+00  0.959042409169E+00  0.100368299998E+01
  0.994429033358E+00  0.991216031156E+00  0.100355134699E+01  0.999992846899E+00  0.971537364772E+00  0.100443305346E+01  0.100528455762E+01
  0.997216104922E+00  0.100662902149E+01  0.100305335378E+01  0.999993511960E+00  0.973515828385E+00  0.100047708080E+01  0.100763800039E+01
  0.100128566133E+01  0.100314070134E+01  0.100383228369E+01  0.100050439023E+01  0.985091609572E+00  0.100596500390E+01  0.100387955250E+01
  0.100289567776E+01  0.100485299288E+01  0.100082904662E+01  0.100062196846E+01  0.100045469615E+01
 -0.416369113874E-03 -0.402664319891E-03 -0.143918570444E-02 -0.175816046101E-02 -0.646819210594E-03 -0.459915609135E-03 -0.781826314384E-03
 -0.102672807116E-02 -0.113684465614E-02 -0.703549836994E-03 -0.422181613209E-03 -0.842399528233E-03 -0.552923390132E-03 -0.883807511108E-03
 -0.101049518310E-02 -0.592420044130E-03 -0.448177358315E-03 -0.504793570033E-03 -0.737816976848E-03 -0.533362427926E-03 -0.711961520432E-03
 -0.982158027207E-03 -0.364502232639E-03 -0.408370084680E-03 -0.531601055147E-03 -0.128951882957E-02 -0.701225362665E-03 -0.454813830191E-03
 -0.851263542321E-03 -0.558931778724E-03 -0.627153835383E-03 -0.505921120202E-03 -0.649353922615E-03
  0.990459270979E-04  0.105689097130E-03  0.256471995714E-03  0.248612035595E-03  0.200459098496E-03  0.800113368893E-03  0.205353582045E-03
  0.260343972187E-03  0.292700459145E-03  0.191675945509E-03  0.150860432401E-03  0.619752612856E-03  0.136379229864E-03  0.226970367483E-03
  0.277083593584E-03  0.164879028407E-03  0.136311569004E-03  0.134434604413E-03  0.566397595953E-03  0.496291774200E-04  0.184269406627E-03
  0.253275067722E-03  0.121556395890E-03  0.144249456323E-03  0.382451214917E-04  0.293296222697E-03  0.173286003694E-03  0.144350233583E-03
  0.217474094007E-03  0.131214528997E-03  0.398771965370E-04  0.395117001882E-04  0.320429829348E-04
  0.132816837918E-04  0.476228326384E-04  0.211039992974E-05  0.914034895959E-04 -0.333235522191E-04  0.116757428751E-03  0.490530867120E-05
  0.298310354098E-04  0.440288756278E-04  0.761057423320E-05 -0.285087726602E-04 -0.753362716264E-04  0.292705199185E-05 -0.746876515998E-06
 -0.265753716497E-04  0.753672145925E-05  0.245269601331E-05 -0.326318838249E-04 -0.450500832274E-04  0.105841240497E-05 -0.659212703378E-05
 -0.252746356022E-04  0.144213360952E-05  0.664262462815E-06 -0.253190002568E-05 -0.202351900651E-04 -0.789733840794E-06 -0.593709887020E-05
  0.156991058540E-05 -0.267453762426E-05 -0.257073785136E-05 -0.163798688931E-08 -0.551274330357E-06
 -0.370897605103E-04 -0.688675845188E-04  0.338278867612E-04  0.128691469485E-04 -0.105369841699E-03 -0.689262494444E-04  0.546706796827E-04
  0.646090855811E-04  0.139509683503E-03  0.617722564974E-04 -0.704962494009E-04  0.303471289716E-04  0.537021610492E-04  0.735782645003E-04
  0.121233615432E-03  0.417762964866E-04  0.582169323096E-04 -0.400517754391E-04 -0.177033217576E-04  0.624483863845E-04  0.459622639090E-04
  0.821891080907E-04  0.432868596248E-04  0.520613026827E-04  0.567207869688E-04  0.688564854236E-04  0.403088388723E-04  0.499788978286E-04
  0.580615471263E-04  0.457217694409E-04  0.657003581195E-04  0.550109455792E-04  0.691282285965E-04
  0.157192909679E-03  0.645727782970E-03  0.352299743573E-03  0.473839833915E-03  0.901629748980E-03 -0.290893427970E-03  0.147136035455E-03
  0.202667720803E-03  0.228958777267E-03  0.128520933217E-03  0.832262691400E-03 -0.628795030348E-04  0.108177675751E-03  0.165936061522E-03
  0.186463121469E-03  0.107201488424E-03  0.773952281404E-04  0.150753895977E-03 -0.569549410299E-04  0.150674699688E-03  0.134010070587E-03
  0.187603823196E-03  0.568576965479E-04  0.610806358685E-04  0.155189080560E-03  0.277837555156E-03  0.136156839501E-03  0.768192308019E-04
  0.163445129798E-03  0.112987520873E-03  0.185899486788E-03  0.145883868832E-03  0.196477436550E-03
 -0.194023152783E-11 -0.119229842841E-11 -0.356302351168E-10 -0.657895849409E-10  0.692536837688E-14 -0.156067563520E-09  0.229076565030E-10
  0.110699764581E-09 -0.533853850886E-10  0.215366155209E-10 -0.174950722765E-14 -0.691252301080E-10 -0.245301168241E-10  0.561417165779E-10
 -0.109287733759E-10 -0.162220784817E-10 -0.182158405533E-10 -0.196374353149E-12 -0.979041230241E-10 -0.492030638438E-11  0.231349522382E-10
  0.463837547525E-10 -0.145140099401E-10 -0.165197547728E-10  0.289591257763E-11 -0.243209682482E-10  0.172563658433E-10 -0.121865481304E-10
  0.553562854557E-10 -0.202772656171E-10 -0.484785673829E-11  0.670387584616E-11 -0.194218935861E-11
        12        15        14        14
        21        16        14        14
         9        14        10        10
        15        22        21        21
        29        27        22        22
        14        16        10        10
         7         8        10        10
        14        15        21        21
        14         9        12        12
         5        12         6         6
        21        24        16        16
        32        23        24        24
        28        21        27        27
        17        16        23        23
        28        31        24        24
        19        15        12        12
         4         2         6         6
         4         9         8         8
        10         8         9         9
        17        13        10        10
        19        26        22        22
        10        16        17        17
        23        25        17        17
        22        15        19        19
        12        11        19        19
        27        30        28        28
        33        31        28        28
         6         9         4         4
         8         3         4         4
        25        23        32        32
        10        13         7         7
         3         8         7         7
        30        27        29        29
         6         2         5         5
        11        12         5         5
        24        23        16        16
        13        17        20        20
        26        19        18        18
         2         4         1         1
        22        27        21        21
        31        32        24        24
        21        28        24        24
        26        29        22        22
         9         6        12        12
        11        18        19        19
        25        20        17        17
        30        33        28        28
         3         1         4         4
zone t="boundary 6 bc-6", solutiontime= 0.3000000E+02, strandid=1006, i=33, j=48, f=feblock
  0.375000000000E+01  0.250000000000E+01  0.500000000000E+01  0.403384942830E+01  0.280856328277E+01  0.125000000000E+01  0.182727219356E+01
  0.500000000000E+01  0.430969386006E+01  0.342819755379E+01  0.227317933631E+01  0.162230260845E+01  0.000000000000E+00  0.905837536509E+00
  0.500000000000E+01  0.408642231822E+01  0.297954017413E+01  0.189599568386E+01  0.109945440014E+01  0.735450417037E+00  0.000000000000E+00
  0.500000000000E+01  0.398205049073E+01  0.304506426164E+01  0.214587157439E+01  0.104050588738E+01  0.000000000000E+00  0.000000000000E+00
  0.500000000000E+01  0.375000000000E+01  0.250000000000E+01  0.125000000000E+01  0.000000000000E+00
  0.250000000000E+01  0.250000000000E+01  0.250000000000E+01  0.145332269920E+01  0.132549389334E+01  0.250000000000E+01  0.173899611320E+01
  0.125000000000E+01  0.518568023061E+00  0.350800286361E+00  0.490615021923E-01  0.825621401394E+00  0.250000000000E+01  0.157899473280E+01
  0.000000000000E+00 -0.461282870254E+00 -0.857924212153E+00 -0.873141960959E+00 -0.322732261638E+00  0.659350882208E+00  0.125000000000E+01
 -0.125000000000E+01 -0.158398995423E+01 -0.183684615440E+01 -0.165007033378E+01 -0.147959633950E+01  0.000000000000E+00 -0.125000000000E+01
 -0.250000000000E+01 -0.250000000000E+01 -0.250000000000E+01 -0.250000000000E+01 -0.250000000000E+01
  0.000000000000E+00  0.000000000000E+00  0.000000000000E+00  0.000000000000E+00  0.000000000000E+00  0.000000000000E+00  0.000000000000E+00
  0.000000000000E+00  0.000000000000E+00  0.000000000000E+00  0.000000000000E+00  0.000000000000E+00  0.000000000000E+00  0.000000000000E+00
  0.000000000000E+00  0.000000000000E+00  0.000000000000E+00  0.000000000000E+00  0.000000000000E+00  0.000000000000E+00  0.000000000000E+00
  0.000000000000E+00  0.000000000000E+00  0.000000000000E+00  0.000000000000E+00  0.000000000000E+00  0.000000000000E+00  0.000000000000E+00
  0.000000000000E+00  0.000000000000E+00  0.000000000000E+00  0.000000000000E+00  0.000000000000E+00
  0.000000000000E+00  0.000000000000E+00  0.000000000000E+00  0.000000000000E+00  0.000000000000E+00  0.000000000000E+00  0.000000000000E+00
  0.000000000000E+00  0.000000000000E+00  0.000000000000E+00  0.000000000000E+00  0.000000000000E+00  0.000000000000E+00  0.000000000000E+00
  0.000000000000E+00  0.000000000000E+00  0.000000000000E+00  0.000000000000E+00  0.000000000000E+00  0.000000000000E+00  0.000000000000E+00
  0.000000000000E+00  0.000000000000E+00  0.000000000000E+00  0.000000000000E+00  0.000000000000E+00  0.000000000000E+00  0.000000000000E+00
  0.000000000000E+00  0.000000000000E+00  0.000000000000E+00  0.000000000000E+00  0.000000000000E+00
  0.999989380190E+00  0.999989451040E+00  0.999989665041E+00  0.999989636947E+00  0.999989659209E+00  0.999989868921E+00  0.999989838547E+00
  0.999990314978E+00  0.999990717139E+00  0.999990526267E+00  0.999991266627E+00  0.999990619998E+00  0.999990335442E+00  0.999990410387E+00
  0.999991520367E+00  0.999992169986E+00  0.999992719204E+00  0.999992350550E+00  0.999991680168E+00  0.999990956169E+00  0.999990797222E+00
  0.999992846899E+00  0.999993421276E+00  0.999993505912E+00  0.999993182332E+00  0.999992551088E+00  0.999991453848E+00  0.999992202332E+00
  0.999993511960E+00  0.999993715260E+00  0.999993570321E+00  0.999993167142E+00  0.999992753610E+00
 -0.311836599772E-03 -0.155797727099E-04 -0.416369113874E-03 -0.378499925682E-03 -0.963948966688E-04  0.521022901637E-03  0.156170535926E-03
 -0.402664319891E-03 -0.459552693365E-03 -0.220299398655E-03  0.740858828969E-04  0.234017560370E-03  0.880207891393E-03  0.642354630094E-03
 -0.646819210594E-03 -0.492606043019E-03 -0.642743159806E-04  0.313354137834E-03  0.376716873971E-03  0.651528963528E-03  0.115890107693E-02
 -0.422181613209E-03 -0.421697776525E-03  0.305223876052E-05  0.903553009139E-04  0.351831834858E-03  0.106470569430E-02  0.387015399345E-03
 -0.504793570033E-03 -0.375569132138E-03 -0.814399655289E-04  0.409128590811E-03  0.480636789086E-03
 -0.361894507115E-04 -0.503957251902E-04  0.990459270979E-04 -0.400466721965E-04 -0.146527152157E-03 -0.141785553607E-03 -0.782078035324E-04
  0.105689097130E-03 -0.588144695603E-04 -0.119768285701E-03 -0.111464232262E-03 -0.128426406073E-03  0.239179644651E-04 -0.212947906307E-03
  0.200459098496E-03 -0.539373933124E-04 -0.127971988961E-03 -0.129753029525E-03 -0.172020108297E-03 -0.196056689125E-03  0.531746065261E-04
  0.150860432401E-03 -0.461222229890E-04 -0.148450142445E-03 -0.129686720166E-03 -0.913837912556E-04  0.837710584879E-04  0.627875217247E-04
  0.134434604413E-03 -0.434592583354E-04 -0.107997512152E-04 -0.580911079802E-04  0.445423790486E-04
 -0.785778569885E-05  0.187705977488E-05  0.132816837918E-04 -0.350323767538E-05  0.100702117640E-04  0.458229628977E-04 -0.348606917926E-05
  0.476228326384E-04  0.513260162502E-04  0.266477102004E-04 -0.198206188558E-04  0.723577044258E-06  0.457501830410E-04  0.185105841583E-04
 -0.333235522191E-04 -0.476592311442E-04 -0.109927924651E-03 -0.107902353001E-03 -0.127506647801E-03  0.460015270772E-05  0.563480537722E-04
 -0.285087726602E-04 -0.187834705151E-05  0.584677072355E-04  0.825110581601E-04  0.261304898644E-04  0.770901854540E-04 -0.209886314299E-04
 -0.326318838249E-04  0.120895663006E-04  0.436606195825E-04  0.249049430501E-04 -0.322082769047E-04
 -0.437108959905E-04 -0.976942720369E-04 -0.370897605103E-04 -0.108762392390E-03 -0.205659718689E-03 -0.123646227856E-03 -0.154643233944E-03
 -0.688675845188E-04 -0.123640165190E-03 -0.159838164410E-03 -0.292938500656E-03 -0.365756830071E-03 -0.220390619086E-03 -0.139901696170E-03
 -0.105369841699E-03 -0.117553605073E-03 -0.202008984837E-03 -0.281553588213E-03 -0.635424990091E-03 -0.265035782693E-03 -0.275364116847E-03
 -0.704962494009E-04 -0.811417124205E-04 -0.125208384452E-03 -0.193184557277E-03 -0.333639136289E-03 -0.188781917346E-03 -0.171794592759E-03
 -0.400517754391E-04 -0.480357607830E-04 -0.628170911927E-04 -0.105973413295E-03 -0.101972406721E-03
  0.616279870940E-03  0.541639554334E-03  0.157192909679E-03  0.619901869633E-03  0.927813877776E-03  0.715988636618E-04  0.703349715681E-03
  0.645727782970E-03  0.476771083186E-03  0.870837601177E-03  0.136948684072E-02  0.289939163555E-03 -0.676041139474E-03  0.145716017475E-02
  0.901629748980E-03  0.882332738469E-03  0.135421327367E-02  0.220356546050E-03  0.611129304183E-03  0.831990626751E-03 -0.109948009831E-02
  0.832262691400E-03  0.105388638238E-02 -0.107205222018E-03 -0.225167447209E-04  0.536056138459E-04  0.101669714328E-03  0.175840752297E-03
  0.150753895977E-03  0.446951623533E-03  0.708779081972E-03  0.487422379054E-03 -0.161758248944E-03
 -0.462623945425E-11 -0.147944914552E-10 -0.194023152783E-11 -0.288331132308E-10 -0.704619353836E-10 -0.952070431435E-10 -0.848902136531E-10
 -0.119229842841E-11 -0.928454233794E-11 -0.391600206076E-10 -0.396020254240E-10 -0.151040894465E-09 -0.420237251513E-09 -0.101192605281E-09
  0.692536837688E-14 -0.530231266297E-11 -0.148811969553E-10 -0.448573949783E-10 -0.542180638288E-09 -0.217243359548E-09 -0.503497592212E-09
 -0.174950722765E-14 -0.605026705851E-11 -0.106312091032E-10 -0.115239650414E-10 -0.129317004488E-09  0.405633160116E-09  0.955351873743E-10
 -0.196374353149E-12 -0.203492729799E-11 -0.543863220802E-11 -0.179672503637E-10 -0.670394504788E-10
        19        18        11        11
        17        10        11        11
        12        11         5         5
        18        25        17        17
        31        24        25        25
        11        10         5         5
         2         7         5         5
        11        18        17        17
        11        12        19        19
        27        19        20        20
        17        16        10        10
        15         9        16        16
        23        17        24        24
         4        10         9         9
        23        22        16        16
        26        18        19        19
        14        21        20        20
        14        12         7         7
         5         7        12        12
         4         1         5         5
        26        32        25        25
         5        10         4         4
         9         8         4         4
        25        18        26        26
        19        28        26        26
        24        30        23        23
        29        22        23        23
        20        12        14        14
         7         6        14        14
         8         9        15        15
         5         1         2         2
         6         7         2         2
        30        24        31        31
        20        21        27        27
        28        19        27        27
        16         9        10        10
         1         4         3         3
        32        26        33        33
        21        14        13        13
        25        24        17        17
        22        15        16        16
        17        23        16        16
        32        31        25        25
        12        20        19        19
        28        33        26        26
         8         3         4         4
        30        29        23        23
         6        13        14        14
