title="tecplot geometry and solution file"
variables = x y z mach temperature lambda1 lambda2 lambda3 lambda4 lambda5 lambda6
zone t="boundary 1 bc-1", solutiontime= 0.9000000E+02, strandid=1001, i=32, j=46, f=feblock
  0.000000000000E+00  0.000000000000E+00  0.000000000000E+00  0.000000000000E+00  0.000000000000E+00  0.000000000000E+00  0.000000000000E+00
  0.000000000000E+00  0.000000000000E+00  0.000000000000E+00  0.000000000000E+00  0.000000000000E+00  0.000000000000E+00  0.000000000000E+00
  0.000000000000E+00  0.000000000000E+00  0.000000000000E+00  0.000000000000E+00  0.000000000000E+00  0.000000000000E+00  0.000000000000E+00
  0.000000000000E+00  0.000000000000E+00  0.000000000000E+00  0.000000000000E+00  0.000000000000E+00  0.000000000000E+00  0.000000000000E+00
  0.000000000000E+00  0.000000000000E+00  0.000000000000E+00  0.000000000000E+00
  0.250000000000E+01  0.250000000000E+01  0.125000000000E+01  0.146289271009E+01  0.157686156160E+01  0.308372018325E+00  0.000000000000E+00
 -0.125000000000E+01 -0.600232012419E+00  0.250000000000E+01  0.477386199275E+00  0.742988685424E+00 -0.739814786992E+00  0.177790177481E+01
  0.155830813274E+01  0.250000000000E+01 -0.250000000000E+01 -0.154800130438E+01 -0.487811078581E+00  0.250000000000E+01  0.627766083140E+00
 -0.345533899378E+00 -0.178862290564E+01 -0.158811787973E+01  0.125000000000E+01 -0.250000000000E+01 -0.144524380962E+01  0.000000000000E+00
 -0.125000000000E+01 -0.250000000000E+01 -0.250000000000E+01 -0.250000000000E+01
  0.000000000000E+00  0.125000000000E+01  0.000000000000E+00  0.103724302461E+01  0.219251206392E+01  0.922061490191E+00  0.000000000000E+00
  0.000000000000E+00  0.715990576545E+00  0.250000000000E+01  0.202479342020E+01  0.324151231464E+01  0.175434191980E+01  0.310152362409E+01
  0.404200324774E+01  0.375000000000E+01  0.000000000000E+00  0.930412228790E+00  0.299062775774E+01  0.500000000000E+01  0.429310310915E+01
  0.409252726285E+01  0.187029682677E+01  0.284428995242E+01  0.500000000000E+01  0.125000000000E+01  0.394624082883E+01  0.500000000000E+01
  0.500000000000E+01  0.250000000000E+01  0.375000000000E+01  0.500000000000E+01
  0.000000000000E+00  0.441238864710E+00  0.000000000000E+00  0.475212333418E+00  0.460125600047E+00  0.468825459916E+00  0.000000000000E+00
  0.000000000000E+00  0.402299647307E+00  0.469815278546E+00  0.464413480260E+00  0.478714152972E+00  0.489298547802E+00  0.483067971662E+00
  0.487929224832E+00  0.488960767301E+00  0.000000000000E+00  0.464773408827E+00  0.473796242669E+00  0.495345969094E+00  0.490265403772E+00
  0.486285557293E+00  0.445720648663E+00  0.464383522981E+00  0.496127006189E+00  0.443623519427E+00  0.486963956588E+00  0.497245800655E+00
  0.496058644718E+00  0.467732961393E+00  0.488211579388E+00  0.495097551278E+00
  0.999990335442E+00  0.102982730935E+01  0.999990797222E+00  0.104247144519E+01  0.101190167613E+01  0.102520600953E+01  0.999991453848E+00
  0.999992202332E+00  0.103891124272E+01  0.100826302705E+01  0.101252909219E+01  0.100300571845E+01  0.102702848665E+01  0.100605562865E+01
  0.100244399774E+01  0.100355656280E+01  0.999992753610E+00  0.103239691667E+01  0.100459561267E+01  0.100179353455E+01  0.100260307775E+01
  0.100234974224E+01  0.101657231252E+01  0.100617628259E+01  0.100168864675E+01  0.104043187424E+01  0.100303393289E+01  0.100118748788E+01
  0.100134189338E+01  0.100976788455E+01  0.100405369623E+01  0.100176128351E+01
 -0.154112156488E+00 -0.780466435872E+00 -0.175108070712E+00 -0.124641039453E+01 -0.854251809605E-01 -0.149096780213E+01 -0.129685040319E+00
 -0.429997624372E-01 -0.149779531266E+01  0.435615807160E-01 -0.964149781887E-01  0.177619436343E+00 -0.778122484342E-01  0.989365780080E-01
  0.236423602817E+00  0.235866836224E+00 -0.762519034959E-01 -0.964181454609E+00  0.129974509164E+00  0.861078819546E+00  0.306854000014E+00
  0.204733742048E+00 -0.446111763749E-01  0.109746501618E+00  0.890742341656E+00 -0.609067137190E+00  0.159199252040E+00  0.981439034611E+00
  0.865805716567E+00  0.887575458678E-01  0.174944665810E+00  0.813553123070E+00
 -0.595532164847E-02 -0.113300619051E+00 -0.833087984334E-02 -0.159755721273E+00 -0.387733679110E-02 -0.226605419953E+00 -0.901439002293E-02
 -0.780576310493E-02 -0.223566644214E+00  0.200857087487E-01 -0.861951089105E-02  0.374040625019E-01  0.311301860864E-02  0.289449318518E-01
  0.462886145335E-01  0.518365133531E-01 -0.688071022172E-02 -0.150448505469E+00  0.260231250104E-01  0.176808503968E+00  0.608195283550E-01
  0.391704755068E-01  0.549965028380E-02  0.210935331918E-01  0.186493397163E+00 -0.746758474588E-01  0.313768521895E-01  0.206197621635E+00
  0.181157597664E+00  0.224101117811E-01  0.372961043367E-01  0.169234353127E+00
 -0.104721022646E-01 -0.321904271537E-02 -0.141034620280E-01 -0.322578896828E-01 -0.365718216135E-02 -0.166697703834E-01 -0.116218523252E-01
  0.448539801563E-02  0.788142841547E-03  0.343414116864E-03 -0.346540782173E-02 -0.321759589786E-02  0.382885103126E-02 -0.495330383527E-03
  0.139351170993E-02  0.709589715814E-04  0.600418604454E-02  0.204645394633E-01 -0.282217857701E-03 -0.886242419443E-04  0.990476204867E-03
  0.114535427577E-02  0.759786428510E-03  0.368344783617E-02 -0.219447151100E-02  0.265402342891E-02  0.210137872564E-02  0.537955290362E-03
  0.198072612454E-02  0.559472783625E-03  0.194436564735E-03 -0.172744941242E-03
  0.374072976596E-01  0.332860492717E-01  0.406907758713E-01 -0.214415368227E-03 -0.366211949328E-01 -0.400260862668E-01  0.232560365965E-01
  0.198816810113E-01 -0.298760927138E-01 -0.401321520714E-01 -0.738129156467E-01 -0.404869952670E-01 -0.817940495456E-01 -0.379475410637E-01
 -0.278792347493E-01 -0.328570846605E-01  0.149192713333E-01 -0.243962766526E-01 -0.465182897701E-01 -0.116747449519E-01 -0.257807572703E-01
 -0.306641168811E-01 -0.550673407449E-01 -0.376649075295E-01 -0.112200261576E-01 -0.284918233212E-01 -0.280674472618E-01 -0.106212003704E-01
 -0.126814775472E-01 -0.424994656449E-01 -0.287352238493E-01 -0.124604458638E-01
  0.123595533881E+00  0.321574607389E+00  0.167298226628E+00  0.498971906154E+00  0.355771914665E-01  0.619529076687E+00 -0.111840994032E-01
 -0.280760880858E-01  0.622885932562E+00 -0.175141404430E-01  0.422526960822E-01 -0.693994528816E-01  0.337671020879E-01 -0.389641509665E-01
 -0.944112886435E-01 -0.951208595143E-01  0.249389505193E-01  0.403305536365E+00 -0.481130567696E-01 -0.357463433475E+00 -0.123916341201E+00
 -0.809399622379E-01  0.217235117376E-01 -0.391874587260E-01 -0.370440359177E+00  0.248449981756E+00 -0.620525253563E-01 -0.409358749155E+00
 -0.360296278516E+00 -0.321283645189E-01 -0.694689320569E-01 -0.337664786434E+00
  0.714329144606E-07  0.152554251779E-06  0.758489909608E-07  0.276135540982E-06  0.795068662979E-07  0.579262475746E-07 -0.453029237818E-07
 -0.140004757021E-07 -0.125995352984E-05  0.677905897403E-07  0.223936154618E-06  0.106412577215E-06  0.153495537850E-06  0.794357069659E-07
  0.251124841116E-07  0.483198311141E-07  0.798486635982E-08 -0.268368822945E-06  0.105921855250E-06  0.729790675032E-08  0.109555057747E-07
  0.195951614590E-07  0.938764486462E-07  0.948551083795E-07 -0.792751113199E-09  0.131982202213E-06  0.255771090832E-07 -0.674225343956E-08
 -0.307415702098E-09  0.746331563469E-07  0.369661421107E-07  0.754550392285E-08
        12        19        11        11
        11         5        12        12
        10        14         5         5
        19        13        11        11
        19        24        13        13
        30        23        24        24
        19        12        22        22
        28        22        21        21
        11        13         6         6
         7         6         9         9
        15        12        14        14
        18        13        23        23
        15        25        21        21
        27        19        22        22
        18         8         9         9
        27        31        24        24
         4        11         6         6
         5        14        12        12
         4         2         5         5
        21        12        15        15
        14        16        15        15
        24        19        27        27
        22        29        27        27
        23        26        18        18
        17         8        18        18
         5        11         4         4
         6         3         4         4
        26        23        30        30
         5         2        10        10
        16        14        10        10
         3         6         7         7
        21        25        28        28
        29        22        28        28
         6        13         9         9
         2         4         1         1
        31        27        32        32
        25        15        20        20
        24        23        13        13
         8         7         9         9
        13        18         9         9
        31        30        24        24
        12        21        22        22
        29        32        27        27
         3         1         4         4
        26        17        18        18
        16        20        15        15
zone t="boundary 2 bc-2", solutiontime= 0.9000000E+02, strandid=1002, i=33, j=48, f=feblock
  0.500000000000E+01  0.375000000000E+01  0.250000000000E+01  0.288078410721E+01  0.125000000000E+01  0.190974100652E+01  0.326683758169E+01
  0.201431602454E+01  0.000000000000E+00  0.963108083381E+00  0.500000000000E+01  0.403552511878E+01  0.423153924130E+01  0.500000000000E+01
  0.385533350601E+01  0.500000000000E+01  0.398173246726E+01  0.315249557942E+01  0.267000324704E+01  0.154774304040E+01  0.218329375016E+01
  0.893127759452E+00  0.000000000000E+00  0.698517061619E+00  0.964171764089E+00  0.310324758057E+01  0.000000000000E+00  0.000000000000E+00
  0.125000000000E+01  0.500000000000E+01  0.375000000000E+01  0.250000000000E+01  0.000000000000E+00
 -0.250000000000E+01 -0.250000000000E+01 -0.250000000000E+01 -0.250000000000E+01 -0.250000000000E+01 -0.250000000000E+01 -0.250000000000E+01
 -0.250000000000E+01 -0.250000000000E+01 -0.250000000000E+01 -0.250000000000E+01 -0.250000000000E+01 -0.250000000000E+01 -0.250000000000E+01
 -0.250000000000E+01 -0.250000000000E+01 -0.250000000000E+01 -0.250000000000E+01 -0.250000000000E+01 -0.250000000000E+01 -0.250000000000E+01
 -0.250000000000E+01 -0.250000000000E+01 -0.250000000000E+01 -0.250000000000E+01 -0.250000000000E+01 -0.250000000000E+01 -0.250000000000E+01
 -0.250000000000E+01 -0.250000000000E+01 -0.250000000000E+01 -0.250000000000E+01 -0.250000000000E+01
  0.000000000000E+00  0.000000000000E+00  0.000000000000E+00  0.904659890645E+00  0.000000000000E+00  0.717002441913E+00  0.188609243358E+01
  0.176246431481E+01  0.000000000000E+00  0.961328577125E+00  0.125000000000E+01  0.101201586758E+01  0.191586535653E+01  0.250000000000E+01
  0.293121848150E+01  0.375000000000E+01  0.406975391361E+01  0.363585050272E+01  0.285047954584E+01  0.292817774674E+01  0.395907379566E+01
  0.205246550326E+01  0.125000000000E+01  0.306828197606E+01  0.397245519226E+01  0.433168271247E+01  0.250000000000E+01  0.375000000000E+01
  0.500000000000E+01  0.500000000000E+01  0.500000000000E+01  0.500000000000E+01  0.500000000000E+01
  0.000000000000E+00  0.000000000000E+00  0.000000000000E+00  0.380991677071E+00  0.000000000000E+00  0.343629846333E+00  0.585283712637E+00
  0.579371274939E+00  0.000000000000E+00  0.501053781697E+00  0.508459764195E+00  0.435372705232E+00  0.572637650783E+00  0.537001621764E+00
  0.568921604272E+00  0.514994863512E+00  0.508249384174E+00  0.527254272376E+00  0.567446148296E+00  0.531657889979E+00  0.505982349932E+00
  0.520795557933E+00  0.443623519427E+00  0.490664279058E+00  0.492156105736E+00  0.501392667577E+00  0.467732961393E+00  0.488211579388E+00
  0.490002415326E+00  0.491354393416E+00  0.486078174930E+00  0.490037677861E+00  0.495097551278E+00
  0.999993511960E+00  0.999993715260E+00  0.999993570321E+00  0.989539101465E+00  0.999993167142E+00  0.985524838689E+00  0.989838839696E+00
  0.991798259717E+00  0.999992753610E+00  0.984411184056E+00  0.985091609572E+00  0.984689131748E+00  0.990058406085E+00  0.100289567776E+01
  0.999855182158E+00  0.100485299288E+01  0.100121572260E+01  0.100055639449E+01  0.997896752171E+00  0.100350023825E+01  0.100058089063E+01
  0.101093252220E+01  0.104043187424E+01  0.100326541074E+01  0.100254508116E+01  0.100045601675E+01  0.100976788455E+01  0.100405369623E+01
  0.100192661355E+01  0.100045469615E+01  0.100058772260E+01  0.100109988203E+01  0.100176128351E+01
  0.631336252716E-01  0.497923729045E-01  0.303281054059E-01 -0.582048645141E+00 -0.593152299369E-01 -0.192683800136E+01  0.129417131670E+00
 -0.193700815297E-01 -0.762519034959E-01 -0.893567792220E+00  0.166017944807E+00  0.190843976280E+00  0.130499272718E+00  0.111425432320E+00
  0.819952235973E-01  0.749344674839E-01  0.552043868411E-01  0.638350148272E-01  0.104815971619E+00  0.124763055761E+00  0.832485493409E-01
 -0.313736204243E-01 -0.609067137190E+00  0.844409934365E-01  0.153632794502E+00  0.100308688393E+00  0.887575458678E-01  0.174944665810E+00
  0.731938424572E+00  0.872329260081E-01  0.334354504964E+00  0.643054912794E+00  0.813553123070E+00
 -0.171111652888E-01  0.472935149610E-02 -0.443207261565E-03 -0.100521654247E+00  0.109535569773E-01 -0.239849354082E+00  0.107541698783E-03
  0.977459813040E-02 -0.688071022172E-02 -0.105674607547E+00 -0.374864109635E-01 -0.185733984893E-02 -0.192580327382E-01 -0.285015828820E-01
 -0.190923271431E-01 -0.175714135263E-01 -0.210994172293E-01 -0.176398423295E-01 -0.673247477582E-02  0.101775251998E-01 -0.758735237358E-02
  0.859002891683E-02 -0.746758474588E-01  0.553120110491E-02  0.176635120361E-01 -0.104299358151E-01  0.224101117811E-01  0.372961043367E-01
  0.131638457080E+00 -0.440831485224E-02  0.335868018392E-01  0.999425999005E-01  0.169234353127E+00
  0.380310660207E-02 -0.100786133304E-02 -0.590736999488E-02 -0.135948541289E-01 -0.314175916320E-02 -0.239146153437E-01  0.189465229434E-02
 -0.151869287671E-03  0.600418604454E-02 -0.919810307630E-02  0.220242234896E-02  0.707409279035E-02 -0.136054165864E-03 -0.211596418139E-03
 -0.168964581609E-03  0.332955579959E-03 -0.440027647968E-04  0.176782339150E-03 -0.268279300093E-03 -0.648108533326E-03  0.425235554053E-03
 -0.694006709628E-03  0.265402342891E-02 -0.117663029875E-03  0.677980072960E-04  0.148296419298E-03  0.559472783625E-03  0.194436564735E-03
  0.622291543197E-04  0.574407901667E-04 -0.140443893649E-04 -0.429656537401E-04 -0.172744941242E-03
  0.496482017529E-02  0.497880815650E-02  0.754137862908E-02 -0.256702110599E-01  0.174401510061E-01 -0.540894033260E-02 -0.387138442786E-01
 -0.516716914569E-01  0.149192713333E-01 -0.243590199146E-01 -0.736013968164E-02 -0.270631809019E-01 -0.156432541296E-01 -0.708486599615E-02
 -0.162600123582E-01 -0.596595102551E-02 -0.158575890139E-01 -0.223980907697E-01 -0.264933873745E-01 -0.275945531543E-01 -0.258873638232E-01
 -0.412488942871E-01 -0.284918233212E-01 -0.293809686904E-01 -0.259617282391E-01 -0.223802930279E-01 -0.424994656449E-01 -0.287352238493E-01
 -0.174859087329E-01 -0.930228931101E-02 -0.202542786038E-01 -0.219801083855E-01 -0.124604458638E-01
 -0.169945656459E-01 -0.478788012701E-01 -0.834047275861E-01  0.265846072717E+00 -0.100534988039E+00  0.825648995463E+00 -0.382825462301E-01
  0.106533071261E-01  0.249389505193E-01  0.370510190459E+00 -0.359542081756E-01 -0.576783097711E-01 -0.320172301327E-01 -0.213625749120E-01
 -0.159811994514E-01 -0.151535305058E-01 -0.757701720144E-02 -0.115768921246E-01 -0.285971249450E-01 -0.422189059116E-01 -0.222380854758E-01
  0.146101283378E-01  0.248449981756E+00 -0.271084229161E-01 -0.560269157550E-01 -0.273748394306E-01 -0.321283645189E-01 -0.694689320569E-01
 -0.297381683693E+00 -0.263605435952E-01 -0.125467802401E+00 -0.255679972081E+00 -0.337664786434E+00
  0.296029923005E-10  0.329483601669E-09  0.654385089061E-09  0.346892910099E-07  0.247816372857E-08  0.784793483937E-07  0.335313688044E-07
  0.201847190214E-06  0.798486635982E-08  0.161768152033E-06  0.366286795380E-08  0.902985325155E-08 -0.139633476779E-07 -0.586576573532E-08
 -0.663093640535E-09  0.299438661859E-08  0.449604553103E-08  0.722429382983E-08  0.145790358669E-07  0.415373295713E-07  0.141749062116E-07
  0.147587873265E-06  0.131982202213E-06  0.570759934315E-07  0.173662034862E-07  0.868829910430E-08  0.746331563469E-07  0.369661421107E-07
  0.198755136427E-07  0.246574835576E-09  0.475478870703E-08  0.165065640693E-07  0.754550392285E-08
        15         7        19        19
         8        20        19        19
        18        19        21        21
         7         4         8         8
         3         6         4         4
        19         7         8         8
        19        18        15        15
        14        13        15        15
         8        22        20        20
        27        24        22        22
        19        20        21        21
        32        26        21        21
        17        18        26        26
        17        16        15        15
        25        29        21        21
        12         7        13        13
        10         8         6         6
        25        20        24        24
         4         6         8         8
        12         2         4         4
        10        23        22        22
        26        31        17        17
        30        16        17        17
         4         7        12        12
        13        11        12        12
        21        20        25        25
        24        28        25        25
        22         8        10        10
         6         5        10        10
        31        26        32        32
         4         2         3         3
         5         6         3         3
        11        13        14        14
        22        23        27        27
        28        24        27        27
        15        13         7         7
         2        12         1         1
        29        25        33        33
        23        10         9         9
        21        26        18        18
        16        14        15        15
        18        17        15        15
        29        32        21        21
        22        24        20        20
        28        33        25        25
        11         1        12        12
        31        30        17        17
         5         9        10        10
zone t="boundary 3 bc-3", solutiontime= 0.9000000E+02, strandid=1003, i=33, j=48, f=feblock
  0.375000000000E+01  0.250000000000E+01  0.500000000000E+01  0.403552511878E+01  0.288078410721E+01  0.125000000000E+01  0.190974100652E+01
  0.500000000000E+01  0.326683758169E+01  0.423153924130E+01  0.201431602454E+01  0.000000000000E+00  0.963108083381E+00  0.500000000000E+01
  0.267000324704E+01  0.385533350601E+01  0.893127759452E+00  0.154774304040E+01  0.000000000000E+00  0.500000000000E+01  0.315249557942E+01
  0.218329375016E+01  0.398173246726E+01  0.000000000000E+00  0.698517061619E+00  0.964171764089E+00  0.125000000000E+01  0.000000000000E+00
  0.500000000000E+01  0.310324758057E+01  0.250000000000E+01  0.375000000000E+01  0.000000000000E+00
  0.250000000000E+01  0.250000000000E+01  0.250000000000E+01  0.250000000000E+01  0.250000000000E+01  0.250000000000E+01  0.250000000000E+01
  0.250000000000E+01  0.250000000000E+01  0.250000000000E+01  0.250000000000E+01  0.250000000000E+01  0.250000000000E+01  0.250000000000E+01
  0.250000000000E+01  0.250000000000E+01  0.250000000000E+01  0.250000000000E+01  0.250000000000E+01  0.250000000000E+01  0.250000000000E+01
  0.250000000000E+01  0.250000000000E+01  0.250000000000E+01  0.250000000000E+01  0.250000000000E+01  0.250000000000E+01  0.250000000000E+01
  0.250000000000E+01  0.250000000000E+01  0.250000000000E+01  0.250000000000E+01  0.250000000000E+01
  0.000000000000E+00  0.000000000000E+00  0.000000000000E+00  0.101201586758E+01  0.904659890645E+00  0.000000000000E+00  0.717002441913E+00
  0.125000000000E+01  0.188609243358E+01  0.191586535653E+01  0.176246431481E+01  0.000000000000E+00  0.961328577125E+00  0.250000000000E+01
  0.285047954584E+01  0.293121848150E+01  0.205246550326E+01  0.292817774674E+01  0.125000000000E+01  0.375000000000E+01  0.363585050272E+01
  0.395907379566E+01  0.406975391361E+01  0.250000000000E+01  0.306828197606E+01  0.397245519226E+01  0.500000000000E+01  0.375000000000E+01
  0.500000000000E+01  0.433168271247E+01  0.500000000000E+01  0.500000000000E+01  0.500000000000E+01
  0.000000000000E+00  0.000000000000E+00  0.000000000000E+00  0.443768049813E+00  0.402287063289E+00  0.000000000000E+00  0.377550015530E+00
  0.509231651017E+00  0.575830373842E+00  0.573705119893E+00  0.562552484917E+00  0.000000000000E+00  0.490560996922E+00  0.534526640478E+00
  0.556587161529E+00  0.564391003890E+00  0.522730520214E+00  0.522053035057E+00  0.441238864710E+00  0.517182885172E+00  0.524230081365E+00
  0.503688666615E+00  0.509490322369E+00  0.469815278546E+00  0.495614921017E+00  0.494483812152E+00  0.488562139423E+00  0.488960767301E+00
  0.492982637025E+00  0.499007441401E+00  0.486462299176E+00  0.484599832491E+00  0.495345969094E+00
  0.999989380190E+00  0.999989451040E+00  0.999989665041E+00  0.981541820811E+00  0.988773959065E+00  0.999989868921E+00  0.982469495615E+00
  0.984104107106E+00  0.990427340160E+00  0.990355127069E+00  0.994362617112E+00  0.999990335442E+00  0.988651707786E+00  0.100368299998E+01
  0.999769041194E+00  0.100118460274E+01  0.100834871539E+01  0.100252122579E+01  0.102982730935E+01  0.100443305346E+01  0.100199527495E+01
  0.100082072308E+01  0.100138208455E+01  0.100826302705E+01  0.100298818591E+01  0.100192398684E+01  0.100215265586E+01  0.100355656280E+01
  0.100047708080E+01  0.100056610141E+01  0.100126814609E+01  0.100066576236E+01  0.100179353455E+01
  0.438320885562E-01 -0.329872720843E-01  0.716811359678E-01 -0.407990722755E+00 -0.156430109029E+01 -0.970704583723E-01 -0.155719332050E+01
  0.245697014729E+00  0.123941968325E+00  0.154455771461E+00 -0.261328369012E+00 -0.154112156488E+00 -0.105802605096E+01  0.116986496230E+00
  0.136453487260E+00  0.963338840884E-01 -0.330958877792E-01  0.131904503405E+00 -0.780466435872E+00  0.797200863137E-01  0.583433070152E-01
  0.798094983018E-01  0.608049209082E-01  0.435615807160E-01  0.112732786824E+00  0.211419135845E+00  0.648536642242E+00  0.235866836224E+00
  0.755317254234E-01  0.928780840850E-01  0.606243871188E+00  0.328728559289E+00  0.861078819546E+00
  0.101462691482E-01  0.978801515043E-02 -0.180155089407E-01 -0.113919865413E+00 -0.216422798770E+00  0.206089942993E-01 -0.193926010871E+00
 -0.400019542930E-01  0.177334113646E-02 -0.212224370199E-01 -0.569670544282E-02 -0.595532164847E-02 -0.803320629202E-01 -0.306119865410E-01
  0.180181351488E-02 -0.161576124865E-01  0.283715868234E-01  0.136575978818E-01 -0.113300619051E+00 -0.195479462488E-01 -0.170189159134E-01
 -0.933955078018E-02 -0.197825438619E-01  0.200857087487E-01  0.262551853175E-01  0.264666288503E-01  0.114980896048E+00  0.518365133531E-01
 -0.688079554695E-02 -0.109709441305E-01  0.939799096897E-01  0.326116268126E-01  0.176808503968E+00
  0.191054646361E-02 -0.108309983540E-02 -0.239756325345E-02  0.782856795239E-02  0.222042768281E-01 -0.869329097617E-02  0.465630888366E-03
 -0.105695062092E-04  0.245678475665E-02 -0.376444829072E-03  0.204604888549E-02 -0.104721022646E-01 -0.117835290889E-01 -0.884877023640E-03
  0.116193512574E-03 -0.111776868068E-03  0.407561102064E-02  0.154941253609E-02 -0.321904271537E-02 -0.497003983315E-03 -0.247222576657E-03
 -0.106742817741E-02 -0.171648106880E-04  0.343414116864E-03  0.930068586092E-03 -0.300416260354E-03 -0.439886344632E-03  0.709589715814E-04
 -0.177294792295E-03  0.785320401768E-05 -0.991130141148E-04  0.246604151282E-04 -0.886242419443E-04
  0.120427284066E-01  0.225747631621E-01  0.624053679075E-02 -0.160599953595E-01 -0.264063631595E-01  0.217493338452E-01 -0.803242899635E-02
 -0.952756378429E-02 -0.488511362157E-01 -0.234888373353E-01 -0.712364797477E-01  0.374072976596E-01 -0.234531769831E-01 -0.937848019711E-02
 -0.250959785366E-01 -0.208864791314E-01 -0.601342306990E-01 -0.268794129811E-01  0.332860492717E-01 -0.832005318664E-02 -0.240925737514E-01
 -0.249562248058E-01 -0.179715257923E-01 -0.401321520714E-01 -0.386980213477E-01 -0.257917175268E-01 -0.184632048994E-01 -0.328570846605E-01
 -0.886002390597E-02 -0.233903111540E-01 -0.223618758827E-01 -0.203705026020E-01 -0.116747449519E-01
 -0.181807980405E+00 -0.789674138127E-01 -0.357065698708E-01  0.211215175289E+00  0.677312171931E+00 -0.744819304558E-02  0.654572075671E+00
 -0.627496281582E-01 -0.383340385925E-01 -0.398988666752E-01  0.102234300813E+00  0.123595533881E+00  0.417080917155E+00 -0.220117777653E-01
 -0.430784283190E-01 -0.217861235888E-01  0.103157384126E-01 -0.456335113952E-01  0.321574607389E+00 -0.156419881705E-01 -0.962513107946E-02
 -0.205241213413E-01 -0.989591642671E-02 -0.175141404430E-01 -0.411121566047E-01 -0.795202296915E-01 -0.262179055747E+00 -0.951208595143E-01
 -0.213982190328E-01 -0.244963946959E-01 -0.240544534852E+00 -0.123042150826E+00 -0.357463433475E+00
  0.721456863185E-09  0.253267722101E-08  0.205056963366E-09  0.236730188831E-07  0.421439025533E-07  0.171150182593E-07  0.325772354289E-06
  0.439660580698E-08  0.662030234950E-07 -0.189720084378E-07  0.226552831034E-06  0.714329144606E-07  0.393321200886E-06 -0.535754654778E-08
  0.164976872095E-07 -0.303226511110E-08  0.157618756616E-06  0.542806119459E-07  0.152554251779E-06  0.295371227437E-08  0.222548153086E-08
  0.808628416199E-08  0.332283001490E-08  0.677905897403E-07  0.780909301770E-07  0.173745361202E-07  0.955364632430E-08  0.483198311141E-07
  0.739649690510E-09  0.391464890724E-08  0.647596098298E-08  0.123744419547E-08  0.729790675032E-08
        15         9        16        16
        15        18        11        11
        22        15        21        21
        11         5         9         9
         5         7         2         2
        11         9        15        15
        16        21        15        15
        16        10        14        14
        18        17        11        11
        17        25        24        24
        22        18        15        15
        22        30        31        31
        30        21        23        23
        16        20        23        23
        22        27        26        26
        10         9         4         4
         7        11        13        13
        25        18        26        26
        11         7         5         5
         5         1         4         4
        17        19        13        13
        23        32        30        30
        23        20        29        29
         4         9         5         5
         4         8        10        10
        26        18        22        22
        26        28        25        25
        13        11        17        17
        13         6         7         7
        31        30        32        32
         2         1         5         5
         2         7         6         6
        14        10         8         8
        24        19        17        17
        24        25        28        28
         9        10        16        16
         3         4         1         1
        33        26        27        27
        12        13        19        19
        21        30        22        22
        16        14        20        20
        16        23        21        21
        22        31        27        27
        18        25        17        17
        26        33        28        28
         4         3         8         8
        23        29        32        32
        13        12         6         6
zone t="boundary 4 bc-4", solutiontime= 0.9000000E+02, strandid=1004, i=32, j=46, f=feblock
  0.125000000000E+01  0.219251206392E+01  0.103724302461E+01  0.500000000000E+01  0.250000000000E+01  0.375000000000E+01  0.404200324774E+01
  0.500000000000E+01  0.000000000000E+00  0.310152362409E+01  0.202479342020E+01  0.324151231464E+01  0.922061490191E+00  0.000000000000E+00
  0.299062775774E+01  0.394624082883E+01  0.500000000000E+01  0.409252726285E+01  0.500000000000E+01  0.429310310915E+01  0.175434191980E+01
  0.284428995242E+01  0.000000000000E+00  0.000000000000E+00  0.715990576545E+00  0.930412228790E+00  0.125000000000E+01  0.187029682677E+01
  0.500000000000E+01  0.375000000000E+01  0.250000000000E+01  0.000000000000E+00
  0.250000000000E+01  0.157686156160E+01  0.146289271009E+01  0.250000000000E+01  0.250000000000E+01  0.250000000000E+01  0.155830813274E+01
  0.125000000000E+01  0.250000000000E+01  0.177790177481E+01  0.477386199275E+00  0.742988685424E+00  0.308372018325E+00  0.125000000000E+01
 -0.487811078581E+00 -0.144524380962E+01 -0.125000000000E+01 -0.345533899378E+00  0.000000000000E+00  0.627766083140E+00 -0.739814786992E+00
 -0.158811787973E+01  0.000000000000E+00 -0.125000000000E+01 -0.600232012419E+00 -0.154800130438E+01 -0.250000000000E+01 -0.178862290564E+01
 -0.250000000000E+01 -0.250000000000E+01 -0.250000000000E+01 -0.250000000000E+01
  0.500000000000E+01  0.500000000000E+01  0.500000000000E+01  0.500000000000E+01  0.500000000000E+01  0.500000000000E+01  0.500000000000E+01
  0.500000000000E+01  0.500000000000E+01  0.500000000000E+01  0.500000000000E+01  0.500000000000E+01  0.500000000000E+01  0.500000000000E+01
  0.500000000000E+01  0.500000000000E+01  0.500000000000E+01  0.500000000000E+01  0.500000000000E+01  0.500000000000E+01  0.500000000000E+01
  0.500000000000E+01  0.500000000000E+01  0.500000000000E+01  0.500000000000E+01  0.500000000000E+01  0.500000000000E+01  0.500000000000E+01
  0.500000000000E+01  0.500000000000E+01  0.500000000000E+01  0.500000000000E+01
  0.488562139423E+00  0.488874000561E+00  0.490562525969E+00  0.492982637025E+00  0.486462299176E+00  0.484599832491E+00  0.485351056328E+00
  0.494165297986E+00  0.495345969094E+00  0.486530385273E+00  0.487820868640E+00  0.487071567783E+00  0.494045245745E+00  0.496127006189E+00
  0.487614575024E+00  0.483222914968E+00  0.492397284427E+00  0.487217595138E+00  0.494740878675E+00  0.487962223365E+00  0.489677418309E+00
  0.488030812357E+00  0.497245800655E+00  0.496058644718E+00  0.494950398327E+00  0.492799795685E+00  0.490002415326E+00  0.490005393925E+00
  0.491354393416E+00  0.486078174930E+00  0.490037677861E+00  0.495097551278E+00
  0.100215265586E+01  0.100152650955E+01  0.100178350432E+01  0.100047708080E+01  0.100126814609E+01  0.100066576236E+01  0.100025373712E+01
  0.100050439023E+01  0.100179353455E+01  0.100112362362E+01  0.100133048087E+01  0.100072434148E+01  0.100164373443E+01  0.100168864675E+01
  0.100096273085E+01  0.100000888234E+01  0.100082904662E+01  0.100022284689E+01  0.100062196846E+01  0.100023523420E+01  0.100174639175E+01
  0.100098850056E+01  0.100118748788E+01  0.100134189338E+01  0.100132651061E+01  0.100179882340E+01  0.100192661355E+01  0.100163748303E+01
  0.100045469615E+01  0.100058772260E+01  0.100109988203E+01  0.100176128351E+01
  0.648536642242E+00  0.628834418094E+00  0.646003777348E+00  0.755317254234E-01  0.606243871188E+00  0.328728559289E+00  0.228582047040E+00
  0.752067663289E-01  0.861078819546E+00  0.503831479691E+00  0.675878255843E+00  0.473497080161E+00  0.787594062161E+00  0.890742341656E+00
  0.533725544004E+00  0.219887733292E+00  0.850158260256E-01  0.280064468440E+00  0.697760237427E-01  0.279901917262E+00  0.831961666636E+00
  0.502176512790E+00  0.981439034611E+00  0.865805716567E+00  0.912467997500E+00  0.731402531685E+00  0.731938424572E+00  0.773922427402E+00
  0.872329260081E-01  0.334354504964E+00  0.643054912794E+00  0.813553123070E+00
  0.114980896048E+00  0.102121497706E+00  0.116024799047E+00 -0.688079554695E-02  0.939799096897E-01  0.326116268126E-01  0.145632325723E-01
 -0.528142824121E-02  0.176808503968E+00  0.690140200001E-01  0.110853154785E+00  0.622740952255E-01  0.143676425650E+00  0.186493397163E+00
  0.751078317849E-01  0.133568415375E-01 -0.541552270744E-02  0.245578353281E-01 -0.543176572403E-02  0.248114358626E-01  0.143960904911E+00
  0.686639882846E-01  0.206197621635E+00  0.181157597664E+00  0.173329824935E+00  0.135707822400E+00  0.131638457080E+00  0.131724609928E+00
 -0.440831485224E-02  0.335868018392E-01  0.999425999005E-01  0.169234353127E+00
 -0.439886344632E-03 -0.106418230847E-02 -0.118816546638E-02 -0.177294792295E-03 -0.991130141148E-04  0.246604151282E-04 -0.260964631790E-03
  0.422282710421E-03 -0.886242419443E-04 -0.552829664678E-03 -0.115544418521E-02 -0.261383820264E-03 -0.162225519273E-02 -0.219447151100E-02
  0.828166766761E-03  0.903810357926E-03  0.238921194910E-03  0.137169387580E-02  0.179104749751E-04  0.375497425798E-03  0.929227527078E-03
  0.680500758753E-03  0.537955290362E-03  0.198072612454E-02  0.100237297735E-02  0.204164130272E-02  0.622291543197E-04  0.197961023251E-02
  0.574407901667E-04 -0.140443893649E-04 -0.429656537401E-04 -0.172744941242E-03
 -0.184632048994E-01 -0.220846635634E-01 -0.176483676612E-01 -0.886002390597E-02 -0.223618758827E-01 -0.203705026020E-01 -0.184160102545E-01
 -0.805043708933E-02 -0.116747449519E-01 -0.227273663894E-01 -0.215209337509E-01 -0.229073565374E-01 -0.169858254894E-01 -0.112200261576E-01
 -0.225511956219E-01 -0.185418485157E-01 -0.888610548723E-02 -0.186331870169E-01 -0.754101137406E-02 -0.170922608997E-01 -0.202640124170E-01
 -0.228113702236E-01 -0.106212003704E-01 -0.126814775472E-01 -0.144242864011E-01 -0.166985949731E-01 -0.174859087329E-01 -0.199689238405E-01
 -0.930228931101E-02 -0.202542786038E-01 -0.219801083855E-01 -0.124604458638E-01
 -0.262179055747E+00 -0.250840074685E+00 -0.262122475589E+00 -0.213982190328E-01 -0.240544534852E+00 -0.123042150826E+00 -0.817586922558E-01
 -0.220167849704E-01 -0.357463433475E+00 -0.196482129632E+00 -0.270551129723E+00 -0.183737341601E+00 -0.321387945284E+00 -0.370440359177E+00
 -0.209165728390E+00 -0.782830929658E-01 -0.251883201179E-01 -0.103487806524E+00 -0.201309015062E-01 -0.103958168215E+00 -0.336421445797E+00
 -0.195825484422E+00 -0.409358749155E+00 -0.360296278516E+00 -0.375358986724E+00 -0.298625461721E+00 -0.297381683693E+00 -0.312188028165E+00
 -0.263605435952E-01 -0.125467802401E+00 -0.255679972081E+00 -0.337664786434E+00
  0.955364632430E-08  0.396830513772E-08  0.491971420215E-08  0.739649690510E-09  0.647596098298E-08  0.123744419547E-08 -0.175887582799E-08
 -0.384657225130E-09  0.729790675032E-08  0.112201739394E-08  0.458001211473E-08 -0.425414302077E-08 -0.283392961397E-10 -0.792751113199E-09
  0.337702227528E-08  0.336218370879E-08  0.642306575037E-09 -0.278101536610E-08 -0.919370796880E-09 -0.491222288867E-08  0.136901629728E-07
  0.132521938270E-07 -0.674225343956E-08 -0.307415702098E-09 -0.524663733512E-08  0.105901651371E-07  0.198755136427E-07  0.228371500312E-07
  0.246574835576E-09  0.475478870703E-08  0.165065640693E-07  0.754550392285E-08
        12        15        11        11
        11         2        12        12
         5        10         2         2
        15        21        11        11
        15        22        21        21
        31        28        22        22
        15        12        18        18
        19        18        20        20
        11        21        13        13
        23        13        25        25
         7        12        10        10
        26        21        28        28
         7         8        20        20
        16        15        18        18
        26        24        25        25
        16        30        22        22
         3        11        13        13
         2        10        12        12
         3         1         2         2
        20        12         7         7
        10         6         7         7
        22        15        16        16
        18        17        16        16
        28        27        26        26
        32        24        26        26
         2        11         3         3
        13        14         3         3
        27        28        31        31
         2         1         5         5
         6        10         5         5
        14        13        23        23
        20         8        19        19
        17        18        19        19
        13        21        25        25
         1         3         9         9
        30        16        29        29
         8         7         4         4
        22        28        21        21
        24        23        25        25
        21        26        25        25
        30        31        22        22
        12        20        18        18
        17        29        16        16
        14         9         3         3
        27        32        26        26
         6         4         7         7
zone t="boundary 5 bc-5", solutiontime= 0.9000000E+02, strandid=1005, i=33, j=48, f=feblock
  0.500000000000E+01  0.500000000000E+01  0.500000000000E+01  0.500000000000E+01  0.500000000000E+01  0.500000000000E+01  0.500000000000E+01
  0.500000000000E+01  0.500000000000E+01  0.500000000000E+01  0.500000000000E+01  0.500000000000E+01  0.500000000000E+01  0.500000000000E+01
  0.500000000000E+01  0.500000000000E+01  0.500000000000E+01  0.500000000000E+01  0.500000000000E+01  0.500000000000E+01  0.500000000000E+01
  0.500000000000E+01  0.500000000000E+01  0.500000000000E+01  0.500000000000E+01  0.500000000000E+01  0.500000000000E+01  0.500000000000E+01
  0.500000000000E+01  0.500000000000E+01  0.500000000000E+01  0.500000000000E+01  0.500000000000E+01
  0.250000000000E+01  0.125000000000E+01  0.250000000000E+01  0.157899473280E+01  0.000000000000E+00  0.659350882208E+00  0.250000000000E+01
  0.173899611320E+01  0.825621401394E+00  0.132549389334E+01 -0.125000000000E+01 -0.322732261638E+00  0.250000000000E+01  0.490615021923E-01
 -0.873141960959E+00  0.350800286361E+00  0.145332269920E+01 -0.250000000000E+01 -0.147959633950E+01  0.250000000000E+01 -0.857924212153E+00
 -0.165007033378E+01  0.518568023061E+00 -0.461282870254E+00  0.125000000000E+01 -0.250000000000E+01 -0.183684615440E+01 -0.158398995423E+01
 -0.250000000000E+01 -0.250000000000E+01 -0.125000000000E+01  0.000000000000E+00 -0.250000000000E+01
  0.000000000000E+00  0.000000000000E+00  0.125000000000E+01  0.905837536509E+00  0.000000000000E+00  0.735450417037E+00  0.250000000000E+01
  0.182727219356E+01  0.162230260845E+01  0.280856328277E+01  0.000000000000E+00  0.109945440014E+01  0.375000000000E+01  0.227317933631E+01
  0.189599568386E+01  0.342819755379E+01  0.403384942830E+01  0.000000000000E+00  0.104050588738E+01  0.500000000000E+01  0.297954017413E+01
  0.214587157439E+01  0.430969386006E+01  0.408642231822E+01  0.500000000000E+01  0.125000000000E+01  0.304506426164E+01  0.398205049073E+01
  0.250000000000E+01  0.375000000000E+01  0.500000000000E+01  0.500000000000E+01  0.500000000000E+01
  0.000000000000E+00  0.000000000000E+00  0.509231651017E+00  0.472098660396E+00  0.000000000000E+00  0.480805603697E+00  0.534526640478E+00
  0.535828440334E+00  0.535478265955E+00  0.540785509946E+00  0.000000000000E+00  0.510355985123E+00  0.517182885172E+00  0.539186899467E+00
  0.542978945344E+00  0.529277295987E+00  0.511037681933E+00  0.000000000000E+00  0.495604512708E+00  0.492982637025E+00  0.531173286457E+00
  0.533777938965E+00  0.505621993934E+00  0.512004958312E+00  0.494165297986E+00  0.508459764195E+00  0.529554163546E+00  0.511911907371E+00
  0.537001621764E+00  0.514994863512E+00  0.492397284427E+00  0.494740878675E+00  0.491354393416E+00
  0.999989665041E+00  0.999990314978E+00  0.984104107106E+00  0.976444065643E+00  0.999991520367E+00  0.959042409169E+00  0.100368299998E+01
  0.994429033358E+00  0.991216031156E+00  0.100355134699E+01  0.999992846899E+00  0.971537364772E+00  0.100443305346E+01  0.100528455762E+01
  0.997216104922E+00  0.100662902149E+01  0.100305335378E+01  0.999993511960E+00  0.973515828385E+00  0.100047708080E+01  0.100763800039E+01
  0.100128566133E+01  0.100314070134E+01  0.100383228369E+01  0.100050439023E+01  0.985091609572E+00  0.100596500390E+01  0.100387955250E+01
  0.100289567776E+01  0.100485299288E+01  0.100082904662E+01  0.100062196846E+01  0.100045469615E+01
  0.716811359678E-01  0.633157981932E-01  0.245697014729E+00  0.308100963457E+00  0.818686792837E-01  0.887319114327E-01  0.116986496230E+00
  0.156340093322E+00  0.176400418062E+00  0.101472964003E+00  0.534957540342E-01  0.139443344249E+00  0.797200863137E-01  0.122995250145E+00
  0.137075789479E+00  0.820395612908E-01  0.639350003718E-01  0.631336252716E-01  0.111741364826E+00  0.755317254234E-01  0.957255971947E-01
  0.128582535280E+00  0.508169534635E-01  0.559529118362E-01  0.752067663289E-01  0.166017944807E+00  0.933951787623E-01  0.612295274458E-01
  0.111425432320E+00  0.749344674839E-01  0.850158260256E-01  0.697760237427E-01  0.872329260081E-01
 -0.180155089407E-01 -0.175128842002E-01 -0.400019542930E-01 -0.385698457666E-01 -0.255984518507E-01 -0.107783652371E+00 -0.306119865410E-01
 -0.404631945754E-01 -0.446660296876E-01 -0.280068184330E-01 -0.200425380452E-01 -0.705010352021E-01 -0.195479462488E-01 -0.320059494259E-01
 -0.370433506650E-01 -0.228324094531E-01 -0.192638944637E-01 -0.171111652888E-01 -0.674938510496E-01 -0.688079554695E-02 -0.250430125410E-01
 -0.331460795217E-01 -0.168999002881E-01 -0.196914143415E-01 -0.528142824121E-02 -0.374864109635E-01 -0.231496272155E-01 -0.194864150224E-01
 -0.285015828820E-01 -0.175714135263E-01 -0.541552270744E-02 -0.543176572403E-02 -0.440831485224E-02
 -0.239756325345E-02 -0.406977042267E-02 -0.105695062092E-04 -0.852969071631E-02  0.524400211991E-02 -0.413676461835E-02 -0.884877023640E-03
 -0.366020135741E-02 -0.177854813674E-02 -0.444422750927E-03  0.325268685715E-02  0.125646887261E-01 -0.497003983315E-03  0.227607031868E-02
  0.341203687053E-02 -0.480785679694E-03 -0.981306911448E-04  0.380310660207E-02  0.557288485580E-02 -0.177294792295E-03  0.120745809541E-02
  0.328958274363E-02  0.261238000217E-04  0.115089161048E-03  0.422282710421E-03  0.220242234896E-02  0.312934735605E-03  0.851971978549E-03
 -0.211596418139E-03  0.332955579959E-03  0.238921194910E-03  0.179104749751E-04  0.574407901667E-04
  0.624053679075E-02  0.104553600353E-01 -0.952756378429E-02 -0.624655709825E-02  0.127950030650E-01  0.949593737253E-02 -0.937848019711E-02
 -0.118430550041E-01 -0.224766866811E-01 -0.103882509403E-01  0.839829129015E-02 -0.424017826485E-02 -0.832005318664E-02 -0.954737363649E-02
 -0.131367261098E-01 -0.589118693654E-02 -0.870108059754E-02  0.496482017529E-02  0.241813097422E-02 -0.886002390597E-02 -0.587381860208E-02
 -0.951221259822E-02 -0.597403407175E-02 -0.712765589855E-02 -0.805043708933E-02 -0.736013968164E-02 -0.507422551419E-02 -0.666736301539E-02
 -0.708486599615E-02 -0.596595102551E-02 -0.888610548723E-02 -0.754101137406E-02 -0.930228931101E-02
 -0.357065698708E-01 -0.111213895476E+00 -0.627496281582E-01 -0.864570308200E-01 -0.989813767405E-01  0.292829189730E-01 -0.220117777653E-01
 -0.305211113555E-01 -0.362670957503E-01 -0.183110277991E-01 -0.900185571440E-01 -0.795712364637E-02 -0.156419881705E-01 -0.229040915783E-01
 -0.256784312231E-01 -0.148192870120E-01 -0.111108177520E-01 -0.169945656459E-01 -0.157380819537E-02 -0.213982190328E-01 -0.178997816233E-01
 -0.246189413477E-01 -0.794647752940E-02 -0.839703042655E-02 -0.220167849704E-01 -0.359542081756E-01 -0.181157797113E-01 -0.103188142621E-01
 -0.213625749120E-01 -0.151535305058E-01 -0.251883201179E-01 -0.201309015062E-01 -0.263605435952E-01
  0.205056963366E-09  0.122823334280E-09  0.439660580698E-08  0.678047918698E-08 -0.871202647306E-12  0.214572419694E-07 -0.535754654778E-08
 -0.228424968824E-07  0.312321448961E-08 -0.489329191267E-08  0.237629264817E-12  0.995018884464E-08  0.295371227437E-08 -0.938100586768E-08
  0.203807613443E-09  0.205579823534E-08  0.237690686091E-08  0.296029923005E-10  0.130936787771E-07  0.739649690510E-09 -0.217131165879E-08
 -0.530099463470E-08  0.200983570577E-08  0.225631272769E-08 -0.384657225130E-09  0.366286795380E-08 -0.151133964070E-08  0.170784464154E-08
 -0.586576573532E-08  0.299438661859E-08  0.642306575037E-09 -0.919370796880E-09  0.246574835576E-09
        12        15        14        14
        21        16        14        14
         9        14        10        10
        15        22        21        21
        29        27        22        22
        14        16        10        10
         7         8        10        10
        14        15        21        21
        14         9        12        12
         5        12         6         6
        21        24        16        16
        32        23        24        24
        28        21        27        27
        17        16        23        23
        28        31        24        24
        19        15        12        12
         4         2         6         6
         4         9         8         8
        10         8         9         9
        17        13        10        10
        19        26        22        22
        10        16        17        17
        23        25        17        17
        22        15        19        19
        12        11        19        19
        27        30        28        28
        33        31        28        28
         6         9         4         4
         8         3         4         4
        25        23        32        32
        10        13         7         7
         3         8         7         7
        30        27        29        29
         6         2         5         5
        11        12         5         5
        24        23        16        16
        13        17        20        20
        26        19        18        18
         2         4         1         1
        22        27        21        21
        31        32        24        24
        21        28        24        24
        26        29        22        22
         9         6        12        12
        11        18        19        19
        25        20        17        17
        30        33        28        28
         3         1         4         4
zone t="boundary 6 bc-6", solutiontime= 0.9000000E+02, strandid=1006, i=33, j=48, f=feblock
  0.375000000000E+01  0.250000000000E+01  0.500000000000E+01  0.403384942830E+01  0.280856328277E+01  0.125000000000E+01  0.182727219356E+01
  0.500000000000E+01  0.430969386006E+01  0.342819755379E+01  0.227317933631E+01  0.162230260845E+01  0.000000000000E+00  0.905837536509E+00
  0.500000000000E+01  0.408642231822E+01  0.297954017413E+01  0.189599568386E+01  0.109945440014E+01  0.735450417037E+00  0.000000000000E+00
  0.500000000000E+01  0.398205049073E+01  0.304506426164E+01  0.214587157439E+01  0.104050588738E+01  0.000000000000E+00  0.000000000000E+00
  0.500000000000E+01  0.375000000000E+01  0.250000000000E+01  0.125000000000E+01  0.000000000000E+00
  0.250000000000E+01  0.250000000000E+01  0.250000000000E+01  0.145332269920E+01  0.132549389334E+01  0.250000000000E+01  0.173899611320E+01
  0.125000000000E+01  0.518568023061E+00  0.350800286361E+00  0.490615021923E-01  0.825621401394E+00  0.250000000000E+01  0.157899473280E+01
  0.000000000000E+00 -0.461282870254E+00 -0.857924212153E+00 -0.873141960959E+00 -0.322732261638E+00  0.659350882208E+00  0.125000000000E+01
 -0.125000000000E+01 -0.158398995423E+01 -0.183684615440E+01 -0.165007033378E+01 -0.147959633950E+01  0.000000000000E+00 -0.125000000000E+01
 -0.250000000000E+01 -0.250000000000E+01 -0.250000000000E+01 -0.250000000000E+01 -0.250000000000E+01
  0.000000000000E+00  0.000000000000E+00  0.000000000000E+00  0.000000000000E+00  0.000000000000E+00  0.000000000000E+00  0.000000000000E+00
  0.000000000000E+00  0.000000000000E+00  0.000000000000E+00  0.000000000000E+00  0.000000000000E+00  0.000000000000E+00  0.000000000000E+00
  0.000000000000E+00  0.000000000000E+00  0.000000000000E+00  0.000000000000E+00  0.000000000000E+00  0.000000000000E+00  0.000000000000E+00
  0.000000000000E+00  0.000000000000E+00  0.000000000000E+00  0.000000000000E+00  0.000000000000E+00  0.000000000000E+00  0.000000000000E+00
  0.000000000000E+00  0.000000000000E+00  0.000000000000E+00  0.000000000000E+00  0.000000000000E+00
  0.000000000000E+00  0.000000000000E+00  0.000000000000E+00  0.000000000000E+00  0.000000000000E+00  0.000000000000E+00  0.000000000000E+00
  0.000000000000E+00  0.000000000000E+00  0.000000000000E+00  0.000000000000E+00  0.000000000000E+00  0.000000000000E+00  0.000000000000E+00
  0.000000000000E+00  0.000000000000E+00  0.000000000000E+00  0.000000000000E+00  0.000000000000E+00  0.000000000000E+00  0.000000000000E+00
  0.000000000000E+00  0.000000000000E+00  0.000000000000E+00  0.000000000000E+00  0.000000000000E+00  0.000000000000E+00  0.000000000000E+00
  0.000000000000E+00  0.000000000000E+00  0.000000000000E+00  0.000000000000E+00  0.000000000000E+00
  0.999989380190E+00  0.999989451040E+00  0.999989665041E+00  0.999989636947E+00  0.999989659209E+00  0.999989868921E+00  0.999989838547E+00
  0.999990314978E+00  0.999990717139E+00  0.999990526267E+00  0.999991266627E+00  0.999990619998E+00  0.999990335442E+00  0.999990410387E+00
  0.999991520367E+00  0.999992169986E+00  0.999992719204E+00  0.999992350550E+00  0.999991680168E+00  0.999990956169E+00  0.999990797222E+00
  0.999992846899E+00  0.999993421276E+00  0.999993505912E+00  0.999993182332E+00  0.999992551088E+00  0.999991453848E+00  0.999992202332E+00
  0.999993511960E+00  0.999993715260E+00  0.999993570321E+00  0.999993167142E+00  0.999992753610E+00
  0.438320885562E-01 -0.329872720843E-01  0.716811359678E-01  0.609403800729E-01 -0.703942692629E-02 -0.970704583723E-01 -0.394377064267E-01
  0.633157981932E-01  0.667066370282E-01  0.278051669736E-01 -0.149673329739E-01 -0.360740849694E-01 -0.154112156488E+00 -0.105503700003E+00
  0.818686792837E-01  0.660146911983E-01  0.674077527443E-02 -0.354921475754E-01 -0.360103264090E-01 -0.869625446989E-01 -0.175108070712E+00
  0.534957540342E-01  0.568871360483E-01  0.562857944492E-02 -0.175633407347E-02 -0.488834615163E-01 -0.129685040319E+00 -0.429997624372E-01
  0.631336252716E-01  0.497923729045E-01  0.303281054059E-01 -0.593152299369E-01 -0.762519034959E-01
  0.101462691482E-01  0.978801515043E-02 -0.180155089407E-01  0.932579164668E-02  0.307200873920E-01  0.206089942993E-01  0.659036222951E-02
 -0.175128842002E-01  0.667206216573E-02  0.213473013332E-01  0.159486817710E-01  0.119586195416E-01 -0.595532164847E-02  0.319887064181E-01
 -0.255984518507E-01  0.589891453375E-02  0.190749445757E-01  0.159460521650E-01  0.198071521604E-01  0.278309710221E-01 -0.833087984334E-02
 -0.200425380452E-01  0.399986031821E-02  0.169177937491E-01  0.142871657068E-01  0.165150299839E-01 -0.901439002293E-02 -0.780576310493E-02
 -0.171111652888E-01  0.472935149610E-02 -0.443207261565E-03  0.109535569773E-01 -0.688071022172E-02
  0.191054646361E-02 -0.108309983540E-02 -0.239756325345E-02  0.479698242006E-02 -0.520129095181E-03 -0.869329097617E-02 -0.316166577948E-02
 -0.406977042267E-02 -0.717915028866E-03 -0.102431722826E-04  0.170115424571E-02 -0.117833245031E-02 -0.104721022646E-01 -0.838503470501E-02
  0.524400211991E-02  0.676170009058E-02  0.102500151590E-01  0.101088863377E-01  0.175008038013E-01 -0.694072600399E-02 -0.141034620280E-01
  0.325268685715E-02  0.152867152138E-02 -0.749592768312E-02 -0.193919854857E-01 -0.188975521929E-02 -0.116218523252E-01  0.448539801563E-02
  0.380310660207E-02 -0.100786133304E-02 -0.590736999488E-02 -0.314175916320E-02  0.600418604454E-02
  0.120427284066E-01  0.225747631621E-01  0.624053679075E-02  0.260829564245E-01  0.441774481046E-01  0.217493338452E-01  0.274073291699E-01
  0.104553600353E-01  0.173698982773E-01  0.241259486774E-01  0.339282625606E-01  0.515873077709E-01  0.374072976596E-01  0.223651152303E-01
  0.127950030650E-01  0.139042687358E-01  0.233639719545E-01  0.301018041195E-01  0.716349333868E-01  0.344843685487E-01  0.406907758713E-01
  0.839829129015E-02  0.999125050622E-02  0.135858823552E-01  0.239486733099E-01  0.447045762896E-01  0.232560365965E-01  0.198816810113E-01
  0.496482017529E-02  0.497880815650E-02  0.754137862908E-02  0.174401510061E-01  0.149192713333E-01
 -0.181807980405E+00 -0.789674138127E-01 -0.357065698708E-01 -0.112317564038E+00 -0.162715535713E+00 -0.744819304558E-02 -0.957750384904E-01
 -0.111213895476E+00 -0.452661909233E-01 -0.133929773984E+00 -0.139963539072E+00 -0.376782443743E-01  0.123595533881E+00 -0.236734686510E+00
 -0.989813767405E-01 -0.107832900219E+00 -0.158691816354E+00 -0.213686877618E-01 -0.567867668456E-01 -0.121398848587E+00  0.167298226628E+00
 -0.900185571440E-01 -0.129886085567E+00  0.157905510160E-01 -0.268872074376E-01  0.192413424200E-01 -0.111840994032E-01 -0.280760880858E-01
 -0.169945656459E-01 -0.478788012701E-01 -0.834047275861E-01 -0.100534988039E+00  0.249389505193E-01
  0.721456863185E-09  0.253267722101E-08  0.205056963366E-09  0.415764979987E-08  0.109072188843E-07  0.171150182593E-07  0.139577798969E-07
  0.122823334280E-09  0.127784986525E-08  0.531659095803E-08  0.529546517559E-08  0.216672317419E-07  0.714329144606E-07  0.166159081088E-07
 -0.871202647306E-12  0.762734493418E-09  0.168523251545E-08  0.483453462267E-08  0.700058924092E-07  0.301282641994E-07  0.758489909608E-07
  0.237629264817E-12  0.802493680370E-09  0.137078097437E-08  0.115217187796E-08  0.159347951790E-07 -0.453029237818E-07 -0.140004757021E-07
  0.296029923005E-10  0.329483601669E-09  0.654385089061E-09  0.247816372857E-08  0.798486635982E-08
        19        18        11        11
        17        10        11        11
        12        11         5         5
        18        25        17        17
        31        24        25        25
        11        10         5         5
         2         7         5         5
        11        18        17        17
        11        12        19        19
        27        19        20        20
        17        16        10        10
        15         9        16        16
        23        17        24        24
         4        10         9         9
        23        22        16        16
        26        18        19        19
        14        21        20        20
        14        12         7         7
         5         7        12        12
         4         1         5         5
        26        32        25        25
         5        10         4         4
         9         8         4         4
        25        18        26        26
        19        28        26        26
        24        30        23        23
        29        22        23        23
        20        12        14        14
         7         6        14        14
         8         9        15        15
         5         1         2         2
         6         7         2         2
        30        24        31        31
        20        21        27        27
        28        19        27        27
        16         9        10        10
         1         4         3         3
        32        26        33        33
        21        14        13        13
        25        24        17        17
        22        15        16        16
        17        23        16        16
        32        31        25        25
        12        20        19        19
        28        33        26        26
         8         3         4         4
        30        29        23        23
         6        13        14        14
