title="tecplot geometry and solution file"
variables = x y z mach temperature lambda1 lambda2 lambda3 lambda4 lambda5 lambda6
zone t="boundary 1 bc-1", solutiontime= 0.5000000E+02, strandid=1001, i=32, j=46, f=feblock
  0.000000000000E+00  0.000000000000E+00  0.000000000000E+00  0.000000000000E+00  0.000000000000E+00  0.000000000000E+00  0.000000000000E+00
  0.000000000000E+00  0.000000000000E+00  0.000000000000E+00  0.000000000000E+00  0.000000000000E+00  0.000000000000E+00  0.000000000000E+00
  0.000000000000E+00  0.000000000000E+00  0.000000000000E+00  0.000000000000E+00  0.000000000000E+00  0.000000000000E+00  0.000000000000E+00
  0.000000000000E+00  0.000000000000E+00  0.000000000000E+00  0.000000000000E+00  0.000000000000E+00  0.000000000000E+00  0.000000000000E+00
  0.000000000000E+00  0.000000000000E+00  0.000000000000E+00  0.000000000000E+00
  0.250000000000E+01  0.250000000000E+01  0.125000000000E+01  0.146289271009E+01  0.157686156160E+01  0.308372018325E+00  0.000000000000E+00
 -0.125000000000E+01 -0.600232012419E+00  0.250000000000E+01  0.477386199275E+00  0.742988685424E+00 -0.739814786992E+00  0.177790177481E+01
  0.155830813274E+01  0.250000000000E+01 -0.250000000000E+01 -0.154800130438E+01 -0.487811078581E+00  0.250000000000E+01  0.627766083140E+00
 -0.345533899378E+00 -0.178862290564E+01 -0.158811787973E+01  0.125000000000E+01 -0.250000000000E+01 -0.144524380962E+01  0.000000000000E+00
 -0.125000000000E+01 -0.250000000000E+01 -0.250000000000E+01 -0.250000000000E+01
  0.000000000000E+00  0.125000000000E+01  0.000000000000E+00  0.103724302461E+01  0.219251206392E+01  0.922061490191E+00  0.000000000000E+00
  0.000000000000E+00  0.715990576545E+00  0.250000000000E+01  0.202479342020E+01  0.324151231464E+01  0.175434191980E+01  0.310152362409E+01
  0.404200324774E+01  0.375000000000E+01  0.000000000000E+00  0.930412228790E+00  0.299062775774E+01  0.500000000000E+01  0.429310310915E+01
  0.409252726285E+01  0.187029682677E+01  0.284428995242E+01  0.500000000000E+01  0.125000000000E+01  0.394624082883E+01  0.500000000000E+01
  0.500000000000E+01  0.250000000000E+01  0.375000000000E+01  0.500000000000E+01
  0.000000000000E+00  0.441238864710E+00  0.000000000000E+00  0.475212333418E+00  0.460125600047E+00  0.468825459916E+00  0.000000000000E+00
  0.000000000000E+00  0.402299647307E+00  0.469815278546E+00  0.464413480260E+00  0.478714152972E+00  0.489298547802E+00  0.483067971662E+00
  0.487929224832E+00  0.488960767301E+00  0.000000000000E+00  0.464773408827E+00  0.473796242669E+00  0.495345969094E+00  0.490265403772E+00
  0.486285557293E+00  0.445720648663E+00  0.464383522981E+00  0.496127006189E+00  0.443623519427E+00  0.486963956588E+00  0.497245800655E+00
  0.496058644718E+00  0.467732961393E+00  0.488211579388E+00  0.495097551278E+00
  0.999990335442E+00  0.102982730935E+01  0.999990797222E+00  0.104247144519E+01  0.101190167613E+01  0.102520600953E+01  0.999991453848E+00
  0.999992202332E+00  0.103891124272E+01  0.100826302705E+01  0.101252909219E+01  0.100300571845E+01  0.102702848665E+01  0.100605562865E+01
  0.100244399774E+01  0.100355656280E+01  0.999992753610E+00  0.103239691667E+01  0.100459561267E+01  0.100179353455E+01  0.100260307775E+01
  0.100234974224E+01  0.101657231252E+01  0.100617628259E+01  0.100168864675E+01  0.104043187424E+01  0.100303393289E+01  0.100118748788E+01
  0.100134189338E+01  0.100976788455E+01  0.100405369623E+01  0.100176128351E+01
  0.880212860931E-03  0.384029615234E-02  0.115887021549E-02  0.731430818126E-02  0.129979482105E-03  0.114768504961E-01  0.106467420279E-02
  0.387017597143E-03  0.133149101366E-01 -0.573734282099E-03  0.680993238176E-03 -0.121884359449E-02  0.129586021070E-02 -0.648296586267E-03
 -0.157683746493E-02 -0.145466784706E-02  0.480640536073E-03  0.754673123434E-02 -0.949092654538E-03 -0.624228334609E-02 -0.219760792141E-02
 -0.154199679894E-02  0.420439165790E-03 -0.828009503613E-03 -0.646337979288E-02  0.405234021506E-02 -0.124144908239E-02 -0.717737256190E-02
 -0.635672628728E-02 -0.647141419412E-03 -0.136464179235E-02 -0.597017951295E-02
  0.239179630374E-04  0.532715668875E-03  0.531755233121E-04  0.900602257935E-03 -0.477012456685E-04  0.176845956997E-02  0.837694168354E-04
  0.627883161849E-04  0.203982233766E-02 -0.181506611847E-03  0.625175839949E-04 -0.256225637871E-03  0.104571745591E-03 -0.188069049945E-03
 -0.310567313722E-03 -0.323881712708E-03  0.445422441600E-04  0.117438397511E-02 -0.187194220102E-03 -0.128414995703E-02 -0.436560615636E-03
 -0.294495361356E-03 -0.219779941568E-04 -0.159226691943E-03 -0.135341700664E-02  0.493093514902E-03 -0.244674805627E-03 -0.150708686031E-02
 -0.132951784364E-02 -0.167309551874E-03 -0.289763286142E-03 -0.124142879648E-02
  0.457535152105E-04  0.193519464234E-04  0.563521204356E-04  0.202199519682E-03  0.433142515528E-04  0.139655834742E-03  0.770864956699E-04
 -0.209917287105E-04  0.193538903298E-04 -0.184197634712E-05  0.398880691697E-04  0.479979929018E-04 -0.395284944353E-04  0.203179023964E-04
  0.124014315281E-05 -0.952246020721E-06 -0.322086017024E-04 -0.178984198110E-03  0.183686557726E-04  0.108536035601E-06  0.661899208120E-05
  0.555832137757E-05 -0.145565026323E-04 -0.271817625515E-04  0.218887610868E-04 -0.184809216893E-04 -0.969745291164E-05  0.386993040681E-05
 -0.110222311766E-04 -0.467506553595E-05 -0.133043311926E-05  0.100681610685E-05
 -0.220390658017E-03 -0.177155640162E-03 -0.275356335410E-03  0.272470814131E-04  0.246913845925E-03  0.324156074432E-03 -0.188777458249E-03
 -0.171796103267E-03  0.300648127862E-03  0.259690786315E-03  0.556885938532E-03  0.292452446143E-03  0.661951984407E-03  0.253120345028E-03
  0.194558781554E-03  0.220447027857E-03 -0.101973329779E-03  0.198145309812E-03  0.355099815689E-03  0.853317994133E-04  0.187172439890E-03
  0.230392102586E-03  0.408120834387E-03  0.285782344676E-03  0.817417679601E-04  0.209649798770E-03  0.211172629202E-03  0.774913877623E-04
  0.929014270986E-04  0.316723233391E-03  0.215438266634E-03  0.903611488401E-04
 -0.676046137821E-03 -0.158800206212E-02 -0.109944542358E-02 -0.292290794904E-02 -0.587397007153E-04 -0.476935623263E-02  0.101683678966E-03
  0.175837150315E-03 -0.555080331306E-02  0.230564654829E-03 -0.301053549937E-03  0.474738827544E-03 -0.544303101678E-03  0.253050196641E-03
  0.627422253206E-03  0.583124024824E-03 -0.161760950635E-03 -0.315031304743E-02  0.348667084546E-03  0.259169508670E-02  0.887188453160E-03
  0.610579749952E-03 -0.200889923464E-03  0.295411242027E-03  0.268811258111E-02 -0.166106020086E-02  0.485991110971E-03  0.299373724938E-02
  0.264536044918E-02  0.232845099390E-03  0.543737605658E-03  0.247804232972E-02
 -0.420224947435E-09 -0.683031889435E-09 -0.503444205313E-09 -0.175434955226E-08 -0.455930208331E-09 -0.306498032445E-09  0.405689410459E-09
  0.955513293118E-10  0.108476971453E-07 -0.370429139957E-09 -0.168475167464E-08 -0.740847180422E-09 -0.127025057369E-08 -0.504756959649E-09
 -0.178606082388E-09 -0.313111276752E-09 -0.670367257656E-10  0.187751877666E-08 -0.838578308256E-09 -0.606002559009E-10 -0.941983154156E-10
 -0.161318221035E-09 -0.868693647241E-09 -0.705064571781E-09 -0.334755247779E-11 -0.112486578960E-08 -0.194155762841E-09  0.381858602730E-10
 -0.445442337965E-11 -0.558382955938E-09 -0.270308622859E-09 -0.559379383314E-10
        12        19        11        11
        11         5        12        12
        10        14         5         5
        19        13        11        11
        19        24        13        13
        30        23        24        24
        19        12        22        22
        28        22        21        21
        11        13         6         6
         7         6         9         9
        15        12        14        14
        18        13        23        23
        15        25        21        21
        27        19        22        22
        18         8         9         9
        27        31        24        24
         4        11         6         6
         5        14        12        12
         4         2         5         5
        21        12        15        15
        14        16        15        15
        24        19        27        27
        22        29        27        27
        23        26        18        18
        17         8        18        18
         5        11         4         4
         6         3         4         4
        26        23        30        30
         5         2        10        10
        16        14        10        10
         3         6         7         7
        21        25        28        28
        29        22        28        28
         6        13         9         9
         2         4         1         1
        31        27        32        32
        25        15        20        20
        24        23        13        13
         8         7         9         9
        13        18         9         9
        31        30        24        24
        12        21        22        22
        29        32        27        27
         3         1         4         4
        26        17        18        18
        16        20        15        15
zone t="boundary 2 bc-2", solutiontime= 0.5000000E+02, strandid=1002, i=33, j=48, f=feblock
  0.500000000000E+01  0.375000000000E+01  0.250000000000E+01  0.288078410721E+01  0.125000000000E+01  0.190974100652E+01  0.326683758169E+01
  0.201431602454E+01  0.000000000000E+00  0.963108083381E+00  0.500000000000E+01  0.403552511878E+01  0.423153924130E+01  0.500000000000E+01
  0.385533350601E+01  0.500000000000E+01  0.398173246726E+01  0.315249557942E+01  0.267000324704E+01  0.154774304040E+01  0.218329375016E+01
  0.893127759452E+00  0.000000000000E+00  0.698517061619E+00  0.964171764089E+00  0.310324758057E+01  0.000000000000E+00  0.000000000000E+00
  0.125000000000E+01  0.500000000000E+01  0.375000000000E+01  0.250000000000E+01  0.000000000000E+00
 -0.250000000000E+01 -0.250000000000E+01 -0.250000000000E+01 -0.250000000000E+01 -0.250000000000E+01 -0.250000000000E+01 -0.250000000000E+01
 -0.250000000000E+01 -0.250000000000E+01 -0.250000000000E+01 -0.250000000000E+01 -0.250000000000E+01 -0.250000000000E+01 -0.250000000000E+01
 -0.250000000000E+01 -0.250000000000E+01 -0.250000000000E+01 -0.250000000000E+01 -0.250000000000E+01 -0.250000000000E+01 -0.250000000000E+01
 -0.250000000000E+01 -0.250000000000E+01 -0.250000000000E+01 -0.250000000000E+01 -0.250000000000E+01 -0.250000000000E+01 -0.250000000000E+01
 -0.250000000000E+01 -0.250000000000E+01 -0.250000000000E+01 -0.250000000000E+01 -0.250000000000E+01
  0.000000000000E+00  0.000000000000E+00  0.000000000000E+00  0.904659890645E+00  0.000000000000E+00  0.717002441913E+00  0.188609243358E+01
  0.176246431481E+01  0.000000000000E+00  0.961328577125E+00  0.125000000000E+01  0.101201586758E+01  0.191586535653E+01  0.250000000000E+01
  0.293121848150E+01  0.375000000000E+01  0.406975391361E+01  0.363585050272E+01  0.285047954584E+01  0.292817774674E+01  0.395907379566E+01
  0.205246550326E+01  0.125000000000E+01  0.306828197606E+01  0.397245519226E+01  0.433168271247E+01  0.250000000000E+01  0.375000000000E+01
  0.500000000000E+01  0.500000000000E+01  0.500000000000E+01  0.500000000000E+01  0.500000000000E+01
  0.000000000000E+00  0.000000000000E+00  0.000000000000E+00  0.380991677071E+00  0.000000000000E+00  0.343629846333E+00  0.585283712637E+00
  0.579371274939E+00  0.000000000000E+00  0.501053781697E+00  0.508459764195E+00  0.435372705232E+00  0.572637650783E+00  0.537001621764E+00
  0.568921604272E+00  0.514994863512E+00  0.508249384174E+00  0.527254272376E+00  0.567446148296E+00  0.531657889979E+00  0.505982349932E+00
  0.520795557933E+00  0.443623519427E+00  0.490664279058E+00  0.492156105736E+00  0.501392667577E+00  0.467732961393E+00  0.488211579388E+00
  0.490002415326E+00  0.491354393416E+00  0.486078174930E+00  0.490037677861E+00  0.495097551278E+00
  0.999993511960E+00  0.999993715260E+00  0.999993570321E+00  0.989539101465E+00  0.999993167142E+00  0.985524838689E+00  0.989838839696E+00
  0.991798259717E+00  0.999992753610E+00  0.984411184056E+00  0.985091609572E+00  0.984689131748E+00  0.990058406085E+00  0.100289567776E+01
  0.999855182158E+00  0.100485299288E+01  0.100121572260E+01  0.100055639449E+01  0.997896752171E+00  0.100350023825E+01  0.100058089063E+01
  0.101093252220E+01  0.104043187424E+01  0.100326541074E+01  0.100254508116E+01  0.100045601675E+01  0.100976788455E+01  0.100405369623E+01
  0.100192661355E+01  0.100045469615E+01  0.100058772260E+01  0.100109988203E+01  0.100176128351E+01
 -0.504802353356E-03 -0.375570923171E-03 -0.814406148555E-04  0.625766838618E-02  0.409135158077E-03  0.124199769913E-01 -0.100038811079E-02
  0.462459922361E-03  0.480640536073E-03  0.613476822897E-02 -0.128949413290E-02 -0.155348783465E-02 -0.995528391360E-03 -0.851274383407E-03
 -0.617886834976E-03 -0.558936048322E-03 -0.411534633154E-03 -0.478969840151E-03 -0.824563325591E-03 -0.101667941894E-02 -0.619874888870E-03
  0.348845614974E-03  0.405234021506E-02 -0.669886635636E-03 -0.116279326542E-02 -0.743668840583E-03 -0.647141419412E-03 -0.136464179235E-02
 -0.537750534802E-02 -0.649346500106E-03 -0.246896152340E-02 -0.473330250906E-02 -0.597017951295E-02
  0.134436135534E-03 -0.434614412284E-04 -0.107997785259E-04  0.970689037249E-03 -0.580921101036E-04  0.138462717887E-02 -0.313130633662E-04
 -0.643765552208E-04  0.445422441600E-04  0.715053161601E-03  0.293305124870E-03 -0.278574923345E-04  0.134126999990E-03  0.217473135920E-03
  0.136288451911E-03  0.131214783709E-03  0.154605034573E-03  0.126041335358E-03  0.274700989287E-04 -0.105839779610E-03  0.520684355237E-04
 -0.455662517879E-04  0.493093514902E-03 -0.548731646374E-04 -0.137871420833E-03  0.742579022663E-04 -0.167309551874E-03 -0.289763286142E-03
 -0.969206738796E-03  0.320434507687E-04 -0.248988369004E-03 -0.737768927523E-03 -0.124142879648E-02
 -0.326309926193E-04  0.120905348982E-04  0.436614750766E-04  0.131000418472E-03  0.249051472128E-04  0.131496425192E-03 -0.164398127919E-04
 -0.190665461068E-05 -0.322086017024E-04  0.459207566601E-04 -0.202351344048E-04 -0.603626876771E-04  0.998084357442E-06  0.156992854713E-05
  0.169689536612E-05 -0.267466481246E-05  0.431339938380E-06 -0.175080453010E-05  0.310854106496E-05  0.505968673105E-05 -0.334590994933E-05
  0.455479901589E-05 -0.184809216893E-04 -0.394806738491E-07 -0.608299869628E-06 -0.125771595703E-05 -0.467506553595E-05 -0.133043311926E-05
 -0.604497120642E-06 -0.551407037913E-06 -0.282351087223E-07  0.385734907566E-06  0.100681610685E-05
 -0.400516842593E-04 -0.480358903451E-04 -0.628170261852E-04  0.177071507652E-03 -0.105975190640E-03 -0.508399174227E-04  0.325443000873E-03
  0.389488520763E-03 -0.101973329779E-03  0.141320193938E-03  0.688567422975E-04  0.242100777947E-03  0.131903023849E-03  0.580619607815E-04
  0.128123626990E-03  0.457217942636E-04  0.119364668758E-03  0.169507118720E-03  0.206927484592E-03  0.209472570826E-03  0.194292739355E-03
  0.287170324857E-03  0.209649798770E-03  0.219199570938E-03  0.192401644080E-03  0.167428510893E-03  0.316723233391E-03  0.215438266634E-03
  0.127899369891E-03  0.691274823670E-04  0.149401506956E-03  0.161544277774E-03  0.903611488401E-04
  0.150759341693E-03  0.446953614614E-03  0.708782063630E-03 -0.278885863065E-02  0.487420795334E-03 -0.524401335303E-02  0.308393286962E-03
 -0.197707189479E-03 -0.161760950635E-03 -0.253893413027E-02  0.277825344549E-03  0.490878277792E-03  0.249160444687E-03  0.163449117513E-03
  0.123318614839E-03  0.112988758200E-03  0.575298601896E-04  0.894114138743E-04  0.235879228018E-03  0.355218813150E-03  0.167332670161E-03
 -0.156465110993E-03 -0.166106020086E-02  0.220891572580E-03  0.426407746765E-03  0.203955949663E-03  0.232845099390E-03  0.543737605658E-03
  0.218549470268E-02  0.196474803233E-03  0.926776935599E-03  0.188259799283E-02  0.247804232972E-02
 -0.196325289455E-12 -0.203373581870E-11 -0.543804928935E-11 -0.288275538153E-09 -0.179669660129E-10 -0.569008244850E-09 -0.334536357704E-09
 -0.156605356924E-08 -0.670367257656E-10 -0.123949492937E-08 -0.243148588629E-10 -0.493178645022E-10  0.125611818308E-09  0.553528235693E-10
  0.185219990122E-10 -0.202770200606E-10 -0.324290104176E-10 -0.447242182055E-10 -0.114172343967E-09 -0.311095371454E-09 -0.100248379078E-09
 -0.104676001124E-08 -0.112486578960E-08 -0.413560454336E-09 -0.126098413473E-09 -0.611863128644E-10 -0.558382955938E-09 -0.270308622859E-09
 -0.144088037541E-09 -0.194424009806E-11 -0.346467211033E-10 -0.119702235894E-09 -0.559379383314E-10
        15         7        19        19
         8        20        19        19
        18        19        21        21
         7         4         8         8
         3         6         4         4
        19         7         8         8
        19        18        15        15
        14        13        15        15
         8        22        20        20
        27        24        22        22
        19        20        21        21
        32        26        21        21
        17        18        26        26
        17        16        15        15
        25        29        21        21
        12         7        13        13
        10         8         6         6
        25        20        24        24
         4         6         8         8
        12         2         4         4
        10        23        22        22
        26        31        17        17
        30        16        17        17
         4         7        12        12
        13        11        12        12
        21        20        25        25
        24        28        25        25
        22         8        10        10
         6         5        10        10
        31        26        32        32
         4         2         3         3
         5         6         3         3
        11        13        14        14
        22        23        27        27
        28        24        27        27
        15        13         7         7
         2        12         1         1
        29        25        33        33
        23        10         9         9
        21        26        18        18
        16        14        15        15
        18        17        15        15
        29        32        21        21
        22        24        20        20
        28        33        25        25
        11         1        12        12
        31        30        17        17
         5         9        10        10
zone t="boundary 3 bc-3", solutiontime= 0.5000000E+02, strandid=1003, i=33, j=48, f=feblock
  0.375000000000E+01  0.250000000000E+01  0.500000000000E+01  0.403552511878E+01  0.288078410721E+01  0.125000000000E+01  0.190974100652E+01
  0.500000000000E+01  0.326683758169E+01  0.423153924130E+01  0.201431602454E+01  0.000000000000E+00  0.963108083381E+00  0.500000000000E+01
  0.267000324704E+01  0.385533350601E+01  0.893127759452E+00  0.154774304040E+01  0.000000000000E+00  0.500000000000E+01  0.315249557942E+01
  0.218329375016E+01  0.398173246726E+01  0.000000000000E+00  0.698517061619E+00  0.964171764089E+00  0.125000000000E+01  0.000000000000E+00
  0.500000000000E+01  0.310324758057E+01  0.250000000000E+01  0.375000000000E+01  0.000000000000E+00
  0.250000000000E+01  0.250000000000E+01  0.250000000000E+01  0.250000000000E+01  0.250000000000E+01  0.250000000000E+01  0.250000000000E+01
  0.250000000000E+01  0.250000000000E+01  0.250000000000E+01  0.250000000000E+01  0.250000000000E+01  0.250000000000E+01  0.250000000000E+01
  0.250000000000E+01  0.250000000000E+01  0.250000000000E+01  0.250000000000E+01  0.250000000000E+01  0.250000000000E+01  0.250000000000E+01
  0.250000000000E+01  0.250000000000E+01  0.250000000000E+01  0.250000000000E+01  0.250000000000E+01  0.250000000000E+01  0.250000000000E+01
  0.250000000000E+01  0.250000000000E+01  0.250000000000E+01  0.250000000000E+01  0.250000000000E+01
  0.000000000000E+00  0.000000000000E+00  0.000000000000E+00  0.101201586758E+01  0.904659890645E+00  0.000000000000E+00  0.717002441913E+00
  0.125000000000E+01  0.188609243358E+01  0.191586535653E+01  0.176246431481E+01  0.000000000000E+00  0.961328577125E+00  0.250000000000E+01
  0.285047954584E+01  0.293121848150E+01  0.205246550326E+01  0.292817774674E+01  0.125000000000E+01  0.375000000000E+01  0.363585050272E+01
  0.395907379566E+01  0.406975391361E+01  0.250000000000E+01  0.306828197606E+01  0.397245519226E+01  0.500000000000E+01  0.375000000000E+01
  0.500000000000E+01  0.433168271247E+01  0.500000000000E+01  0.500000000000E+01  0.500000000000E+01
  0.000000000000E+00  0.000000000000E+00  0.000000000000E+00  0.443768049813E+00  0.402287063289E+00  0.000000000000E+00  0.377550015530E+00
  0.509231651017E+00  0.575830373842E+00  0.573705119893E+00  0.562552484917E+00  0.000000000000E+00  0.490560996922E+00  0.534526640478E+00
  0.556587161529E+00  0.564391003890E+00  0.522730520214E+00  0.522053035057E+00  0.441238864710E+00  0.517182885172E+00  0.524230081365E+00
  0.503688666615E+00  0.509490322369E+00  0.469815278546E+00  0.495614921017E+00  0.494483812152E+00  0.488562139423E+00  0.488960767301E+00
  0.492982637025E+00  0.499007441401E+00  0.486462299176E+00  0.484599832491E+00  0.495345969094E+00
  0.999989380190E+00  0.999989451040E+00  0.999989665041E+00  0.981541820811E+00  0.988773959065E+00  0.999989868921E+00  0.982469495615E+00
  0.984104107106E+00  0.990427340160E+00  0.990355127069E+00  0.994362617112E+00  0.999990335442E+00  0.988651707786E+00  0.100368299998E+01
  0.999769041194E+00  0.100118460274E+01  0.100834871539E+01  0.100252122579E+01  0.102982730935E+01  0.100443305346E+01  0.100199527495E+01
  0.100082072308E+01  0.100138208455E+01  0.100826302705E+01  0.100298818591E+01  0.100192398684E+01  0.100215265586E+01  0.100355656280E+01
  0.100047708080E+01  0.100056610141E+01  0.100126814609E+01  0.100066576236E+01  0.100179353455E+01
 -0.311849809161E-03 -0.155765870138E-04 -0.416369627077E-03  0.114301831974E-02  0.561770747705E-02  0.521027927729E-03  0.765110941384E-02
 -0.143915411016E-02 -0.842199961080E-03 -0.991750699449E-03  0.459390613499E-03  0.880212860931E-03  0.506314897846E-02 -0.781833479187E-03
 -0.772880043737E-03 -0.670046627590E-03 -0.437123315451E-03 -0.788723879418E-03  0.384029615234E-02 -0.552924656756E-03 -0.424586133355E-03
 -0.537459821705E-03 -0.426802232056E-03 -0.573734282099E-03 -0.750126375809E-03 -0.143134002815E-02 -0.467896986759E-02 -0.145466784706E-02
 -0.533360820016E-03 -0.664025326406E-03 -0.435632091530E-02 -0.234638968853E-02 -0.624228334609E-02
 -0.361912611692E-04 -0.503995690567E-04  0.990486456564E-04  0.479776133998E-03  0.836786868030E-03 -0.141786442884E-03  0.942783329188E-03
  0.256482970376E-03  0.554150913616E-04  0.156269092356E-03 -0.764971045126E-04  0.239179630374E-04  0.245347850821E-03  0.205352447641E-03
  0.479394085559E-04  0.123352317207E-03 -0.263687751760E-03 -0.517822528903E-04  0.532715668875E-03  0.136379437021E-03  0.131998863230E-03
  0.788069264197E-04  0.145896106795E-03 -0.181506611847E-03 -0.155996534559E-03 -0.177243112828E-03 -0.826145989534E-03 -0.323881712708E-03
  0.496285248900E-04  0.863254800557E-04 -0.667253796851E-03 -0.229315374740E-03 -0.128414995703E-02
 -0.785790722493E-05  0.187714479462E-05  0.132825571157E-04 -0.199588388563E-04 -0.745962425886E-04  0.458239101242E-04 -0.659950193963E-05
  0.211035046808E-05 -0.829980076831E-05  0.497089223360E-05 -0.104978805350E-05  0.457535152105E-04  0.676074305196E-04  0.490530234999E-05
  0.106916463237E-05  0.177587664222E-05 -0.216502313585E-04 -0.780694033588E-05  0.193519464234E-04  0.292713466687E-05  0.103015703190E-05
  0.715408456074E-05  0.276821459882E-06 -0.184197634712E-05 -0.595772264265E-05  0.203390090287E-05  0.248638505846E-05 -0.952246020721E-06
  0.105840860410E-05  0.331330342594E-07  0.603049463832E-06 -0.109772787184E-06  0.108536035601E-06
 -0.437092129789E-04 -0.976982564912E-04 -0.370912429544E-04  0.592775852046E-04  0.142409716569E-03 -0.123649265514E-03  0.103951824961E-03
  0.338242492502E-04  0.244794270762E-03  0.123704824150E-03  0.394657122211E-03 -0.220390658017E-03  0.148951968961E-03  0.546714945754E-04
  0.166845512895E-03  0.127811692676E-03  0.368601007233E-03  0.184342396253E-03 -0.177155640162E-03  0.537022420968E-04  0.161033519699E-03
  0.178167686430E-03  0.121891561713E-03  0.259690786315E-03  0.254258488218E-03  0.182675910073E-03  0.134110492899E-03  0.220447027857E-03
  0.624481753124E-04  0.162383214762E-03  0.161200470922E-03  0.145492317606E-03  0.853317994133E-04
  0.616286606436E-03  0.541635979560E-03  0.157188097535E-03 -0.709552390799E-03 -0.250274254837E-02  0.715919023237E-04 -0.326143261097E-02
  0.352283763090E-03  0.230691985936E-03  0.244994120634E-03 -0.186542985629E-03 -0.676046137821E-03 -0.196715782955E-02  0.147138885992E-03
  0.215901300484E-03  0.148416196753E-03  0.190776683184E-03  0.257999316481E-03 -0.158800206212E-02  0.108178042326E-03  0.683750396012E-04
  0.130648564920E-03  0.670667107104E-04  0.230564654829E-03  0.269356843635E-03  0.535213375102E-03  0.189045239481E-02  0.583124024824E-03
  0.150674421086E-03  0.173070843533E-03  0.172647481306E-02  0.877188976556E-03  0.259169508670E-02
 -0.462604750725E-11 -0.147950739337E-10 -0.194016407037E-11 -0.151795660518E-09 -0.246218373907E-09 -0.952114081752E-10 -0.181235982820E-08
 -0.356241579568E-10 -0.249719148605E-09  0.899999870987E-10 -0.112063307353E-08 -0.420224947435E-09 -0.219909959231E-08  0.229022045866E-10
 -0.942965014999E-10 -0.625848624726E-11 -0.747831519394E-09 -0.316661793004E-09 -0.683031889435E-09 -0.245299256006E-10 -0.500585174388E-10
 -0.806030494124E-10 -0.263259495305E-10 -0.370429139957E-09 -0.469270319993E-09 -0.131114162510E-09 -0.832321194319E-10 -0.313111276752E-09
 -0.492056894084E-11 -0.341291562256E-10 -0.540856216712E-10 -0.103107939019E-10 -0.606002559009E-10
        15         9        16        16
        15        18        11        11
        22        15        21        21
        11         5         9         9
         5         7         2         2
        11         9        15        15
        16        21        15        15
        16        10        14        14
        18        17        11        11
        17        25        24        24
        22        18        15        15
        22        30        31        31
        30        21        23        23
        16        20        23        23
        22        27        26        26
        10         9         4         4
         7        11        13        13
        25        18        26        26
        11         7         5         5
         5         1         4         4
        17        19        13        13
        23        32        30        30
        23        20        29        29
         4         9         5         5
         4         8        10        10
        26        18        22        22
        26        28        25        25
        13        11        17        17
        13         6         7         7
        31        30        32        32
         2         1         5         5
         2         7         6         6
        14        10         8         8
        24        19        17        17
        24        25        28        28
         9        10        16        16
         3         4         1         1
        33        26        27        27
        12        13        19        19
        21        30        22        22
        16        14        20        20
        16        23        21        21
        22        31        27        27
        18        25        17        17
        26        33        28        28
         4         3         8         8
        23        29        32        32
        13        12         6         6
zone t="boundary 4 bc-4", solutiontime= 0.5000000E+02, strandid=1004, i=32, j=46, f=feblock
  0.125000000000E+01  0.219251206392E+01  0.103724302461E+01  0.500000000000E+01  0.250000000000E+01  0.375000000000E+01  0.404200324774E+01
  0.500000000000E+01  0.000000000000E+00  0.310152362409E+01  0.202479342020E+01  0.324151231464E+01  0.922061490191E+00  0.000000000000E+00
  0.299062775774E+01  0.394624082883E+01  0.500000000000E+01  0.409252726285E+01  0.500000000000E+01  0.429310310915E+01  0.175434191980E+01
  0.284428995242E+01  0.000000000000E+00  0.000000000000E+00  0.715990576545E+00  0.930412228790E+00  0.125000000000E+01  0.187029682677E+01
  0.500000000000E+01  0.375000000000E+01  0.250000000000E+01  0.000000000000E+00
  0.250000000000E+01  0.157686156160E+01  0.146289271009E+01  0.250000000000E+01  0.250000000000E+01  0.250000000000E+01  0.155830813274E+01
  0.125000000000E+01  0.250000000000E+01  0.177790177481E+01  0.477386199275E+00  0.742988685424E+00  0.308372018325E+00  0.125000000000E+01
 -0.487811078581E+00 -0.144524380962E+01 -0.125000000000E+01 -0.345533899378E+00  0.000000000000E+00  0.627766083140E+00 -0.739814786992E+00
 -0.158811787973E+01  0.000000000000E+00 -0.125000000000E+01 -0.600232012419E+00 -0.154800130438E+01 -0.250000000000E+01 -0.178862290564E+01
 -0.250000000000E+01 -0.250000000000E+01 -0.250000000000E+01 -0.250000000000E+01
  0.500000000000E+01  0.500000000000E+01  0.500000000000E+01  0.500000000000E+01  0.500000000000E+01  0.500000000000E+01  0.500000000000E+01
  0.500000000000E+01  0.500000000000E+01  0.500000000000E+01  0.500000000000E+01  0.500000000000E+01  0.500000000000E+01  0.500000000000E+01
  0.500000000000E+01  0.500000000000E+01  0.500000000000E+01  0.500000000000E+01  0.500000000000E+01  0.500000000000E+01  0.500000000000E+01
  0.500000000000E+01  0.500000000000E+01  0.500000000000E+01  0.500000000000E+01  0.500000000000E+01  0.500000000000E+01  0.500000000000E+01
  0.500000000000E+01  0.500000000000E+01  0.500000000000E+01  0.500000000000E+01
  0.488562139423E+00  0.488874000561E+00  0.490562525969E+00  0.492982637025E+00  0.486462299176E+00  0.484599832491E+00  0.485351056328E+00
  0.494165297986E+00  0.495345969094E+00  0.486530385273E+00  0.487820868640E+00  0.487071567783E+00  0.494045245745E+00  0.496127006189E+00
  0.487614575024E+00  0.483222914968E+00  0.492397284427E+00  0.487217595138E+00  0.494740878675E+00  0.487962223365E+00  0.489677418309E+00
  0.488030812357E+00  0.497245800655E+00  0.496058644718E+00  0.494950398327E+00  0.492799795685E+00  0.490002415326E+00  0.490005393925E+00
  0.491354393416E+00  0.486078174930E+00  0.490037677861E+00  0.495097551278E+00
  0.100215265586E+01  0.100152650955E+01  0.100178350432E+01  0.100047708080E+01  0.100126814609E+01  0.100066576236E+01  0.100025373712E+01
  0.100050439023E+01  0.100179353455E+01  0.100112362362E+01  0.100133048087E+01  0.100072434148E+01  0.100164373443E+01  0.100168864675E+01
  0.100096273085E+01  0.100000888234E+01  0.100082904662E+01  0.100022284689E+01  0.100062196846E+01  0.100023523420E+01  0.100174639175E+01
  0.100098850056E+01  0.100118748788E+01  0.100134189338E+01  0.100132651061E+01  0.100179882340E+01  0.100192661355E+01  0.100163748303E+01
  0.100045469615E+01  0.100058772260E+01  0.100109988203E+01  0.100176128351E+01
 -0.467896986759E-02 -0.454640913380E-02 -0.469092943917E-02 -0.533360820016E-03 -0.435632091530E-02 -0.234638968853E-02 -0.163333500517E-02
 -0.531596985063E-03 -0.624228334609E-02 -0.360907051599E-02 -0.492048472981E-02 -0.342695068698E-02 -0.574898843065E-02 -0.646337979288E-02
 -0.390114269781E-02 -0.161915110095E-02 -0.627155670299E-03 -0.204589149749E-02 -0.505928072346E-03 -0.201933965851E-02 -0.609955684712E-02
 -0.369446101282E-02 -0.717737256190E-02 -0.635672628728E-02 -0.667301351220E-02 -0.536195663862E-02 -0.537750534802E-02 -0.568960436895E-02
 -0.649346500106E-03 -0.246896152340E-02 -0.473330250906E-02 -0.597017951295E-02
 -0.826145989534E-03 -0.732274336644E-03 -0.840308807573E-03  0.496285248900E-04 -0.667253796851E-03 -0.229315374740E-03 -0.100886278275E-03
  0.382456948495E-04 -0.128414995703E-02 -0.488374820296E-03 -0.803053282329E-03 -0.447113847186E-03 -0.104639505939E-02 -0.135341700664E-02
 -0.546908126414E-03 -0.986610761461E-04  0.398765734594E-04 -0.178606061908E-03  0.395100787167E-04 -0.177017817359E-03 -0.105350271564E-02
 -0.505833731277E-03 -0.150708686031E-02 -0.132951784364E-02 -0.126595711964E-02 -0.995001859858E-03 -0.969206738796E-03 -0.970009555019E-03
  0.320434507687E-04 -0.248988369004E-03 -0.737768927523E-03 -0.124142879648E-02
  0.248638505846E-05  0.113639890196E-04  0.136616756788E-04  0.105840860410E-05  0.603049463832E-06 -0.109772787184E-06  0.402371647059E-05
 -0.253191732150E-05  0.108536035601E-06  0.612714992799E-05  0.152903361318E-04  0.636657734062E-05  0.187450559114E-04  0.218887610868E-04
 -0.218371697011E-05 -0.591059258373E-05 -0.257142051392E-05 -0.823816311358E-05 -0.215888456674E-08 -0.103254641604E-05 -0.204322106408E-05
 -0.327331898728E-05  0.386993040681E-05 -0.110222311766E-04 -0.299991669365E-05 -0.129968735705E-04 -0.604497120642E-06 -0.129577016489E-04
 -0.551407037913E-06 -0.282351087223E-07  0.385734907566E-06  0.100681610685E-05
  0.134110492899E-03  0.160262048836E-03  0.128647607711E-03  0.624481753124E-04  0.161200470922E-03  0.145492317606E-03  0.131728034108E-03
  0.567207914810E-04  0.853317994133E-04  0.163060119556E-03  0.156637694765E-03  0.165831135257E-03  0.124156473794E-03  0.817417679601E-04
  0.165365082116E-03  0.136305146318E-03  0.657005383815E-04  0.136341687070E-03  0.550110423966E-04  0.123446355352E-03  0.148662915253E-03
  0.167765962607E-03  0.774913877623E-04  0.929014270986E-04  0.105806709811E-03  0.122576499340E-03  0.127899369891E-03  0.146449206060E-03
  0.691274823670E-04  0.149401506956E-03  0.161544277774E-03  0.903611488401E-04
  0.189045239481E-02  0.181202294168E-02  0.190284273776E-02  0.150674421086E-03  0.172647481306E-02  0.877188976556E-03  0.583126076389E-03
  0.155187479063E-03  0.259169508670E-02  0.140577047543E-02  0.196881059916E-02  0.132893977343E-02  0.234549582720E-02  0.268811258111E-02
  0.152832580479E-02  0.576679318186E-03  0.185900457851E-03  0.755828870269E-03  0.145886879061E-03  0.749384106349E-03  0.246614064437E-02
  0.144089868292E-02  0.299373724938E-02  0.264536044918E-02  0.274470392559E-02  0.218928679494E-02  0.218549470268E-02  0.229563281441E-02
  0.196474803233E-03  0.926776935599E-03  0.188259799283E-02  0.247804232972E-02
 -0.832321194319E-10 -0.394196853781E-10 -0.479766532079E-10 -0.492056894084E-11 -0.540856216712E-10 -0.103107939019E-10  0.124196898197E-10
  0.289531043504E-11 -0.606002559009E-10 -0.121168491607E-10 -0.422449212086E-10  0.285540287383E-10 -0.102288039289E-10 -0.334755247779E-11
 -0.273905600512E-10 -0.247996118636E-10 -0.484929708813E-11  0.192583477518E-10  0.670313328224E-11  0.353182613325E-10 -0.103212319084E-09
 -0.963426930449E-10  0.381858602730E-10 -0.445442337965E-11  0.305627497623E-10 -0.783828066558E-10 -0.144088037541E-09 -0.166224450644E-09
 -0.194424009806E-11 -0.346467211033E-10 -0.119702235894E-09 -0.559379383314E-10
        12        15        11        11
        11         2        12        12
         5        10         2         2
        15        21        11        11
        15        22        21        21
        31        28        22        22
        15        12        18        18
        19        18        20        20
        11        21        13        13
        23        13        25        25
         7        12        10        10
        26        21        28        28
         7         8        20        20
        16        15        18        18
        26        24        25        25
        16        30        22        22
         3        11        13        13
         2        10        12        12
         3         1         2         2
        20        12         7         7
        10         6         7         7
        22        15        16        16
        18        17        16        16
        28        27        26        26
        32        24        26        26
         2        11         3         3
        13        14         3         3
        27        28        31        31
         2         1         5         5
         6        10         5         5
        14        13        23        23
        20         8        19        19
        17        18        19        19
        13        21        25        25
         1         3         9         9
        30        16        29        29
         8         7         4         4
        22        28        21        21
        24        23        25        25
        21        26        25        25
        30        31        22        22
        12        20        18        18
        17        29        16        16
        14         9         3         3
        27        32        26        26
         6         4         7         7
zone t="boundary 5 bc-5", solutiontime= 0.5000000E+02, strandid=1005, i=33, j=48, f=feblock
  0.500000000000E+01  0.500000000000E+01  0.500000000000E+01  0.500000000000E+01  0.500000000000E+01  0.500000000000E+01  0.500000000000E+01
  0.500000000000E+01  0.500000000000E+01  0.500000000000E+01  0.500000000000E+01  0.500000000000E+01  0.500000000000E+01  0.500000000000E+01
  0.500000000000E+01  0.500000000000E+01  0.500000000000E+01  0.500000000000E+01  0.500000000000E+01  0.500000000000E+01  0.500000000000E+01
  0.500000000000E+01  0.500000000000E+01  0.500000000000E+01  0.500000000000E+01  0.500000000000E+01  0.500000000000E+01  0.500000000000E+01
  0.500000000000E+01  0.500000000000E+01  0.500000000000E+01  0.500000000000E+01  0.500000000000E+01
  0.250000000000E+01  0.125000000000E+01  0.250000000000E+01  0.157899473280E+01  0.000000000000E+00  0.659350882208E+00  0.250000000000E+01
  0.173899611320E+01  0.825621401394E+00  0.132549389334E+01 -0.125000000000E+01 -0.322732261638E+00  0.250000000000E+01  0.490615021923E-01
 -0.873141960959E+00  0.350800286361E+00  0.145332269920E+01 -0.250000000000E+01 -0.147959633950E+01  0.250000000000E+01 -0.857924212153E+00
 -0.165007033378E+01  0.518568023061E+00 -0.461282870254E+00  0.125000000000E+01 -0.250000000000E+01 -0.183684615440E+01 -0.158398995423E+01
 -0.250000000000E+01 -0.250000000000E+01 -0.125000000000E+01  0.000000000000E+00 -0.250000000000E+01
  0.000000000000E+00  0.000000000000E+00  0.125000000000E+01  0.905837536509E+00  0.000000000000E+00  0.735450417037E+00  0.250000000000E+01
  0.182727219356E+01  0.162230260845E+01  0.280856328277E+01  0.000000000000E+00  0.109945440014E+01  0.375000000000E+01  0.227317933631E+01
  0.189599568386E+01  0.342819755379E+01  0.403384942830E+01  0.000000000000E+00  0.104050588738E+01  0.500000000000E+01  0.297954017413E+01
  0.214587157439E+01  0.430969386006E+01  0.408642231822E+01  0.500000000000E+01  0.125000000000E+01  0.304506426164E+01  0.398205049073E+01
  0.250000000000E+01  0.375000000000E+01  0.500000000000E+01  0.500000000000E+01  0.500000000000E+01
  0.000000000000E+00  0.000000000000E+00  0.509231651017E+00  0.472098660396E+00  0.000000000000E+00  0.480805603697E+00  0.534526640478E+00
  0.535828440334E+00  0.535478265955E+00  0.540785509946E+00  0.000000000000E+00  0.510355985123E+00  0.517182885172E+00  0.539186899467E+00
  0.542978945344E+00  0.529277295987E+00  0.511037681933E+00  0.000000000000E+00  0.495604512708E+00  0.492982637025E+00  0.531173286457E+00
  0.533777938965E+00  0.505621993934E+00  0.512004958312E+00  0.494165297986E+00  0.508459764195E+00  0.529554163546E+00  0.511911907371E+00
  0.537001621764E+00  0.514994863512E+00  0.492397284427E+00  0.494740878675E+00  0.491354393416E+00
  0.999989665041E+00  0.999990314978E+00  0.984104107106E+00  0.976444065643E+00  0.999991520367E+00  0.959042409169E+00  0.100368299998E+01
  0.994429033358E+00  0.991216031156E+00  0.100355134699E+01  0.999992846899E+00  0.971537364772E+00  0.100443305346E+01  0.100528455762E+01
  0.997216104922E+00  0.100662902149E+01  0.100305335378E+01  0.999993511960E+00  0.973515828385E+00  0.100047708080E+01  0.100763800039E+01
  0.100128566133E+01  0.100314070134E+01  0.100383228369E+01  0.100050439023E+01  0.985091609572E+00  0.100596500390E+01  0.100387955250E+01
  0.100289567776E+01  0.100485299288E+01  0.100082904662E+01  0.100062196846E+01  0.100045469615E+01
 -0.416369627077E-03 -0.402664006206E-03 -0.143915411016E-02 -0.175812225195E-02 -0.646821764610E-03 -0.459924207655E-03 -0.781833479187E-03
 -0.102672707275E-02 -0.113683793132E-02 -0.703563843507E-03 -0.422182145777E-03 -0.842406787700E-03 -0.552924656756E-03 -0.883811364154E-03
 -0.101049679802E-02 -0.592421588023E-03 -0.448169083457E-03 -0.504802353356E-03 -0.737818776120E-03 -0.533360820016E-03 -0.711963330721E-03
 -0.982163775067E-03 -0.364503808248E-03 -0.408374977540E-03 -0.531596985063E-03 -0.128949413290E-02 -0.701228139474E-03 -0.454818447258E-03
 -0.851274383407E-03 -0.558936048322E-03 -0.627155670299E-03 -0.505928072346E-03 -0.649346500106E-03
  0.990486456564E-04  0.105689637899E-03  0.256482970376E-03  0.248621208018E-03  0.200459456864E-03  0.800113264498E-03  0.205352447641E-03
  0.260346298810E-03  0.292703510841E-03  0.191674008367E-03  0.150860947652E-03  0.619752642771E-03  0.136379437021E-03  0.226970249210E-03
  0.277085288638E-03  0.164878644883E-03  0.136313553816E-03  0.134436135534E-03  0.566399398899E-03  0.496285248900E-04  0.184269963847E-03
  0.253275347925E-03  0.121556935468E-03  0.144248944778E-03  0.382456948495E-04  0.293305124870E-03  0.173286705089E-03  0.144351019577E-03
  0.217473135920E-03  0.131214783709E-03  0.398765734594E-04  0.395100787167E-04  0.320434507687E-04
  0.132825571157E-04  0.476230624075E-04  0.211035046808E-05  0.914032419222E-04 -0.333235288629E-04  0.116758651346E-03  0.490530234999E-05
  0.298302096987E-04  0.440293583419E-04  0.761003309773E-05 -0.285083477810E-04 -0.753368854999E-04  0.292713466687E-05 -0.746592726995E-06
 -0.265751243781E-04  0.753671321760E-05  0.245265417328E-05 -0.326309926193E-04 -0.450483361335E-04  0.105840860410E-05 -0.659201933410E-05
 -0.252742015270E-04  0.144204090220E-05  0.664245701516E-06 -0.253191732150E-05 -0.202351344048E-04 -0.789705906993E-06 -0.593689809990E-05
  0.156992854713E-05 -0.267466481246E-05 -0.257142051392E-05 -0.215888456674E-08 -0.551407037913E-06
 -0.370912429544E-04 -0.688672730262E-04  0.338242492502E-04  0.128626537335E-04 -0.105369941998E-03 -0.689276233314E-04  0.546714945754E-04
  0.646093043459E-04  0.139508305336E-03  0.617725832278E-04 -0.704961585355E-04  0.303477218782E-04  0.537022420968E-04  0.735780944732E-04
  0.121233718699E-03  0.417756454095E-04  0.582168474372E-04 -0.400516842593E-04 -0.177011387974E-04  0.624481753124E-04  0.459622196606E-04
  0.821897717398E-04  0.432875555278E-04  0.520621600651E-04  0.567207914810E-04  0.688567422975E-04  0.403083689944E-04  0.499793707179E-04
  0.580619607815E-04  0.457217942636E-04  0.657005383815E-04  0.550110423966E-04  0.691274823670E-04
  0.157188097535E-03  0.645726980038E-03  0.352283763090E-03  0.473821827100E-03  0.901630816344E-03 -0.290890511753E-03  0.147138885992E-03
  0.202666420199E-03  0.228955172340E-03  0.128526489163E-03  0.832261745503E-03 -0.628770145140E-04  0.108178042326E-03  0.165937344752E-03
  0.186462841906E-03  0.107202175971E-03  0.773916107839E-04  0.150759341693E-03 -0.569549222395E-04  0.150674421086E-03  0.134010406438E-03
  0.187605538056E-03  0.568580197901E-04  0.610824669505E-04  0.155187479063E-03  0.277825344549E-03  0.136157414765E-03  0.768205101004E-04
  0.163449117513E-03  0.112988758200E-03  0.185900457851E-03  0.145886879061E-03  0.196474803233E-03
 -0.194016407037E-11 -0.119228182191E-11 -0.356241579568E-10 -0.657886649863E-10  0.692555860123E-14 -0.156067514072E-09  0.229022045866E-10
  0.110698892101E-09 -0.533846441192E-10  0.215335687341E-10 -0.174937987267E-14 -0.691260137886E-10 -0.245299256006E-10  0.561402594886E-10
 -0.109271644293E-10 -0.162232474290E-10 -0.182158716295E-10 -0.196325289455E-12 -0.978972232084E-10 -0.492056894084E-11  0.231362140948E-10
  0.463839010022E-10 -0.145146854397E-10 -0.165203714030E-10  0.289531043504E-11 -0.243148588629E-10  0.172586898102E-10 -0.121872934051E-10
  0.553528235693E-10 -0.202770200606E-10 -0.484929708813E-11  0.670313328224E-11 -0.194424009806E-11
        12        15        14        14
        21        16        14        14
         9        14        10        10
        15        22        21        21
        29        27        22        22
        14        16        10        10
         7         8        10        10
        14        15        21        21
        14         9        12        12
         5        12         6         6
        21        24        16        16
        32        23        24        24
        28        21        27        27
        17        16        23        23
        28        31        24        24
        19        15        12        12
         4         2         6         6
         4         9         8         8
        10         8         9         9
        17        13        10        10
        19        26        22        22
        10        16        17        17
        23        25        17        17
        22        15        19        19
        12        11        19        19
        27        30        28        28
        33        31        28        28
         6         9         4         4
         8         3         4         4
        25        23        32        32
        10        13         7         7
         3         8         7         7
        30        27        29        29
         6         2         5         5
        11        12         5         5
        24        23        16        16
        13        17        20        20
        26        19        18        18
         2         4         1         1
        22        27        21        21
        31        32        24        24
        21        28        24        24
        26        29        22        22
         9         6        12        12
        11        18        19        19
        25        20        17        17
        30        33        28        28
         3         1         4         4
zone t="boundary 6 bc-6", solutiontime= 0.5000000E+02, strandid=1006, i=33, j=48, f=feblock
  0.375000000000E+01  0.250000000000E+01  0.500000000000E+01  0.403384942830E+01  0.280856328277E+01  0.125000000000E+01  0.182727219356E+01
  0.500000000000E+01  0.430969386006E+01  0.342819755379E+01  0.227317933631E+01  0.162230260845E+01  0.000000000000E+00  0.905837536509E+00
  0.500000000000E+01  0.408642231822E+01  0.297954017413E+01  0.189599568386E+01  0.109945440014E+01  0.735450417037E+00  0.000000000000E+00
  0.500000000000E+01  0.398205049073E+01  0.304506426164E+01  0.214587157439E+01  0.104050588738E+01  0.000000000000E+00  0.000000000000E+00
  0.500000000000E+01  0.375000000000E+01  0.250000000000E+01  0.125000000000E+01  0.000000000000E+00
  0.250000000000E+01  0.250000000000E+01  0.250000000000E+01  0.145332269920E+01  0.132549389334E+01  0.250000000000E+01  0.173899611320E+01
  0.125000000000E+01  0.518568023061E+00  0.350800286361E+00  0.490615021923E-01  0.825621401394E+00  0.250000000000E+01  0.157899473280E+01
  0.000000000000E+00 -0.461282870254E+00 -0.857924212153E+00 -0.873141960959E+00 -0.322732261638E+00  0.659350882208E+00  0.125000000000E+01
 -0.125000000000E+01 -0.158398995423E+01 -0.183684615440E+01 -0.165007033378E+01 -0.147959633950E+01  0.000000000000E+00 -0.125000000000E+01
 -0.250000000000E+01 -0.250000000000E+01 -0.250000000000E+01 -0.250000000000E+01 -0.250000000000E+01
  0.000000000000E+00  0.000000000000E+00  0.000000000000E+00  0.000000000000E+00  0.000000000000E+00  0.000000000000E+00  0.000000000000E+00
  0.000000000000E+00  0.000000000000E+00  0.000000000000E+00  0.000000000000E+00  0.000000000000E+00  0.000000000000E+00  0.000000000000E+00
  0.000000000000E+00  0.000000000000E+00  0.000000000000E+00  0.000000000000E+00  0.000000000000E+00  0.000000000000E+00  0.000000000000E+00
  0.000000000000E+00  0.000000000000E+00  0.000000000000E+00  0.000000000000E+00  0.000000000000E+00  0.000000000000E+00  0.000000000000E+00
  0.000000000000E+00  0.000000000000E+00  0.000000000000E+00  0.000000000000E+00  0.000000000000E+00
  0.000000000000E+00  0.000000000000E+00  0.000000000000E+00  0.000000000000E+00  0.000000000000E+00  0.000000000000E+00  0.000000000000E+00
  0.000000000000E+00  0.000000000000E+00  0.000000000000E+00  0.000000000000E+00  0.000000000000E+00  0.000000000000E+00  0.000000000000E+00
  0.000000000000E+00  0.000000000000E+00  0.000000000000E+00  0.000000000000E+00  0.000000000000E+00  0.000000000000E+00  0.000000000000E+00
  0.000000000000E+00  0.000000000000E+00  0.000000000000E+00  0.000000000000E+00  0.000000000000E+00  0.000000000000E+00  0.000000000000E+00
  0.000000000000E+00  0.000000000000E+00  0.000000000000E+00  0.000000000000E+00  0.000000000000E+00
  0.999989380190E+00  0.999989451040E+00  0.999989665041E+00  0.999989636947E+00  0.999989659209E+00  0.999989868921E+00  0.999989838547E+00
  0.999990314978E+00  0.999990717139E+00  0.999990526267E+00  0.999991266627E+00  0.999990619998E+00  0.999990335442E+00  0.999990410387E+00
  0.999991520367E+00  0.999992169986E+00  0.999992719204E+00  0.999992350550E+00  0.999991680168E+00  0.999990956169E+00  0.999990797222E+00
  0.999992846899E+00  0.999993421276E+00  0.999993505912E+00  0.999993182332E+00  0.999992551088E+00  0.999991453848E+00  0.999992202332E+00
  0.999993511960E+00  0.999993715260E+00  0.999993570321E+00  0.999993167142E+00  0.999992753610E+00
 -0.311849809161E-03 -0.155765870138E-04 -0.416369627077E-03 -0.378507999307E-03 -0.963956213617E-04  0.521027927729E-03  0.156170261640E-03
 -0.402664006206E-03 -0.459553443968E-03 -0.220295233462E-03  0.740863609599E-04  0.234012495134E-03  0.880212860931E-03  0.642341488491E-03
 -0.646821764610E-03 -0.492607638629E-03 -0.642807120526E-04  0.313360949919E-03  0.376719917566E-03  0.651505097091E-03  0.115887021549E-02
 -0.422182145777E-03 -0.421698558858E-03  0.306065347678E-05  0.903551708125E-04  0.351833110471E-03  0.106467420279E-02  0.387017597143E-03
 -0.504802353356E-03 -0.375570923171E-03 -0.814406148555E-04  0.409135158077E-03  0.480640536073E-03
 -0.361912611692E-04 -0.503995690567E-04  0.990486456564E-04 -0.400479448401E-04 -0.146528247875E-03 -0.141786442884E-03 -0.782077448446E-04
  0.105689637899E-03 -0.588146879397E-04 -0.119767459645E-03 -0.111463121560E-03 -0.128413327655E-03  0.239179630374E-04 -0.212939935654E-03
  0.200459456864E-03 -0.539369828571E-04 -0.127972965405E-03 -0.129755969187E-03 -0.172002855154E-03 -0.196042303282E-03  0.531755233121E-04
  0.150860947652E-03 -0.461256987882E-04 -0.148451055493E-03 -0.129690105320E-03 -0.913862758876E-04  0.837694168354E-04  0.627883161849E-04
  0.134436135534E-03 -0.434614412284E-04 -0.107997785259E-04 -0.580921101036E-04  0.445422441600E-04
 -0.785790722493E-05  0.187714479462E-05  0.132825571157E-04 -0.350747128127E-05  0.100663722241E-04  0.458239101242E-04 -0.348463423430E-05
  0.476230624075E-04  0.513254827140E-04  0.266487627080E-04 -0.198194986690E-04  0.722774241063E-06  0.457535152105E-04  0.185172634841E-04
 -0.333235288629E-04 -0.476595559091E-04 -0.109929806013E-03 -0.107901670142E-03 -0.127505393696E-03  0.459995222019E-05  0.563521204356E-04
 -0.285083477810E-04 -0.187713921006E-05  0.584669574531E-04  0.825100030614E-04  0.261324423530E-04  0.770864956699E-04 -0.209917287105E-04
 -0.326309926193E-04  0.120905348982E-04  0.436614750766E-04  0.249051472128E-04 -0.322086017024E-04
 -0.437092129789E-04 -0.976982564912E-04 -0.370912429544E-04 -0.108758500693E-03 -0.205662331750E-03 -0.123649265514E-03 -0.154647064575E-03
 -0.688672730262E-04 -0.123639834690E-03 -0.159840267646E-03 -0.292939655461E-03 -0.365755154542E-03 -0.220390658017E-03 -0.139899828505E-03
 -0.105369941998E-03 -0.117553684746E-03 -0.202008203140E-03 -0.281556958311E-03 -0.635418342509E-03 -0.265024854216E-03 -0.275356335410E-03
 -0.704961585355E-04 -0.811414241604E-04 -0.125210421031E-03 -0.193186145270E-03 -0.333642402509E-03 -0.188777458249E-03 -0.171796103267E-03
 -0.400516842593E-04 -0.480358903451E-04 -0.628170261852E-04 -0.105975190640E-03 -0.101973329779E-03
  0.616286606436E-03  0.541635979560E-03  0.157188097535E-03  0.619911556158E-03  0.927810305329E-03  0.715919023237E-04  0.703346801280E-03
  0.645726980038E-03  0.476769762607E-03  0.870827764851E-03  0.136948433653E-02  0.289928961631E-03 -0.676046137821E-03  0.145715841916E-02
  0.901630816344E-03  0.882332192429E-03  0.135422168541E-02  0.220349269750E-03  0.611122861181E-03  0.832001809175E-03 -0.109944542358E-02
  0.832261745503E-03  0.105388879251E-02 -0.107214367532E-03 -0.225105563629E-04  0.536110645054E-04  0.101683678966E-03  0.175837150315E-03
  0.150759341693E-03  0.446953614614E-03  0.708782063630E-03  0.487420795334E-03 -0.161760950635E-03
 -0.462604750725E-11 -0.147950739337E-10 -0.194016407037E-11 -0.288323522638E-10 -0.704609234702E-10 -0.952114081752E-10 -0.848884685427E-10
 -0.119228182191E-11 -0.928453128768E-11 -0.391598392915E-10 -0.396010636628E-10 -0.151032214222E-09 -0.420224947435E-09 -0.101188158977E-09
  0.692555860123E-14 -0.530237310857E-11 -0.148819509148E-10 -0.448570139687E-10 -0.542130931014E-09 -0.217217682340E-09 -0.503444205313E-09
 -0.174937987267E-14 -0.604995164016E-11 -0.106291094011E-10 -0.115219848964E-10 -0.129314593551E-09  0.405689410459E-09  0.955513293118E-10
 -0.196325289455E-12 -0.203373581870E-11 -0.543804928935E-11 -0.179669660129E-10 -0.670367257656E-10
        19        18        11        11
        17        10        11        11
        12        11         5         5
        18        25        17        17
        31        24        25        25
        11        10         5         5
         2         7         5         5
        11        18        17        17
        11        12        19        19
        27        19        20        20
        17        16        10        10
        15         9        16        16
        23        17        24        24
         4        10         9         9
        23        22        16        16
        26        18        19        19
        14        21        20        20
        14        12         7         7
         5         7        12        12
         4         1         5         5
        26        32        25        25
         5        10         4         4
         9         8         4         4
        25        18        26        26
        19        28        26        26
        24        30        23        23
        29        22        23        23
        20        12        14        14
         7         6        14        14
         8         9        15        15
         5         1         2         2
         6         7         2         2
        30        24        31        31
        20        21        27        27
        28        19        27        27
        16         9        10        10
         1         4         3         3
        32        26        33        33
        21        14        13        13
        25        24        17        17
        22        15        16        16
        17        23        16        16
        32        31        25        25
        12        20        19        19
        28        33        26        26
         8         3         4         4
        30        29        23        23
         6        13        14        14
