title="tecplot geometry and solution file"
variables = x y z rho u v w p mach temperature
zone t="boundary 1 bc-1", solutiontime= 0.5000000E+02, strandid=1001, i=32, j=46, f=feblock
  0.000000000000E+00  0.000000000000E+00  0.000000000000E+00  0.000000000000E+00  0.000000000000E+00  0.000000000000E+00  0.000000000000E+00
  0.000000000000E+00  0.000000000000E+00  0.000000000000E+00  0.000000000000E+00  0.000000000000E+00  0.000000000000E+00  0.000000000000E+00
  0.000000000000E+00  0.000000000000E+00  0.000000000000E+00  0.000000000000E+00  0.000000000000E+00  0.000000000000E+00  0.000000000000E+00
  0.000000000000E+00  0.000000000000E+00  0.000000000000E+00  0.000000000000E+00  0.000000000000E+00  0.000000000000E+00  0.000000000000E+00
  0.000000000000E+00  0.000000000000E+00  0.000000000000E+00  0.000000000000E+00
  0.250000000000E+01  0.250000000000E+01  0.125000000000E+01  0.146289271009E+01  0.157686156160E+01  0.308372018325E+00  0.000000000000E+00
 -0.125000000000E+01 -0.600232012419E+00  0.250000000000E+01  0.477386199275E+00  0.742988685424E+00 -0.739814786992E+00  0.177790177481E+01
  0.155830813274E+01  0.250000000000E+01 -0.250000000000E+01 -0.154800130438E+01 -0.487811078581E+00  0.250000000000E+01  0.627766083140E+00
 -0.345533899378E+00 -0.178862290564E+01 -0.158811787973E+01  0.125000000000E+01 -0.250000000000E+01 -0.144524380962E+01  0.000000000000E+00
 -0.125000000000E+01 -0.250000000000E+01 -0.250000000000E+01 -0.250000000000E+01
  0.000000000000E+00  0.125000000000E+01  0.000000000000E+00  0.103724302461E+01  0.219251206392E+01  0.922061490191E+00  0.000000000000E+00
  0.000000000000E+00  0.715990576545E+00  0.250000000000E+01  0.202479342020E+01  0.324151231464E+01  0.175434191980E+01  0.310152362409E+01
  0.404200324774E+01  0.375000000000E+01  0.000000000000E+00  0.930412228790E+00  0.299062775774E+01  0.500000000000E+01  0.429310310915E+01
  0.409252726285E+01  0.187029682677E+01  0.284428995242E+01  0.500000000000E+01  0.125000000000E+01  0.394624082883E+01  0.500000000000E+01
  0.500000000000E+01  0.250000000000E+01  0.375000000000E+01  0.500000000000E+01
  0.134427144999E+01  0.106355395613E+01  0.142583204972E+01  0.108608796969E+01  0.103229115344E+01  0.120095364276E+01  0.164466727736E+01
  0.149409064474E+01  0.123520367014E+01  0.102389313812E+01  0.102809523698E+01  0.101301828716E+01  0.103252946696E+01  0.101471891617E+01
  0.100663883755E+01  0.100830819009E+01  0.144945745210E+01  0.116393552228E+01  0.101462863997E+01  0.100426040820E+01  0.100679807417E+01
  0.100724553331E+01  0.104668119167E+01  0.101938460959E+01  0.100424800580E+01  0.106442280147E+01  0.100789341925E+01  0.100288843766E+01
  0.100334542034E+01  0.102847362145E+01  0.100958665741E+01  0.100399273191E+01
  0.000000000000E+00  0.445481415352E+00  0.000000000000E+00  0.468737856687E+00  0.462182264288E+00  0.443613738660E+00  0.000000000000E+00
  0.000000000000E+00  0.379272522439E+00  0.471738849208E+00  0.466574953322E+00  0.479355157539E+00  0.490159652764E+00  0.484514723990E+00
  0.488524784206E+00  0.489830188477E+00  0.000000000000E+00  0.450653304723E+00  0.474814029868E+00  0.495784887543E+00  0.490899471271E+00
  0.486835368161E+00  0.448668668952E+00  0.465807174801E+00  0.496536481747E+00  0.444686657035E+00  0.487701045389E+00  0.497534090267E+00
  0.496384264360E+00  0.470002878012E+00  0.489199905567E+00  0.495522026687E+00
  0.000000000000E+00  0.000000000000E+00  0.000000000000E+00  0.186085476888E-01 -0.276688484451E-02  0.332952483274E-01  0.000000000000E+00
  0.000000000000E+00 -0.594701654679E-02  0.000000000000E+00  0.356648477924E-02 -0.566638314095E-02 -0.416060196069E-02  0.305514327062E-04
 -0.106175917773E-02  0.000000000000E+00  0.000000000000E+00 -0.764112879232E-02  0.359618932918E-03  0.000000000000E+00 -0.203512305973E-02
 -0.138312919911E-02  0.156561481002E-02 -0.158521031616E-02 -0.638374791060E-04  0.000000000000E+00 -0.283455378152E-04 -0.196339537413E-03
  0.807126762235E-03  0.000000000000E+00  0.000000000000E+00  0.000000000000E+00
  0.000000000000E+00  0.452181758517E-01  0.000000000000E+00  0.123933295956E+00  0.247647171182E-01  0.165644512515E+00  0.000000000000E+00
  0.000000000000E+00  0.155763097749E+00  0.351822586274E-02  0.259783174323E-01 -0.651224677636E-02  0.748997921345E-01  0.371839291095E-02
 -0.149294457417E-03  0.459062424892E-03  0.000000000000E+00  0.140954084891E+00 -0.808565308522E-02  0.237177360785E-02 -0.304305735466E-03
 -0.438193608640E-02  0.255017491781E-01 -0.194957034345E-02  0.308362549286E-02  0.837461431986E-01 -0.121909319231E-02  0.268514646072E-02
  0.264043142074E-02  0.279387064760E-02 -0.834662793278E-03  0.345019205910E-02
  0.960184574193E+00  0.782340562445E+00  0.101844205146E+01  0.808726658292E+00  0.746125892435E+00  0.879446499956E+00  0.117475225764E+01
  0.106719924512E+01  0.916620147986E+00  0.737395239160E+00  0.743553973137E+00  0.725759211641E+00  0.757455251223E+00  0.729188343895E+00
  0.720785048384E+00  0.722781671096E+00  0.103531921617E+01  0.858317141472E+00  0.728065073576E+00  0.718615293843E+00  0.721013448851E+00
  0.721151587211E+00  0.760018786647E+00  0.732628403707E+00  0.718531161707E+00  0.791043235936E+00  0.722107949868E+00  0.717199383035E+00
  0.717636870836E+00  0.741799737618E+00  0.724056580215E+00  0.718400634686E+00
  0.000000000000E+00  0.441238348364E+00  0.000000000000E+00  0.475214987122E+00  0.460123708651E+00  0.468827815200E+00  0.000000000000E+00
  0.000000000000E+00  0.402302516704E+00  0.469814974213E+00  0.464411128863E+00  0.478714034090E+00  0.489298241426E+00  0.483068557782E+00
  0.487930072968E+00  0.488961654712E+00  0.000000000000E+00  0.464775721796E+00  0.473795651871E+00  0.495346591550E+00  0.490266103130E+00
  0.486286083742E+00  0.445717618035E+00  0.464382274783E+00  0.496127394813E+00  0.443624102948E+00  0.486964461688E+00  0.497246279658E+00
  0.496059270808E+00  0.467732355406E+00  0.488212087307E+00  0.495098264764E+00
  0.999990295028E+00  0.102982719505E+01  0.999990757902E+00  0.104247294253E+01  0.101190080524E+01  0.102520618290E+01  0.999991416700E+00
  0.999992168095E+00  0.103891223626E+01  0.100826277313E+01  0.101252833876E+01  0.100300548290E+01  0.102702865695E+01  0.100605563293E+01
  0.100244400483E+01  0.100355660053E+01  0.999992721791E+00  0.103239739235E+01  0.100459524091E+01  0.100179336273E+01  0.100260305844E+01
  0.100234966422E+01  0.101657153083E+01  0.100617544697E+01  0.100168844805E+01  0.104043292645E+01  0.100303376379E+01  0.100118726924E+01
  0.100134171025E+01  0.100976788418E+01  0.100405369352E+01  0.100176112495E+01
        12        19        11        11
        11         5        12        12
        10        14         5         5
        19        13        11        11
        19        24        13        13
        30        23        24        24
        19        12        22        22
        28        22        21        21
        11        13         6         6
         7         6         9         9
        15        12        14        14
        18        13        23        23
        15        25        21        21
        27        19        22        22
        18         8         9         9
        27        31        24        24
         4        11         6         6
         5        14        12        12
         4         2         5         5
        21        12        15        15
        14        16        15        15
        24        19        27        27
        22        29        27        27
        23        26        18        18
        17         8        18        18
         5        11         4         4
         6         3         4         4
        26        23        30        30
         5         2        10        10
        16        14        10        10
         3         6         7         7
        21        25        28        28
        29        22        28        28
         6        13         9         9
         2         4         1         1
        31        27        32        32
        25        15        20        20
        24        23        13        13
         8         7         9         9
        13        18         9         9
        31        30        24        24
        12        21        22        22
        29        32        27        27
         3         1         4         4
        26        17        18        18
        16        20        15        15
zone t="boundary 2 bc-2", solutiontime= 0.5000000E+02, strandid=1002, i=33, j=48, f=feblock
  0.500000000000E+01  0.375000000000E+01  0.250000000000E+01  0.288078410721E+01  0.125000000000E+01  0.190974100652E+01  0.326683758169E+01
  0.201431602454E+01  0.000000000000E+00  0.963108083381E+00  0.500000000000E+01  0.403552511878E+01  0.423153924130E+01  0.500000000000E+01
  0.385533350601E+01  0.500000000000E+01  0.398173246726E+01  0.315249557942E+01  0.267000324704E+01  0.154774304040E+01  0.218329375016E+01
  0.893127759452E+00  0.000000000000E+00  0.698517061619E+00  0.964171764089E+00  0.310324758057E+01  0.000000000000E+00  0.000000000000E+00
  0.125000000000E+01  0.500000000000E+01  0.375000000000E+01  0.250000000000E+01  0.000000000000E+00
 -0.250000000000E+01 -0.250000000000E+01 -0.250000000000E+01 -0.250000000000E+01 -0.250000000000E+01 -0.250000000000E+01 -0.250000000000E+01
 -0.250000000000E+01 -0.250000000000E+01 -0.250000000000E+01 -0.250000000000E+01 -0.250000000000E+01 -0.250000000000E+01 -0.250000000000E+01
 -0.250000000000E+01 -0.250000000000E+01 -0.250000000000E+01 -0.250000000000E+01 -0.250000000000E+01 -0.250000000000E+01 -0.250000000000E+01
 -0.250000000000E+01 -0.250000000000E+01 -0.250000000000E+01 -0.250000000000E+01 -0.250000000000E+01 -0.250000000000E+01 -0.250000000000E+01
 -0.250000000000E+01 -0.250000000000E+01 -0.250000000000E+01 -0.250000000000E+01 -0.250000000000E+01
  0.000000000000E+00  0.000000000000E+00  0.000000000000E+00  0.904659890645E+00  0.000000000000E+00  0.717002441913E+00  0.188609243358E+01
  0.176246431481E+01  0.000000000000E+00  0.961328577125E+00  0.125000000000E+01  0.101201586758E+01  0.191586535653E+01  0.250000000000E+01
  0.293121848150E+01  0.375000000000E+01  0.406975391361E+01  0.363585050272E+01  0.285047954584E+01  0.292817774674E+01  0.395907379566E+01
  0.205246550326E+01  0.125000000000E+01  0.306828197606E+01  0.397245519226E+01  0.433168271247E+01  0.250000000000E+01  0.375000000000E+01
  0.500000000000E+01  0.500000000000E+01  0.500000000000E+01  0.500000000000E+01  0.500000000000E+01
  0.830787404849E+00  0.935297256690E+00  0.934221982248E+00  0.968087713323E+00  0.961719528812E+00  0.964848332665E+00  0.984136201359E+00
  0.991412447337E+00  0.144945745210E+01  0.102921689337E+01  0.955878696838E+00  0.960692920420E+00  0.981487961921E+00  0.100642910916E+01
  0.997912123494E+00  0.100977863981E+01  0.100199481685E+01  0.998063237105E+00  0.991085838954E+00  0.100132719342E+01  0.100094600693E+01
  0.101224609900E+01  0.106442280147E+01  0.101082190542E+01  0.100685258285E+01  0.100118414321E+01  0.102847362145E+01  0.100958665741E+01
  0.100510171620E+01  0.100179475832E+01  0.100266315912E+01  0.100321164524E+01  0.100399273191E+01
  0.000000000000E+00  0.000000000000E+00  0.000000000000E+00  0.378986940760E+00  0.000000000000E+00  0.340639444108E+00  0.582179008408E+00
  0.575195820414E+00  0.000000000000E+00  0.489449421501E+00  0.494741334923E+00  0.431507386983E+00  0.568961825015E+00  0.536179830638E+00
  0.568879739705E+00  0.516235685103E+00  0.508555698947E+00  0.527399282553E+00  0.566648549477E+00  0.531828923565E+00  0.506096460403E+00
  0.520701999151E+00  0.444686657035E+00  0.491339919630E+00  0.492734936010E+00  0.501504484891E+00  0.470002878012E+00  0.489199905567E+00
  0.490458182907E+00  0.491426954039E+00  0.486218275576E+00  0.490304438559E+00  0.495522026687E+00
  0.000000000000E+00  0.000000000000E+00  0.000000000000E+00  0.000000000000E+00  0.000000000000E+00  0.000000000000E+00  0.000000000000E+00
  0.000000000000E+00  0.000000000000E+00  0.000000000000E+00  0.000000000000E+00  0.000000000000E+00  0.000000000000E+00  0.000000000000E+00
  0.000000000000E+00  0.000000000000E+00  0.000000000000E+00  0.000000000000E+00  0.000000000000E+00  0.000000000000E+00  0.000000000000E+00
  0.000000000000E+00  0.000000000000E+00  0.000000000000E+00  0.000000000000E+00  0.000000000000E+00  0.000000000000E+00  0.000000000000E+00
  0.000000000000E+00  0.000000000000E+00  0.000000000000E+00  0.000000000000E+00  0.000000000000E+00
  0.000000000000E+00  0.000000000000E+00  0.000000000000E+00 -0.229669074725E-02  0.000000000000E+00  0.183565246500E-01  0.121122188281E-01
  0.454986545268E-01  0.000000000000E+00  0.870789633407E-01 -0.995426183044E-01 -0.211864967061E-01 -0.306441469175E-01 -0.414442956049E-01
 -0.137882981036E-02  0.259919304480E-02  0.609480527564E-03  0.503573538617E-03  0.150967305637E-01  0.284025722963E-01  0.564163889778E-02
  0.553419833462E-01  0.837461431986E-01  0.110441021961E-01  0.679169192411E-02 -0.758115350336E-03  0.279387064760E-02 -0.834662793278E-03
  0.400708368047E-02  0.602719330836E-02 -0.143884218946E-03  0.120121371697E-02  0.345019205910E-02
  0.593415710175E+00  0.668065253584E+00  0.667297107203E+00  0.684257572561E+00  0.686937806288E+00  0.679201335841E+00  0.695811645529E+00
  0.702343853269E+00  0.103531921617E+01  0.723694676401E+00  0.672591691143E+00  0.675702734389E+00  0.694093188974E+00  0.720959962637E+00
  0.712691281985E+00  0.724770830499E+00  0.716580562940E+00  0.713298991896E+00  0.706429557650E+00  0.717737239064E+00  0.715376602489E+00
  0.730937675079E+00  0.791043235936E+00  0.724372849989E+00  0.721010721434E+00  0.715457540601E+00  0.741799737618E+00  0.724056580215E+00
  0.719312938137E+00  0.715892799218E+00  0.716608904486E+00  0.717367939381E+00  0.718400634686E+00
  0.000000000000E+00  0.000000000000E+00  0.000000000000E+00  0.380991906329E+00  0.000000000000E+00  0.343629824932E+00  0.585286157269E+00
  0.579373264004E+00  0.000000000000E+00  0.501056068996E+00  0.508460362013E+00  0.435373026842E+00  0.572640041152E+00  0.537002098953E+00
  0.568922553998E+00  0.514994090602E+00  0.508247258896E+00  0.527252853918E+00  0.567446661279E+00  0.531657144084E+00  0.505981017077E+00
  0.520795579253E+00  0.443624102948E+00  0.490663730505E+00  0.492155873679E+00  0.501390785464E+00  0.467732355406E+00  0.488212087307E+00
  0.490002766937E+00  0.491352304351E+00  0.486075474385E+00  0.490036479375E+00  0.495098264764E+00
  0.999993487378E+00  0.999993690057E+00  0.999993543115E+00  0.989539055606E+00  0.999993137282E+00  0.985524706822E+00  0.989838908878E+00
  0.991798516569E+00  0.999992721791E+00  0.984411112453E+00  0.985091906238E+00  0.984689080181E+00  0.990058464560E+00  0.100289621843E+01
  0.999855369313E+00  0.100485306650E+01  0.100121554647E+01  0.100055642922E+01  0.997896793435E+00  0.100350029570E+01  0.100058068722E+01
  0.101093276242E+01  0.104043292645E+01  0.100326475371E+01  0.100254498742E+01  0.100045587381E+01  0.100976788418E+01  0.100405369352E+01
  0.100192656839E+01  0.100045434514E+01  0.100058774191E+01  0.100109993729E+01  0.100176112495E+01
        15         7        19        19
         8        20        19        19
        18        19        21        21
         7         4         8         8
         3         6         4         4
        19         7         8         8
        19        18        15        15
        14        13        15        15
         8        22        20        20
        27        24        22        22
        19        20        21        21
        32        26        21        21
        17        18        26        26
        17        16        15        15
        25        29        21        21
        12         7        13        13
        10         8         6         6
        25        20        24        24
         4         6         8         8
        12         2         4         4
        10        23        22        22
        26        31        17        17
        30        16        17        17
         4         7        12        12
        13        11        12        12
        21        20        25        25
        24        28        25        25
        22         8        10        10
         6         5        10        10
        31        26        32        32
         4         2         3         3
         5         6         3         3
        11        13        14        14
        22        23        27        27
        28        24        27        27
        15        13         7         7
         2        12         1         1
        29        25        33        33
        23        10         9         9
        21        26        18        18
        16        14        15        15
        18        17        15        15
        29        32        21        21
        22        24        20        20
        28        33        25        25
        11         1        12        12
        31        30        17        17
         5         9        10        10
zone t="boundary 3 bc-3", solutiontime= 0.5000000E+02, strandid=1003, i=33, j=48, f=feblock
  0.375000000000E+01  0.250000000000E+01  0.500000000000E+01  0.403552511878E+01  0.288078410721E+01  0.125000000000E+01  0.190974100652E+01
  0.500000000000E+01  0.326683758169E+01  0.423153924130E+01  0.201431602454E+01  0.000000000000E+00  0.963108083381E+00  0.500000000000E+01
  0.267000324704E+01  0.385533350601E+01  0.893127759452E+00  0.154774304040E+01  0.000000000000E+00  0.500000000000E+01  0.315249557942E+01
  0.218329375016E+01  0.398173246726E+01  0.000000000000E+00  0.698517061619E+00  0.964171764089E+00  0.125000000000E+01  0.000000000000E+00
  0.500000000000E+01  0.310324758057E+01  0.250000000000E+01  0.375000000000E+01  0.000000000000E+00
  0.250000000000E+01  0.250000000000E+01  0.250000000000E+01  0.250000000000E+01  0.250000000000E+01  0.250000000000E+01  0.250000000000E+01
  0.250000000000E+01  0.250000000000E+01  0.250000000000E+01  0.250000000000E+01  0.250000000000E+01  0.250000000000E+01  0.250000000000E+01
  0.250000000000E+01  0.250000000000E+01  0.250000000000E+01  0.250000000000E+01  0.250000000000E+01  0.250000000000E+01  0.250000000000E+01
  0.250000000000E+01  0.250000000000E+01  0.250000000000E+01  0.250000000000E+01  0.250000000000E+01  0.250000000000E+01  0.250000000000E+01
  0.250000000000E+01  0.250000000000E+01  0.250000000000E+01  0.250000000000E+01  0.250000000000E+01
  0.000000000000E+00  0.000000000000E+00  0.000000000000E+00  0.101201586758E+01  0.904659890645E+00  0.000000000000E+00  0.717002441913E+00
  0.125000000000E+01  0.188609243358E+01  0.191586535653E+01  0.176246431481E+01  0.000000000000E+00  0.961328577125E+00  0.250000000000E+01
  0.285047954584E+01  0.293121848150E+01  0.205246550326E+01  0.292817774674E+01  0.125000000000E+01  0.375000000000E+01  0.363585050272E+01
  0.395907379566E+01  0.406975391361E+01  0.250000000000E+01  0.306828197606E+01  0.397245519226E+01  0.500000000000E+01  0.375000000000E+01
  0.500000000000E+01  0.433168271247E+01  0.500000000000E+01  0.500000000000E+01  0.500000000000E+01
  0.941861272592E+00  0.946296420237E+00  0.843730492090E+00  0.964331006694E+00  0.978820743815E+00  0.956975891699E+00  0.983331403572E+00
  0.963500317251E+00  0.982689306751E+00  0.984243965634E+00  0.990263815971E+00  0.134427144999E+01  0.101918251349E+01  0.100829903917E+01
  0.993456155413E+00  0.997998684837E+00  0.100807808382E+01  0.100072116346E+01  0.106355395613E+01  0.100673529108E+01  0.100058356141E+01
  0.100234980732E+01  0.100178076615E+01  0.102389313812E+01  0.100874208394E+01  0.100528370906E+01  0.100522860305E+01  0.100830819009E+01
  0.100196461984E+01  0.100162012368E+01  0.100413205365E+01  0.100321958213E+01  0.100426040820E+01
  0.000000000000E+00  0.000000000000E+00  0.000000000000E+00  0.439071269139E+00  0.399865812732E+00  0.000000000000E+00  0.373794144912E+00
  0.495017673288E+00  0.573056189820E+00  0.569605108982E+00  0.559932658686E+00  0.000000000000E+00  0.483390704808E+00  0.533822131129E+00
  0.556458762776E+00  0.564688361319E+00  0.522615496204E+00  0.522533036084E+00  0.445481415352E+00  0.518326923528E+00  0.524750914806E+00
  0.503888173917E+00  0.509839741670E+00  0.471738849208E+00  0.496245454495E+00  0.494940396274E+00  0.489076358859E+00  0.489830188477E+00
  0.493064989584E+00  0.499146610086E+00  0.486766642882E+00  0.484757875329E+00  0.495784887543E+00
  0.000000000000E+00  0.000000000000E+00  0.000000000000E+00  0.000000000000E+00  0.000000000000E+00  0.000000000000E+00  0.000000000000E+00
  0.000000000000E+00  0.000000000000E+00  0.000000000000E+00  0.000000000000E+00  0.000000000000E+00  0.000000000000E+00  0.000000000000E+00
  0.000000000000E+00  0.000000000000E+00  0.000000000000E+00  0.000000000000E+00  0.000000000000E+00  0.000000000000E+00  0.000000000000E+00
  0.000000000000E+00  0.000000000000E+00  0.000000000000E+00  0.000000000000E+00  0.000000000000E+00  0.000000000000E+00  0.000000000000E+00
  0.000000000000E+00  0.000000000000E+00  0.000000000000E+00  0.000000000000E+00  0.000000000000E+00
  0.000000000000E+00  0.000000000000E+00  0.000000000000E+00 -0.226115190197E-01  0.111963814160E-01  0.000000000000E+00  0.179816810030E-01
 -0.100761225968E+00  0.390410751623E-02 -0.389325416050E-01  0.340377325195E-01  0.000000000000E+00  0.652293782835E-01 -0.424929692098E-01
  0.843881020270E-02 -0.650994061069E-02  0.490054841557E-01  0.135873483941E-01  0.452181758517E-01  0.737198117570E-03 -0.701223021792E-03
  0.243744353856E-02  0.868930401174E-03  0.351822586274E-02  0.103945255527E-01  0.431655373253E-02  0.337507289073E-02  0.459062424892E-03
  0.572579787419E-02  0.341102364632E-03  0.160978427639E-02  0.569905735860E-03  0.237177360785E-02
  0.672750879873E+00  0.675918855563E+00  0.602658385679E+00  0.676093765466E+00  0.691308921577E+00  0.683547254657E+00  0.690066482701E+00
  0.677274864433E+00  0.695201828262E+00  0.696250866686E+00  0.703344068854E+00  0.960184574193E+00  0.719726359131E+00  0.722866646186E+00
  0.709447759247E+00  0.713700946855E+00  0.726067414147E+00  0.716602922866E+00  0.782340562445E+00  0.722284531942E+00  0.716128637296E+00
  0.716551643916E+00  0.716546536723E+00  0.737395239160E+00  0.722682911085E+00  0.719441264267E+00  0.719566095365E+00  0.722781671096E+00
  0.716030183461E+00  0.715847822481E+00  0.718146783119E+00  0.717062470521E+00  0.718615293843E+00
  0.000000000000E+00  0.000000000000E+00  0.000000000000E+00  0.443767747613E+00  0.402286945395E+00  0.000000000000E+00  0.377550369431E+00
  0.509232118990E+00  0.575832179144E+00  0.573707404672E+00  0.562554064231E+00  0.000000000000E+00  0.490563299746E+00  0.534527097389E+00
  0.556586981858E+00  0.564391578115E+00  0.522730517216E+00  0.522052000005E+00  0.441238348364E+00  0.517182330498E+00  0.524228629874E+00
  0.503687457146E+00  0.509488566339E+00  0.469814974213E+00  0.495614442330E+00  0.494483780005E+00  0.488562428899E+00  0.488961654712E+00
  0.492980746269E+00  0.499005550253E+00  0.486460936996E+00  0.484596931034E+00  0.495346591550E+00
  0.999989339439E+00  0.999989408763E+00  0.999989626853E+00  0.981541882488E+00  0.988773987804E+00  0.999989827143E+00  0.982469462759E+00
  0.984104305136E+00  0.990427547018E+00  0.990355285270E+00  0.994362997531E+00  0.999990295028E+00  0.988652071091E+00  0.100368369436E+01
  0.999769197195E+00  0.100118501234E+01  0.100834885325E+01  0.100252111042E+01  0.102982719505E+01  0.100443319478E+01  0.100199536639E+01
  0.100082056600E+01  0.100138192438E+01  0.100826277313E+01  0.100298787135E+01  0.100192389561E+01  0.100215267498E+01  0.100355660053E+01
  0.100047670047E+01  0.100056591095E+01  0.100126820243E+01  0.100066573322E+01  0.100179336273E+01
        15         9        16        16
        15        18        11        11
        22        15        21        21
        11         5         9         9
         5         7         2         2
        11         9        15        15
        16        21        15        15
        16        10        14        14
        18        17        11        11
        17        25        24        24
        22        18        15        15
        22        30        31        31
        30        21        23        23
        16        20        23        23
        22        27        26        26
        10         9         4         4
         7        11        13        13
        25        18        26        26
        11         7         5         5
         5         1         4         4
        17        19        13        13
        23        32        30        30
        23        20        29        29
         4         9         5         5
         4         8        10        10
        26        18        22        22
        26        28        25        25
        13        11        17        17
        13         6         7         7
        31        30        32        32
         2         1         5         5
         2         7         6         6
        14        10         8         8
        24        19        17        17
        24        25        28        28
         9        10        16        16
         3         4         1         1
        33        26        27        27
        12        13        19        19
        21        30        22        22
        16        14        20        20
        16        23        21        21
        22        31        27        27
        18        25        17        17
        26        33        28        28
         4         3         8         8
        23        29        32        32
        13        12         6         6
zone t="boundary 4 bc-4", solutiontime= 0.5000000E+02, strandid=1004, i=32, j=46, f=feblock
  0.125000000000E+01  0.219251206392E+01  0.103724302461E+01  0.500000000000E+01  0.250000000000E+01  0.375000000000E+01  0.404200324774E+01
  0.500000000000E+01  0.000000000000E+00  0.310152362409E+01  0.202479342020E+01  0.324151231464E+01  0.922061490191E+00  0.000000000000E+00
  0.299062775774E+01  0.394624082883E+01  0.500000000000E+01  0.409252726285E+01  0.500000000000E+01  0.429310310915E+01  0.175434191980E+01
  0.284428995242E+01  0.000000000000E+00  0.000000000000E+00  0.715990576545E+00  0.930412228790E+00  0.125000000000E+01  0.187029682677E+01
  0.500000000000E+01  0.375000000000E+01  0.250000000000E+01  0.000000000000E+00
  0.250000000000E+01  0.157686156160E+01  0.146289271009E+01  0.250000000000E+01  0.250000000000E+01  0.250000000000E+01  0.155830813274E+01
  0.125000000000E+01  0.250000000000E+01  0.177790177481E+01  0.477386199275E+00  0.742988685424E+00  0.308372018325E+00  0.125000000000E+01
 -0.487811078581E+00 -0.144524380962E+01 -0.125000000000E+01 -0.345533899378E+00  0.000000000000E+00  0.627766083140E+00 -0.739814786992E+00
 -0.158811787973E+01  0.000000000000E+00 -0.125000000000E+01 -0.600232012419E+00 -0.154800130438E+01 -0.250000000000E+01 -0.178862290564E+01
 -0.250000000000E+01 -0.250000000000E+01 -0.250000000000E+01 -0.250000000000E+01
  0.500000000000E+01  0.500000000000E+01  0.500000000000E+01  0.500000000000E+01  0.500000000000E+01  0.500000000000E+01  0.500000000000E+01
  0.500000000000E+01  0.500000000000E+01  0.500000000000E+01  0.500000000000E+01  0.500000000000E+01  0.500000000000E+01  0.500000000000E+01
  0.500000000000E+01  0.500000000000E+01  0.500000000000E+01  0.500000000000E+01  0.500000000000E+01  0.500000000000E+01  0.500000000000E+01
  0.500000000000E+01  0.500000000000E+01  0.500000000000E+01  0.500000000000E+01  0.500000000000E+01  0.500000000000E+01  0.500000000000E+01
  0.500000000000E+01  0.500000000000E+01  0.500000000000E+01  0.500000000000E+01
  0.100522860305E+01  0.100432972644E+01  0.100432034584E+01  0.100196461984E+01  0.100413205365E+01  0.100321958213E+01  0.100258623331E+01
  0.100201175438E+01  0.100426040820E+01  0.100372310387E+01  0.100446502197E+01  0.100346952085E+01  0.100365984934E+01  0.100424800580E+01
  0.100362337511E+01  0.100164191976E+01  0.100227632654E+01  0.100227311677E+01  0.100213446737E+01  0.100254347696E+01  0.100442386320E+01
  0.100337264002E+01  0.100288843766E+01  0.100334542034E+01  0.100323223018E+01  0.100406087111E+01  0.100510171620E+01  0.100431307079E+01
  0.100179475832E+01  0.100266315912E+01  0.100321164524E+01  0.100399273191E+01
  0.489076358859E+00  0.489238599671E+00  0.490983331776E+00  0.493064989584E+00  0.486766642882E+00  0.484757875329E+00  0.485404962199E+00
  0.494262736419E+00  0.495784887543E+00  0.486800249222E+00  0.488139338116E+00  0.487244596029E+00  0.494423293060E+00  0.496536481747E+00
  0.487845784425E+00  0.483219470489E+00  0.492573588017E+00  0.487262282109E+00  0.494865949266E+00  0.488012497432E+00  0.490096716830E+00
  0.488269666649E+00  0.497534090267E+00  0.496384264360E+00  0.495259755783E+00  0.493216438914E+00  0.490458182907E+00  0.490400009098E+00
  0.491426954039E+00  0.486218275576E+00  0.490304438559E+00  0.495522026687E+00
  0.000000000000E+00 -0.893973211523E-04 -0.129755083270E-02  0.000000000000E+00  0.000000000000E+00  0.000000000000E+00  0.425702046313E-03
  0.797025580318E-03  0.000000000000E+00  0.274713443996E-03 -0.942430816236E-03 -0.820004683142E-03 -0.174523847324E-02 -0.638374791060E-04
 -0.110022569988E-02 -0.102277311202E-02 -0.133259051478E-02 -0.213433862035E-02 -0.132929170348E-02 -0.106401015895E-02 -0.624408486792E-03
 -0.761701607739E-03 -0.196339537413E-03  0.807126762235E-03  0.520226563595E-04  0.161630474541E-02  0.000000000000E+00  0.791647254235E-03
  0.000000000000E+00  0.000000000000E+00  0.000000000000E+00  0.000000000000E+00
  0.337507289073E-02  0.271221809095E-02  0.385738591211E-02  0.572579787419E-02  0.160978427639E-02  0.569905735860E-03  0.203987601277E-02
  0.493731088858E-02  0.237177360785E-02  0.107169008850E-02  0.201396414587E-02 -0.165356008643E-04  0.501060114407E-02  0.308362549286E-02
  0.287910837106E-04  0.111420318653E-02  0.487151855651E-02  0.118268159538E-02  0.497034556447E-02  0.146529653603E-02  0.271572468618E-02
  0.899663613293E-04  0.268514646072E-02  0.264043142074E-02  0.438666777187E-02  0.489569343495E-02  0.400708368047E-02  0.232275533386E-02
  0.602719330836E-02 -0.143884218946E-03  0.120121371697E-02  0.345019205910E-02
  0.719566095365E+00  0.718473475339E+00  0.718651091143E+00  0.716030183461E+00  0.718146783119E+00  0.717062470521E+00  0.716314618487E+00
  0.716083346618E+00  0.718615293843E+00  0.717750685665E+00  0.718429582082E+00  0.717283116751E+00  0.718078237233E+00  0.718531161707E+00
  0.717564006008E+00  0.715464773268E+00  0.716504897113E+00  0.716068796084E+00  0.716255182153E+00  0.716270748455E+00  0.718698532947E+00
  0.717403235037E+00  0.717199383035E+00  0.717636870836E+00  0.717544912001E+00  0.718476366649E+00  0.719312938137E+00  0.718541156845E+00
  0.715892799218E+00  0.716608904486E+00  0.717367939381E+00  0.718400634686E+00
  0.488562428899E+00  0.488873128361E+00  0.490562939853E+00  0.492980746269E+00  0.486460936996E+00  0.484596931034E+00  0.485347902484E+00
  0.494163545340E+00  0.495346591550E+00  0.486528233940E+00  0.487819999660E+00  0.487068919052E+00  0.494045904932E+00  0.496127394813E+00
  0.487612359235E+00  0.483219723725E+00  0.492395511558E+00  0.487214145643E+00  0.494738987871E+00  0.487958531954E+00  0.489677249516E+00
  0.488029106847E+00  0.497246279658E+00  0.496059270808E+00  0.494951052416E+00  0.492800373818E+00  0.490002766937E+00  0.490005124628E+00
  0.491352304351E+00  0.486075474385E+00  0.490036479375E+00  0.495098264764E+00
  0.100215267498E+01  0.100152652958E+01  0.100178347653E+01  0.100047670047E+01  0.100126820243E+01  0.100066573322E+01  0.100025357676E+01
  0.100050391713E+01  0.100179336273E+01  0.100112367251E+01  0.100133045244E+01  0.100072432952E+01  0.100164366721E+01  0.100168844805E+01
  0.100096274492E+01  0.100000874846E+01  0.100082864315E+01  0.100022269154E+01  0.100062146115E+01  0.100023497323E+01  0.100174635728E+01
  0.100098855499E+01  0.100118726924E+01  0.100134171025E+01  0.100132635952E+01  0.100179873775E+01  0.100192656839E+01  0.100163748620E+01
  0.100045434514E+01  0.100058774191E+01  0.100109993729E+01  0.100176112495E+01
        12        15        11        11
        11         2        12        12
         5        10         2         2
        15        21        11        11
        15        22        21        21
        31        28        22        22
        15        12        18        18
        19        18        20        20
        11        21        13        13
        23        13        25        25
         7        12        10        10
        26        21        28        28
         7         8        20        20
        16        15        18        18
        26        24        25        25
        16        30        22        22
         3        11        13        13
         2        10        12        12
         3         1         2         2
        20        12         7         7
        10         6         7         7
        22        15        16        16
        18        17        16        16
        28        27        26        26
        32        24        26        26
         2        11         3         3
        13        14         3         3
        27        28        31        31
         2         1         5         5
         6        10         5         5
        14        13        23        23
        20         8        19        19
        17        18        19        19
        13        21        25        25
         1         3         9         9
        30        16        29        29
         8         7         4         4
        22        28        21        21
        24        23        25        25
        21        26        25        25
        30        31        22        22
        12        20        18        18
        17        29        16        16
        14         9         3         3
        27        32        26        26
         6         4         7         7
zone t="boundary 5 bc-5", solutiontime= 0.5000000E+02, strandid=1005, i=33, j=48, f=feblock
  0.500000000000E+01  0.500000000000E+01  0.500000000000E+01  0.500000000000E+01  0.500000000000E+01  0.500000000000E+01  0.500000000000E+01
  0.500000000000E+01  0.500000000000E+01  0.500000000000E+01  0.500000000000E+01  0.500000000000E+01  0.500000000000E+01  0.500000000000E+01
  0.500000000000E+01  0.500000000000E+01  0.500000000000E+01  0.500000000000E+01  0.500000000000E+01  0.500000000000E+01  0.500000000000E+01
  0.500000000000E+01  0.500000000000E+01  0.500000000000E+01  0.500000000000E+01  0.500000000000E+01  0.500000000000E+01  0.500000000000E+01
  0.500000000000E+01  0.500000000000E+01  0.500000000000E+01  0.500000000000E+01  0.500000000000E+01
  0.250000000000E+01  0.125000000000E+01  0.250000000000E+01  0.157899473280E+01  0.000000000000E+00  0.659350882208E+00  0.250000000000E+01
  0.173899611320E+01  0.825621401394E+00  0.132549389334E+01 -0.125000000000E+01 -0.322732261638E+00  0.250000000000E+01  0.490615021923E-01
 -0.873141960959E+00  0.350800286361E+00  0.145332269920E+01 -0.250000000000E+01 -0.147959633950E+01  0.250000000000E+01 -0.857924212153E+00
 -0.165007033378E+01  0.518568023061E+00 -0.461282870254E+00  0.125000000000E+01 -0.250000000000E+01 -0.183684615440E+01 -0.158398995423E+01
 -0.250000000000E+01 -0.250000000000E+01 -0.125000000000E+01  0.000000000000E+00 -0.250000000000E+01
  0.000000000000E+00  0.000000000000E+00  0.125000000000E+01  0.905837536509E+00  0.000000000000E+00  0.735450417037E+00  0.250000000000E+01
  0.182727219356E+01  0.162230260845E+01  0.280856328277E+01  0.000000000000E+00  0.109945440014E+01  0.375000000000E+01  0.227317933631E+01
  0.189599568386E+01  0.342819755379E+01  0.403384942830E+01  0.000000000000E+00  0.104050588738E+01  0.500000000000E+01  0.297954017413E+01
  0.214587157439E+01  0.430969386006E+01  0.408642231822E+01  0.500000000000E+01  0.125000000000E+01  0.304506426164E+01  0.398205049073E+01
  0.250000000000E+01  0.375000000000E+01  0.500000000000E+01  0.500000000000E+01  0.500000000000E+01
  0.843730492090E+00  0.773800432766E+00  0.963500317251E+00  0.924939843772E+00  0.762981892544E+00  0.875168889231E+00  0.100829903917E+01
  0.990761267008E+00  0.976727187678E+00  0.100514032567E+01  0.766457791999E+00  0.908966786507E+00  0.100673529108E+01  0.100560973775E+01
  0.986056724599E+00  0.101043864846E+01  0.100450492520E+01  0.830787404849E+00  0.914364207631E+00  0.100196461984E+01  0.101288280300E+01
  0.100045262109E+01  0.100546828147E+01  0.100583108778E+01  0.100201175438E+01  0.955878696838E+00  0.101161895136E+01  0.100703675609E+01
  0.100642910916E+01  0.100977863981E+01  0.100227632654E+01  0.100213446737E+01  0.100179475832E+01
  0.000000000000E+00  0.000000000000E+00  0.495017673288E+00  0.452411217817E+00  0.000000000000E+00  0.460317360210E+00  0.533822131129E+00
  0.528246196867E+00  0.524489272735E+00  0.541031273386E+00  0.000000000000E+00  0.493169665312E+00  0.518326923528E+00  0.537410527798E+00
  0.536126148088E+00  0.530985616097E+00  0.511794201614E+00  0.000000000000E+00  0.478351750515E+00  0.493064989584E+00  0.532835832059E+00
  0.529743424862E+00  0.506365672303E+00  0.512957928906E+00  0.494262736419E+00  0.494741334923E+00  0.530894103969E+00  0.512877732256E+00
  0.536179830638E+00  0.516235685103E+00  0.492573588017E+00  0.494865949266E+00  0.491426954039E+00
  0.000000000000E+00  0.000000000000E+00  0.000000000000E+00 -0.192256290941E-01  0.000000000000E+00 -0.782162465140E-02  0.000000000000E+00
 -0.731618920014E-02 -0.132772516153E-01 -0.770194824478E-04  0.000000000000E+00 -0.648828202771E-02  0.000000000000E+00 -0.438715960155E-03
  0.446873781037E-02  0.314795896097E-02  0.218335979560E-02  0.000000000000E+00  0.142733303655E-01  0.000000000000E+00  0.343441743159E-02
  0.491448160208E-02  0.170477760488E-02  0.690710889674E-03  0.797025580318E-03  0.000000000000E+00  0.192084697711E-02  0.477061581590E-03
  0.000000000000E+00  0.000000000000E+00 -0.133259051478E-02 -0.132929170348E-02  0.000000000000E+00
  0.000000000000E+00  0.000000000000E+00 -0.100761225968E+00 -0.112167821673E+00  0.000000000000E+00 -0.987545092293E-01 -0.424929692098E-01
 -0.801005057850E-01 -0.946250953331E-01 -0.278109245158E-01  0.000000000000E+00 -0.989525246459E-01  0.737198117570E-03 -0.587327754848E-01
 -0.809645734309E-01 -0.600286318665E-02  0.423076918274E-02  0.000000000000E+00 -0.100473230235E+00  0.572579787419E-02 -0.193533080090E-01
 -0.680713380790E-01  0.681905607058E-02  0.515492175332E-02  0.493731088858E-02 -0.995426183044E-01 -0.157580028138E-01  0.507087584529E-02
 -0.414442956049E-01  0.259919304480E-02  0.487151855651E-02  0.497034556447E-02  0.602719330836E-02
  0.602658385679E+00  0.552709222525E+00  0.677274864433E+00  0.645108613198E+00  0.544982428310E+00  0.599517149295E+00  0.722866646186E+00
  0.703744455744E+00  0.691534286642E+00  0.720507472125E+00  0.547465921094E+00  0.630782399802E+00  0.722284531942E+00  0.722089069411E+00
  0.702365844482E+00  0.726526611871E+00  0.719694279243E+00  0.593415710175E+00  0.635820123318E+00  0.716030183461E+00  0.729014168556E+00
  0.715528229764E+00  0.720447107763E+00  0.721204027741E+00  0.716083346618E+00  0.672591691143E+00  0.726895552306E+00  0.722102549172E+00
  0.720959962637E+00  0.724770830499E+00  0.716504897113E+00  0.716255182153E+00  0.715892799218E+00
  0.000000000000E+00  0.000000000000E+00  0.509232118990E+00  0.472098747590E+00  0.000000000000E+00  0.480805630243E+00  0.534527097389E+00
  0.535829285612E+00  0.535479021888E+00  0.540786045743E+00  0.000000000000E+00  0.510356197220E+00  0.517182330498E+00  0.539187577975E+00
  0.542979820805E+00  0.529277378000E+00  0.511036762846E+00  0.000000000000E+00  0.495604789743E+00  0.492980746269E+00  0.531173388117E+00
  0.533778473013E+00  0.505621126391E+00  0.512004180781E+00  0.494163545340E+00  0.508460362013E+00  0.529554208961E+00  0.511911000021E+00
  0.537002098953E+00  0.514994090602E+00  0.492395511558E+00  0.494738987871E+00  0.491352304351E+00
  0.999989626853E+00  0.999990280141E+00  0.984104305136E+00  0.976444105590E+00  0.999991490088E+00  0.959042328105E+00  0.100368369436E+01
  0.994429506734E+00  0.991216394416E+00  0.100355187750E+01  0.999992820913E+00  0.971537544420E+00  0.100443319478E+01  0.100528531022E+01
  0.997216648642E+00  0.100662940611E+01  0.100305331081E+01  0.999993487378E+00  0.973515985442E+00  0.100047670047E+01  0.100763862606E+01
  0.100128631836E+01  0.100314049628E+01  0.100383220514E+01  0.100050391713E+01  0.985091906238E+00  0.100596550891E+01  0.100387951356E+01
  0.100289621843E+01  0.100485306650E+01  0.100082864315E+01  0.100062146115E+01  0.100045434514E+01
        12        15        14        14
        21        16        14        14
         9        14        10        10
        15        22        21        21
        29        27        22        22
        14        16        10        10
         7         8        10        10
        14        15        21        21
        14         9        12        12
         5        12         6         6
        21        24        16        16
        32        23        24        24
        28        21        27        27
        17        16        23        23
        28        31        24        24
        19        15        12        12
         4         2         6         6
         4         9         8         8
        10         8         9         9
        17        13        10        10
        19        26        22        22
        10        16        17        17
        23        25        17        17
        22        15        19        19
        12        11        19        19
        27        30        28        28
        33        31        28        28
         6         9         4         4
         8         3         4         4
        25        23        32        32
        10        13         7         7
         3         8         7         7
        30        27        29        29
         6         2         5         5
        11        12         5         5
        24        23        16        16
        13        17        20        20
        26        19        18        18
         2         4         1         1
        22        27        21        21
        31        32        24        24
        21        28        24        24
        26        29        22        22
         9         6        12        12
        11        18        19        19
        25        20        17        17
        30        33        28        28
         3         1         4         4
zone t="boundary 6 bc-6", solutiontime= 0.5000000E+02, strandid=1006, i=33, j=48, f=feblock
  0.375000000000E+01  0.250000000000E+01  0.500000000000E+01  0.403384942830E+01  0.280856328277E+01  0.125000000000E+01  0.182727219356E+01
  0.500000000000E+01  0.430969386006E+01  0.342819755379E+01  0.227317933631E+01  0.162230260845E+01  0.000000000000E+00  0.905837536509E+00
  0.500000000000E+01  0.408642231822E+01  0.297954017413E+01  0.189599568386E+01  0.109945440014E+01  0.735450417037E+00  0.000000000000E+00
  0.500000000000E+01  0.398205049073E+01  0.304506426164E+01  0.214587157439E+01  0.104050588738E+01  0.000000000000E+00  0.000000000000E+00
  0.500000000000E+01  0.375000000000E+01  0.250000000000E+01  0.125000000000E+01  0.000000000000E+00
  0.250000000000E+01  0.250000000000E+01  0.250000000000E+01  0.145332269920E+01  0.132549389334E+01  0.250000000000E+01  0.173899611320E+01
  0.125000000000E+01  0.518568023061E+00  0.350800286361E+00  0.490615021923E-01  0.825621401394E+00  0.250000000000E+01  0.157899473280E+01
  0.000000000000E+00 -0.461282870254E+00 -0.857924212153E+00 -0.873141960959E+00 -0.322732261638E+00  0.659350882208E+00  0.125000000000E+01
 -0.125000000000E+01 -0.158398995423E+01 -0.183684615440E+01 -0.165007033378E+01 -0.147959633950E+01  0.000000000000E+00 -0.125000000000E+01
 -0.250000000000E+01 -0.250000000000E+01 -0.250000000000E+01 -0.250000000000E+01 -0.250000000000E+01
  0.000000000000E+00  0.000000000000E+00  0.000000000000E+00  0.000000000000E+00  0.000000000000E+00  0.000000000000E+00  0.000000000000E+00
  0.000000000000E+00  0.000000000000E+00  0.000000000000E+00  0.000000000000E+00  0.000000000000E+00  0.000000000000E+00  0.000000000000E+00
  0.000000000000E+00  0.000000000000E+00  0.000000000000E+00  0.000000000000E+00  0.000000000000E+00  0.000000000000E+00  0.000000000000E+00
  0.000000000000E+00  0.000000000000E+00  0.000000000000E+00  0.000000000000E+00  0.000000000000E+00  0.000000000000E+00  0.000000000000E+00
  0.000000000000E+00  0.000000000000E+00  0.000000000000E+00  0.000000000000E+00  0.000000000000E+00
  0.941861272592E+00  0.946296420237E+00  0.843730492090E+00  0.943650850926E+00  0.944515749648E+00  0.956975891699E+00  0.930066152786E+00
  0.773800432766E+00  0.937609840217E+00  0.956402842258E+00  0.942357997129E+00  0.925616110307E+00  0.134427144999E+01  0.100901443550E+01
  0.762981892544E+00  0.953747958054E+00  0.951876956848E+00  0.886350652028E+00  0.941585246364E+00  0.103637724077E+01  0.142583204972E+01
  0.766457791999E+00  0.950881086603E+00  0.934858312972E+00  0.932234987348E+00  0.958156103662E+00  0.164466727736E+01  0.149409064474E+01
  0.830787404849E+00  0.935297256690E+00  0.934221982248E+00  0.961719528812E+00  0.144945745210E+01
  0.000000000000E+00  0.000000000000E+00  0.000000000000E+00  0.000000000000E+00  0.000000000000E+00  0.000000000000E+00  0.000000000000E+00
  0.000000000000E+00  0.000000000000E+00  0.000000000000E+00  0.000000000000E+00  0.000000000000E+00  0.000000000000E+00  0.000000000000E+00
  0.000000000000E+00  0.000000000000E+00  0.000000000000E+00  0.000000000000E+00  0.000000000000E+00  0.000000000000E+00  0.000000000000E+00
  0.000000000000E+00  0.000000000000E+00  0.000000000000E+00  0.000000000000E+00  0.000000000000E+00  0.000000000000E+00  0.000000000000E+00
  0.000000000000E+00  0.000000000000E+00  0.000000000000E+00  0.000000000000E+00  0.000000000000E+00
  0.000000000000E+00  0.000000000000E+00  0.000000000000E+00  0.000000000000E+00  0.000000000000E+00  0.000000000000E+00  0.000000000000E+00
  0.000000000000E+00  0.000000000000E+00  0.000000000000E+00  0.000000000000E+00  0.000000000000E+00  0.000000000000E+00  0.000000000000E+00
  0.000000000000E+00  0.000000000000E+00  0.000000000000E+00  0.000000000000E+00  0.000000000000E+00  0.000000000000E+00  0.000000000000E+00
  0.000000000000E+00  0.000000000000E+00  0.000000000000E+00  0.000000000000E+00  0.000000000000E+00  0.000000000000E+00  0.000000000000E+00
  0.000000000000E+00  0.000000000000E+00  0.000000000000E+00  0.000000000000E+00  0.000000000000E+00
  0.000000000000E+00  0.000000000000E+00  0.000000000000E+00  0.000000000000E+00  0.000000000000E+00  0.000000000000E+00  0.000000000000E+00
  0.000000000000E+00  0.000000000000E+00  0.000000000000E+00  0.000000000000E+00  0.000000000000E+00  0.000000000000E+00  0.000000000000E+00
  0.000000000000E+00  0.000000000000E+00  0.000000000000E+00  0.000000000000E+00  0.000000000000E+00  0.000000000000E+00  0.000000000000E+00
  0.000000000000E+00  0.000000000000E+00  0.000000000000E+00  0.000000000000E+00  0.000000000000E+00  0.000000000000E+00  0.000000000000E+00
  0.000000000000E+00  0.000000000000E+00  0.000000000000E+00  0.000000000000E+00  0.000000000000E+00
  0.672750879873E+00  0.675918855563E+00  0.602658385679E+00  0.674029310668E+00  0.674647102320E+00  0.683547254657E+00  0.664326187745E+00
  0.552709222525E+00  0.669715074696E+00  0.683138389838E+00  0.673106951391E+00  0.661148136390E+00  0.960184574193E+00  0.720717656032E+00
  0.544982428310E+00  0.681243187146E+00  0.679907141086E+00  0.633102744493E+00  0.672555270198E+00  0.740262733938E+00  0.101844205146E+01
  0.547465921094E+00  0.679196290350E+00  0.667751583324E+00  0.665877574430E+00  0.684392096470E+00  0.117475225764E+01  0.106719924512E+01
  0.593415710175E+00  0.668065253584E+00  0.667297107203E+00  0.686937806288E+00  0.103531921617E+01
  0.000000000000E+00  0.000000000000E+00  0.000000000000E+00  0.000000000000E+00  0.000000000000E+00  0.000000000000E+00  0.000000000000E+00
  0.000000000000E+00  0.000000000000E+00  0.000000000000E+00  0.000000000000E+00  0.000000000000E+00  0.000000000000E+00  0.000000000000E+00
  0.000000000000E+00  0.000000000000E+00  0.000000000000E+00  0.000000000000E+00  0.000000000000E+00  0.000000000000E+00  0.000000000000E+00
  0.000000000000E+00  0.000000000000E+00  0.000000000000E+00  0.000000000000E+00  0.000000000000E+00  0.000000000000E+00  0.000000000000E+00
  0.000000000000E+00  0.000000000000E+00  0.000000000000E+00  0.000000000000E+00  0.000000000000E+00
  0.999989339439E+00  0.999989408763E+00  0.999989626853E+00  0.999989597857E+00  0.999989617536E+00  0.999989827143E+00  0.999989796485E+00
  0.999990280141E+00  0.999990683073E+00  0.999990488857E+00  0.999991229255E+00  0.999990579938E+00  0.999990295028E+00  0.999990369758E+00
  0.999991490088E+00  0.999992140430E+00  0.999992688837E+00  0.999992317107E+00  0.999991643786E+00  0.999990917154E+00  0.999990757902E+00
  0.999992820913E+00  0.999993395480E+00  0.999993478885E+00  0.999993152857E+00  0.999992518335E+00  0.999991416700E+00  0.999992168095E+00
  0.999993487378E+00  0.999993690057E+00  0.999993543115E+00  0.999993137282E+00  0.999992721791E+00
        19        18        11        11
        17        10        11        11
        12        11         5         5
        18        25        17        17
        31        24        25        25
        11        10         5         5
         2         7         5         5
        11        18        17        17
        11        12        19        19
        27        19        20        20
        17        16        10        10
        15         9        16        16
        23        17        24        24
         4        10         9         9
        23        22        16        16
        26        18        19        19
        14        21        20        20
        14        12         7         7
         5         7        12        12
         4         1         5         5
        26        32        25        25
         5        10         4         4
         9         8         4         4
        25        18        26        26
        19        28        26        26
        24        30        23        23
        29        22        23        23
        20        12        14        14
         7         6        14        14
         8         9        15        15
         5         1         2         2
         6         7         2         2
        30        24        31        31
        20        21        27        27
        28        19        27        27
        16         9        10        10
         1         4         3         3
        32        26        33        33
        21        14        13        13
        25        24        17        17
        22        15        16        16
        17        23        16        16
        32        31        25        25
        12        20        19        19
        28        33        26        26
         8         3         4         4
        30        29        23        23
         6        13        14        14
