title="tecplot geometry and solution file"
variables = x y z rho u v w p mach temperature
zone t="boundary 1 bc-1", solutiontime= 0.3000000E+02, strandid=1001, i=32, j=46, f=feblock
  0.000000000000E+00  0.000000000000E+00  0.000000000000E+00  0.000000000000E+00  0.000000000000E+00  0.000000000000E+00  0.000000000000E+00
  0.000000000000E+00  0.000000000000E+00  0.000000000000E+00  0.000000000000E+00  0.000000000000E+00  0.000000000000E+00  0.000000000000E+00
  0.000000000000E+00  0.000000000000E+00  0.000000000000E+00  0.000000000000E+00  0.000000000000E+00  0.000000000000E+00  0.000000000000E+00
  0.000000000000E+00  0.000000000000E+00  0.000000000000E+00  0.000000000000E+00  0.000000000000E+00  0.000000000000E+00  0.000000000000E+00
  0.000000000000E+00  0.000000000000E+00  0.000000000000E+00  0.000000000000E+00
  0.250000000000E+01  0.250000000000E+01  0.125000000000E+01  0.146289271009E+01  0.157686156160E+01  0.308372018325E+00  0.000000000000E+00
 -0.125000000000E+01 -0.600232012419E+00  0.250000000000E+01  0.477386199275E+00  0.742988685424E+00 -0.739814786992E+00  0.177790177481E+01
  0.155830813274E+01  0.250000000000E+01 -0.250000000000E+01 -0.154800130438E+01 -0.487811078581E+00  0.250000000000E+01  0.627766083140E+00
 -0.345533899378E+00 -0.178862290564E+01 -0.158811787973E+01  0.125000000000E+01 -0.250000000000E+01 -0.144524380962E+01  0.000000000000E+00
 -0.125000000000E+01 -0.250000000000E+01 -0.250000000000E+01 -0.250000000000E+01
  0.000000000000E+00  0.125000000000E+01  0.000000000000E+00  0.103724302461E+01  0.219251206392E+01  0.922061490191E+00  0.000000000000E+00
  0.000000000000E+00  0.715990576545E+00  0.250000000000E+01  0.202479342020E+01  0.324151231464E+01  0.175434191980E+01  0.310152362409E+01
  0.404200324774E+01  0.375000000000E+01  0.000000000000E+00  0.930412228790E+00  0.299062775774E+01  0.500000000000E+01  0.429310310915E+01
  0.409252726285E+01  0.187029682677E+01  0.284428995242E+01  0.500000000000E+01  0.125000000000E+01  0.394624082883E+01  0.500000000000E+01
  0.500000000000E+01  0.250000000000E+01  0.375000000000E+01  0.500000000000E+01
  0.134427120399E+01  0.106355338093E+01  0.142583181949E+01  0.108608761713E+01  0.103229060568E+01  0.120095338176E+01  0.164466684966E+01
  0.149409013045E+01  0.123520338521E+01  0.102389267818E+01  0.102809468931E+01  0.101301782936E+01  0.103252921168E+01  0.101471847033E+01
  0.100663847396E+01  0.100830781380E+01  0.144945702011E+01  0.116393504523E+01  0.101462808877E+01  0.100426007595E+01  0.100679776780E+01
  0.100724509946E+01  0.104668060231E+01  0.101938406531E+01  0.100424766587E+01  0.106442280619E+01  0.100789301546E+01  0.100288822968E+01
  0.100334523325E+01  0.102847313563E+01  0.100958633394E+01  0.100399293329E+01
  0.000000000000E+00  0.445482008903E+00  0.000000000000E+00  0.468737746609E+00  0.462182937366E+00  0.443614216422E+00  0.000000000000E+00
  0.000000000000E+00  0.379272886884E+00  0.471739271699E+00  0.466575688258E+00  0.479355716303E+00  0.490159752899E+00  0.484515191108E+00
  0.488524410138E+00  0.489830830770E+00  0.000000000000E+00  0.450654224512E+00  0.474814731304E+00  0.495785241016E+00  0.490899385174E+00
  0.486835561245E+00  0.448669235946E+00  0.465807885633E+00  0.496536817550E+00  0.444686414055E+00  0.487701106784E+00  0.497534334810E+00
  0.496384328599E+00  0.470003391061E+00  0.489200221459E+00  0.495522112569E+00
  0.000000000000E+00  0.000000000000E+00  0.000000000000E+00  0.186086082062E-01 -0.276690967890E-02  0.332951105067E-01  0.000000000000E+00
  0.000000000000E+00 -0.594712641985E-02  0.000000000000E+00  0.356640537815E-02 -0.566633249470E-02 -0.416070738614E-02  0.305676171873E-04
 -0.106165721096E-02  0.000000000000E+00  0.000000000000E+00 -0.764121953667E-02  0.359682570590E-03  0.000000000000E+00 -0.203492670494E-02
 -0.138317052547E-02  0.156558461718E-02 -0.158520420200E-02 -0.634627582845E-04  0.000000000000E+00 -0.283718979543E-04 -0.196312916159E-03
  0.807242494905E-03  0.000000000000E+00  0.000000000000E+00  0.000000000000E+00
  0.000000000000E+00  0.452184629894E-01  0.000000000000E+00  0.123932978610E+00  0.247646618224E-01  0.165644446134E+00  0.000000000000E+00
  0.000000000000E+00  0.155763014358E+00  0.351819878895E-02  0.259784055111E-01 -0.651227325884E-02  0.748997080238E-01  0.371831905701E-02
 -0.149388461212E-03  0.458693874574E-03  0.000000000000E+00  0.140954001780E+00 -0.808567911050E-02  0.237161483311E-02 -0.304069374268E-03
 -0.438187091033E-02  0.255018574460E-01 -0.194954170434E-02  0.308350652882E-02  0.837460321196E-01 -0.121907710432E-02  0.268489446177E-02
  0.264018009095E-02  0.279392163047E-02 -0.834872535914E-03  0.344925591142E-02
  0.960184397972E+00  0.782340138050E+00  0.101844188649E+01  0.808726230058E+00  0.746125385362E+00  0.879446182849E+00  0.117475195159E+01
  0.106719887731E+01  0.916619809988E+00  0.737394760904E+00  0.743553489660E+00  0.725758741256E+00  0.757454828460E+00  0.729187890895E+00
  0.720784621645E+00  0.722781354177E+00  0.103531890721E+01  0.858316781275E+00  0.728064559964E+00  0.718614924680E+00  0.721013055731E+00
  0.721151171177E+00  0.760018282742E+00  0.732627920406E+00  0.718530836066E+00  0.791042941392E+00  0.722107559333E+00  0.717199164314E+00
  0.717636661309E+00  0.741799245130E+00  0.724056261897E+00  0.718400655032E+00
  0.000000000000E+00  0.441238959201E+00  0.000000000000E+00  0.475214854536E+00  0.460124408270E+00  0.468828257309E+00  0.000000000000E+00
  0.000000000000E+00  0.402302845676E+00  0.469815441591E+00  0.464411889638E+00  0.478714638653E+00  0.489298403496E+00  0.483069066843E+00
  0.487929755485E+00  0.488962311482E+00  0.000000000000E+00  0.464776564959E+00  0.473796390513E+00  0.495346989238E+00  0.490266075247E+00
  0.486286311665E+00  0.445718207742E+00  0.464383012478E+00  0.496127757997E+00  0.443623932273E+00  0.486964557087E+00  0.497246546945E+00
  0.496059360023E+00  0.467732911055E+00  0.488212432023E+00  0.495098386700E+00
  0.999990294495E+00  0.102982719336E+01  0.999990757396E+00  0.104247272893E+01  0.101190065449E+01  0.102520603604E+01  0.999991416230E+00
  0.999992167668E+00  0.103891209282E+01  0.100826257211E+01  0.101252821978E+01  0.100300528610E+01  0.102702833765E+01  0.100605544996E+01
  0.100244377341E+01  0.100355653502E+01  0.999992721394E+00  0.103239738223E+01  0.100459507797E+01  0.100179317952E+01  0.100260281688E+01
  0.100234951770E+01  0.101657142923E+01  0.100617532044E+01  0.100168833315E+01  0.104043253443E+01  0.100303362317E+01  0.100118717154E+01
  0.100134160460E+01  0.100976769077E+01  0.100405357381E+01  0.100176095239E+01
        12        19        11        11
        11         5        12        12
        10        14         5         5
        19        13        11        11
        19        24        13        13
        30        23        24        24
        19        12        22        22
        28        22        21        21
        11        13         6         6
         7         6         9         9
        15        12        14        14
        18        13        23        23
        15        25        21        21
        27        19        22        22
        18         8         9         9
        27        31        24        24
         4        11         6         6
         5        14        12        12
         4         2         5         5
        21        12        15        15
        14        16        15        15
        24        19        27        27
        22        29        27        27
        23        26        18        18
        17         8        18        18
         5        11         4         4
         6         3         4         4
        26        23        30        30
         5         2        10        10
        16        14        10        10
         3         6         7         7
        21        25        28        28
        29        22        28        28
         6        13         9         9
         2         4         1         1
        31        27        32        32
        25        15        20        20
        24        23        13        13
         8         7         9         9
        13        18         9         9
        31        30        24        24
        12        21        22        22
        29        32        27        27
         3         1         4         4
        26        17        18        18
        16        20        15        15
zone t="boundary 2 bc-2", solutiontime= 0.3000000E+02, strandid=1002, i=33, j=48, f=feblock
  0.500000000000E+01  0.375000000000E+01  0.250000000000E+01  0.288078410721E+01  0.125000000000E+01  0.190974100652E+01  0.326683758169E+01
  0.201431602454E+01  0.000000000000E+00  0.963108083381E+00  0.500000000000E+01  0.403552511878E+01  0.423153924130E+01  0.500000000000E+01
  0.385533350601E+01  0.500000000000E+01  0.398173246726E+01  0.315249557942E+01  0.267000324704E+01  0.154774304040E+01  0.218329375016E+01
  0.893127759452E+00  0.000000000000E+00  0.698517061619E+00  0.964171764089E+00  0.310324758057E+01  0.000000000000E+00  0.000000000000E+00
  0.125000000000E+01  0.500000000000E+01  0.375000000000E+01  0.250000000000E+01  0.000000000000E+00
 -0.250000000000E+01 -0.250000000000E+01 -0.250000000000E+01 -0.250000000000E+01 -0.250000000000E+01 -0.250000000000E+01 -0.250000000000E+01
 -0.250000000000E+01 -0.250000000000E+01 -0.250000000000E+01 -0.250000000000E+01 -0.250000000000E+01 -0.250000000000E+01 -0.250000000000E+01
 -0.250000000000E+01 -0.250000000000E+01 -0.250000000000E+01 -0.250000000000E+01 -0.250000000000E+01 -0.250000000000E+01 -0.250000000000E+01
 -0.250000000000E+01 -0.250000000000E+01 -0.250000000000E+01 -0.250000000000E+01 -0.250000000000E+01 -0.250000000000E+01 -0.250000000000E+01
 -0.250000000000E+01 -0.250000000000E+01 -0.250000000000E+01 -0.250000000000E+01 -0.250000000000E+01
  0.000000000000E+00  0.000000000000E+00  0.000000000000E+00  0.904659890645E+00  0.000000000000E+00  0.717002441913E+00  0.188609243358E+01
  0.176246431481E+01  0.000000000000E+00  0.961328577125E+00  0.125000000000E+01  0.101201586758E+01  0.191586535653E+01  0.250000000000E+01
  0.293121848150E+01  0.375000000000E+01  0.406975391361E+01  0.363585050272E+01  0.285047954584E+01  0.292817774674E+01  0.395907379566E+01
  0.205246550326E+01  0.125000000000E+01  0.306828197606E+01  0.397245519226E+01  0.433168271247E+01  0.250000000000E+01  0.375000000000E+01
  0.500000000000E+01  0.500000000000E+01  0.500000000000E+01  0.500000000000E+01  0.500000000000E+01
  0.830787058273E+00  0.935297142782E+00  0.934221471967E+00  0.968087267862E+00  0.961718890371E+00  0.964848093452E+00  0.984135700959E+00
  0.991412150340E+00  0.144945702011E+01  0.102921644874E+01  0.955878525395E+00  0.960693586398E+00  0.981487640270E+00  0.100642876745E+01
  0.997911858560E+00  0.100978038436E+01  0.100199531837E+01  0.998062614801E+00  0.991085529237E+00  0.100132672153E+01  0.100094552255E+01
  0.101224568079E+01  0.106442280619E+01  0.101082128394E+01  0.100685200069E+01  0.100118341226E+01  0.102847313563E+01  0.100958633394E+01
  0.100510124849E+01  0.100179259724E+01  0.100266100247E+01  0.100321124387E+01  0.100399293329E+01
  0.000000000000E+00  0.000000000000E+00  0.000000000000E+00  0.378986750557E+00  0.000000000000E+00  0.340639659420E+00  0.582178734575E+00
  0.575196129643E+00  0.000000000000E+00  0.489449753470E+00  0.494740403898E+00  0.431507192507E+00  0.568960885139E+00  0.536179924868E+00
  0.568880594821E+00  0.516236774531E+00  0.508560953875E+00  0.527401871505E+00  0.566649021957E+00  0.531829593149E+00  0.506098817052E+00
  0.520702325567E+00  0.444686414055E+00  0.491340585144E+00  0.492735628946E+00  0.501507725561E+00  0.470003391061E+00  0.489200221459E+00
  0.490458799748E+00  0.491425930169E+00  0.486215858520E+00  0.490305785949E+00  0.495522112569E+00
  0.000000000000E+00  0.000000000000E+00  0.000000000000E+00  0.000000000000E+00  0.000000000000E+00  0.000000000000E+00  0.000000000000E+00
  0.000000000000E+00  0.000000000000E+00  0.000000000000E+00  0.000000000000E+00  0.000000000000E+00  0.000000000000E+00  0.000000000000E+00
  0.000000000000E+00  0.000000000000E+00  0.000000000000E+00  0.000000000000E+00  0.000000000000E+00  0.000000000000E+00  0.000000000000E+00
  0.000000000000E+00  0.000000000000E+00  0.000000000000E+00  0.000000000000E+00  0.000000000000E+00  0.000000000000E+00  0.000000000000E+00
  0.000000000000E+00  0.000000000000E+00  0.000000000000E+00  0.000000000000E+00  0.000000000000E+00
  0.000000000000E+00  0.000000000000E+00  0.000000000000E+00 -0.229664507343E-02  0.000000000000E+00  0.183566366050E-01  0.121123896555E-01
  0.454986525910E-01  0.000000000000E+00  0.870790359751E-01 -0.995419290346E-01 -0.211866941900E-01 -0.306434892012E-01 -0.414441061245E-01
 -0.137785117841E-02  0.260091621444E-02  0.610316601370E-03  0.504302987818E-03  0.150971542556E-01  0.284026573245E-01  0.564171307115E-02
  0.553420905657E-01  0.837460321196E-01  0.110441679703E-01  0.679149300285E-02 -0.758253957130E-03  0.279392163047E-02 -0.834872535914E-03
  0.400606494506E-02  0.602955897343E-02 -0.143185594110E-03  0.120032121163E-02  0.344925591142E-02
  0.593415462408E+00  0.668065171990E+00  0.667296742482E+00  0.684257287007E+00  0.686937350004E+00  0.679200912935E+00  0.695811322252E+00
  0.702343382391E+00  0.103531890721E+01  0.723694312523E+00  0.672591469988E+00  0.675702592807E+00  0.694092983499E+00  0.720959765061E+00
  0.712691049972E+00  0.724771831881E+00  0.716580009384E+00  0.713298191572E+00  0.706429141884E+00  0.717736799126E+00  0.715375918116E+00
  0.730937221481E+00  0.791042941392E+00  0.724372299999E+00  0.721010155118E+00  0.715456485614E+00  0.741799245130E+00  0.724056261897E+00
  0.719312437153E+00  0.715891171374E+00  0.716607633079E+00  0.717367565983E+00  0.718400655032E+00
  0.000000000000E+00  0.000000000000E+00  0.000000000000E+00  0.380991706690E+00  0.000000000000E+00  0.343630111956E+00  0.585285872830E+00
  0.579373680824E+00  0.000000000000E+00  0.501056428970E+00  0.508459343412E+00  0.435373037373E+00  0.572639053315E+00  0.537002160603E+00
  0.568923423886E+00  0.514995275135E+00  0.508252835140E+00  0.527255574262E+00  0.567447223705E+00  0.531657853738E+00  0.505983493322E+00
  0.520795967362E+00  0.443623932273E+00  0.490664431679E+00  0.492156613932E+00  0.501394212239E+00  0.467732911055E+00  0.488212432023E+00
  0.490003431481E+00  0.491351338461E+00  0.486072966273E+00  0.490037853343E+00  0.495098386700E+00
  0.999993487018E+00  0.999993689710E+00  0.999993542761E+00  0.989539097984E+00  0.999993136907E+00  0.985524337523E+00  0.989838952293E+00
  0.991798148742E+00  0.999992721394E+00  0.984411042760E+00  0.985091759012E+00  0.984688191244E+00  0.990058495929E+00  0.100289628410E+01
  0.999855309266E+00  0.100485271882E+01  0.100121427190E+01  0.100055593045E+01  0.997896517972E+00  0.100350015352E+01  0.100058021421E+01
  0.101093255273E+01  0.104043253443E+01  0.100326460880E+01  0.100254477964E+01  0.100045512900E+01  0.100976769077E+01  0.100405357381E+01
  0.100192633680E+01  0.100045422843E+01  0.100058811886E+01  0.100109981673E+01  0.100176095239E+01
        15         7        19        19
         8        20        19        19
        18        19        21        21
         7         4         8         8
         3         6         4         4
        19         7         8         8
        19        18        15        15
        14        13        15        15
         8        22        20        20
        27        24        22        22
        19        20        21        21
        32        26        21        21
        17        18        26        26
        17        16        15        15
        25        29        21        21
        12         7        13        13
        10         8         6         6
        25        20        24        24
         4         6         8         8
        12         2         4         4
        10        23        22        22
        26        31        17        17
        30        16        17        17
         4         7        12        12
        13        11        12        12
        21        20        25        25
        24        28        25        25
        22         8        10        10
         6         5        10        10
        31        26        32        32
         4         2         3         3
         5         6         3         3
        11        13        14        14
        22        23        27        27
        28        24        27        27
        15        13         7         7
         2        12         1         1
        29        25        33        33
        23        10         9         9
        21        26        18        18
        16        14        15        15
        18        17        15        15
        29        32        21        21
        22        24        20        20
        28        33        25        25
        11         1        12        12
        31        30        17        17
         5         9        10        10
zone t="boundary 3 bc-3", solutiontime= 0.3000000E+02, strandid=1003, i=33, j=48, f=feblock
  0.375000000000E+01  0.250000000000E+01  0.500000000000E+01  0.403552511878E+01  0.288078410721E+01  0.125000000000E+01  0.190974100652E+01
  0.500000000000E+01  0.326683758169E+01  0.423153924130E+01  0.201431602454E+01  0.000000000000E+00  0.963108083381E+00  0.500000000000E+01
  0.267000324704E+01  0.385533350601E+01  0.893127759452E+00  0.154774304040E+01  0.000000000000E+00  0.500000000000E+01  0.315249557942E+01
  0.218329375016E+01  0.398173246726E+01  0.000000000000E+00  0.698517061619E+00  0.964171764089E+00  0.125000000000E+01  0.000000000000E+00
  0.500000000000E+01  0.310324758057E+01  0.250000000000E+01  0.375000000000E+01  0.000000000000E+00
  0.250000000000E+01  0.250000000000E+01  0.250000000000E+01  0.250000000000E+01  0.250000000000E+01  0.250000000000E+01  0.250000000000E+01
  0.250000000000E+01  0.250000000000E+01  0.250000000000E+01  0.250000000000E+01  0.250000000000E+01  0.250000000000E+01  0.250000000000E+01
  0.250000000000E+01  0.250000000000E+01  0.250000000000E+01  0.250000000000E+01  0.250000000000E+01  0.250000000000E+01  0.250000000000E+01
  0.250000000000E+01  0.250000000000E+01  0.250000000000E+01  0.250000000000E+01  0.250000000000E+01  0.250000000000E+01  0.250000000000E+01
  0.250000000000E+01  0.250000000000E+01  0.250000000000E+01  0.250000000000E+01  0.250000000000E+01
  0.000000000000E+00  0.000000000000E+00  0.000000000000E+00  0.101201586758E+01  0.904659890645E+00  0.000000000000E+00  0.717002441913E+00
  0.125000000000E+01  0.188609243358E+01  0.191586535653E+01  0.176246431481E+01  0.000000000000E+00  0.961328577125E+00  0.250000000000E+01
  0.285047954584E+01  0.293121848150E+01  0.205246550326E+01  0.292817774674E+01  0.125000000000E+01  0.375000000000E+01  0.363585050272E+01
  0.395907379566E+01  0.406975391361E+01  0.250000000000E+01  0.306828197606E+01  0.397245519226E+01  0.500000000000E+01  0.375000000000E+01
  0.500000000000E+01  0.433168271247E+01  0.500000000000E+01  0.500000000000E+01  0.500000000000E+01
  0.941860796820E+00  0.946295853171E+00  0.843730462323E+00  0.964337064695E+00  0.978822843038E+00  0.956975370881E+00  0.983330915579E+00
  0.963504927660E+00  0.982688813809E+00  0.984244425433E+00  0.990263114710E+00  0.134427120399E+01  0.101918219700E+01  0.100829754269E+01
  0.993455636964E+00  0.997997648630E+00  0.100807761633E+01  0.100072059824E+01  0.106355338093E+01  0.100673652827E+01  0.100058281087E+01
  0.100234908259E+01  0.100178183385E+01  0.102389267818E+01  0.100874162711E+01  0.100528322242E+01  0.100522801160E+01  0.100830781380E+01
  0.100196260964E+01  0.100161970409E+01  0.100413152333E+01  0.100321755000E+01  0.100426007595E+01
  0.000000000000E+00  0.000000000000E+00  0.000000000000E+00  0.439068948770E+00  0.399864969508E+00  0.000000000000E+00  0.373794153497E+00
  0.495011032871E+00  0.573056280556E+00  0.569603272046E+00  0.559933351483E+00  0.000000000000E+00  0.483390971272E+00  0.533822550050E+00
  0.556459185092E+00  0.564688370314E+00  0.522616032255E+00  0.522533642269E+00  0.445482008903E+00  0.518327210567E+00  0.524751679611E+00
  0.503888975835E+00  0.509844822038E+00  0.471739271699E+00  0.496246057428E+00  0.494940663313E+00  0.489078135695E+00  0.489830830770E+00
  0.493066860395E+00  0.499150312049E+00  0.486770855626E+00  0.484761537596E+00  0.495785241016E+00
  0.000000000000E+00  0.000000000000E+00  0.000000000000E+00  0.000000000000E+00  0.000000000000E+00  0.000000000000E+00  0.000000000000E+00
  0.000000000000E+00  0.000000000000E+00  0.000000000000E+00  0.000000000000E+00  0.000000000000E+00  0.000000000000E+00  0.000000000000E+00
  0.000000000000E+00  0.000000000000E+00  0.000000000000E+00  0.000000000000E+00  0.000000000000E+00  0.000000000000E+00  0.000000000000E+00
  0.000000000000E+00  0.000000000000E+00  0.000000000000E+00  0.000000000000E+00  0.000000000000E+00  0.000000000000E+00  0.000000000000E+00
  0.000000000000E+00  0.000000000000E+00  0.000000000000E+00  0.000000000000E+00  0.000000000000E+00
  0.000000000000E+00  0.000000000000E+00  0.000000000000E+00 -0.226116409980E-01  0.111963990209E-01  0.000000000000E+00  0.179817050659E-01
 -0.100759850468E+00  0.390462124051E-02 -0.389310715226E-01  0.340377994847E-01  0.000000000000E+00  0.652294129569E-01 -0.424919928416E-01
  0.843936785927E-02 -0.650843929672E-02  0.490054393253E-01  0.135871875866E-01  0.452184629894E-01  0.738577940980E-03 -0.699699040112E-03
  0.243773961998E-02  0.869589842297E-03  0.351819878895E-02  0.103942888502E-01  0.431638298179E-02  0.337409163504E-02  0.458693874574E-03
  0.573082738919E-02  0.341274702989E-03  0.160752742923E-02  0.570173500291E-03  0.237161483311E-02
  0.672750539642E+00  0.675918450125E+00  0.602658364069E+00  0.676093502542E+00  0.691308526659E+00  0.683546882266E+00  0.690066233175E+00
  0.677276447539E+00  0.695201563029E+00  0.696250844209E+00  0.703343678079E+00  0.960184397972E+00  0.719725944303E+00  0.722865732071E+00
  0.709447212339E+00  0.713700751185E+00  0.726066943225E+00  0.716602405605E+00  0.782340138050E+00  0.722285096047E+00  0.716127926218E+00
  0.716550997389E+00  0.716545807763E+00  0.737394760904E+00  0.722682434562E+00  0.719440786130E+00  0.719565397177E+00  0.722781354177E+00
  0.716029324519E+00  0.715846791419E+00  0.718145986618E+00  0.717061418799E+00  0.718614924680E+00
  0.000000000000E+00  0.000000000000E+00  0.000000000000E+00  0.443766895129E+00  0.402286644510E+00  0.000000000000E+00  0.377550353826E+00
  0.509225906287E+00  0.575832239251E+00  0.573705605645E+00  0.562554718871E+00  0.000000000000E+00  0.490563635195E+00  0.534527378200E+00
  0.556587481935E+00  0.564391354179E+00  0.522731092856E+00  0.522052642034E+00  0.441238959201E+00  0.517182734688E+00  0.524229455538E+00
  0.503688305299E+00  0.509494174989E+00  0.469815441591E+00  0.495615090457E+00  0.494484089920E+00  0.488564290316E+00  0.488962311482E+00
  0.492982476084E+00  0.499009506138E+00  0.486465280904E+00  0.484600456973E+00  0.495346989238E+00
  0.999989338848E+00  0.999989408179E+00  0.999989626276E+00  0.981535334699E+00  0.988771302393E+00  0.999989826583E+00  0.982469595066E+00
  0.984101896456E+00  0.990427665975E+00  0.990354790644E+00  0.994363149232E+00  0.999990294495E+00  0.988651808276E+00  0.100368391477E+01
  0.999768948224E+00  0.100118577737E+01  0.100834866686E+01  0.100252095301E+01  0.102982719336E+01  0.100443274488E+01  0.100199512306E+01
  0.100082038660E+01  0.100137983837E+01  0.100826257211E+01  0.100298766423E+01  0.100192371474E+01  0.100215229224E+01  0.100355653502E+01
  0.100047750753E+01  0.100056488894E+01  0.100126762073E+01  0.100066629249E+01  0.100179317952E+01
        15         9        16        16
        15        18        11        11
        22        15        21        21
        11         5         9         9
         5         7         2         2
        11         9        15        15
        16        21        15        15
        16        10        14        14
        18        17        11        11
        17        25        24        24
        22        18        15        15
        22        30        31        31
        30        21        23        23
        16        20        23        23
        22        27        26        26
        10         9         4         4
         7        11        13        13
        25        18        26        26
        11         7         5         5
         5         1         4         4
        17        19        13        13
        23        32        30        30
        23        20        29        29
         4         9         5         5
         4         8        10        10
        26        18        22        22
        26        28        25        25
        13        11        17        17
        13         6         7         7
        31        30        32        32
         2         1         5         5
         2         7         6         6
        14        10         8         8
        24        19        17        17
        24        25        28        28
         9        10        16        16
         3         4         1         1
        33        26        27        27
        12        13        19        19
        21        30        22        22
        16        14        20        20
        16        23        21        21
        22        31        27        27
        18        25        17        17
        26        33        28        28
         4         3         8         8
        23        29        32        32
        13        12         6         6
zone t="boundary 4 bc-4", solutiontime= 0.3000000E+02, strandid=1004, i=32, j=46, f=feblock
  0.125000000000E+01  0.219251206392E+01  0.103724302461E+01  0.500000000000E+01  0.250000000000E+01  0.375000000000E+01  0.404200324774E+01
  0.500000000000E+01  0.000000000000E+00  0.310152362409E+01  0.202479342020E+01  0.324151231464E+01  0.922061490191E+00  0.000000000000E+00
  0.299062775774E+01  0.394624082883E+01  0.500000000000E+01  0.409252726285E+01  0.500000000000E+01  0.429310310915E+01  0.175434191980E+01
  0.284428995242E+01  0.000000000000E+00  0.000000000000E+00  0.715990576545E+00  0.930412228790E+00  0.125000000000E+01  0.187029682677E+01
  0.500000000000E+01  0.375000000000E+01  0.250000000000E+01  0.000000000000E+00
  0.250000000000E+01  0.157686156160E+01  0.146289271009E+01  0.250000000000E+01  0.250000000000E+01  0.250000000000E+01  0.155830813274E+01
  0.125000000000E+01  0.250000000000E+01  0.177790177481E+01  0.477386199275E+00  0.742988685424E+00  0.308372018325E+00  0.125000000000E+01
 -0.487811078581E+00 -0.144524380962E+01 -0.125000000000E+01 -0.345533899378E+00  0.000000000000E+00  0.627766083140E+00 -0.739814786992E+00
 -0.158811787973E+01  0.000000000000E+00 -0.125000000000E+01 -0.600232012419E+00 -0.154800130438E+01 -0.250000000000E+01 -0.178862290564E+01
 -0.250000000000E+01 -0.250000000000E+01 -0.250000000000E+01 -0.250000000000E+01
  0.500000000000E+01  0.500000000000E+01  0.500000000000E+01  0.500000000000E+01  0.500000000000E+01  0.500000000000E+01  0.500000000000E+01
  0.500000000000E+01  0.500000000000E+01  0.500000000000E+01  0.500000000000E+01  0.500000000000E+01  0.500000000000E+01  0.500000000000E+01
  0.500000000000E+01  0.500000000000E+01  0.500000000000E+01  0.500000000000E+01  0.500000000000E+01  0.500000000000E+01  0.500000000000E+01
  0.500000000000E+01  0.500000000000E+01  0.500000000000E+01  0.500000000000E+01  0.500000000000E+01  0.500000000000E+01  0.500000000000E+01
  0.500000000000E+01  0.500000000000E+01  0.500000000000E+01  0.500000000000E+01
  0.100522801160E+01  0.100432870060E+01  0.100431974756E+01  0.100196260964E+01  0.100413152333E+01  0.100321755000E+01  0.100258236340E+01
  0.100200857769E+01  0.100426007595E+01  0.100372245096E+01  0.100446418925E+01  0.100346788407E+01  0.100365957488E+01  0.100424766587E+01
  0.100362226791E+01  0.100163980696E+01  0.100227387801E+01  0.100226993273E+01  0.100213194686E+01  0.100253970867E+01  0.100442335268E+01
  0.100337175466E+01  0.100288822968E+01  0.100334523325E+01  0.100323183951E+01  0.100406047670E+01  0.100510124849E+01  0.100431286641E+01
  0.100179259724E+01  0.100266100247E+01  0.100321124387E+01  0.100399293329E+01
  0.489078135695E+00  0.489240908728E+00  0.490984449615E+00  0.493066860395E+00  0.486770855626E+00  0.484761537596E+00  0.485407208925E+00
  0.494264588599E+00  0.495785241016E+00  0.486804655182E+00  0.488140540938E+00  0.487247714164E+00  0.494423962326E+00  0.496536817550E+00
  0.487846398329E+00  0.483216485208E+00  0.492572267001E+00  0.487262579067E+00  0.494866950513E+00  0.488014790567E+00  0.490097603279E+00
  0.488269023112E+00  0.497534334810E+00  0.496384328599E+00  0.495260239298E+00  0.493217223399E+00  0.490458799748E+00  0.490400891117E+00
  0.491425930169E+00  0.486215858520E+00  0.490305785949E+00  0.495522112569E+00
  0.000000000000E+00 -0.897832647336E-04 -0.129723610269E-02  0.000000000000E+00  0.000000000000E+00  0.000000000000E+00  0.425103162312E-03
  0.797901258434E-03  0.000000000000E+00  0.273707571260E-03 -0.942064558624E-03 -0.819991383084E-03 -0.174501829444E-02 -0.634627582845E-04
 -0.109817565384E-02 -0.102090132157E-02 -0.133122644695E-02 -0.213268984055E-02 -0.132840551581E-02 -0.106355952448E-02 -0.623731223166E-03
 -0.760450035389E-03 -0.196312916159E-03  0.807242494905E-03  0.519903286922E-04  0.161651592294E-02  0.000000000000E+00  0.791729607574E-03
  0.000000000000E+00  0.000000000000E+00  0.000000000000E+00  0.000000000000E+00
  0.337409163504E-02  0.271146915314E-02  0.385675905187E-02  0.573082738919E-02  0.160752742923E-02  0.570173500291E-03  0.204341319113E-02
  0.494316308082E-02  0.237161483311E-02  0.106977040362E-02  0.201346325540E-02 -0.169525823011E-04  0.500985702898E-02  0.308350652882E-02
  0.286333322875E-04  0.111555105316E-02  0.487441047636E-02  0.118540512390E-02  0.497458363497E-02  0.146904364601E-02  0.271502188364E-02
  0.893639786176E-04  0.268489446177E-02  0.264018009095E-02  0.438621826868E-02  0.489493406099E-02  0.400606494506E-02  0.232164010321E-02
  0.602955897343E-02 -0.143185594110E-03  0.120032121163E-02  0.344925591142E-02
  0.719565397177E+00  0.718472591384E+00  0.718650575518E+00  0.716029324519E+00  0.718145986618E+00  0.717061418799E+00  0.716312741952E+00
  0.716081977011E+00  0.718614924680E+00  0.717750190908E+00  0.718429008888E+00  0.717282239583E+00  0.718077942581E+00  0.718530836066E+00
  0.717563442873E+00  0.715463769381E+00  0.716503421426E+00  0.716067140575E+00  0.716254008306E+00  0.716268966425E+00  0.718698050073E+00
  0.717402793938E+00  0.717199164314E+00  0.717636661309E+00  0.717544531693E+00  0.718475917287E+00  0.719312437153E+00  0.718540869592E+00
  0.715891171374E+00  0.716607633079E+00  0.717367565983E+00  0.718400655032E+00
  0.488564290316E+00  0.488875482610E+00  0.490564080778E+00  0.492982476084E+00  0.486465280904E+00  0.484600456973E+00  0.485349862284E+00
  0.494165146095E+00  0.495346989238E+00  0.486532642075E+00  0.487821191294E+00  0.487071936628E+00  0.494046599110E+00  0.496127757997E+00
  0.487612890584E+00  0.483216566998E+00  0.492394121673E+00  0.487214231272E+00  0.494739812178E+00  0.487960525035E+00  0.489678170483E+00
  0.488028396286E+00  0.497246546945E+00  0.496059360023E+00  0.494951566405E+00  0.492801208034E+00  0.490003431481E+00  0.490006048857E+00
  0.491351338461E+00  0.486072966273E+00  0.490037853343E+00  0.495098386700E+00
  0.100215229224E+01  0.100152632036E+01  0.100178335453E+01  0.100047750753E+01  0.100126762073E+01  0.100066629249E+01  0.100025481730E+01
  0.100050517544E+01  0.100179317952E+01  0.100112363364E+01  0.100133048366E+01  0.100072473804E+01  0.100164353011E+01  0.100168833315E+01
  0.100096306364E+01  0.100000945467E+01  0.100082902688E+01  0.100022355661E+01  0.100062233798E+01  0.100023624433E+01  0.100174619339E+01
  0.100098882279E+01  0.100118717154E+01  0.100134160460E+01  0.100132621873E+01  0.100179850472E+01  0.100192633680E+01  0.100163728961E+01
  0.100045422843E+01  0.100058811886E+01  0.100109981673E+01  0.100176095239E+01
        12        15        11        11
        11         2        12        12
         5        10         2         2
        15        21        11        11
        15        22        21        21
        31        28        22        22
        15        12        18        18
        19        18        20        20
        11        21        13        13
        23        13        25        25
         7        12        10        10
        26        21        28        28
         7         8        20        20
        16        15        18        18
        26        24        25        25
        16        30        22        22
         3        11        13        13
         2        10        12        12
         3         1         2         2
        20        12         7         7
        10         6         7         7
        22        15        16        16
        18        17        16        16
        28        27        26        26
        32        24        26        26
         2        11         3         3
        13        14         3         3
        27        28        31        31
         2         1         5         5
         6        10         5         5
        14        13        23        23
        20         8        19        19
        17        18        19        19
        13        21        25        25
         1         3         9         9
        30        16        29        29
         8         7         4         4
        22        28        21        21
        24        23        25        25
        21        26        25        25
        30        31        22        22
        12        20        18        18
        17        29        16        16
        14         9         3         3
        27        32        26        26
         6         4         7         7
zone t="boundary 5 bc-5", solutiontime= 0.3000000E+02, strandid=1005, i=33, j=48, f=feblock
  0.500000000000E+01  0.500000000000E+01  0.500000000000E+01  0.500000000000E+01  0.500000000000E+01  0.500000000000E+01  0.500000000000E+01
  0.500000000000E+01  0.500000000000E+01  0.500000000000E+01  0.500000000000E+01  0.500000000000E+01  0.500000000000E+01  0.500000000000E+01
  0.500000000000E+01  0.500000000000E+01  0.500000000000E+01  0.500000000000E+01  0.500000000000E+01  0.500000000000E+01  0.500000000000E+01
  0.500000000000E+01  0.500000000000E+01  0.500000000000E+01  0.500000000000E+01  0.500000000000E+01  0.500000000000E+01  0.500000000000E+01
  0.500000000000E+01  0.500000000000E+01  0.500000000000E+01  0.500000000000E+01  0.500000000000E+01
  0.250000000000E+01  0.125000000000E+01  0.250000000000E+01  0.157899473280E+01  0.000000000000E+00  0.659350882208E+00  0.250000000000E+01
  0.173899611320E+01  0.825621401394E+00  0.132549389334E+01 -0.125000000000E+01 -0.322732261638E+00  0.250000000000E+01  0.490615021923E-01
 -0.873141960959E+00  0.350800286361E+00  0.145332269920E+01 -0.250000000000E+01 -0.147959633950E+01  0.250000000000E+01 -0.857924212153E+00
 -0.165007033378E+01  0.518568023061E+00 -0.461282870254E+00  0.125000000000E+01 -0.250000000000E+01 -0.183684615440E+01 -0.158398995423E+01
 -0.250000000000E+01 -0.250000000000E+01 -0.125000000000E+01  0.000000000000E+00 -0.250000000000E+01
  0.000000000000E+00  0.000000000000E+00  0.125000000000E+01  0.905837536509E+00  0.000000000000E+00  0.735450417037E+00  0.250000000000E+01
  0.182727219356E+01  0.162230260845E+01  0.280856328277E+01  0.000000000000E+00  0.109945440014E+01  0.375000000000E+01  0.227317933631E+01
  0.189599568386E+01  0.342819755379E+01  0.403384942830E+01  0.000000000000E+00  0.104050588738E+01  0.500000000000E+01  0.297954017413E+01
  0.214587157439E+01  0.430969386006E+01  0.408642231822E+01  0.500000000000E+01  0.125000000000E+01  0.304506426164E+01  0.398205049073E+01
  0.250000000000E+01  0.375000000000E+01  0.500000000000E+01  0.500000000000E+01  0.500000000000E+01
  0.843730462323E+00  0.773799958910E+00  0.963504927660E+00  0.924941450032E+00  0.762981299525E+00  0.875168984624E+00  0.100829754269E+01
  0.990760728035E+00  0.976726308254E+00  0.100513923954E+01  0.766456621064E+00  0.908967416214E+00  0.100673652827E+01  0.100560872226E+01
  0.986056099313E+00  0.101043964954E+01  0.100450671114E+01  0.830787058273E+00  0.914364194141E+00  0.100196260964E+01  0.101288285652E+01
  0.100045171641E+01  0.100546985614E+01  0.100583211365E+01  0.100200857769E+01  0.955878525395E+00  0.101161945555E+01  0.100703722615E+01
  0.100642876745E+01  0.100978038436E+01  0.100227387801E+01  0.100213194686E+01  0.100179259724E+01
  0.000000000000E+00  0.000000000000E+00  0.495011032871E+00  0.452408781925E+00  0.000000000000E+00  0.460316743153E+00  0.533822550050E+00
  0.528245426299E+00  0.524489297869E+00  0.541031471607E+00  0.000000000000E+00  0.493168642568E+00  0.518327210567E+00  0.537410645759E+00
  0.536125931543E+00  0.530985097788E+00  0.511794424215E+00  0.000000000000E+00  0.478350671019E+00  0.493066860395E+00  0.532835704102E+00
  0.529743584715E+00  0.506365674617E+00  0.512957720722E+00  0.494264588599E+00  0.494740403898E+00  0.530894546324E+00  0.512878447831E+00
  0.536179924868E+00  0.516236774531E+00  0.492572267001E+00  0.494866950513E+00  0.491425930169E+00
  0.000000000000E+00  0.000000000000E+00  0.000000000000E+00 -0.192268907754E-01  0.000000000000E+00 -0.782218257173E-02  0.000000000000E+00
 -0.731687480842E-02 -0.132776388288E-01 -0.767417910385E-04  0.000000000000E+00 -0.648882689519E-02  0.000000000000E+00 -0.438695785537E-03
  0.446831301371E-02  0.314822300735E-02  0.218352205762E-02  0.000000000000E+00  0.142726793884E-01  0.000000000000E+00  0.343428385755E-02
  0.491431165809E-02  0.170522159266E-02  0.691080664719E-03  0.797901258434E-03  0.000000000000E+00  0.192112771722E-02  0.477863372637E-03
  0.000000000000E+00  0.000000000000E+00 -0.133122644695E-02 -0.132840551581E-02  0.000000000000E+00
  0.000000000000E+00  0.000000000000E+00 -0.100759850468E+00 -0.112167530164E+00  0.000000000000E+00 -0.987539805502E-01 -0.424919928416E-01
 -0.800989856846E-01 -0.946237204037E-01 -0.278104649482E-01  0.000000000000E+00 -0.989514771226E-01  0.738577940980E-03 -0.587320953201E-01
 -0.809636389633E-01 -0.600232631188E-02  0.423375543645E-02  0.000000000000E+00 -0.100472609617E+00  0.573082738919E-02 -0.193528722493E-01
 -0.680707800957E-01  0.682252970170E-02  0.515699914280E-02  0.494316308082E-02 -0.995419290346E-01 -0.157575255653E-01  0.507304267124E-02
 -0.414441061245E-01  0.260091621444E-02  0.487441047636E-02  0.497458363497E-02  0.602955897343E-02
  0.602658364069E+00  0.552708883760E+00  0.677276447539E+00  0.645109225612E+00  0.544982004471E+00  0.599517151943E+00  0.722865732071E+00
  0.703743878337E+00  0.691533717280E+00  0.720506895179E+00  0.547465084499E+00  0.630782629752E+00  0.722285096047E+00  0.722088443823E+00
  0.702365389609E+00  0.726527297700E+00  0.719694983824E+00  0.593415462408E+00  0.635820006241E+00  0.716029324519E+00  0.729014201981E+00
  0.715527668402E+00  0.720448025540E+00  0.721204573461E+00  0.716081977011E+00  0.672591469988E+00  0.726895851681E+00  0.722102672761E+00
  0.720959765061E+00  0.724771831881E+00  0.716503421426E+00  0.716254008306E+00  0.715891171374E+00
  0.000000000000E+00  0.000000000000E+00  0.509225906287E+00  0.472096524496E+00  0.000000000000E+00  0.480804935632E+00  0.534527378200E+00
  0.535828376671E+00  0.535478790666E+00  0.540786144099E+00  0.000000000000E+00  0.510355061797E+00  0.517182734688E+00  0.539187582536E+00
  0.542979466829E+00  0.529276869327E+00  0.511037214587E+00  0.000000000000E+00  0.495603612958E+00  0.492982476084E+00  0.531173245976E+00
  0.533778526867E+00  0.505621250779E+00  0.512004061734E+00  0.494165146095E+00  0.508459343412E+00  0.529554659616E+00  0.511911811976E+00
  0.537002160603E+00  0.514995275135E+00  0.492394121673E+00  0.494739812178E+00  0.491351338461E+00
  0.999989626276E+00  0.999990279600E+00  0.984101896456E+00  0.976443336847E+00  0.999991489613E+00  0.959042227806E+00  0.100368391477E+01
  0.994429231794E+00  0.991216470786E+00  0.100355215831E+01  0.999992820514E+00  0.971537225539E+00  0.100443274488E+01  0.100528545444E+01
  0.997216635177E+00  0.100662935905E+01  0.100305250944E+01  0.999993487018E+00  0.973515820546E+00  0.100047750753E+01  0.100763861902E+01
  0.100128643825E+01  0.100314020315E+01  0.100383194088E+01  0.100050517544E+01  0.985091759012E+00  0.100596542185E+01  0.100387921679E+01
  0.100289628410E+01  0.100485271882E+01  0.100082902688E+01  0.100062233798E+01  0.100045422843E+01
        12        15        14        14
        21        16        14        14
         9        14        10        10
        15        22        21        21
        29        27        22        22
        14        16        10        10
         7         8        10        10
        14        15        21        21
        14         9        12        12
         5        12         6         6
        21        24        16        16
        32        23        24        24
        28        21        27        27
        17        16        23        23
        28        31        24        24
        19        15        12        12
         4         2         6         6
         4         9         8         8
        10         8         9         9
        17        13        10        10
        19        26        22        22
        10        16        17        17
        23        25        17        17
        22        15        19        19
        12        11        19        19
        27        30        28        28
        33        31        28        28
         6         9         4         4
         8         3         4         4
        25        23        32        32
        10        13         7         7
         3         8         7         7
        30        27        29        29
         6         2         5         5
        11        12         5         5
        24        23        16        16
        13        17        20        20
        26        19        18        18
         2         4         1         1
        22        27        21        21
        31        32        24        24
        21        28        24        24
        26        29        22        22
         9         6        12        12
        11        18        19        19
        25        20        17        17
        30        33        28        28
         3         1         4         4
zone t="boundary 6 bc-6", solutiontime= 0.3000000E+02, strandid=1006, i=33, j=48, f=feblock
  0.375000000000E+01  0.250000000000E+01  0.500000000000E+01  0.403384942830E+01  0.280856328277E+01  0.125000000000E+01  0.182727219356E+01
  0.500000000000E+01  0.430969386006E+01  0.342819755379E+01  0.227317933631E+01  0.162230260845E+01  0.000000000000E+00  0.905837536509E+00
  0.500000000000E+01  0.408642231822E+01  0.297954017413E+01  0.189599568386E+01  0.109945440014E+01  0.735450417037E+00  0.000000000000E+00
  0.500000000000E+01  0.398205049073E+01  0.304506426164E+01  0.214587157439E+01  0.104050588738E+01  0.000000000000E+00  0.000000000000E+00
  0.500000000000E+01  0.375000000000E+01  0.250000000000E+01  0.125000000000E+01  0.000000000000E+00
  0.250000000000E+01  0.250000000000E+01  0.250000000000E+01  0.145332269920E+01  0.132549389334E+01  0.250000000000E+01  0.173899611320E+01
  0.125000000000E+01  0.518568023061E+00  0.350800286361E+00  0.490615021923E-01  0.825621401394E+00  0.250000000000E+01  0.157899473280E+01
  0.000000000000E+00 -0.461282870254E+00 -0.857924212153E+00 -0.873141960959E+00 -0.322732261638E+00  0.659350882208E+00  0.125000000000E+01
 -0.125000000000E+01 -0.158398995423E+01 -0.183684615440E+01 -0.165007033378E+01 -0.147959633950E+01  0.000000000000E+00 -0.125000000000E+01
 -0.250000000000E+01 -0.250000000000E+01 -0.250000000000E+01 -0.250000000000E+01 -0.250000000000E+01
  0.000000000000E+00  0.000000000000E+00  0.000000000000E+00  0.000000000000E+00  0.000000000000E+00  0.000000000000E+00  0.000000000000E+00
  0.000000000000E+00  0.000000000000E+00  0.000000000000E+00  0.000000000000E+00  0.000000000000E+00  0.000000000000E+00  0.000000000000E+00
  0.000000000000E+00  0.000000000000E+00  0.000000000000E+00  0.000000000000E+00  0.000000000000E+00  0.000000000000E+00  0.000000000000E+00
  0.000000000000E+00  0.000000000000E+00  0.000000000000E+00  0.000000000000E+00  0.000000000000E+00  0.000000000000E+00  0.000000000000E+00
  0.000000000000E+00  0.000000000000E+00  0.000000000000E+00  0.000000000000E+00  0.000000000000E+00
  0.941860796820E+00  0.946295853171E+00  0.843730462323E+00  0.943650653811E+00  0.944515296217E+00  0.956975370881E+00  0.930065594089E+00
  0.773799958910E+00  0.937609620138E+00  0.956402684010E+00  0.942357624494E+00  0.925615523812E+00  0.134427120399E+01  0.100901394506E+01
  0.762981299525E+00  0.953747653699E+00  0.951876672967E+00  0.886350050778E+00  0.941584734998E+00  0.103637680895E+01  0.142583181949E+01
  0.766456621064E+00  0.950880680531E+00  0.934857947363E+00  0.932234378976E+00  0.958155632302E+00  0.164466684966E+01  0.149409013045E+01
  0.830787058273E+00  0.935297142782E+00  0.934221471967E+00  0.961718890371E+00  0.144945702011E+01
  0.000000000000E+00  0.000000000000E+00  0.000000000000E+00  0.000000000000E+00  0.000000000000E+00  0.000000000000E+00  0.000000000000E+00
  0.000000000000E+00  0.000000000000E+00  0.000000000000E+00  0.000000000000E+00  0.000000000000E+00  0.000000000000E+00  0.000000000000E+00
  0.000000000000E+00  0.000000000000E+00  0.000000000000E+00  0.000000000000E+00  0.000000000000E+00  0.000000000000E+00  0.000000000000E+00
  0.000000000000E+00  0.000000000000E+00  0.000000000000E+00  0.000000000000E+00  0.000000000000E+00  0.000000000000E+00  0.000000000000E+00
  0.000000000000E+00  0.000000000000E+00  0.000000000000E+00  0.000000000000E+00  0.000000000000E+00
  0.000000000000E+00  0.000000000000E+00  0.000000000000E+00  0.000000000000E+00  0.000000000000E+00  0.000000000000E+00  0.000000000000E+00
  0.000000000000E+00  0.000000000000E+00  0.000000000000E+00  0.000000000000E+00  0.000000000000E+00  0.000000000000E+00  0.000000000000E+00
  0.000000000000E+00  0.000000000000E+00  0.000000000000E+00  0.000000000000E+00  0.000000000000E+00  0.000000000000E+00  0.000000000000E+00
  0.000000000000E+00  0.000000000000E+00  0.000000000000E+00  0.000000000000E+00  0.000000000000E+00  0.000000000000E+00  0.000000000000E+00
  0.000000000000E+00  0.000000000000E+00  0.000000000000E+00  0.000000000000E+00  0.000000000000E+00
  0.000000000000E+00  0.000000000000E+00  0.000000000000E+00  0.000000000000E+00  0.000000000000E+00  0.000000000000E+00  0.000000000000E+00
  0.000000000000E+00  0.000000000000E+00  0.000000000000E+00  0.000000000000E+00  0.000000000000E+00  0.000000000000E+00  0.000000000000E+00
  0.000000000000E+00  0.000000000000E+00  0.000000000000E+00  0.000000000000E+00  0.000000000000E+00  0.000000000000E+00  0.000000000000E+00
  0.000000000000E+00  0.000000000000E+00  0.000000000000E+00  0.000000000000E+00  0.000000000000E+00  0.000000000000E+00  0.000000000000E+00
  0.000000000000E+00  0.000000000000E+00  0.000000000000E+00  0.000000000000E+00  0.000000000000E+00
  0.672750539642E+00  0.675918450125E+00  0.602658364069E+00  0.674029169483E+00  0.674646778057E+00  0.683546882266E+00  0.664325788306E+00
  0.552708883760E+00  0.669714917151E+00  0.683138276446E+00  0.673106684902E+00  0.661147717128E+00  0.960184397972E+00  0.720717305342E+00
  0.544982004471E+00  0.681242969455E+00  0.679906938043E+00  0.633102314767E+00  0.672554904632E+00  0.740262425133E+00  0.101844188649E+01
  0.547465084499E+00  0.679196000053E+00  0.667751321938E+00  0.665877139632E+00  0.684391759508E+00  0.117475195159E+01  0.106719887731E+01
  0.593415462408E+00  0.668065171990E+00  0.667296742482E+00  0.686937350004E+00  0.103531890721E+01
  0.000000000000E+00  0.000000000000E+00  0.000000000000E+00  0.000000000000E+00  0.000000000000E+00  0.000000000000E+00  0.000000000000E+00
  0.000000000000E+00  0.000000000000E+00  0.000000000000E+00  0.000000000000E+00  0.000000000000E+00  0.000000000000E+00  0.000000000000E+00
  0.000000000000E+00  0.000000000000E+00  0.000000000000E+00  0.000000000000E+00  0.000000000000E+00  0.000000000000E+00  0.000000000000E+00
  0.000000000000E+00  0.000000000000E+00  0.000000000000E+00  0.000000000000E+00  0.000000000000E+00  0.000000000000E+00  0.000000000000E+00
  0.000000000000E+00  0.000000000000E+00  0.000000000000E+00  0.000000000000E+00  0.000000000000E+00
  0.999989338848E+00  0.999989408179E+00  0.999989626276E+00  0.999989597279E+00  0.999989616964E+00  0.999989826583E+00  0.999989795924E+00
  0.999990279600E+00  0.999990682555E+00  0.999990488332E+00  0.999991228774E+00  0.999990579422E+00  0.999990294495E+00  0.999990369230E+00
  0.999991489613E+00  0.999992139994E+00  0.999992688436E+00  0.999992316687E+00  0.999991643330E+00  0.999990916656E+00  0.999990757396E+00
  0.999992820514E+00  0.999993395116E+00  0.999993478527E+00  0.999993152482E+00  0.999992517926E+00  0.999991416230E+00  0.999992167668E+00
  0.999993487018E+00  0.999993689710E+00  0.999993542761E+00  0.999993136907E+00  0.999992721394E+00
        19        18        11        11
        17        10        11        11
        12        11         5         5
        18        25        17        17
        31        24        25        25
        11        10         5         5
         2         7         5         5
        11        18        17        17
        11        12        19        19
        27        19        20        20
        17        16        10        10
        15         9        16        16
        23        17        24        24
         4        10         9         9
        23        22        16        16
        26        18        19        19
        14        21        20        20
        14        12         7         7
         5         7        12        12
         4         1         5         5
        26        32        25        25
         5        10         4         4
         9         8         4         4
        25        18        26        26
        19        28        26        26
        24        30        23        23
        29        22        23        23
        20        12        14        14
         7         6        14        14
         8         9        15        15
         5         1         2         2
         6         7         2         2
        30        24        31        31
        20        21        27        27
        28        19        27        27
        16         9        10        10
         1         4         3         3
        32        26        33        33
        21        14        13        13
        25        24        17        17
        22        15        16        16
        17        23        16        16
        32        31        25        25
        12        20        19        19
        28        33        26        26
         8         3         4         4
        30        29        23        23
         6        13        14        14
