title="tecplot geometry and solution file"
variables = x y z rho u v w p mach temperature
zone t="boundary 1 bc-1", solutiontime= 0.9000000E+02, strandid=1001, i=32, j=46, f=feblock
  0.000000000000E+00  0.000000000000E+00  0.000000000000E+00  0.000000000000E+00  0.000000000000E+00  0.000000000000E+00  0.000000000000E+00
  0.000000000000E+00  0.000000000000E+00  0.000000000000E+00  0.000000000000E+00  0.000000000000E+00  0.000000000000E+00  0.000000000000E+00
  0.000000000000E+00  0.000000000000E+00  0.000000000000E+00  0.000000000000E+00  0.000000000000E+00  0.000000000000E+00  0.000000000000E+00
  0.000000000000E+00  0.000000000000E+00  0.000000000000E+00  0.000000000000E+00  0.000000000000E+00  0.000000000000E+00  0.000000000000E+00
  0.000000000000E+00  0.000000000000E+00  0.000000000000E+00  0.000000000000E+00
  0.250000000000E+01  0.250000000000E+01  0.125000000000E+01  0.146289271009E+01  0.157686156160E+01  0.308372018325E+00  0.000000000000E+00
 -0.125000000000E+01 -0.600232012419E+00  0.250000000000E+01  0.477386199275E+00  0.742988685424E+00 -0.739814786992E+00  0.177790177481E+01
  0.155830813274E+01  0.250000000000E+01 -0.250000000000E+01 -0.154800130438E+01 -0.487811078581E+00  0.250000000000E+01  0.627766083140E+00
 -0.345533899378E+00 -0.178862290564E+01 -0.158811787973E+01  0.125000000000E+01 -0.250000000000E+01 -0.144524380962E+01  0.000000000000E+00
 -0.125000000000E+01 -0.250000000000E+01 -0.250000000000E+01 -0.250000000000E+01
  0.000000000000E+00  0.125000000000E+01  0.000000000000E+00  0.103724302461E+01  0.219251206392E+01  0.922061490191E+00  0.000000000000E+00
  0.000000000000E+00  0.715990576545E+00  0.250000000000E+01  0.202479342020E+01  0.324151231464E+01  0.175434191980E+01  0.310152362409E+01
  0.404200324774E+01  0.375000000000E+01  0.000000000000E+00  0.930412228790E+00  0.299062775774E+01  0.500000000000E+01  0.429310310915E+01
  0.409252726285E+01  0.187029682677E+01  0.284428995242E+01  0.500000000000E+01  0.125000000000E+01  0.394624082883E+01  0.500000000000E+01
  0.500000000000E+01  0.250000000000E+01  0.375000000000E+01  0.500000000000E+01
  0.134427120157E+01  0.106355407290E+01  0.142583335177E+01  0.108608803810E+01  0.103229127938E+01  0.120095424959E+01  0.164467173410E+01
  0.149409557509E+01  0.123520479880E+01  0.102389323516E+01  0.102809540809E+01  0.101301839022E+01  0.103252949880E+01  0.101471900056E+01
  0.100663889754E+01  0.100830825682E+01  0.144946231072E+01  0.116393608575E+01  0.101462881505E+01  0.100426045581E+01  0.100679813649E+01
  0.100724561090E+01  0.104668151925E+01  0.101938480561E+01  0.100424805427E+01  0.106442287184E+01  0.100789350467E+01  0.100288848501E+01
  0.100334546961E+01  0.102847384157E+01  0.100958674703E+01  0.100399278595E+01
  0.000000000000E+00  0.445481312193E+00  0.000000000000E+00  0.468737814197E+00  0.462182141567E+00  0.443613424609E+00  0.000000000000E+00
  0.000000000000E+00  0.379271905252E+00  0.471738749826E+00  0.466574825716E+00  0.479355050460E+00  0.490159647947E+00  0.484514638554E+00
  0.488524715044E+00  0.489830119087E+00  0.000000000000E+00  0.450652942435E+00  0.474813858268E+00  0.495784839823E+00  0.490899406132E+00
  0.486835276596E+00  0.448668416095E+00  0.465806978723E+00  0.496536436574E+00  0.444686521175E+00  0.487700950965E+00  0.497534045553E+00
  0.496384212828E+00  0.470002678986E+00  0.489199811883E+00  0.495521970147E+00
  0.000000000000E+00  0.000000000000E+00  0.000000000000E+00  0.186087213930E-01 -0.276686562413E-02  0.332954700880E-01  0.000000000000E+00
  0.000000000000E+00 -0.594694496234E-02  0.000000000000E+00  0.356652965598E-02 -0.566639285945E-02 -0.416057584690E-02  0.305528207003E-04
 -0.106176074397E-02  0.000000000000E+00  0.000000000000E+00 -0.764107303719E-02  0.359607919836E-03  0.000000000000E+00 -0.203513061266E-02
 -0.138313457002E-02  0.156560880135E-02 -0.158520984144E-02 -0.638401283003E-04  0.000000000000E+00 -0.283517740739E-04 -0.196340471218E-03
  0.807129806851E-03  0.000000000000E+00  0.000000000000E+00  0.000000000000E+00
  0.000000000000E+00  0.452181646372E-01  0.000000000000E+00  0.123933407475E+00  0.247647439958E-01  0.165645126787E+00  0.000000000000E+00
  0.000000000000E+00  0.155763845270E+00  0.351823674796E-02  0.259784106020E-01 -0.651224321681E-02  0.749000974570E-01  0.371840208099E-02
 -0.149286593165E-03  0.459066912152E-03  0.000000000000E+00  0.140954858119E+00 -0.808565895453E-02  0.237179531775E-02 -0.304299878789E-03
 -0.438193707807E-02  0.255018456925E-01 -0.194955970634E-02  0.308365102077E-02  0.837466147860E-01 -0.121908070435E-02  0.268517224638E-02
  0.264046052228E-02  0.279388347107E-02 -0.834655859218E-03  0.345022416499E-02
  0.960184515548E+00  0.782340675626E+00  0.101844257337E+01  0.808726775754E+00  0.746126009001E+00  0.879446930637E+00  0.117475424002E+01
  0.106720117537E+01  0.916620902972E+00  0.737395335257E+00  0.743554144907E+00  0.725759307645E+00  0.757455444868E+00  0.729188429715E+00
  0.720785110731E+00  0.722781739118E+00  0.103532120656E+01  0.858317600609E+00  0.728065215781E+00  0.718615339857E+00  0.721013513260E+00
  0.721151661467E+00  0.760019077779E+00  0.732628564846E+00  0.718531208535E+00  0.791043462912E+00  0.722108035470E+00  0.717199429559E+00
  0.717636920499E+00  0.741799944127E+00  0.724056673652E+00  0.718400689757E+00
  0.000000000000E+00  0.441238238418E+00  0.000000000000E+00  0.475214961796E+00  0.460123580272E+00  0.468827756054E+00  0.000000000000E+00
  0.000000000000E+00  0.402302252327E+00  0.469814866974E+00  0.464410992740E+00  0.478713919946E+00  0.489298227018E+00  0.483068464338E+00
  0.487929997327E+00  0.488961578622E+00  0.000000000000E+00  0.464775595985E+00  0.473795475386E+00  0.495346539859E+00  0.490266031380E+00
  0.486285986007E+00  0.445717357445E+00  0.464382072844E+00  0.496127345644E+00  0.443624008640E+00  0.486964359150E+00  0.497246230722E+00
  0.496059214486E+00  0.467732142372E+00  0.488211983969E+00  0.495098202848E+00
  0.999990418744E+00  0.102982723097E+01  0.999990357178E+00  0.104247302828E+01  0.101190083988E+01  0.102520616694E+01  0.999990394394E+00
  0.999990676924E+00  0.103891214268E+01  0.100826280896E+01  0.101252840415E+01  0.100300551353E+01  0.102702888784E+01  0.100605566767E+01
  0.100244403180E+01  0.100355662856E+01  0.999991292264E+00  0.103239744481E+01  0.100459526378E+01  0.100179337938E+01  0.100260308594E+01
  0.100234969021E+01  0.101657160208E+01  0.100617547479E+01  0.100168846499E+01  0.104043315620E+01  0.100303379769E+01  0.100118728691E+01
  0.100134173037E+01  0.100976794917E+01  0.100405373396E+01  0.100176114782E+01
        12        19        11        11
        11         5        12        12
        10        14         5         5
        19        13        11        11
        19        24        13        13
        30        23        24        24
        19        12        22        22
        28        22        21        21
        11        13         6         6
         7         6         9         9
        15        12        14        14
        18        13        23        23
        15        25        21        21
        27        19        22        22
        18         8         9         9
        27        31        24        24
         4        11         6         6
         5        14        12        12
         4         2         5         5
        21        12        15        15
        14        16        15        15
        24        19        27        27
        22        29        27        27
        23        26        18        18
        17         8        18        18
         5        11         4         4
         6         3         4         4
        26        23        30        30
         5         2        10        10
        16        14        10        10
         3         6         7         7
        21        25        28        28
        29        22        28        28
         6        13         9         9
         2         4         1         1
        31        27        32        32
        25        15        20        20
        24        23        13        13
         8         7         9         9
        13        18         9         9
        31        30        24        24
        12        21        22        22
        29        32        27        27
         3         1         4         4
        26        17        18        18
        16        20        15        15
zone t="boundary 2 bc-2", solutiontime= 0.9000000E+02, strandid=1002, i=33, j=48, f=feblock
  0.500000000000E+01  0.375000000000E+01  0.250000000000E+01  0.288078410721E+01  0.125000000000E+01  0.190974100652E+01  0.326683758169E+01
  0.201431602454E+01  0.000000000000E+00  0.963108083381E+00  0.500000000000E+01  0.403552511878E+01  0.423153924130E+01  0.500000000000E+01
  0.385533350601E+01  0.500000000000E+01  0.398173246726E+01  0.315249557942E+01  0.267000324704E+01  0.154774304040E+01  0.218329375016E+01
  0.893127759452E+00  0.000000000000E+00  0.698517061619E+00  0.964171764089E+00  0.310324758057E+01  0.000000000000E+00  0.000000000000E+00
  0.125000000000E+01  0.500000000000E+01  0.375000000000E+01  0.250000000000E+01  0.000000000000E+00
 -0.250000000000E+01 -0.250000000000E+01 -0.250000000000E+01 -0.250000000000E+01 -0.250000000000E+01 -0.250000000000E+01 -0.250000000000E+01
 -0.250000000000E+01 -0.250000000000E+01 -0.250000000000E+01 -0.250000000000E+01 -0.250000000000E+01 -0.250000000000E+01 -0.250000000000E+01
 -0.250000000000E+01 -0.250000000000E+01 -0.250000000000E+01 -0.250000000000E+01 -0.250000000000E+01 -0.250000000000E+01 -0.250000000000E+01
 -0.250000000000E+01 -0.250000000000E+01 -0.250000000000E+01 -0.250000000000E+01 -0.250000000000E+01 -0.250000000000E+01 -0.250000000000E+01
 -0.250000000000E+01 -0.250000000000E+01 -0.250000000000E+01 -0.250000000000E+01 -0.250000000000E+01
  0.000000000000E+00  0.000000000000E+00  0.000000000000E+00  0.904659890645E+00  0.000000000000E+00  0.717002441913E+00  0.188609243358E+01
  0.176246431481E+01  0.000000000000E+00  0.961328577125E+00  0.125000000000E+01  0.101201586758E+01  0.191586535653E+01  0.250000000000E+01
  0.293121848150E+01  0.375000000000E+01  0.406975391361E+01  0.363585050272E+01  0.285047954584E+01  0.292817774674E+01  0.395907379566E+01
  0.205246550326E+01  0.125000000000E+01  0.306828197606E+01  0.397245519226E+01  0.433168271247E+01  0.250000000000E+01  0.375000000000E+01
  0.500000000000E+01  0.500000000000E+01  0.500000000000E+01  0.500000000000E+01  0.500000000000E+01
  0.830791052052E+00  0.935300008284E+00  0.934224122864E+00  0.968088632788E+00  0.961721242222E+00  0.964849104147E+00  0.984136281748E+00
  0.991412546257E+00  0.144946231072E+01  0.102921743238E+01  0.955879297035E+00  0.960693831901E+00  0.981488085125E+00  0.100642900020E+01
  0.997912073726E+00  0.100977859191E+01  0.100199486570E+01  0.998063283641E+00  0.991085849502E+00  0.100132724458E+01  0.100094608509E+01
  0.101224616793E+01  0.106442287184E+01  0.101082202034E+01  0.100685266688E+01  0.100118421133E+01  0.102847384157E+01  0.100958674703E+01
  0.100510178361E+01  0.100179482360E+01  0.100266322781E+01  0.100321172188E+01  0.100399278595E+01
  0.000000000000E+00  0.000000000000E+00  0.000000000000E+00  0.378986618319E+00  0.000000000000E+00  0.340639369411E+00  0.582178870983E+00
  0.575195886258E+00  0.000000000000E+00  0.489449655287E+00  0.494740704344E+00  0.431506614146E+00  0.568961593860E+00  0.536180001710E+00
  0.568879800119E+00  0.516235825958E+00  0.508555713289E+00  0.527399294743E+00  0.566648598098E+00  0.531828941570E+00  0.506096409154E+00
  0.520701979981E+00  0.444686521175E+00  0.491339827171E+00  0.492734851082E+00  0.501504432245E+00  0.470002678986E+00  0.489199811883E+00
  0.490458079985E+00  0.491426941490E+00  0.486218188072E+00  0.490304325593E+00  0.495521970147E+00
  0.000000000000E+00  0.000000000000E+00  0.000000000000E+00  0.000000000000E+00  0.000000000000E+00  0.000000000000E+00  0.000000000000E+00
  0.000000000000E+00  0.000000000000E+00  0.000000000000E+00  0.000000000000E+00  0.000000000000E+00  0.000000000000E+00  0.000000000000E+00
  0.000000000000E+00  0.000000000000E+00  0.000000000000E+00  0.000000000000E+00  0.000000000000E+00  0.000000000000E+00  0.000000000000E+00
  0.000000000000E+00  0.000000000000E+00  0.000000000000E+00  0.000000000000E+00  0.000000000000E+00  0.000000000000E+00  0.000000000000E+00
  0.000000000000E+00  0.000000000000E+00  0.000000000000E+00  0.000000000000E+00  0.000000000000E+00
  0.000000000000E+00  0.000000000000E+00  0.000000000000E+00 -0.229673650429E-02  0.000000000000E+00  0.183565501338E-01  0.121123594181E-01
  0.454988203330E-01  0.000000000000E+00  0.870793830439E-01 -0.995418632118E-01 -0.211861794970E-01 -0.306438189653E-01 -0.414439450751E-01
 -0.137864491527E-02  0.259927650185E-02  0.609558991625E-03  0.503693736842E-03  0.150968802807E-01  0.284027164331E-01  0.564173398047E-02
  0.553421860858E-01  0.837466147860E-01  0.110441693722E-01  0.679175421247E-02 -0.758034628907E-03  0.279388347107E-02 -0.834655859218E-03
  0.400715008723E-02  0.602717574920E-02 -0.143840534482E-03  0.120128189413E-02  0.345022416499E-02
  0.593416975816E+00  0.668065538768E+00  0.667297044764E+00  0.684257708640E+00  0.686937717240E+00  0.679201280729E+00  0.695811759844E+00
  0.702343917803E+00  0.103532120656E+01  0.723694704243E+00  0.672591988083E+00  0.675702932221E+00  0.694093306266E+00  0.720959954519E+00
  0.712691338452E+00  0.724770836782E+00  0.716580608650E+00  0.713299056322E+00  0.706429624312E+00  0.717737333346E+00  0.715376677889E+00
  0.730937812145E+00  0.791043462912E+00  0.724372948775E+00  0.721010803439E+00  0.715457605740E+00  0.741799944127E+00  0.724056673652E+00
  0.719313007535E+00  0.715892844555E+00  0.716608965954E+00  0.717368014757E+00  0.718400689757E+00
  0.000000000000E+00  0.000000000000E+00  0.000000000000E+00  0.380991725517E+00  0.000000000000E+00  0.343629902501E+00  0.585285997937E+00
  0.579373345328E+00  0.000000000000E+00  0.501056496643E+00  0.508459636492E+00  0.435372376081E+00  0.572639779008E+00  0.537002216251E+00
  0.568922577244E+00  0.514994217086E+00  0.508247269503E+00  0.527252854700E+00  0.567446690172E+00  0.531657148367E+00  0.505980959997E+00
  0.520795550505E+00  0.443624008640E+00  0.490663634162E+00  0.492155782275E+00  0.501390726941E+00  0.467732142372E+00  0.488211983969E+00
  0.490002657454E+00  0.491352292040E+00  0.486075382695E+00  0.490036359612E+00  0.495098202848E+00
  0.999991230154E+00  0.999991175015E+00  0.999991158230E+00  0.989538312558E+00  0.999991226060E+00  0.985523838840E+00  0.989838990644E+00
  0.991798508740E+00  0.999991292264E+00  0.984410634783E+00  0.985091722602E+00  0.984688434231E+00  0.990058507586E+00  0.100289631571E+01
  0.999855498398E+00  0.100485312288E+01  0.100121556152E+01  0.100055647294E+01  0.997896876980E+00  0.100350037625E+01  0.100058071455E+01
  0.101093288315E+01  0.104043315620E+01  0.100326477647E+01  0.100254501777E+01  0.100045589682E+01  0.100976794917E+01  0.100405373396E+01
  0.100192659785E+01  0.100045434331E+01  0.100058775919E+01  0.100109996600E+01  0.100176114782E+01
        15         7        19        19
         8        20        19        19
        18        19        21        21
         7         4         8         8
         3         6         4         4
        19         7         8         8
        19        18        15        15
        14        13        15        15
         8        22        20        20
        27        24        22        22
        19        20        21        21
        32        26        21        21
        17        18        26        26
        17        16        15        15
        25        29        21        21
        12         7        13        13
        10         8         6         6
        25        20        24        24
         4         6         8         8
        12         2         4         4
        10        23        22        22
        26        31        17        17
        30        16        17        17
         4         7        12        12
        13        11        12        12
        21        20        25        25
        24        28        25        25
        22         8        10        10
         6         5        10        10
        31        26        32        32
         4         2         3         3
         5         6         3         3
        11        13        14        14
        22        23        27        27
        28        24        27        27
        15        13         7         7
         2        12         1         1
        29        25        33        33
        23        10         9         9
        21        26        18        18
        16        14        15        15
        18        17        15        15
        29        32        21        21
        22        24        20        20
        28        33        25        25
        11         1        12        12
        31        30        17        17
         5         9        10        10
zone t="boundary 3 bc-3", solutiontime= 0.9000000E+02, strandid=1003, i=33, j=48, f=feblock
  0.375000000000E+01  0.250000000000E+01  0.500000000000E+01  0.403552511878E+01  0.288078410721E+01  0.125000000000E+01  0.190974100652E+01
  0.500000000000E+01  0.326683758169E+01  0.423153924130E+01  0.201431602454E+01  0.000000000000E+00  0.963108083381E+00  0.500000000000E+01
  0.267000324704E+01  0.385533350601E+01  0.893127759452E+00  0.154774304040E+01  0.000000000000E+00  0.500000000000E+01  0.315249557942E+01
  0.218329375016E+01  0.398173246726E+01  0.000000000000E+00  0.698517061619E+00  0.964171764089E+00  0.125000000000E+01  0.000000000000E+00
  0.500000000000E+01  0.310324758057E+01  0.250000000000E+01  0.375000000000E+01  0.000000000000E+00
  0.250000000000E+01  0.250000000000E+01  0.250000000000E+01  0.250000000000E+01  0.250000000000E+01  0.250000000000E+01  0.250000000000E+01
  0.250000000000E+01  0.250000000000E+01  0.250000000000E+01  0.250000000000E+01  0.250000000000E+01  0.250000000000E+01  0.250000000000E+01
  0.250000000000E+01  0.250000000000E+01  0.250000000000E+01  0.250000000000E+01  0.250000000000E+01  0.250000000000E+01  0.250000000000E+01
  0.250000000000E+01  0.250000000000E+01  0.250000000000E+01  0.250000000000E+01  0.250000000000E+01  0.250000000000E+01  0.250000000000E+01
  0.250000000000E+01  0.250000000000E+01  0.250000000000E+01  0.250000000000E+01  0.250000000000E+01
  0.000000000000E+00  0.000000000000E+00  0.000000000000E+00  0.101201586758E+01  0.904659890645E+00  0.000000000000E+00  0.717002441913E+00
  0.125000000000E+01  0.188609243358E+01  0.191586535653E+01  0.176246431481E+01  0.000000000000E+00  0.961328577125E+00  0.250000000000E+01
  0.285047954584E+01  0.293121848150E+01  0.205246550326E+01  0.292817774674E+01  0.125000000000E+01  0.375000000000E+01  0.363585050272E+01
  0.395907379566E+01  0.406975391361E+01  0.250000000000E+01  0.306828197606E+01  0.397245519226E+01  0.500000000000E+01  0.375000000000E+01
  0.500000000000E+01  0.433168271247E+01  0.500000000000E+01  0.500000000000E+01  0.500000000000E+01
  0.941860418857E+00  0.946295779414E+00  0.843729349917E+00  0.964330863339E+00  0.978820626138E+00  0.956975532166E+00  0.983331361427E+00
  0.963500213011E+00  0.982689331822E+00  0.984243958584E+00  0.990263864302E+00  0.134427120157E+01  0.101918253804E+01  0.100829904685E+01
  0.993456207050E+00  0.997998721646E+00  0.100807815971E+01  0.100072122947E+01  0.106355407290E+01  0.100673531733E+01  0.100058361192E+01
  0.100234986941E+01  0.100178080942E+01  0.102389323516E+01  0.100874215727E+01  0.100528377084E+01  0.100522865792E+01  0.100830825682E+01
  0.100196465240E+01  0.100162018179E+01  0.100413211340E+01  0.100321963359E+01  0.100426045581E+01
  0.000000000000E+00  0.000000000000E+00  0.000000000000E+00  0.439071419123E+00  0.399865845265E+00  0.000000000000E+00  0.373794147804E+00
  0.495017859892E+00  0.573056219878E+00  0.569605180290E+00  0.559932669155E+00  0.000000000000E+00  0.483390700102E+00  0.533822201711E+00
  0.556458760544E+00  0.564688384926E+00  0.522615449353E+00  0.522532999595E+00  0.445481312193E+00  0.518326962039E+00  0.524750902669E+00
  0.503888121141E+00  0.509839736502E+00  0.471738749826E+00  0.496245388937E+00  0.494940333096E+00  0.489076276508E+00  0.489830119087E+00
  0.493064986644E+00  0.499146562790E+00  0.486766553959E+00  0.484757806367E+00  0.495784839823E+00
  0.000000000000E+00  0.000000000000E+00  0.000000000000E+00  0.000000000000E+00  0.000000000000E+00  0.000000000000E+00  0.000000000000E+00
  0.000000000000E+00  0.000000000000E+00  0.000000000000E+00  0.000000000000E+00  0.000000000000E+00  0.000000000000E+00  0.000000000000E+00
  0.000000000000E+00  0.000000000000E+00  0.000000000000E+00  0.000000000000E+00  0.000000000000E+00  0.000000000000E+00  0.000000000000E+00
  0.000000000000E+00  0.000000000000E+00  0.000000000000E+00  0.000000000000E+00  0.000000000000E+00  0.000000000000E+00  0.000000000000E+00
  0.000000000000E+00  0.000000000000E+00  0.000000000000E+00  0.000000000000E+00  0.000000000000E+00
  0.000000000000E+00  0.000000000000E+00  0.000000000000E+00 -0.226115781506E-01  0.111963868262E-01  0.000000000000E+00  0.179816711346E-01
 -0.100761326049E+00  0.390411449052E-02 -0.389325492134E-01  0.340377314769E-01  0.000000000000E+00  0.652293530540E-01 -0.424929640690E-01
  0.843883513697E-02 -0.650992128451E-02  0.490055069418E-01  0.135873759786E-01  0.452181646372E-01  0.737225815979E-03 -0.701183828267E-03
  0.243749113143E-02  0.868967852262E-03  0.351823674796E-02  0.103945527849E-01  0.431658953785E-02  0.337512876780E-02  0.459066912152E-03
  0.572582483896E-02  0.341149991173E-03  0.160984502938E-02  0.569952549761E-03  0.237179531775E-02
  0.672750896892E+00  0.675918950433E+00  0.602658033504E+00  0.676093816999E+00  0.691308979597E+00  0.683547310302E+00  0.690066543410E+00
  0.677274843488E+00  0.695201867515E+00  0.696250884154E+00  0.703344124675E+00  0.960184515548E+00  0.719726424529E+00  0.722866671034E+00
  0.709447815599E+00  0.713700986992E+00  0.726067497576E+00  0.716602987848E+00  0.782340675626E+00  0.722284562421E+00  0.716128690468E+00
  0.716551704338E+00  0.716546577919E+00  0.737395335257E+00  0.722682984383E+00  0.719441326587E+00  0.719566151976E+00  0.722781739118E+00
  0.716030211399E+00  0.715847876734E+00  0.718146843757E+00  0.717062520299E+00  0.718615339857E+00
  0.000000000000E+00  0.000000000000E+00  0.000000000000E+00  0.443767851971E+00  0.402286937187E+00  0.000000000000E+00  0.377550347167E+00
  0.509232303765E+00  0.575832200483E+00  0.573707467431E+00  0.562554066051E+00  0.000000000000E+00  0.490563275283E+00  0.534527160060E+00
  0.556586972364E+00  0.564391596022E+00  0.522730462526E+00  0.522051957840E+00  0.441238238418E+00  0.517182364794E+00  0.524228611468E+00
  0.503687398987E+00  0.509488557597E+00  0.469814866974E+00  0.495614370334E+00  0.494483710979E+00  0.488562341139E+00  0.488961578622E+00
  0.492980742035E+00  0.499005498570E+00  0.486460842266E+00  0.484596857761E+00  0.495346539859E+00
  0.999990271160E+00  0.999990226304E+00  0.999990396196E+00  0.981542103217E+00  0.988774189663E+00  0.999990284241E+00  0.982469591301E+00
  0.984104381171E+00  0.990427577672E+00  0.990355317210E+00  0.994363027919E+00  0.999990418744E+00  0.988652137107E+00  0.100368372122E+01
  0.999769224643E+00  0.100118503172E+01  0.100834889321E+01  0.100252113520E+01  0.102982723097E+01  0.100443321097E+01  0.100199539020E+01
  0.100082058839E+01  0.100138193870E+01  0.100826280896E+01  0.100298790017E+01  0.100192392083E+01  0.100215269912E+01  0.100355662856E+01
  0.100047670699E+01  0.100056592873E+01  0.100126822740E+01  0.100066575135E+01  0.100179337938E+01
        15         9        16        16
        15        18        11        11
        22        15        21        21
        11         5         9         9
         5         7         2         2
        11         9        15        15
        16        21        15        15
        16        10        14        14
        18        17        11        11
        17        25        24        24
        22        18        15        15
        22        30        31        31
        30        21        23        23
        16        20        23        23
        22        27        26        26
        10         9         4         4
         7        11        13        13
        25        18        26        26
        11         7         5         5
         5         1         4         4
        17        19        13        13
        23        32        30        30
        23        20        29        29
         4         9         5         5
         4         8        10        10
        26        18        22        22
        26        28        25        25
        13        11        17        17
        13         6         7         7
        31        30        32        32
         2         1         5         5
         2         7         6         6
        14        10         8         8
        24        19        17        17
        24        25        28        28
         9        10        16        16
         3         4         1         1
        33        26        27        27
        12        13        19        19
        21        30        22        22
        16        14        20        20
        16        23        21        21
        22        31        27        27
        18        25        17        17
        26        33        28        28
         4         3         8         8
        23        29        32        32
        13        12         6         6
zone t="boundary 4 bc-4", solutiontime= 0.9000000E+02, strandid=1004, i=32, j=46, f=feblock
  0.125000000000E+01  0.219251206392E+01  0.103724302461E+01  0.500000000000E+01  0.250000000000E+01  0.375000000000E+01  0.404200324774E+01
  0.500000000000E+01  0.000000000000E+00  0.310152362409E+01  0.202479342020E+01  0.324151231464E+01  0.922061490191E+00  0.000000000000E+00
  0.299062775774E+01  0.394624082883E+01  0.500000000000E+01  0.409252726285E+01  0.500000000000E+01  0.429310310915E+01  0.175434191980E+01
  0.284428995242E+01  0.000000000000E+00  0.000000000000E+00  0.715990576545E+00  0.930412228790E+00  0.125000000000E+01  0.187029682677E+01
  0.500000000000E+01  0.375000000000E+01  0.250000000000E+01  0.000000000000E+00
  0.250000000000E+01  0.157686156160E+01  0.146289271009E+01  0.250000000000E+01  0.250000000000E+01  0.250000000000E+01  0.155830813274E+01
  0.125000000000E+01  0.250000000000E+01  0.177790177481E+01  0.477386199275E+00  0.742988685424E+00  0.308372018325E+00  0.125000000000E+01
 -0.487811078581E+00 -0.144524380962E+01 -0.125000000000E+01 -0.345533899378E+00  0.000000000000E+00  0.627766083140E+00 -0.739814786992E+00
 -0.158811787973E+01  0.000000000000E+00 -0.125000000000E+01 -0.600232012419E+00 -0.154800130438E+01 -0.250000000000E+01 -0.178862290564E+01
 -0.250000000000E+01 -0.250000000000E+01 -0.250000000000E+01 -0.250000000000E+01
  0.500000000000E+01  0.500000000000E+01  0.500000000000E+01  0.500000000000E+01  0.500000000000E+01  0.500000000000E+01  0.500000000000E+01
  0.500000000000E+01  0.500000000000E+01  0.500000000000E+01  0.500000000000E+01  0.500000000000E+01  0.500000000000E+01  0.500000000000E+01
  0.500000000000E+01  0.500000000000E+01  0.500000000000E+01  0.500000000000E+01  0.500000000000E+01  0.500000000000E+01  0.500000000000E+01
  0.500000000000E+01  0.500000000000E+01  0.500000000000E+01  0.500000000000E+01  0.500000000000E+01  0.500000000000E+01  0.500000000000E+01
  0.500000000000E+01  0.500000000000E+01  0.500000000000E+01  0.500000000000E+01
  0.100522865792E+01  0.100432978653E+01  0.100432039482E+01  0.100196465240E+01  0.100413211340E+01  0.100321963359E+01  0.100258628696E+01
  0.100201178642E+01  0.100426045581E+01  0.100372316241E+01  0.100446509675E+01  0.100346959477E+01  0.100365989694E+01  0.100424805427E+01
  0.100362345019E+01  0.100164201834E+01  0.100227636549E+01  0.100227318144E+01  0.100213449898E+01  0.100254353390E+01  0.100442393834E+01
  0.100337271613E+01  0.100288848501E+01  0.100334546961E+01  0.100323228086E+01  0.100406092588E+01  0.100510178361E+01  0.100431314632E+01
  0.100179482360E+01  0.100266322781E+01  0.100321172188E+01  0.100399278595E+01
  0.489076276508E+00  0.489238509104E+00  0.490983255801E+00  0.493064986644E+00  0.486766553959E+00  0.484757806367E+00  0.485404901651E+00
  0.494262738484E+00  0.495784839823E+00  0.486800167125E+00  0.488139232467E+00  0.487244505679E+00  0.494423218617E+00  0.496536436574E+00
  0.487845678687E+00  0.483219388459E+00  0.492573601230E+00  0.487262223372E+00  0.494865957536E+00  0.488012449452E+00  0.490096604564E+00
  0.488269554261E+00  0.497534045553E+00  0.496384212828E+00  0.495259685748E+00  0.493216356569E+00  0.490458079985E+00  0.490399894880E+00
  0.491426941490E+00  0.486218188072E+00  0.490304325593E+00  0.495521970147E+00
  0.000000000000E+00 -0.893838490343E-04 -0.129754947283E-02  0.000000000000E+00  0.000000000000E+00  0.000000000000E+00  0.425729208777E-03
  0.797052776055E-03  0.000000000000E+00  0.274732006119E-03 -0.942416618792E-03 -0.819979370156E-03 -0.174523594317E-02 -0.638401283003E-04
 -0.110020934751E-02 -0.102275923366E-02 -0.133256519700E-02 -0.213431037020E-02 -0.132926093719E-02 -0.106397888539E-02 -0.624403036369E-03
 -0.761697081986E-03 -0.196340471218E-03  0.807129806851E-03  0.520274940263E-04  0.161631124929E-02  0.000000000000E+00  0.791652328866E-03
  0.000000000000E+00  0.000000000000E+00  0.000000000000E+00  0.000000000000E+00
  0.337512876780E-02  0.271228205411E-02  0.385744114927E-02  0.572582483896E-02  0.160984502938E-02  0.569952549761E-03  0.203990853410E-02
  0.493733080558E-02  0.237179531775E-02  0.107174642201E-02  0.201402000074E-02 -0.164976311885E-04  0.501066259870E-02  0.308365102077E-02
  0.288404702842E-04  0.111419820838E-02  0.487151909678E-02  0.118270018309E-02  0.497035575648E-02  0.146531284949E-02  0.271578591314E-02
  0.900239476505E-04  0.268517224638E-02  0.264046052228E-02  0.438672526865E-02  0.489576069960E-02  0.400715008723E-02  0.232282321626E-02
  0.602717574920E-02 -0.143840534482E-03  0.120128189413E-02  0.345022416499E-02
  0.719566151976E+00  0.718473536046E+00  0.718651141923E+00  0.716030211399E+00  0.718146843757E+00  0.717062520299E+00  0.716314665484E+00
  0.716083373584E+00  0.718615339857E+00  0.717750743126E+00  0.718429652143E+00  0.717283181446E+00  0.718078287637E+00  0.718531208535E+00
  0.717564074063E+00  0.715464844389E+00  0.716504926912E+00  0.716068847249E+00  0.716255207641E+00  0.716270793803E+00  0.718698606535E+00
  0.717403306491E+00  0.717199429559E+00  0.717636920499E+00  0.717544963840E+00  0.718476425099E+00  0.719313007535E+00  0.718541232398E+00
  0.715892844555E+00  0.716608965954E+00  0.717368014757E+00  0.718400689757E+00
  0.488562341139E+00  0.488873032190E+00  0.490562859008E+00  0.492980742035E+00  0.486460842266E+00  0.484596857761E+00  0.485347839168E+00
  0.494163546244E+00  0.495346539859E+00  0.486528146737E+00  0.487819888657E+00  0.487068824666E+00  0.494045825543E+00  0.496127345644E+00
  0.487612248631E+00  0.483219641417E+00  0.492395524030E+00  0.487214085145E+00  0.494738995157E+00  0.487958482370E+00  0.489677130929E+00
  0.488028988723E+00  0.497246230722E+00  0.496059214486E+00  0.494950977562E+00  0.492800285634E+00  0.490002657454E+00  0.490005003498E+00
  0.491352292040E+00  0.486075382695E+00  0.490036359612E+00  0.495098202848E+00
  0.100215269912E+01  0.100152655428E+01  0.100178349846E+01  0.100047670699E+01  0.100126822740E+01  0.100066575135E+01  0.100025358887E+01
  0.100050392281E+01  0.100179337938E+01  0.100112369427E+01  0.100133047555E+01  0.100072434606E+01  0.100164369001E+01  0.100168846499E+01
  0.100096276497E+01  0.100000874944E+01  0.100082864588E+01  0.100022269848E+01  0.100062146520E+01  0.100023497975E+01  0.100174638491E+01
  0.100098857876E+01  0.100118728691E+01  0.100134173037E+01  0.100132638128E+01  0.100179876461E+01  0.100192659785E+01  0.100163751619E+01
  0.100045434331E+01  0.100058775919E+01  0.100109996600E+01  0.100176114782E+01
        12        15        11        11
        11         2        12        12
         5        10         2         2
        15        21        11        11
        15        22        21        21
        31        28        22        22
        15        12        18        18
        19        18        20        20
        11        21        13        13
        23        13        25        25
         7        12        10        10
        26        21        28        28
         7         8        20        20
        16        15        18        18
        26        24        25        25
        16        30        22        22
         3        11        13        13
         2        10        12        12
         3         1         2         2
        20        12         7         7
        10         6         7         7
        22        15        16        16
        18        17        16        16
        28        27        26        26
        32        24        26        26
         2        11         3         3
        13        14         3         3
        27        28        31        31
         2         1         5         5
         6        10         5         5
        14        13        23        23
        20         8        19        19
        17        18        19        19
        13        21        25        25
         1         3         9         9
        30        16        29        29
         8         7         4         4
        22        28        21        21
        24        23        25        25
        21        26        25        25
        30        31        22        22
        12        20        18        18
        17        29        16        16
        14         9         3         3
        27        32        26        26
         6         4         7         7
zone t="boundary 5 bc-5", solutiontime= 0.9000000E+02, strandid=1005, i=33, j=48, f=feblock
  0.500000000000E+01  0.500000000000E+01  0.500000000000E+01  0.500000000000E+01  0.500000000000E+01  0.500000000000E+01  0.500000000000E+01
  0.500000000000E+01  0.500000000000E+01  0.500000000000E+01  0.500000000000E+01  0.500000000000E+01  0.500000000000E+01  0.500000000000E+01
  0.500000000000E+01  0.500000000000E+01  0.500000000000E+01  0.500000000000E+01  0.500000000000E+01  0.500000000000E+01  0.500000000000E+01
  0.500000000000E+01  0.500000000000E+01  0.500000000000E+01  0.500000000000E+01  0.500000000000E+01  0.500000000000E+01  0.500000000000E+01
  0.500000000000E+01  0.500000000000E+01  0.500000000000E+01  0.500000000000E+01  0.500000000000E+01
  0.250000000000E+01  0.125000000000E+01  0.250000000000E+01  0.157899473280E+01  0.000000000000E+00  0.659350882208E+00  0.250000000000E+01
  0.173899611320E+01  0.825621401394E+00  0.132549389334E+01 -0.125000000000E+01 -0.322732261638E+00  0.250000000000E+01  0.490615021923E-01
 -0.873141960959E+00  0.350800286361E+00  0.145332269920E+01 -0.250000000000E+01 -0.147959633950E+01  0.250000000000E+01 -0.857924212153E+00
 -0.165007033378E+01  0.518568023061E+00 -0.461282870254E+00  0.125000000000E+01 -0.250000000000E+01 -0.183684615440E+01 -0.158398995423E+01
 -0.250000000000E+01 -0.250000000000E+01 -0.125000000000E+01  0.000000000000E+00 -0.250000000000E+01
  0.000000000000E+00  0.000000000000E+00  0.125000000000E+01  0.905837536509E+00  0.000000000000E+00  0.735450417037E+00  0.250000000000E+01
  0.182727219356E+01  0.162230260845E+01  0.280856328277E+01  0.000000000000E+00  0.109945440014E+01  0.375000000000E+01  0.227317933631E+01
  0.189599568386E+01  0.342819755379E+01  0.403384942830E+01  0.000000000000E+00  0.104050588738E+01  0.500000000000E+01  0.297954017413E+01
  0.214587157439E+01  0.430969386006E+01  0.408642231822E+01  0.500000000000E+01  0.125000000000E+01  0.304506426164E+01  0.398205049073E+01
  0.250000000000E+01  0.375000000000E+01  0.500000000000E+01  0.500000000000E+01  0.500000000000E+01
  0.843729349917E+00  0.773800361739E+00  0.963500213011E+00  0.924939696241E+00  0.762983843414E+00  0.875169285804E+00  0.100829904685E+01
  0.990761257675E+00  0.976727246721E+00  0.100514031854E+01  0.766461426274E+00  0.908967468549E+00  0.100673531733E+01  0.100560970932E+01
  0.986056825289E+00  0.101043858711E+01  0.100450494076E+01  0.830791052052E+00  0.914365310003E+00  0.100196465240E+01  0.101288266489E+01
  0.100045259419E+01  0.100546828538E+01  0.100583106467E+01  0.100201178642E+01  0.955879297035E+00  0.101161882837E+01  0.100703672369E+01
  0.100642900020E+01  0.100977859191E+01  0.100227636549E+01  0.100213449898E+01  0.100179482360E+01
  0.000000000000E+00  0.000000000000E+00  0.495017859892E+00  0.452411377647E+00  0.000000000000E+00  0.460316996551E+00  0.533822201711E+00
  0.528246282482E+00  0.524489268696E+00  0.541031356194E+00  0.000000000000E+00  0.493168991536E+00  0.518326962039E+00  0.537410598336E+00
  0.536125982301E+00  0.530985750177E+00  0.511794249049E+00  0.000000000000E+00  0.478350668378E+00  0.493064986644E+00  0.532836041351E+00
  0.529743463149E+00  0.506365730641E+00  0.512958026915E+00  0.494262738484E+00  0.494740704344E+00  0.530894314030E+00  0.512877846442E+00
  0.536180001710E+00  0.516235825958E+00  0.492573601230E+00  0.494865957536E+00  0.491426941490E+00
  0.000000000000E+00  0.000000000000E+00  0.000000000000E+00 -0.192253978453E-01  0.000000000000E+00 -0.782118527894E-02  0.000000000000E+00
 -0.731610156058E-02 -0.132770063200E-01 -0.769668544419E-04  0.000000000000E+00 -0.648790924572E-02  0.000000000000E+00 -0.438569704620E-03
  0.446890734746E-02  0.314800919727E-02  0.218338489538E-02  0.000000000000E+00  0.142734456126E-01  0.000000000000E+00  0.343448027358E-02
  0.491453759013E-02  0.170481269313E-02  0.690751876538E-03  0.797052776055E-03  0.000000000000E+00  0.192087752481E-02  0.477085978299E-03
  0.000000000000E+00  0.000000000000E+00 -0.133256519700E-02 -0.132926093719E-02  0.000000000000E+00
  0.000000000000E+00  0.000000000000E+00 -0.100761326049E+00 -0.112167882279E+00  0.000000000000E+00 -0.987542865324E-01 -0.424929640690E-01
 -0.801004997734E-01 -0.946249467872E-01 -0.278108654169E-01  0.000000000000E+00 -0.989520011825E-01  0.737225815979E-03 -0.587325229362E-01
 -0.809640844461E-01 -0.600277550282E-02  0.423080718720E-02  0.000000000000E+00 -0.100472386207E+00  0.572582483896E-02 -0.193531182899E-01
 -0.680708440639E-01  0.681908891738E-02  0.515497103388E-02  0.493733080558E-02 -0.995418632118E-01 -0.157578101267E-01  0.507093035274E-02
 -0.414439450751E-01  0.259927650185E-02  0.487151909678E-02  0.497035575648E-02  0.602717574920E-02
  0.602658033504E+00  0.552709196642E+00  0.677274843488E+00  0.645108564073E+00  0.544983199932E+00  0.599517369830E+00  0.722866671034E+00
  0.703744476758E+00  0.691534339150E+00  0.720507496619E+00  0.547467311037E+00  0.630782744556E+00  0.722284562421E+00  0.722089077337E+00
  0.702365919109E+00  0.726526605933E+00  0.719694303226E+00  0.593416975816E+00  0.635820652786E+00  0.716030211399E+00  0.729014132301E+00
  0.715528245030E+00  0.720447124896E+00  0.721204039833E+00  0.716083373584E+00  0.672591988083E+00  0.726895533660E+00  0.722102557635E+00
  0.720959954519E+00  0.724770836782E+00  0.716504926912E+00  0.716255207641E+00  0.715892844555E+00
  0.000000000000E+00  0.000000000000E+00  0.509232303765E+00  0.472098889877E+00  0.000000000000E+00  0.480805232568E+00  0.534527160060E+00
  0.535829357857E+00  0.535478981134E+00  0.540786114149E+00  0.000000000000E+00  0.510355469719E+00  0.517182364794E+00  0.539187609845E+00
  0.542979583813E+00  0.529277497031E+00  0.511036806073E+00  0.000000000000E+00  0.495603636910E+00  0.492980742035E+00  0.531173567011E+00
  0.533778435684E+00  0.505621180161E+00  0.512004268975E+00  0.494163546244E+00  0.508459636492E+00  0.529554387316E+00  0.511911103307E+00
  0.537002216251E+00  0.514994217086E+00  0.492395524030E+00  0.494738995157E+00  0.491352292040E+00
  0.999990396196E+00  0.999990325101E+00  0.984104381171E+00  0.976444186981E+00  0.999990349063E+00  0.959042246313E+00  0.100368372122E+01
  0.994429545795E+00  0.991216409760E+00  0.100355191873E+01  0.999990618155E+00  0.971537346423E+00  0.100443321097E+01  0.100528534968E+01
  0.997216652767E+00  0.100662945901E+01  0.100305332869E+01  0.999991230154E+00  0.973515622436E+00  0.100047670699E+01  0.100763871335E+01
  0.100128636665E+01  0.100314051624E+01  0.100383224503E+01  0.100050392281E+01  0.985091722602E+00  0.100596560541E+01  0.100387955763E+01
  0.100289631571E+01  0.100485312288E+01  0.100082864588E+01  0.100062146520E+01  0.100045434331E+01
        12        15        14        14
        21        16        14        14
         9        14        10        10
        15        22        21        21
        29        27        22        22
        14        16        10        10
         7         8        10        10
        14        15        21        21
        14         9        12        12
         5        12         6         6
        21        24        16        16
        32        23        24        24
        28        21        27        27
        17        16        23        23
        28        31        24        24
        19        15        12        12
         4         2         6         6
         4         9         8         8
        10         8         9         9
        17        13        10        10
        19        26        22        22
        10        16        17        17
        23        25        17        17
        22        15        19        19
        12        11        19        19
        27        30        28        28
        33        31        28        28
         6         9         4         4
         8         3         4         4
        25        23        32        32
        10        13         7         7
         3         8         7         7
        30        27        29        29
         6         2         5         5
        11        12         5         5
        24        23        16        16
        13        17        20        20
        26        19        18        18
         2         4         1         1
        22        27        21        21
        31        32        24        24
        21        28        24        24
        26        29        22        22
         9         6        12        12
        11        18        19        19
        25        20        17        17
        30        33        28        28
         3         1         4         4
zone t="boundary 6 bc-6", solutiontime= 0.9000000E+02, strandid=1006, i=33, j=48, f=feblock
  0.375000000000E+01  0.250000000000E+01  0.500000000000E+01  0.403384942830E+01  0.280856328277E+01  0.125000000000E+01  0.182727219356E+01
  0.500000000000E+01  0.430969386006E+01  0.342819755379E+01  0.227317933631E+01  0.162230260845E+01  0.000000000000E+00  0.905837536509E+00
  0.500000000000E+01  0.408642231822E+01  0.297954017413E+01  0.189599568386E+01  0.109945440014E+01  0.735450417037E+00  0.000000000000E+00
  0.500000000000E+01  0.398205049073E+01  0.304506426164E+01  0.214587157439E+01  0.104050588738E+01  0.000000000000E+00  0.000000000000E+00
  0.500000000000E+01  0.375000000000E+01  0.250000000000E+01  0.125000000000E+01  0.000000000000E+00
  0.250000000000E+01  0.250000000000E+01  0.250000000000E+01  0.145332269920E+01  0.132549389334E+01  0.250000000000E+01  0.173899611320E+01
  0.125000000000E+01  0.518568023061E+00  0.350800286361E+00  0.490615021923E-01  0.825621401394E+00  0.250000000000E+01  0.157899473280E+01
  0.000000000000E+00 -0.461282870254E+00 -0.857924212153E+00 -0.873141960959E+00 -0.322732261638E+00  0.659350882208E+00  0.125000000000E+01
 -0.125000000000E+01 -0.158398995423E+01 -0.183684615440E+01 -0.165007033378E+01 -0.147959633950E+01  0.000000000000E+00 -0.125000000000E+01
 -0.250000000000E+01 -0.250000000000E+01 -0.250000000000E+01 -0.250000000000E+01 -0.250000000000E+01
  0.000000000000E+00  0.000000000000E+00  0.000000000000E+00  0.000000000000E+00  0.000000000000E+00  0.000000000000E+00  0.000000000000E+00
  0.000000000000E+00  0.000000000000E+00  0.000000000000E+00  0.000000000000E+00  0.000000000000E+00  0.000000000000E+00  0.000000000000E+00
  0.000000000000E+00  0.000000000000E+00  0.000000000000E+00  0.000000000000E+00  0.000000000000E+00  0.000000000000E+00  0.000000000000E+00
  0.000000000000E+00  0.000000000000E+00  0.000000000000E+00  0.000000000000E+00  0.000000000000E+00  0.000000000000E+00  0.000000000000E+00
  0.000000000000E+00  0.000000000000E+00  0.000000000000E+00  0.000000000000E+00  0.000000000000E+00
  0.941860418857E+00  0.946295779414E+00  0.843729349917E+00  0.943650323691E+00  0.944515439692E+00  0.956975532166E+00  0.930065905059E+00
  0.773800361739E+00  0.937610514372E+00  0.956403463606E+00  0.942359187757E+00  0.925616524467E+00  0.134427120157E+01  0.100901461628E+01
  0.762983843414E+00  0.953750175712E+00  0.951879557202E+00  0.886352289820E+00  0.941586435881E+00  0.103637807818E+01  0.142583335177E+01
  0.766461426274E+00  0.950884261515E+00  0.934861170460E+00  0.932237361324E+00  0.958157820624E+00  0.164467173410E+01  0.149409557509E+01
  0.830791052052E+00  0.935300008284E+00  0.934224122864E+00  0.961721242222E+00  0.144946231072E+01
  0.000000000000E+00  0.000000000000E+00  0.000000000000E+00  0.000000000000E+00  0.000000000000E+00  0.000000000000E+00  0.000000000000E+00
  0.000000000000E+00  0.000000000000E+00  0.000000000000E+00  0.000000000000E+00  0.000000000000E+00  0.000000000000E+00  0.000000000000E+00
  0.000000000000E+00  0.000000000000E+00  0.000000000000E+00  0.000000000000E+00  0.000000000000E+00  0.000000000000E+00  0.000000000000E+00
  0.000000000000E+00  0.000000000000E+00  0.000000000000E+00  0.000000000000E+00  0.000000000000E+00  0.000000000000E+00  0.000000000000E+00
  0.000000000000E+00  0.000000000000E+00  0.000000000000E+00  0.000000000000E+00  0.000000000000E+00
  0.000000000000E+00  0.000000000000E+00  0.000000000000E+00  0.000000000000E+00  0.000000000000E+00  0.000000000000E+00  0.000000000000E+00
  0.000000000000E+00  0.000000000000E+00  0.000000000000E+00  0.000000000000E+00  0.000000000000E+00  0.000000000000E+00  0.000000000000E+00
  0.000000000000E+00  0.000000000000E+00  0.000000000000E+00  0.000000000000E+00  0.000000000000E+00  0.000000000000E+00  0.000000000000E+00
  0.000000000000E+00  0.000000000000E+00  0.000000000000E+00  0.000000000000E+00  0.000000000000E+00  0.000000000000E+00  0.000000000000E+00
  0.000000000000E+00  0.000000000000E+00  0.000000000000E+00  0.000000000000E+00  0.000000000000E+00
  0.000000000000E+00  0.000000000000E+00  0.000000000000E+00  0.000000000000E+00  0.000000000000E+00  0.000000000000E+00  0.000000000000E+00
  0.000000000000E+00  0.000000000000E+00  0.000000000000E+00  0.000000000000E+00  0.000000000000E+00  0.000000000000E+00  0.000000000000E+00
  0.000000000000E+00  0.000000000000E+00  0.000000000000E+00  0.000000000000E+00  0.000000000000E+00  0.000000000000E+00  0.000000000000E+00
  0.000000000000E+00  0.000000000000E+00  0.000000000000E+00  0.000000000000E+00  0.000000000000E+00  0.000000000000E+00  0.000000000000E+00
  0.000000000000E+00  0.000000000000E+00  0.000000000000E+00  0.000000000000E+00  0.000000000000E+00
  0.672750896892E+00  0.675918950433E+00  0.602658033504E+00  0.674029328062E+00  0.674647179008E+00  0.683547310302E+00  0.664326241330E+00
  0.552709196642E+00  0.669715210743E+00  0.683138497361E+00  0.673106919055E+00  0.661148081815E+00  0.960184515548E+00  0.720717680509E+00
  0.544983199932E+00  0.681243420490E+00  0.679907164323E+00  0.633102469291E+00  0.672555102817E+00  0.740262796698E+00  0.101844257337E+01
  0.547467311037E+00  0.679196595291E+00  0.667751633787E+00  0.665877406949E+00  0.684391938370E+00  0.117475424002E+01  0.106720117537E+01
  0.593416975816E+00  0.668065538768E+00  0.667297044764E+00  0.686937717240E+00  0.103532120656E+01
  0.000000000000E+00  0.000000000000E+00  0.000000000000E+00  0.000000000000E+00  0.000000000000E+00  0.000000000000E+00  0.000000000000E+00
  0.000000000000E+00  0.000000000000E+00  0.000000000000E+00  0.000000000000E+00  0.000000000000E+00  0.000000000000E+00  0.000000000000E+00
  0.000000000000E+00  0.000000000000E+00  0.000000000000E+00  0.000000000000E+00  0.000000000000E+00  0.000000000000E+00  0.000000000000E+00
  0.000000000000E+00  0.000000000000E+00  0.000000000000E+00  0.000000000000E+00  0.000000000000E+00  0.000000000000E+00  0.000000000000E+00
  0.000000000000E+00  0.000000000000E+00  0.000000000000E+00  0.000000000000E+00  0.000000000000E+00
  0.999990271160E+00  0.999990226304E+00  0.999990396196E+00  0.999990182377E+00  0.999990059368E+00  0.999990284241E+00  0.999990143498E+00
  0.999990325101E+00  0.999990167205E+00  0.999989996585E+00  0.999989917772E+00  0.999990049955E+00  0.999990418744E+00  0.999990224555E+00
  0.999990349063E+00  0.999990157773E+00  0.999989991223E+00  0.999990034648E+00  0.999990131616E+00  0.999990193926E+00  0.999990357178E+00
  0.999990618155E+00  0.999990505567E+00  0.999990497886E+00  0.999990354822E+00  0.999990495401E+00  0.999990394394E+00  0.999990676924E+00
  0.999991230154E+00  0.999991175015E+00  0.999991158230E+00  0.999991226060E+00  0.999991292264E+00
        19        18        11        11
        17        10        11        11
        12        11         5         5
        18        25        17        17
        31        24        25        25
        11        10         5         5
         2         7         5         5
        11        18        17        17
        11        12        19        19
        27        19        20        20
        17        16        10        10
        15         9        16        16
        23        17        24        24
         4        10         9         9
        23        22        16        16
        26        18        19        19
        14        21        20        20
        14        12         7         7
         5         7        12        12
         4         1         5         5
        26        32        25        25
         5        10         4         4
         9         8         4         4
        25        18        26        26
        19        28        26        26
        24        30        23        23
        29        22        23        23
        20        12        14        14
         7         6        14        14
         8         9        15        15
         5         1         2         2
         6         7         2         2
        30        24        31        31
        20        21        27        27
        28        19        27        27
        16         9        10        10
         1         4         3         3
        32        26        33        33
        21        14        13        13
        25        24        17        17
        22        15        16        16
        17        23        16        16
        32        31        25        25
        12        20        19        19
        28        33        26        26
         8         3         4         4
        30        29        23        23
         6        13        14        14
