title="tecplot geometry and solution file"
variables = x y z mach temperature lambda1 lambda2 lambda3 lambda4 lambda5
zone t="boundary 1 bc-1", solutiontime= 0.4000000E+02, strandid=1001, i=32, j=46, f=feblock
  0.000000000000E+00  0.000000000000E+00  0.000000000000E+00  0.000000000000E+00  0.000000000000E+00  0.000000000000E+00  0.000000000000E+00
  0.000000000000E+00  0.000000000000E+00  0.000000000000E+00  0.000000000000E+00  0.000000000000E+00  0.000000000000E+00  0.000000000000E+00
  0.000000000000E+00  0.000000000000E+00  0.000000000000E+00  0.000000000000E+00  0.000000000000E+00  0.000000000000E+00  0.000000000000E+00
  0.000000000000E+00  0.000000000000E+00  0.000000000000E+00  0.000000000000E+00  0.000000000000E+00  0.000000000000E+00  0.000000000000E+00
  0.000000000000E+00  0.000000000000E+00  0.000000000000E+00  0.000000000000E+00
  0.250000000000E+01  0.250000000000E+01  0.125000000000E+01  0.146289271009E+01  0.157686156160E+01  0.308372018325E+00  0.000000000000E+00
 -0.125000000000E+01 -0.600232012419E+00  0.250000000000E+01  0.477386199275E+00  0.742988685424E+00 -0.739814786992E+00  0.177790177481E+01
  0.155830813274E+01  0.250000000000E+01 -0.250000000000E+01 -0.154800130438E+01 -0.487811078581E+00  0.250000000000E+01  0.627766083140E+00
 -0.345533899378E+00 -0.178862290564E+01 -0.158811787973E+01  0.125000000000E+01 -0.250000000000E+01 -0.144524380962E+01  0.000000000000E+00
 -0.125000000000E+01 -0.250000000000E+01 -0.250000000000E+01 -0.250000000000E+01
  0.000000000000E+00  0.125000000000E+01  0.000000000000E+00  0.103724302461E+01  0.219251206392E+01  0.922061490191E+00  0.000000000000E+00
  0.000000000000E+00  0.715990576545E+00  0.250000000000E+01  0.202479342020E+01  0.324151231464E+01  0.175434191980E+01  0.310152362409E+01
  0.404200324774E+01  0.375000000000E+01  0.000000000000E+00  0.930412228790E+00  0.299062775774E+01  0.500000000000E+01  0.429310310915E+01
  0.409252726285E+01  0.187029682677E+01  0.284428995242E+01  0.500000000000E+01  0.125000000000E+01  0.394624082883E+01  0.500000000000E+01
  0.500000000000E+01  0.250000000000E+01  0.375000000000E+01  0.500000000000E+01
  0.000000000000E+00  0.441238238418E+00  0.000000000000E+00  0.475214961796E+00  0.460123580272E+00  0.468827756054E+00  0.000000000000E+00
  0.000000000000E+00  0.402302252327E+00  0.469814866974E+00  0.464410992740E+00  0.478713919946E+00  0.489298227018E+00  0.483068464338E+00
  0.487929997327E+00  0.488961578622E+00  0.000000000000E+00  0.464775595985E+00  0.473795475386E+00  0.495346539859E+00  0.490266031380E+00
  0.486285986007E+00  0.445717357445E+00  0.464382072844E+00  0.496127345644E+00  0.443624008640E+00  0.486964359150E+00  0.497246230722E+00
  0.496059214486E+00  0.467732142372E+00  0.488211983969E+00  0.495098202848E+00
  0.999990418744E+00  0.102982723097E+01  0.999990357178E+00  0.104247302828E+01  0.101190083988E+01  0.102520616694E+01  0.999990394394E+00
  0.999990676924E+00  0.103891214268E+01  0.100826280896E+01  0.101252840415E+01  0.100300551353E+01  0.102702888784E+01  0.100605566767E+01
  0.100244403180E+01  0.100355662856E+01  0.999991292264E+00  0.103239744481E+01  0.100459526378E+01  0.100179337938E+01  0.100260308594E+01
  0.100234969021E+01  0.101657160208E+01  0.100617547479E+01  0.100168846499E+01  0.104043315620E+01  0.100303379769E+01  0.100118728691E+01
  0.100134173037E+01  0.100976794917E+01  0.100405373396E+01  0.100176114782E+01
  0.570919192421E-02  0.281429912751E-01  0.686896263178E-02  0.472515419748E-01  0.246636103652E-02  0.624873504858E-01  0.542715497918E-02
  0.220747937965E-02  0.666836556729E-01 -0.224068571283E-02  0.373746062830E-02 -0.733562709763E-02  0.526851123964E-02 -0.397265965495E-02
 -0.976420811937E-02 -0.941667583258E-02  0.400487252204E-02  0.489345967330E-01 -0.559780957012E-02 -0.367327281295E-01 -0.130818585347E-01
 -0.897863121596E-02  0.341006135702E-02 -0.523934135458E-02 -0.380737930464E-01  0.329002826078E-01 -0.720208322147E-02 -0.422509647642E-01
 -0.374773669547E-01 -0.415663356147E-02 -0.807933909228E-02 -0.352252769844E-01
  0.193118340902E-03  0.400303323452E-02  0.315009413733E-03  0.594821589338E-02 -0.213855495014E-04  0.950384212642E-02  0.405340634065E-03
  0.431955610069E-03  0.100197230622E-01 -0.901811416568E-03  0.294062434010E-03 -0.155021485114E-02  0.163124220010E-03 -0.116253068808E-02
 -0.191670467739E-02 -0.207490227681E-02  0.379934087495E-03  0.769752465895E-02 -0.111598477558E-02 -0.755109318480E-02 -0.259746461044E-02
 -0.171866371177E-02 -0.360740614938E-04 -0.994709237495E-03 -0.797261490226E-02  0.417883851249E-02 -0.141579787484E-02 -0.887403922636E-02
 -0.784130314207E-02 -0.103435176273E-02 -0.170892637371E-02 -0.732907541008E-02
  0.358564519303E-03  0.120909381949E-03  0.479616386027E-03  0.126044145775E-02  0.204905436270E-03  0.697559283400E-03  0.440275616744E-03
 -0.281191713056E-03  0.820197368314E-04 -0.129070884433E-04  0.228114816423E-03  0.225759266313E-03 -0.658141977848E-04  0.753718134712E-04
 -0.161982607113E-04 -0.469540527404E-05 -0.301949963636E-03 -0.948194070560E-03  0.112859114676E-03  0.193306561029E-05  0.191682136740E-04
  0.195156867079E-04  0.380355428122E-04 -0.101121665363E-03  0.122624858477E-03 -0.129474219927E-03 -0.496246223703E-04  0.153966060425E-04
 -0.621699381585E-04 -0.265038774754E-04 -0.110629033412E-04  0.530432445146E-05
 -0.141598267515E-02 -0.120913473684E-02 -0.161289451804E-02  0.742631578001E-04  0.148001218499E-02  0.172426261565E-02 -0.973031206481E-03
 -0.968239405550E-03  0.119252946729E-02  0.159913870021E-02  0.308842007702E-02  0.170716467423E-02  0.358768134115E-02  0.153900507443E-02
  0.115396007689E-02  0.133153163958E-02 -0.762786827609E-03  0.921633656326E-03  0.202572297565E-02  0.498054954955E-03  0.109803845451E-02
  0.133370226143E-02  0.252551890429E-02  0.167734204416E-02  0.480529650051E-03  0.126414097584E-02  0.123996135992E-02  0.455896379474E-03
  0.547702226925E-03  0.193239805534E-02  0.127821565211E-02  0.533877193822E-03
 -0.459057689546E-02 -0.116153925277E-01 -0.661383809060E-02 -0.189131415866E-01 -0.104507298478E-02 -0.259650084792E-01  0.445054760928E-03
  0.104414977801E-02 -0.277096385823E-01  0.892243524983E-03 -0.165721513408E-02  0.286311048798E-02 -0.223359010686E-02  0.155543556024E-02
  0.389363825475E-02  0.378773254914E-02 -0.139868021997E-02 -0.204075338542E-01  0.206969814368E-02  0.152502365285E-01  0.528262346713E-02
  0.355419815792E-02 -0.153733352023E-02  0.188677100677E-02  0.158344260421E-01 -0.133832704783E-01  0.281662523011E-02  0.176233231238E-01
  0.155964743253E-01  0.151845156182E-02  0.322082148718E-02  0.146216601852E-01
        12        19        11        11
        11         5        12        12
        10        14         5         5
        19        13        11        11
        19        24        13        13
        30        23        24        24
        19        12        22        22
        28        22        21        21
        11        13         6         6
         7         6         9         9
        15        12        14        14
        18        13        23        23
        15        25        21        21
        27        19        22        22
        18         8         9         9
        27        31        24        24
         4        11         6         6
         5        14        12        12
         4         2         5         5
        21        12        15        15
        14        16        15        15
        24        19        27        27
        22        29        27        27
        23        26        18        18
        17         8        18        18
         5        11         4         4
         6         3         4         4
        26        23        30        30
         5         2        10        10
        16        14        10        10
         3         6         7         7
        21        25        28        28
        29        22        28        28
         6        13         9         9
         2         4         1         1
        31        27        32        32
        25        15        20        20
        24        23        13        13
         8         7         9         9
        13        18         9         9
        31        30        24        24
        12        21        22        22
        29        32        27        27
         3         1         4         4
        26        17        18        18
        16        20        15        15
zone t="boundary 2 bc-2", solutiontime= 0.4000000E+02, strandid=1002, i=33, j=48, f=feblock
  0.500000000000E+01  0.375000000000E+01  0.250000000000E+01  0.288078410721E+01  0.125000000000E+01  0.190974100652E+01  0.326683758169E+01
  0.201431602454E+01  0.000000000000E+00  0.963108083381E+00  0.500000000000E+01  0.403552511878E+01  0.423153924130E+01  0.500000000000E+01
  0.385533350601E+01  0.500000000000E+01  0.398173246726E+01  0.315249557942E+01  0.267000324704E+01  0.154774304040E+01  0.218329375016E+01
  0.893127759452E+00  0.000000000000E+00  0.698517061619E+00  0.964171764089E+00  0.310324758057E+01  0.000000000000E+00  0.000000000000E+00
  0.125000000000E+01  0.500000000000E+01  0.375000000000E+01  0.250000000000E+01  0.000000000000E+00
 -0.250000000000E+01 -0.250000000000E+01 -0.250000000000E+01 -0.250000000000E+01 -0.250000000000E+01 -0.250000000000E+01 -0.250000000000E+01
 -0.250000000000E+01 -0.250000000000E+01 -0.250000000000E+01 -0.250000000000E+01 -0.250000000000E+01 -0.250000000000E+01 -0.250000000000E+01
 -0.250000000000E+01 -0.250000000000E+01 -0.250000000000E+01 -0.250000000000E+01 -0.250000000000E+01 -0.250000000000E+01 -0.250000000000E+01
 -0.250000000000E+01 -0.250000000000E+01 -0.250000000000E+01 -0.250000000000E+01 -0.250000000000E+01 -0.250000000000E+01 -0.250000000000E+01
 -0.250000000000E+01 -0.250000000000E+01 -0.250000000000E+01 -0.250000000000E+01 -0.250000000000E+01
  0.000000000000E+00  0.000000000000E+00  0.000000000000E+00  0.904659890645E+00  0.000000000000E+00  0.717002441913E+00  0.188609243358E+01
  0.176246431481E+01  0.000000000000E+00  0.961328577125E+00  0.125000000000E+01  0.101201586758E+01  0.191586535653E+01  0.250000000000E+01
  0.293121848150E+01  0.375000000000E+01  0.406975391361E+01  0.363585050272E+01  0.285047954584E+01  0.292817774674E+01  0.395907379566E+01
  0.205246550326E+01  0.125000000000E+01  0.306828197606E+01  0.397245519226E+01  0.433168271247E+01  0.250000000000E+01  0.375000000000E+01
  0.500000000000E+01  0.500000000000E+01  0.500000000000E+01  0.500000000000E+01  0.500000000000E+01
  0.000000000000E+00  0.000000000000E+00  0.000000000000E+00  0.380991725517E+00  0.000000000000E+00  0.343629902501E+00  0.585285997937E+00
  0.579373345328E+00  0.000000000000E+00  0.501056496643E+00  0.508459636492E+00  0.435372376081E+00  0.572639779008E+00  0.537002216251E+00
  0.568922577244E+00  0.514994217086E+00  0.508247269503E+00  0.527252854700E+00  0.567446690172E+00  0.531657148367E+00  0.505980959997E+00
  0.520795550505E+00  0.443624008640E+00  0.490663634162E+00  0.492155782275E+00  0.501390726941E+00  0.467732142372E+00  0.488211983969E+00
  0.490002657454E+00  0.491352292040E+00  0.486075382695E+00  0.490036359612E+00  0.495098202848E+00
  0.999991230154E+00  0.999991175015E+00  0.999991158230E+00  0.989538312558E+00  0.999991226060E+00  0.985523838840E+00  0.989838990644E+00
  0.991798508740E+00  0.999991292264E+00  0.984410634783E+00  0.985091722602E+00  0.984688434231E+00  0.990058507586E+00  0.100289631571E+01
  0.999855498398E+00  0.100485312288E+01  0.100121556152E+01  0.100055647294E+01  0.997896876980E+00  0.100350037625E+01  0.100058071455E+01
  0.101093288315E+01  0.104043315620E+01  0.100326477647E+01  0.100254501777E+01  0.100045589682E+01  0.100976794917E+01  0.100405373396E+01
  0.100192659785E+01  0.100045434331E+01  0.100058775919E+01  0.100109996600E+01  0.100176114782E+01
 -0.304367225613E-02 -0.225969210543E-02 -0.129475104653E-02  0.326042412865E-01  0.326881406483E-02  0.101961802865E+00 -0.594358396353E-02
  0.227198792052E-02  0.400487252204E-02  0.474001857783E-01 -0.762354582924E-02 -0.921448800762E-02 -0.587220127072E-02 -0.503577775509E-02
 -0.364306817434E-02 -0.330545011605E-02 -0.243182449736E-02 -0.282538175453E-02 -0.491589947403E-02 -0.615052485714E-02 -0.365590081375E-02
  0.235360378638E-02  0.329002826078E-01 -0.408255778816E-02 -0.686159003999E-02 -0.439085028968E-02 -0.415663356147E-02 -0.807933909228E-02
 -0.317563434589E-01 -0.384025548218E-02 -0.145987658095E-01 -0.279516575389E-01 -0.352252769844E-01
  0.825419594778E-03 -0.250589722685E-03  0.297364444453E-04  0.552376767511E-02 -0.543632695614E-03  0.126987879174E-01 -0.160647616187E-03
 -0.439333941687E-03  0.379934087495E-03  0.564924761491E-02  0.173848448699E-02 -0.437372190144E-04  0.830202442677E-03  0.128461549618E-02
  0.808876964108E-03  0.774834884031E-03  0.911588479136E-03  0.735209634741E-03  0.176993958952E-03 -0.635841683266E-03  0.305678684274E-03
 -0.390074021541E-03  0.417883851249E-02 -0.320162871561E-03 -0.809451068218E-03  0.432636087851E-03 -0.103435176273E-02 -0.170892637371E-02
 -0.572833679432E-02  0.189809810883E-03 -0.147367169819E-02 -0.436459136211E-02 -0.732907541008E-02
 -0.202375320999E-03  0.518524889898E-04  0.311669787247E-03  0.752984429399E-03  0.162283029465E-03  0.124433762749E-02 -0.977068477753E-04
  0.161805195827E-04 -0.301949963636E-03  0.459284338010E-03 -0.111253216640E-03 -0.357371532266E-03  0.850192266835E-05  0.928080156511E-05
  0.984821724675E-05 -0.160782874480E-04  0.180121777017E-05 -0.986629834999E-05  0.217396903959E-04  0.393400049805E-04 -0.200063028185E-04
  0.392457802028E-04 -0.129474219927E-03  0.687877199880E-05 -0.413808694000E-05 -0.756102319573E-05 -0.265038774754E-04 -0.110629033412E-04
 -0.429140989598E-05 -0.326131540041E-05 -0.188017814441E-08  0.207780615799E-05  0.530432445146E-05
 -0.226311893079E-03 -0.264348891084E-03 -0.404235609025E-03  0.130460988314E-02 -0.911016999406E-03  0.218877376979E-03  0.199153733604E-02
  0.257145910147E-02 -0.762786827609E-03  0.120261228360E-02  0.406709731252E-03  0.147240247728E-02  0.789641466059E-03  0.338867761465E-03
  0.761733092819E-03  0.268407660363E-03  0.706670014824E-03  0.100199327811E-02  0.123455206712E-02  0.124198900195E-02  0.114326228694E-02
  0.196932021717E-02  0.126414097584E-02  0.131233354586E-02  0.113625590756E-02  0.988578798092E-03  0.193239805534E-02  0.127821565211E-02
  0.755636383547E-03  0.408620154561E-03  0.883304944902E-03  0.953107780238E-03  0.533877193822E-03
  0.852309807360E-03  0.256567547241E-02  0.444723104930E-02 -0.147030784445E-01  0.500194066617E-02 -0.435672820227E-01  0.182472384912E-02
 -0.962450061610E-03 -0.139868021997E-02 -0.195712762626E-01  0.164416216996E-02  0.286899660477E-02  0.145505687067E-02  0.967551348842E-03
  0.724289489879E-03  0.668787629002E-03  0.340428090404E-03  0.530325330177E-03  0.140297646498E-02  0.215263417496E-02  0.987734214432E-03
 -0.990292292293E-03 -0.133832704783E-01  0.134611933100E-02  0.251546486528E-02  0.120537051844E-02  0.151845156182E-02  0.322082148718E-02
  0.129072393502E-01  0.116204489759E-02  0.548046681721E-02  0.111193460176E-01  0.146216601852E-01
        15         7        19        19
         8        20        19        19
        18        19        21        21
         7         4         8         8
         3         6         4         4
        19         7         8         8
        19        18        15        15
        14        13        15        15
         8        22        20        20
        27        24        22        22
        19        20        21        21
        32        26        21        21
        17        18        26        26
        17        16        15        15
        25        29        21        21
        12         7        13        13
        10         8         6         6
        25        20        24        24
         4         6         8         8
        12         2         4         4
        10        23        22        22
        26        31        17        17
        30        16        17        17
         4         7        12        12
        13        11        12        12
        21        20        25        25
        24        28        25        25
        22         8        10        10
         6         5        10        10
        31        26        32        32
         4         2         3         3
         5         6         3         3
        11        13        14        14
        22        23        27        27
        28        24        27        27
        15        13         7         7
         2        12         1         1
        29        25        33        33
        23        10         9         9
        21        26        18        18
        16        14        15        15
        18        17        15        15
        29        32        21        21
        22        24        20        20
        28        33        25        25
        11         1        12        12
        31        30        17        17
         5         9        10        10
zone t="boundary 3 bc-3", solutiontime= 0.4000000E+02, strandid=1003, i=33, j=48, f=feblock
  0.375000000000E+01  0.250000000000E+01  0.500000000000E+01  0.403552511878E+01  0.288078410721E+01  0.125000000000E+01  0.190974100652E+01
  0.500000000000E+01  0.326683758169E+01  0.423153924130E+01  0.201431602454E+01  0.000000000000E+00  0.963108083381E+00  0.500000000000E+01
  0.267000324704E+01  0.385533350601E+01  0.893127759452E+00  0.154774304040E+01  0.000000000000E+00  0.500000000000E+01  0.315249557942E+01
  0.218329375016E+01  0.398173246726E+01  0.000000000000E+00  0.698517061619E+00  0.964171764089E+00  0.125000000000E+01  0.000000000000E+00
  0.500000000000E+01  0.310324758057E+01  0.250000000000E+01  0.375000000000E+01  0.000000000000E+00
  0.250000000000E+01  0.250000000000E+01  0.250000000000E+01  0.250000000000E+01  0.250000000000E+01  0.250000000000E+01  0.250000000000E+01
  0.250000000000E+01  0.250000000000E+01  0.250000000000E+01  0.250000000000E+01  0.250000000000E+01  0.250000000000E+01  0.250000000000E+01
  0.250000000000E+01  0.250000000000E+01  0.250000000000E+01  0.250000000000E+01  0.250000000000E+01  0.250000000000E+01  0.250000000000E+01
  0.250000000000E+01  0.250000000000E+01  0.250000000000E+01  0.250000000000E+01  0.250000000000E+01  0.250000000000E+01  0.250000000000E+01
  0.250000000000E+01  0.250000000000E+01  0.250000000000E+01  0.250000000000E+01  0.250000000000E+01
  0.000000000000E+00  0.000000000000E+00  0.000000000000E+00  0.101201586758E+01  0.904659890645E+00  0.000000000000E+00  0.717002441913E+00
  0.125000000000E+01  0.188609243358E+01  0.191586535653E+01  0.176246431481E+01  0.000000000000E+00  0.961328577125E+00  0.250000000000E+01
  0.285047954584E+01  0.293121848150E+01  0.205246550326E+01  0.292817774674E+01  0.125000000000E+01  0.375000000000E+01  0.363585050272E+01
  0.395907379566E+01  0.406975391361E+01  0.250000000000E+01  0.306828197606E+01  0.397245519226E+01  0.500000000000E+01  0.375000000000E+01
  0.500000000000E+01  0.433168271247E+01  0.500000000000E+01  0.500000000000E+01  0.500000000000E+01
  0.000000000000E+00  0.000000000000E+00  0.000000000000E+00  0.443767851971E+00  0.402286937187E+00  0.000000000000E+00  0.377550347167E+00
  0.509232303765E+00  0.575832200483E+00  0.573707467431E+00  0.562554066051E+00  0.000000000000E+00  0.490563275283E+00  0.534527160060E+00
  0.556586972364E+00  0.564391596022E+00  0.522730462526E+00  0.522051957840E+00  0.441238238418E+00  0.517182364794E+00  0.524228611468E+00
  0.503687398987E+00  0.509488557597E+00  0.469814866974E+00  0.495614370334E+00  0.494483710979E+00  0.488562341139E+00  0.488961578622E+00
  0.492980742035E+00  0.499005498570E+00  0.486460842266E+00  0.484596857761E+00  0.495346539859E+00
  0.999990271160E+00  0.999990226304E+00  0.999990396196E+00  0.981542103217E+00  0.988774189663E+00  0.999990284241E+00  0.982469591301E+00
  0.984104381171E+00  0.990427577672E+00  0.990355317210E+00  0.994363027919E+00  0.999990418744E+00  0.988652137107E+00  0.100368372122E+01
  0.999769224643E+00  0.100118503172E+01  0.100834889321E+01  0.100252113520E+01  0.102982723097E+01  0.100443321097E+01  0.100199539020E+01
  0.100082058839E+01  0.100138193870E+01  0.100826280896E+01  0.100298790017E+01  0.100192392083E+01  0.100215269912E+01  0.100355662856E+01
  0.100047670699E+01  0.100056592873E+01  0.100126822740E+01  0.100066575135E+01  0.100179337938E+01
 -0.181223670204E-02  0.101408416616E-02 -0.283643993821E-02  0.136343227118E-01  0.553231287735E-01  0.352097552444E-02  0.558211083679E-01
 -0.972324687579E-02 -0.519066927171E-02 -0.629105654049E-02  0.846650363838E-02  0.570919192421E-02  0.377546800612E-01 -0.484434174409E-02
 -0.539020168408E-02 -0.403625692566E-02  0.122843718828E-03 -0.518963970339E-02  0.281429912751E-01 -0.334962907303E-02 -0.248024996958E-02
 -0.331451277778E-02 -0.256770883748E-02 -0.224068571283E-02 -0.450725501722E-02 -0.879078088303E-02 -0.276133485805E-01 -0.941667583258E-02
 -0.319928910774E-02 -0.394415931928E-02 -0.257919981912E-01 -0.139620525064E-01 -0.367327281295E-01
 -0.376317726903E-03 -0.380412885264E-03  0.704040968091E-03  0.406011117905E-02  0.759339000865E-02 -0.787202429228E-03  0.676609611387E-02
  0.162985890833E-02  0.180773734336E-04  0.899104999819E-03  0.185431008657E-04  0.193118340902E-03  0.259270219993E-02  0.126882018151E-02
  0.243694925851E-04  0.694086135096E-03 -0.127228942304E-02 -0.476667030375E-03  0.400303323452E-02  0.822901696233E-03  0.736133950776E-03
  0.411694041390E-03  0.846860554103E-03 -0.901811416568E-03 -0.100772945229E-02 -0.110489143873E-02 -0.489211398053E-02 -0.207490227681E-02
  0.293435898263E-03  0.476005359019E-03 -0.398328588708E-02 -0.137988708378E-02 -0.755109318480E-02
 -0.675424665322E-04  0.262771122419E-04  0.961347370335E-04 -0.239687891989E-03 -0.757535069191E-03  0.315197255552E-03 -0.598517447066E-05
  0.441914154508E-05 -0.872889137837E-04  0.187507460455E-04 -0.730057713525E-04  0.358564519303E-03  0.443540899775E-03  0.350490435753E-04
 -0.484365561504E-06  0.804903235214E-05 -0.149049017884E-03 -0.572667271181E-04  0.120909381949E-03  0.194508454522E-04  0.761814758294E-05
  0.439465805220E-04  0.157367684477E-05 -0.129070884433E-04 -0.370456514544E-04  0.128369158730E-04  0.165195778708E-04 -0.469540527404E-05
  0.680188330354E-05  0.112926730210E-06  0.397355544745E-05 -0.102685228708E-05  0.193306561029E-05
 -0.425566961789E-03 -0.805560090642E-03 -0.248309787903E-03  0.580418066287E-03  0.993338397012E-03 -0.807243671078E-03  0.353668876262E-03
  0.330339856393E-03  0.182724060329E-02  0.893723261446E-03  0.268224352000E-02 -0.141598267515E-02  0.886175161582E-03  0.369809284308E-03
  0.101224177219E-02  0.832525648080E-03  0.230940914955E-02  0.109311745824E-02 -0.120913473684E-02  0.341384675384E-03  0.984989186545E-03
  0.103985033638E-02  0.747098132573E-03  0.159913870021E-02  0.154465158133E-02  0.107020947235E-02  0.784930723589E-03  0.133153163958E-02
  0.375243109767E-03  0.976343888258E-03  0.950213954888E-03  0.864288399257E-03  0.498054954955E-03
  0.652257495648E-02  0.288584253205E-02  0.130934072119E-02 -0.727545276855E-02 -0.240395233949E-01  0.286703331879E-03 -0.234790339780E-01
  0.245136176650E-02  0.156275775086E-02  0.160368291457E-02 -0.333482102595E-02 -0.459057689546E-02 -0.148452224071E-01  0.911802875012E-03
  0.165454405011E-02  0.907784281838E-03  0.474119093220E-04  0.176143396042E-02 -0.116153925277E-01  0.656566161961E-03  0.405961169230E-03
  0.839067346627E-03  0.414227535558E-03  0.892243524983E-03  0.162818215094E-02  0.330141545790E-02  0.111613647010E-01  0.378773254914E-02
  0.905601751229E-03  0.103811039569E-02  0.102299971794E-01  0.522432086940E-02  0.152502365285E-01
        15         9        16        16
        15        18        11        11
        22        15        21        21
        11         5         9         9
         5         7         2         2
        11         9        15        15
        16        21        15        15
        16        10        14        14
        18        17        11        11
        17        25        24        24
        22        18        15        15
        22        30        31        31
        30        21        23        23
        16        20        23        23
        22        27        26        26
        10         9         4         4
         7        11        13        13
        25        18        26        26
        11         7         5         5
         5         1         4         4
        17        19        13        13
        23        32        30        30
        23        20        29        29
         4         9         5         5
         4         8        10        10
        26        18        22        22
        26        28        25        25
        13        11        17        17
        13         6         7         7
        31        30        32        32
         2         1         5         5
         2         7         6         6
        14        10         8         8
        24        19        17        17
        24        25        28        28
         9        10        16        16
         3         4         1         1
        33        26        27        27
        12        13        19        19
        21        30        22        22
        16        14        20        20
        16        23        21        21
        22        31        27        27
        18        25        17        17
        26        33        28        28
         4         3         8         8
        23        29        32        32
        13        12         6         6
zone t="boundary 4 bc-4", solutiontime= 0.4000000E+02, strandid=1004, i=32, j=46, f=feblock
  0.125000000000E+01  0.219251206392E+01  0.103724302461E+01  0.500000000000E+01  0.250000000000E+01  0.375000000000E+01  0.404200324774E+01
  0.500000000000E+01  0.000000000000E+00  0.310152362409E+01  0.202479342020E+01  0.324151231464E+01  0.922061490191E+00  0.000000000000E+00
  0.299062775774E+01  0.394624082883E+01  0.500000000000E+01  0.409252726285E+01  0.500000000000E+01  0.429310310915E+01  0.175434191980E+01
  0.284428995242E+01  0.000000000000E+00  0.000000000000E+00  0.715990576545E+00  0.930412228790E+00  0.125000000000E+01  0.187029682677E+01
  0.500000000000E+01  0.375000000000E+01  0.250000000000E+01  0.000000000000E+00
  0.250000000000E+01  0.157686156160E+01  0.146289271009E+01  0.250000000000E+01  0.250000000000E+01  0.250000000000E+01  0.155830813274E+01
  0.125000000000E+01  0.250000000000E+01  0.177790177481E+01  0.477386199275E+00  0.742988685424E+00  0.308372018325E+00  0.125000000000E+01
 -0.487811078581E+00 -0.144524380962E+01 -0.125000000000E+01 -0.345533899378E+00  0.000000000000E+00  0.627766083140E+00 -0.739814786992E+00
 -0.158811787973E+01  0.000000000000E+00 -0.125000000000E+01 -0.600232012419E+00 -0.154800130438E+01 -0.250000000000E+01 -0.178862290564E+01
 -0.250000000000E+01 -0.250000000000E+01 -0.250000000000E+01 -0.250000000000E+01
  0.500000000000E+01  0.500000000000E+01  0.500000000000E+01  0.500000000000E+01  0.500000000000E+01  0.500000000000E+01  0.500000000000E+01
  0.500000000000E+01  0.500000000000E+01  0.500000000000E+01  0.500000000000E+01  0.500000000000E+01  0.500000000000E+01  0.500000000000E+01
  0.500000000000E+01  0.500000000000E+01  0.500000000000E+01  0.500000000000E+01  0.500000000000E+01  0.500000000000E+01  0.500000000000E+01
  0.500000000000E+01  0.500000000000E+01  0.500000000000E+01  0.500000000000E+01  0.500000000000E+01  0.500000000000E+01  0.500000000000E+01
  0.500000000000E+01  0.500000000000E+01  0.500000000000E+01  0.500000000000E+01
  0.488562341139E+00  0.488873032190E+00  0.490562859008E+00  0.492980742035E+00  0.486460842266E+00  0.484596857761E+00  0.485347839168E+00
  0.494163546244E+00  0.495346539859E+00  0.486528146737E+00  0.487819888657E+00  0.487068824666E+00  0.494045825543E+00  0.496127345644E+00
  0.487612248631E+00  0.483219641417E+00  0.492395524030E+00  0.487214085145E+00  0.494738995157E+00  0.487958482370E+00  0.489677130929E+00
  0.488028988723E+00  0.497246230722E+00  0.496059214486E+00  0.494950977562E+00  0.492800285634E+00  0.490002657454E+00  0.490005003498E+00
  0.491352292040E+00  0.486075382695E+00  0.490036359612E+00  0.495098202848E+00
  0.100215269912E+01  0.100152655428E+01  0.100178349846E+01  0.100047670699E+01  0.100126822740E+01  0.100066575135E+01  0.100025358887E+01
  0.100050392281E+01  0.100179337938E+01  0.100112369427E+01  0.100133047555E+01  0.100072434606E+01  0.100164369001E+01  0.100168846499E+01
  0.100096276497E+01  0.100000874944E+01  0.100082864588E+01  0.100022269848E+01  0.100062146520E+01  0.100023497975E+01  0.100174638491E+01
  0.100098857876E+01  0.100118728691E+01  0.100134173037E+01  0.100132638128E+01  0.100179876461E+01  0.100192659785E+01  0.100163751619E+01
  0.100045434331E+01  0.100058775919E+01  0.100109996600E+01  0.100176114782E+01
 -0.276133485805E-01 -0.268266849650E-01 -0.276056128200E-01 -0.319928910774E-02 -0.257919981912E-01 -0.139620525064E-01 -0.972220807454E-02
 -0.319075097402E-02 -0.367327281295E-01 -0.214299250739E-01 -0.290130187117E-01 -0.202873546280E-01 -0.338603172960E-01 -0.380737930464E-01
 -0.230514416571E-01 -0.957666852144E-02 -0.372019845362E-02 -0.121013072506E-01 -0.300730601552E-02 -0.119872773074E-01 -0.359650537716E-01
 -0.218280960289E-01 -0.422509647642E-01 -0.374773669547E-01 -0.393509863316E-01 -0.316536533893E-01 -0.317563434589E-01 -0.335885400488E-01
 -0.384025548218E-02 -0.145987658095E-01 -0.279516575389E-01 -0.352252769844E-01
 -0.489211398053E-02 -0.434707500318E-02 -0.495646042787E-02  0.293435898263E-03 -0.398328588708E-02 -0.137988708378E-02 -0.613957128734E-03
  0.225727247364E-03 -0.755109318480E-02 -0.292588581449E-02 -0.475527063673E-02 -0.266611182578E-02 -0.617548823811E-02 -0.797261490226E-02
 -0.324478650191E-02 -0.587349325983E-03  0.235717619092E-03 -0.106279307851E-02  0.233870352286E-03 -0.106105487232E-02 -0.622625665526E-02
 -0.299760750524E-02 -0.887403922636E-02 -0.784130314207E-02 -0.747581884602E-02 -0.588270918429E-02 -0.572833679432E-02 -0.573444972070E-02
  0.189809810883E-03 -0.147367169819E-02 -0.436459136211E-02 -0.732907541008E-02
  0.165195778708E-04  0.648785367518E-04  0.750786393209E-04  0.680188330354E-05  0.397355544745E-05 -0.102685228708E-05  0.191870807114E-04
 -0.171092540751E-04  0.193306561029E-05  0.345440262964E-04  0.826257535050E-04  0.323251336547E-04  0.103683846876E-03  0.122624858477E-03
 -0.167641635269E-04 -0.366655328570E-04 -0.143136073257E-04 -0.497203178068E-04  0.396887516515E-06 -0.877305684767E-05 -0.144918400966E-04
 -0.200398562362E-04  0.153966060425E-04 -0.621699381585E-04 -0.175883524098E-04 -0.756279599405E-04 -0.429140989598E-05 -0.751937052053E-04
 -0.326131540041E-05 -0.188017814441E-08  0.207780615799E-05  0.530432445146E-05
  0.784930723589E-03  0.941183627741E-03  0.752385280445E-03  0.375243109767E-03  0.950213954888E-03  0.864288399257E-03  0.783295533939E-03
  0.340984632185E-03  0.498054954955E-03  0.966450485194E-03  0.921228623376E-03  0.981072653943E-03  0.727921811741E-03  0.480529650051E-03
  0.975880222232E-03  0.806846461528E-03  0.389931359321E-03  0.805756171385E-03  0.326082054713E-03  0.732284358224E-03  0.874172506236E-03
  0.990359562395E-03  0.455896379474E-03  0.547702226925E-03  0.621434761577E-03  0.720966960426E-03  0.755636383547E-03  0.863326858238E-03
  0.408620154561E-03  0.883304944902E-03  0.953107780238E-03  0.533877193822E-03
  0.111613647010E-01  0.106986557275E-01  0.112005790120E-01  0.905601751229E-03  0.102299971794E-01  0.522432086940E-02  0.347543707272E-02
  0.933234232153E-03  0.152502365285E-01  0.835430244580E-02  0.116138700873E-01  0.787203364092E-02  0.138175100914E-01  0.158344260421E-01
  0.903408146920E-02  0.341208344622E-02  0.110320501172E-02  0.447249282347E-02  0.867749144373E-03  0.445159655472E-02  0.145448267984E-01
  0.851574567776E-02  0.176233231238E-01  0.155964743253E-01  0.161883186274E-01  0.129264761482E-01  0.129072393502E-01  0.135542995154E-01
  0.116204489759E-02  0.548046681721E-02  0.111193460176E-01  0.146216601852E-01
        12        15        11        11
        11         2        12        12
         5        10         2         2
        15        21        11        11
        15        22        21        21
        31        28        22        22
        15        12        18        18
        19        18        20        20
        11        21        13        13
        23        13        25        25
         7        12        10        10
        26        21        28        28
         7         8        20        20
        16        15        18        18
        26        24        25        25
        16        30        22        22
         3        11        13        13
         2        10        12        12
         3         1         2         2
        20        12         7         7
        10         6         7         7
        22        15        16        16
        18        17        16        16
        28        27        26        26
        32        24        26        26
         2        11         3         3
        13        14         3         3
        27        28        31        31
         2         1         5         5
         6        10         5         5
        14        13        23        23
        20         8        19        19
        17        18        19        19
        13        21        25        25
         1         3         9         9
        30        16        29        29
         8         7         4         4
        22        28        21        21
        24        23        25        25
        21        26        25        25
        30        31        22        22
        12        20        18        18
        17        29        16        16
        14         9         3         3
        27        32        26        26
         6         4         7         7
zone t="boundary 5 bc-5", solutiontime= 0.4000000E+02, strandid=1005, i=33, j=48, f=feblock
  0.500000000000E+01  0.500000000000E+01  0.500000000000E+01  0.500000000000E+01  0.500000000000E+01  0.500000000000E+01  0.500000000000E+01
  0.500000000000E+01  0.500000000000E+01  0.500000000000E+01  0.500000000000E+01  0.500000000000E+01  0.500000000000E+01  0.500000000000E+01
  0.500000000000E+01  0.500000000000E+01  0.500000000000E+01  0.500000000000E+01  0.500000000000E+01  0.500000000000E+01  0.500000000000E+01
  0.500000000000E+01  0.500000000000E+01  0.500000000000E+01  0.500000000000E+01  0.500000000000E+01  0.500000000000E+01  0.500000000000E+01
  0.500000000000E+01  0.500000000000E+01  0.500000000000E+01  0.500000000000E+01  0.500000000000E+01
  0.250000000000E+01  0.125000000000E+01  0.250000000000E+01  0.157899473280E+01  0.000000000000E+00  0.659350882208E+00  0.250000000000E+01
  0.173899611320E+01  0.825621401394E+00  0.132549389334E+01 -0.125000000000E+01 -0.322732261638E+00  0.250000000000E+01  0.490615021923E-01
 -0.873141960959E+00  0.350800286361E+00  0.145332269920E+01 -0.250000000000E+01 -0.147959633950E+01  0.250000000000E+01 -0.857924212153E+00
 -0.165007033378E+01  0.518568023061E+00 -0.461282870254E+00  0.125000000000E+01 -0.250000000000E+01 -0.183684615440E+01 -0.158398995423E+01
 -0.250000000000E+01 -0.250000000000E+01 -0.125000000000E+01  0.000000000000E+00 -0.250000000000E+01
  0.000000000000E+00  0.000000000000E+00  0.125000000000E+01  0.905837536509E+00  0.000000000000E+00  0.735450417037E+00  0.250000000000E+01
  0.182727219356E+01  0.162230260845E+01  0.280856328277E+01  0.000000000000E+00  0.109945440014E+01  0.375000000000E+01  0.227317933631E+01
  0.189599568386E+01  0.342819755379E+01  0.403384942830E+01  0.000000000000E+00  0.104050588738E+01  0.500000000000E+01  0.297954017413E+01
  0.214587157439E+01  0.430969386006E+01  0.408642231822E+01  0.500000000000E+01  0.125000000000E+01  0.304506426164E+01  0.398205049073E+01
  0.250000000000E+01  0.375000000000E+01  0.500000000000E+01  0.500000000000E+01  0.500000000000E+01
  0.000000000000E+00  0.000000000000E+00  0.509232303765E+00  0.472098889877E+00  0.000000000000E+00  0.480805232568E+00  0.534527160060E+00
  0.535829357857E+00  0.535478981134E+00  0.540786114149E+00  0.000000000000E+00  0.510355469719E+00  0.517182364794E+00  0.539187609845E+00
  0.542979583813E+00  0.529277497031E+00  0.511036806073E+00  0.000000000000E+00  0.495603636910E+00  0.492980742035E+00  0.531173567011E+00
  0.533778435684E+00  0.505621180161E+00  0.512004268975E+00  0.494163546244E+00  0.508459636492E+00  0.529554387316E+00  0.511911103307E+00
  0.537002216251E+00  0.514994217086E+00  0.492395524030E+00  0.494738995157E+00  0.491352292040E+00
  0.999990396196E+00  0.999990325101E+00  0.984104381171E+00  0.976444186981E+00  0.999990349063E+00  0.959042246313E+00  0.100368372122E+01
  0.994429545795E+00  0.991216409760E+00  0.100355191873E+01  0.999990618155E+00  0.971537346423E+00  0.100443321097E+01  0.100528534968E+01
  0.997216652767E+00  0.100662945901E+01  0.100305332869E+01  0.999991230154E+00  0.973515622436E+00  0.100047670699E+01  0.100763871335E+01
  0.100128636665E+01  0.100314051624E+01  0.100383224503E+01  0.100050392281E+01  0.985091722602E+00  0.100596560541E+01  0.100387955763E+01
  0.100289631571E+01  0.100485312288E+01  0.100082864588E+01  0.100062146520E+01  0.100045434331E+01
 -0.283643993821E-02 -0.257656879839E-02 -0.972324687579E-02 -0.121620465440E-01 -0.352263390468E-02 -0.399593531110E-02 -0.484434174409E-02
 -0.642955236801E-02 -0.727443793571E-02 -0.426486505994E-02 -0.246448382508E-02 -0.587948424921E-02 -0.334962907303E-02 -0.530106129063E-02
 -0.608303705490E-02 -0.352284082401E-02 -0.270235131775E-02 -0.304367225613E-02 -0.482029458433E-02 -0.319928910774E-02 -0.420751895342E-02
 -0.579488124247E-02 -0.217935502787E-02 -0.242364777142E-02 -0.319075097402E-02 -0.762354582924E-02 -0.414961493327E-02 -0.269341375561E-02
 -0.503577775509E-02 -0.330545011605E-02 -0.372019845362E-02 -0.300730601552E-02 -0.384025548218E-02
  0.704040968091E-03  0.716014569028E-03  0.162985890833E-02  0.158601371411E-02  0.111623332425E-02  0.441339366773E-02  0.126882018151E-02
  0.165457910633E-02  0.186063097283E-02  0.117252196869E-02  0.929187843809E-03  0.317247960942E-02  0.822901696233E-03  0.138133472046E-02
  0.166488277895E-02  0.980665488648E-03  0.816630370367E-03  0.825419594778E-03  0.326356242355E-02  0.293435898263E-03  0.109312784571E-02
  0.149658299066E-02  0.724353818312E-03  0.854284318044E-03  0.225727247364E-03  0.173848448699E-02  0.102486655447E-02  0.854558595323E-03
  0.128461549618E-02  0.774834884031E-03  0.235717619092E-03  0.233870352286E-03  0.189809810883E-03
  0.961347370335E-04  0.195307171441E-03  0.441914154508E-05  0.414405062510E-03 -0.196438293793E-03  0.328212429830E-03  0.350490435753E-04
  0.165982625398E-03  0.144104981970E-03  0.339032952274E-04 -0.101512983311E-03 -0.398035450343E-03  0.194508454522E-04 -0.533606897946E-04
 -0.107084636554E-03  0.339678310308E-04  0.955767452490E-05 -0.202375320999E-03 -0.197487082062E-03  0.680188330354E-05 -0.438591760474E-04
 -0.145057344104E-03  0.375097701234E-05  0.124299696932E-05 -0.171092540751E-04 -0.111253216640E-03 -0.456390974680E-05 -0.354316047651E-04
  0.928080156511E-05 -0.160782874480E-04 -0.143136073257E-04  0.396887516515E-06 -0.326131540041E-05
 -0.248309787903E-03 -0.420890762394E-03  0.330339856393E-03  0.198023710231E-03 -0.543348798778E-03 -0.390135535817E-03  0.369809284308E-03
  0.459270871559E-03  0.884143466703E-03  0.417068812834E-03 -0.402248659990E-03  0.155968262307E-03  0.341384675384E-03  0.411675032278E-03
  0.633967429644E-03  0.253881048540E-03  0.362229350995E-03 -0.226311893079E-03 -0.668355029633E-04  0.375243109767E-03  0.268631992844E-03
  0.469174915896E-03  0.258162484104E-03  0.310032072233E-03  0.340984632185E-03  0.406709731252E-03  0.235075656212E-03  0.295724943563E-03
  0.338867761465E-03  0.268407660363E-03  0.389931359321E-03  0.326082054713E-03  0.408620154561E-03
  0.130934072119E-02  0.428017250113E-02  0.245136176650E-02  0.337309791751E-02  0.429385707452E-02 -0.107606049799E-02  0.911802875012E-03
  0.125896716595E-02  0.148280132426E-02  0.772583954688E-03  0.447133911789E-02  0.223673962117E-03  0.656566161961E-03  0.986689193572E-03
  0.113064916065E-02  0.636679917334E-03  0.468659622211E-03  0.852309807360E-03 -0.119365883809E-03  0.905601751229E-03  0.790148969016E-03
  0.110583556860E-02  0.341059332992E-03  0.363316073966E-03  0.933234232153E-03  0.164416216996E-02  0.806203172753E-03  0.455153236546E-03
  0.967551348842E-03  0.668787629002E-03  0.110320501172E-02  0.867749144373E-03  0.116204489759E-02
        12        15        14        14
        21        16        14        14
         9        14        10        10
        15        22        21        21
        29        27        22        22
        14        16        10        10
         7         8        10        10
        14        15        21        21
        14         9        12        12
         5        12         6         6
        21        24        16        16
        32        23        24        24
        28        21        27        27
        17        16        23        23
        28        31        24        24
        19        15        12        12
         4         2         6         6
         4         9         8         8
        10         8         9         9
        17        13        10        10
        19        26        22        22
        10        16        17        17
        23        25        17        17
        22        15        19        19
        12        11        19        19
        27        30        28        28
        33        31        28        28
         6         9         4         4
         8         3         4         4
        25        23        32        32
        10        13         7         7
         3         8         7         7
        30        27        29        29
         6         2         5         5
        11        12         5         5
        24        23        16        16
        13        17        20        20
        26        19        18        18
         2         4         1         1
        22        27        21        21
        31        32        24        24
        21        28        24        24
        26        29        22        22
         9         6        12        12
        11        18        19        19
        25        20        17        17
        30        33        28        28
         3         1         4         4
zone t="boundary 6 bc-6", solutiontime= 0.4000000E+02, strandid=1006, i=33, j=48, f=feblock
  0.375000000000E+01  0.250000000000E+01  0.500000000000E+01  0.403384942830E+01  0.280856328277E+01  0.125000000000E+01  0.182727219356E+01
  0.500000000000E+01  0.430969386006E+01  0.342819755379E+01  0.227317933631E+01  0.162230260845E+01  0.000000000000E+00  0.905837536509E+00
  0.500000000000E+01  0.408642231822E+01  0.297954017413E+01  0.189599568386E+01  0.109945440014E+01  0.735450417037E+00  0.000000000000E+00
  0.500000000000E+01  0.398205049073E+01  0.304506426164E+01  0.214587157439E+01  0.104050588738E+01  0.000000000000E+00  0.000000000000E+00
  0.500000000000E+01  0.375000000000E+01  0.250000000000E+01  0.125000000000E+01  0.000000000000E+00
  0.250000000000E+01  0.250000000000E+01  0.250000000000E+01  0.145332269920E+01  0.132549389334E+01  0.250000000000E+01  0.173899611320E+01
  0.125000000000E+01  0.518568023061E+00  0.350800286361E+00  0.490615021923E-01  0.825621401394E+00  0.250000000000E+01  0.157899473280E+01
  0.000000000000E+00 -0.461282870254E+00 -0.857924212153E+00 -0.873141960959E+00 -0.322732261638E+00  0.659350882208E+00  0.125000000000E+01
 -0.125000000000E+01 -0.158398995423E+01 -0.183684615440E+01 -0.165007033378E+01 -0.147959633950E+01  0.000000000000E+00 -0.125000000000E+01
 -0.250000000000E+01 -0.250000000000E+01 -0.250000000000E+01 -0.250000000000E+01 -0.250000000000E+01
  0.000000000000E+00  0.000000000000E+00  0.000000000000E+00  0.000000000000E+00  0.000000000000E+00  0.000000000000E+00  0.000000000000E+00
  0.000000000000E+00  0.000000000000E+00  0.000000000000E+00  0.000000000000E+00  0.000000000000E+00  0.000000000000E+00  0.000000000000E+00
  0.000000000000E+00  0.000000000000E+00  0.000000000000E+00  0.000000000000E+00  0.000000000000E+00  0.000000000000E+00  0.000000000000E+00
  0.000000000000E+00  0.000000000000E+00  0.000000000000E+00  0.000000000000E+00  0.000000000000E+00  0.000000000000E+00  0.000000000000E+00
  0.000000000000E+00  0.000000000000E+00  0.000000000000E+00  0.000000000000E+00  0.000000000000E+00
  0.000000000000E+00  0.000000000000E+00  0.000000000000E+00  0.000000000000E+00  0.000000000000E+00  0.000000000000E+00  0.000000000000E+00
  0.000000000000E+00  0.000000000000E+00  0.000000000000E+00  0.000000000000E+00  0.000000000000E+00  0.000000000000E+00  0.000000000000E+00
  0.000000000000E+00  0.000000000000E+00  0.000000000000E+00  0.000000000000E+00  0.000000000000E+00  0.000000000000E+00  0.000000000000E+00
  0.000000000000E+00  0.000000000000E+00  0.000000000000E+00  0.000000000000E+00  0.000000000000E+00  0.000000000000E+00  0.000000000000E+00
  0.000000000000E+00  0.000000000000E+00  0.000000000000E+00  0.000000000000E+00  0.000000000000E+00
  0.999990271160E+00  0.999990226304E+00  0.999990396196E+00  0.999990182377E+00  0.999990059368E+00  0.999990284241E+00  0.999990143498E+00
  0.999990325101E+00  0.999990167205E+00  0.999989996585E+00  0.999989917772E+00  0.999990049955E+00  0.999990418744E+00  0.999990224555E+00
  0.999990349063E+00  0.999990157773E+00  0.999989991223E+00  0.999990034648E+00  0.999990131616E+00  0.999990193926E+00  0.999990357178E+00
  0.999990618155E+00  0.999990505567E+00  0.999990497886E+00  0.999990354822E+00  0.999990495401E+00  0.999990394394E+00  0.999990676924E+00
  0.999991230154E+00  0.999991175015E+00  0.999991158230E+00  0.999991226060E+00  0.999991292264E+00
 -0.181223670204E-02  0.101408416616E-02 -0.283643993821E-02 -0.247308914317E-02  0.109679956416E-03  0.352097552444E-02  0.139154504489E-02
 -0.257656879839E-02 -0.283653103801E-02 -0.121785538567E-02  0.693680182748E-03  0.142469347954E-02  0.570919192421E-02  0.399134609278E-02
 -0.352263390468E-02 -0.294498962313E-02 -0.936089868768E-04  0.191922024360E-02  0.176787618994E-02  0.355813054591E-02  0.686896263178E-02
 -0.246448382508E-02 -0.263709515487E-02  0.626447283241E-04  0.376201969931E-03  0.264598623679E-02  0.542715497918E-02  0.220747937965E-02
 -0.304367225613E-02 -0.225969210543E-02 -0.129475104653E-02  0.326881406483E-02  0.400487252204E-02
 -0.376317726903E-03 -0.380412885264E-03  0.704040968091E-03 -0.356840332156E-03 -0.123660303100E-02 -0.787202429228E-03 -0.277939336908E-03
  0.716014569028E-03 -0.266717338191E-03 -0.901872626864E-03 -0.715012235208E-03 -0.517355633903E-03  0.193118340902E-03 -0.125434891937E-02
  0.111623332425E-02 -0.241059388315E-03 -0.924134220734E-03 -0.769010972918E-03 -0.796578628041E-03 -0.111083680480E-02  0.315009413733E-03
  0.929187843809E-03 -0.217640078642E-03 -0.865604088692E-03 -0.682182484942E-03 -0.779963382784E-03  0.405340634065E-03  0.431955610069E-03
  0.825419594778E-03 -0.250589722685E-03  0.297364444453E-04 -0.543632695614E-03  0.379934087495E-03
 -0.675424665322E-04  0.262771122419E-04  0.961347370335E-04 -0.102331715797E-03  0.591159961449E-04  0.315197255552E-03  0.900553948108E-04
  0.195307171441E-03  0.115492874152E-03  0.573621940093E-04 -0.108773919721E-03  0.911266529137E-05  0.358564519303E-03  0.255448170665E-03
 -0.196438293793E-03 -0.169726169169E-03 -0.500477508277E-03 -0.511230758281E-03 -0.897837545532E-03  0.176644831957E-03  0.479616386027E-03
 -0.101512983311E-03 -0.391493280896E-04  0.416500253778E-03  0.102839993011E-02  0.320428404707E-04  0.440275616744E-03 -0.281191713056E-03
 -0.202375320999E-03  0.518524889898E-04  0.311669787247E-03  0.162283029465E-03 -0.301949963636E-03
 -0.425566961789E-03 -0.805560090642E-03 -0.248309787903E-03 -0.967156296477E-03 -0.164515089041E-02 -0.807243671078E-03 -0.100556609460E-02
 -0.420890762394E-03 -0.711274399048E-03 -0.997552198579E-03 -0.152707666098E-02 -0.208228230655E-02 -0.141598267515E-02 -0.874518796030E-03
 -0.543348798778E-03 -0.653711307764E-03 -0.118568484202E-02 -0.147857563151E-02 -0.320307070645E-02 -0.144395217441E-02 -0.161289451804E-02
 -0.402248659990E-03 -0.527564202636E-03 -0.722281489048E-03 -0.126426698228E-02 -0.229666459671E-02 -0.973031206481E-03 -0.968239405550E-03
 -0.226311893079E-03 -0.264348891084E-03 -0.404235609025E-03 -0.911016999406E-03 -0.762786827609E-03
  0.652257495648E-02  0.288584253205E-02  0.130934072119E-02  0.430990800960E-02  0.626968212247E-02  0.286703331879E-03  0.362588446447E-02
  0.428017250113E-02  0.204639424412E-02  0.566919122550E-02  0.586938540897E-02  0.155478006544E-02 -0.459057689546E-02  0.915361485998E-02
  0.429385707452E-02  0.500566755054E-02  0.787593041676E-02  0.115033860976E-02  0.250579628167E-02  0.498889379851E-02 -0.661383809060E-02
  0.447133911789E-02  0.690007874497E-02 -0.846858880403E-03  0.126819874026E-02 -0.124960872993E-02  0.445054760928E-03  0.104414977801E-02
  0.852309807360E-03  0.256567547241E-02  0.444723104930E-02  0.500194066617E-02 -0.139868021997E-02
        19        18        11        11
        17        10        11        11
        12        11         5         5
        18        25        17        17
        31        24        25        25
        11        10         5         5
         2         7         5         5
        11        18        17        17
        11        12        19        19
        27        19        20        20
        17        16        10        10
        15         9        16        16
        23        17        24        24
         4        10         9         9
        23        22        16        16
        26        18        19        19
        14        21        20        20
        14        12         7         7
         5         7        12        12
         4         1         5         5
        26        32        25        25
         5        10         4         4
         9         8         4         4
        25        18        26        26
        19        28        26        26
        24        30        23        23
        29        22        23        23
        20        12        14        14
         7         6        14        14
         8         9        15        15
         5         1         2         2
         6         7         2         2
        30        24        31        31
        20        21        27        27
        28        19        27        27
        16         9        10        10
         1         4         3         3
        32        26        33        33
        21        14        13        13
        25        24        17        17
        22        15        16        16
        17        23        16        16
        32        31        25        25
        12        20        19        19
        28        33        26        26
         8         3         4         4
        30        29        23        23
         6        13        14        14
