title="tecplot geometry and solution file"
variables = x y z rho u v w p mach temperature
zone t="boundary 1 bc-1", solutiontime= 0.1000000E+02, strandid=1001, i=32, j=46, f=feblock
  0.000000000000E+00  0.000000000000E+00  0.000000000000E+00  0.000000000000E+00  0.000000000000E+00  0.000000000000E+00  0.000000000000E+00
  0.000000000000E+00  0.000000000000E+00  0.000000000000E+00  0.000000000000E+00  0.000000000000E+00  0.000000000000E+00  0.000000000000E+00
  0.000000000000E+00  0.000000000000E+00  0.000000000000E+00  0.000000000000E+00  0.000000000000E+00  0.000000000000E+00  0.000000000000E+00
  0.000000000000E+00  0.000000000000E+00  0.000000000000E+00  0.000000000000E+00  0.000000000000E+00  0.000000000000E+00  0.000000000000E+00
  0.000000000000E+00  0.000000000000E+00  0.000000000000E+00  0.000000000000E+00
  0.250000000000E+01  0.250000000000E+01  0.125000000000E+01  0.146289271009E+01  0.157686156160E+01  0.308372018325E+00  0.000000000000E+00
 -0.125000000000E+01 -0.600232012419E+00  0.250000000000E+01  0.477386199275E+00  0.742988685424E+00 -0.739814786992E+00  0.177790177481E+01
  0.155830813274E+01  0.250000000000E+01 -0.250000000000E+01 -0.154800130438E+01 -0.487811078581E+00  0.250000000000E+01  0.627766083140E+00
 -0.345533899378E+00 -0.178862290564E+01 -0.158811787973E+01  0.125000000000E+01 -0.250000000000E+01 -0.144524380962E+01  0.000000000000E+00
 -0.125000000000E+01 -0.250000000000E+01 -0.250000000000E+01 -0.250000000000E+01
  0.000000000000E+00  0.125000000000E+01  0.000000000000E+00  0.103724302461E+01  0.219251206392E+01  0.922061490191E+00  0.000000000000E+00
  0.000000000000E+00  0.715990576545E+00  0.250000000000E+01  0.202479342020E+01  0.324151231464E+01  0.175434191980E+01  0.310152362409E+01
  0.404200324774E+01  0.375000000000E+01  0.000000000000E+00  0.930412228790E+00  0.299062775774E+01  0.500000000000E+01  0.429310310915E+01
  0.409252726285E+01  0.187029682677E+01  0.284428995242E+01  0.500000000000E+01  0.125000000000E+01  0.394624082883E+01  0.500000000000E+01
  0.500000000000E+01  0.250000000000E+01  0.375000000000E+01  0.500000000000E+01
  0.134397397576E+01  0.106288608188E+01  0.142568245389E+01  0.108605574361E+01  0.103189310201E+01  0.120046397123E+01  0.164282640939E+01
  0.149233344240E+01  0.123491465696E+01  0.102374955228E+01  0.102837601500E+01  0.101298566714E+01  0.103298046077E+01  0.101450491670E+01
  0.100651975480E+01  0.100815185922E+01  0.144788272435E+01  0.116338309840E+01  0.101484657525E+01  0.100300476878E+01  0.100671186915E+01
  0.100730294279E+01  0.104658474456E+01  0.101926015021E+01  0.100388289533E+01  0.106492836715E+01  0.100782051828E+01  0.100321543896E+01
  0.100342426952E+01  0.102865172044E+01  0.100953831433E+01  0.100373864767E+01
  0.000000000000E+00  0.446357544794E+00  0.000000000000E+00  0.467563021007E+00  0.463486308182E+00  0.444131503763E+00  0.000000000000E+00
  0.000000000000E+00  0.379416092933E+00  0.472066602907E+00  0.467067322696E+00  0.479429646331E+00  0.489673519770E+00  0.484503875968E+00
  0.488022882904E+00  0.489656258845E+00  0.000000000000E+00  0.450852813556E+00  0.474818282711E+00  0.496307571367E+00  0.491006597058E+00
  0.486784139625E+00  0.449353392608E+00  0.466800321280E+00  0.497492298289E+00  0.445302001115E+00  0.487563287178E+00  0.498116125398E+00
  0.496793084864E+00  0.469843903163E+00  0.489158072030E+00  0.495743826983E+00
  0.000000000000E+00  0.000000000000E+00  0.000000000000E+00  0.175480676392E-01 -0.213717051076E-02  0.327984128366E-01  0.000000000000E+00
  0.000000000000E+00 -0.650344608900E-02  0.000000000000E+00  0.411739286781E-02 -0.522547542684E-02 -0.408074854576E-02  0.340596039007E-04
 -0.824529251024E-03  0.000000000000E+00  0.000000000000E+00 -0.784094914204E-02  0.397495677537E-03  0.000000000000E+00 -0.213229566147E-02
 -0.139210291661E-02  0.163778309185E-02 -0.186758203381E-02 -0.433639023576E-03  0.000000000000E+00 -0.230347251781E-03 -0.412245127075E-03
  0.823854906494E-03  0.000000000000E+00  0.000000000000E+00  0.000000000000E+00
  0.000000000000E+00  0.455582275555E-01  0.000000000000E+00  0.122822871133E+00  0.248515274636E-01  0.165558298791E+00  0.000000000000E+00
  0.000000000000E+00  0.156232242366E+00  0.371047357622E-02  0.269609163850E-01 -0.607263075306E-02  0.753312793498E-01  0.395713534964E-02
  0.296613611889E-03  0.875295547173E-03  0.000000000000E+00  0.140696348283E+00 -0.764474329188E-02  0.449785302522E-02  0.194012859320E-03
 -0.422679481107E-02  0.257873382293E-01 -0.140655844087E-02  0.448066805091E-02  0.843986242783E-01 -0.110373177115E-02  0.318303197671E-02
  0.318197887506E-02  0.268925095232E-02 -0.853174450210E-03  0.445328631238E-02
  0.959969531850E+00  0.781903280310E+00  0.101833192698E+01  0.808258619629E+00  0.745948658043E+00  0.879215426961E+00  0.117343287616E+01
  0.106593962109E+01  0.916236134124E+00  0.737246696043E+00  0.743709938234E+00  0.725752798026E+00  0.757528530607E+00  0.729040242931E+00
  0.720574484413E+00  0.722624911129E+00  0.103419031112E+01  0.857888099755E+00  0.728169062100E+00  0.718031532964E+00  0.721005524644E+00
  0.721151365969E+00  0.759977982938E+00  0.732625045917E+00  0.718477433421E+00  0.791195971319E+00  0.722072105328E+00  0.717593658813E+00
  0.717814721759E+00  0.741827911623E+00  0.723983445756E+00  0.718433794478E+00
  0.000000000000E+00  0.442115923484E+00  0.000000000000E+00  0.473917504889E+00  0.461385323817E+00  0.469207893633E+00  0.000000000000E+00
  0.000000000000E+00  0.402653340763E+00  0.470157229834E+00  0.464974142253E+00  0.478772045591E+00  0.488971080410E+00  0.483057746078E+00
  0.487470770753E+00  0.488803716523E+00  0.000000000000E+00  0.464896577671E+00  0.473809684087E+00  0.495774810260E+00  0.490355145305E+00
  0.486247504153E+00  0.446403449920E+00  0.465344105839E+00  0.497021394894E+00  0.444398247441E+00  0.486821167854E+00  0.497775372862E+00
  0.496429006419E+00  0.467605149461E+00  0.488183337796E+00  0.495253742356E+00
  0.999987625380E+00  0.102989832222E+01  0.999987545529E+00  0.104190054161E+01  0.101205068551E+01  0.102535488548E+01  0.999987592873E+00
  0.999987956535E+00  0.103872002858E+01  0.100820105090E+01  0.101246421381E+01  0.100302891758E+01  0.102667957733E+01  0.100606347322E+01
  0.100226972532E+01  0.100349452944E+01  0.999988749934E+00  0.103237131544E+01  0.100452296121E+01  0.100223266872E+01  0.100267789169E+01
  0.100229222954E+01  0.101661062962E+01  0.100629369654E+01  0.100197783174E+01  0.104013978218E+01  0.100305652557E+01  0.100141114593E+01
  0.100151116631E+01  0.100963139967E+01  0.100400035310E+01  0.100206095940E+01
        12        19        11        11
        11         5        12        12
        10        14         5         5
        19        13        11        11
        19        24        13        13
        30        23        24        24
        19        12        22        22
        28        22        21        21
        11        13         6         6
         7         6         9         9
        15        12        14        14
        18        13        23        23
        15        25        21        21
        27        19        22        22
        18         8         9         9
        27        31        24        24
         4        11         6         6
         5        14        12        12
         4         2         5         5
        21        12        15        15
        14        16        15        15
        24        19        27        27
        22        29        27        27
        23        26        18        18
        17         8        18        18
         5        11         4         4
         6         3         4         4
        26        23        30        30
         5         2        10        10
        16        14        10        10
         3         6         7         7
        21        25        28        28
        29        22        28        28
         6        13         9         9
         2         4         1         1
        31        27        32        32
        25        15        20        20
        24        23        13        13
         8         7         9         9
        13        18         9         9
        31        30        24        24
        12        21        22        22
        29        32        27        27
         3         1         4         4
        26        17        18        18
        16        20        15        15
zone t="boundary 2 bc-2", solutiontime= 0.1000000E+02, strandid=1002, i=33, j=48, f=feblock
  0.500000000000E+01  0.375000000000E+01  0.250000000000E+01  0.288078410721E+01  0.125000000000E+01  0.190974100652E+01  0.326683758169E+01
  0.201431602454E+01  0.000000000000E+00  0.963108083381E+00  0.500000000000E+01  0.403552511878E+01  0.423153924130E+01  0.500000000000E+01
  0.385533350601E+01  0.500000000000E+01  0.398173246726E+01  0.315249557942E+01  0.267000324704E+01  0.154774304040E+01  0.218329375016E+01
  0.893127759452E+00  0.000000000000E+00  0.698517061619E+00  0.964171764089E+00  0.310324758057E+01  0.000000000000E+00  0.000000000000E+00
  0.125000000000E+01  0.500000000000E+01  0.375000000000E+01  0.250000000000E+01  0.000000000000E+00
 -0.250000000000E+01 -0.250000000000E+01 -0.250000000000E+01 -0.250000000000E+01 -0.250000000000E+01 -0.250000000000E+01 -0.250000000000E+01
 -0.250000000000E+01 -0.250000000000E+01 -0.250000000000E+01 -0.250000000000E+01 -0.250000000000E+01 -0.250000000000E+01 -0.250000000000E+01
 -0.250000000000E+01 -0.250000000000E+01 -0.250000000000E+01 -0.250000000000E+01 -0.250000000000E+01 -0.250000000000E+01 -0.250000000000E+01
 -0.250000000000E+01 -0.250000000000E+01 -0.250000000000E+01 -0.250000000000E+01 -0.250000000000E+01 -0.250000000000E+01 -0.250000000000E+01
 -0.250000000000E+01 -0.250000000000E+01 -0.250000000000E+01 -0.250000000000E+01 -0.250000000000E+01
  0.000000000000E+00  0.000000000000E+00  0.000000000000E+00  0.904659890645E+00  0.000000000000E+00  0.717002441913E+00  0.188609243358E+01
  0.176246431481E+01  0.000000000000E+00  0.961328577125E+00  0.125000000000E+01  0.101201586758E+01  0.191586535653E+01  0.250000000000E+01
  0.293121848150E+01  0.375000000000E+01  0.406975391361E+01  0.363585050272E+01  0.285047954584E+01  0.292817774674E+01  0.395907379566E+01
  0.205246550326E+01  0.125000000000E+01  0.306828197606E+01  0.397245519226E+01  0.433168271247E+01  0.250000000000E+01  0.375000000000E+01
  0.500000000000E+01  0.500000000000E+01  0.500000000000E+01  0.500000000000E+01  0.500000000000E+01
  0.831669325612E+00  0.936972311093E+00  0.935444540065E+00  0.968892620862E+00  0.961486471625E+00  0.965363494063E+00  0.983820827716E+00
  0.991387133551E+00  0.144788272435E+01  0.102907492780E+01  0.955963532667E+00  0.962142405824E+00  0.980841176499E+00  0.100469951712E+01
  0.997287175723E+00  0.100954402478E+01  0.100208062403E+01  0.997825083051E+00  0.991303417226E+00  0.100153817851E+01  0.100104824269E+01
  0.101224925600E+01  0.106492836715E+01  0.101060591391E+01  0.100680753458E+01  0.100111683360E+01  0.102865172044E+01  0.100953831433E+01
  0.100528216547E+01  0.100485061906E+01  0.100458120123E+01  0.100326579397E+01  0.100373864767E+01
  0.000000000000E+00  0.000000000000E+00  0.000000000000E+00  0.379918184852E+00  0.000000000000E+00  0.341371005359E+00  0.580276990585E+00
  0.573749239446E+00  0.000000000000E+00  0.489362338533E+00  0.495707360675E+00  0.433924401980E+00  0.567785926120E+00  0.535919648119E+00
  0.567029858895E+00  0.516414064698E+00  0.508659798771E+00  0.528316897644E+00  0.566434267221E+00  0.532986091378E+00  0.506500222014E+00
  0.520722268917E+00  0.445302001115E+00  0.491840392181E+00  0.492647016951E+00  0.501420790215E+00  0.469843903163E+00  0.489158072030E+00
  0.487890855844E+00  0.491895613906E+00  0.485574513501E+00  0.487618110269E+00  0.495743826983E+00
  0.000000000000E+00  0.000000000000E+00  0.000000000000E+00  0.000000000000E+00  0.000000000000E+00  0.000000000000E+00  0.000000000000E+00
  0.000000000000E+00  0.000000000000E+00  0.000000000000E+00  0.000000000000E+00  0.000000000000E+00  0.000000000000E+00  0.000000000000E+00
  0.000000000000E+00  0.000000000000E+00  0.000000000000E+00  0.000000000000E+00  0.000000000000E+00  0.000000000000E+00  0.000000000000E+00
  0.000000000000E+00  0.000000000000E+00  0.000000000000E+00  0.000000000000E+00  0.000000000000E+00  0.000000000000E+00  0.000000000000E+00
  0.000000000000E+00  0.000000000000E+00  0.000000000000E+00  0.000000000000E+00  0.000000000000E+00
  0.000000000000E+00  0.000000000000E+00  0.000000000000E+00 -0.228797722095E-02  0.000000000000E+00  0.184383561646E-01  0.114386598119E-01
  0.449174612240E-01  0.000000000000E+00  0.866368427692E-01 -0.969137407600E-01 -0.217469731404E-01 -0.302161758100E-01 -0.405200087530E-01
 -0.573011657137E-03  0.169154205391E-02  0.185179712488E-02  0.180683671973E-02  0.153251498817E-01  0.288071524588E-01  0.614109343682E-02
  0.554076428255E-01  0.843986242783E-01  0.111774990524E-01  0.660701907683E-02  0.138264419228E-04  0.268925095232E-02 -0.853174450210E-03
  0.370772668540E-02  0.566413600630E-02  0.102455710469E-02  0.914434845079E-03  0.445328631238E-02
  0.594042789985E+00  0.669258307739E+00  0.668167038996E+00  0.684522598006E+00  0.686768265763E+00  0.679274438267E+00  0.695949164226E+00
  0.702390816533E+00  0.103419031112E+01  0.723545757883E+00  0.672750731367E+00  0.676346655909E+00  0.693935103176E+00  0.719881981476E+00
  0.712449522289E+00  0.724516513957E+00  0.716380866256E+00  0.713138115710E+00  0.706612158639E+00  0.717767199404E+00  0.715686483458E+00
  0.730919464238E+00  0.791195971319E+00  0.724241582205E+00  0.721036735906E+00  0.715447556447E+00  0.741827911623E+00  0.723983445756E+00
  0.719781217792E+00  0.717936985889E+00  0.717572908851E+00  0.717294104085E+00  0.718433794478E+00
  0.000000000000E+00  0.000000000000E+00  0.000000000000E+00  0.382012758977E+00  0.000000000000E+00  0.344443496494E+00  0.583209973339E+00
  0.577852710475E+00  0.000000000000E+00  0.500908775207E+00  0.508862161046E+00  0.437955301077E+00  0.571313697871E+00  0.536612668625E+00
  0.566989739888E+00  0.515198821350E+00  0.508446917500E+00  0.528169607779E+00  0.567227323662E+00  0.532877306723E+00  0.506306657260E+00
  0.520829832079E+00  0.444398247441E+00  0.491158295883E+00  0.492045682134E+00  0.501293183227E+00  0.467605149461E+00  0.488183337796E+00
  0.487320785024E+00  0.491864310108E+00  0.485570550326E+00  0.487389248863E+00  0.495253742356E+00
  0.999988673823E+00  0.999988601308E+00  0.999988577119E+00  0.989099944178E+00  0.999988663848E+00  0.985104801893E+00  0.990351903993E+00
  0.991890160631E+00  0.999988749934E+00  0.984344320969E+00  0.985237398426E+00  0.984142589019E+00  0.990485684863E+00  0.100312059167E+01
  0.100014254217E+01  0.100473391417E+01  0.100085081849E+01  0.100056951760E+01  0.997935652096E+00  0.100333077733E+01  0.100091187828E+01
  0.101090442287E+01  0.104013978218E+01  0.100329732998E+01  0.100262601897E+01  0.100050917676E+01  0.100963139967E+01  0.100400035310E+01
  0.100239886822E+01  0.100025990050E+01  0.100002077598E+01  0.100094287252E+01  0.100206095940E+01
        15         7        19        19
         8        20        19        19
        18        19        21        21
         7         4         8         8
         3         6         4         4
        19         7         8         8
        19        18        15        15
        14        13        15        15
         8        22        20        20
        27        24        22        22
        19        20        21        21
        32        26        21        21
        17        18        26        26
        17        16        15        15
        25        29        21        21
        12         7        13        13
        10         8         6         6
        25        20        24        24
         4         6         8         8
        12         2         4         4
        10        23        22        22
        26        31        17        17
        30        16        17        17
         4         7        12        12
        13        11        12        12
        21        20        25        25
        24        28        25        25
        22         8        10        10
         6         5        10        10
        31        26        32        32
         4         2         3         3
         5         6         3         3
        11        13        14        14
        22        23        27        27
        28        24        27        27
        15        13         7         7
         2        12         1         1
        29        25        33        33
        23        10         9         9
        21        26        18        18
        16        14        15        15
        18        17        15        15
        29        32        21        21
        22        24        20        20
        28        33        25        25
        11         1        12        12
        31        30        17        17
         5         9        10        10
zone t="boundary 3 bc-3", solutiontime= 0.1000000E+02, strandid=1003, i=33, j=48, f=feblock
  0.375000000000E+01  0.250000000000E+01  0.500000000000E+01  0.403552511878E+01  0.288078410721E+01  0.125000000000E+01  0.190974100652E+01
  0.500000000000E+01  0.326683758169E+01  0.423153924130E+01  0.201431602454E+01  0.000000000000E+00  0.963108083381E+00  0.500000000000E+01
  0.267000324704E+01  0.385533350601E+01  0.893127759452E+00  0.154774304040E+01  0.000000000000E+00  0.500000000000E+01  0.315249557942E+01
  0.218329375016E+01  0.398173246726E+01  0.000000000000E+00  0.698517061619E+00  0.964171764089E+00  0.125000000000E+01  0.000000000000E+00
  0.500000000000E+01  0.310324758057E+01  0.250000000000E+01  0.375000000000E+01  0.000000000000E+00
  0.250000000000E+01  0.250000000000E+01  0.250000000000E+01  0.250000000000E+01  0.250000000000E+01  0.250000000000E+01  0.250000000000E+01
  0.250000000000E+01  0.250000000000E+01  0.250000000000E+01  0.250000000000E+01  0.250000000000E+01  0.250000000000E+01  0.250000000000E+01
  0.250000000000E+01  0.250000000000E+01  0.250000000000E+01  0.250000000000E+01  0.250000000000E+01  0.250000000000E+01  0.250000000000E+01
  0.250000000000E+01  0.250000000000E+01  0.250000000000E+01  0.250000000000E+01  0.250000000000E+01  0.250000000000E+01  0.250000000000E+01
  0.250000000000E+01  0.250000000000E+01  0.250000000000E+01  0.250000000000E+01  0.250000000000E+01
  0.000000000000E+00  0.000000000000E+00  0.000000000000E+00  0.101201586758E+01  0.904659890645E+00  0.000000000000E+00  0.717002441913E+00
  0.125000000000E+01  0.188609243358E+01  0.191586535653E+01  0.176246431481E+01  0.000000000000E+00  0.961328577125E+00  0.250000000000E+01
  0.285047954584E+01  0.293121848150E+01  0.205246550326E+01  0.292817774674E+01  0.125000000000E+01  0.375000000000E+01  0.363585050272E+01
  0.395907379566E+01  0.406975391361E+01  0.250000000000E+01  0.306828197606E+01  0.397245519226E+01  0.500000000000E+01  0.375000000000E+01
  0.500000000000E+01  0.433168271247E+01  0.500000000000E+01  0.500000000000E+01  0.500000000000E+01
  0.943815633993E+00  0.947746890669E+00  0.844104370041E+00  0.965893223508E+00  0.980214135627E+00  0.957699443271E+00  0.984139599580E+00
  0.964122905328E+00  0.982837630856E+00  0.984088191831E+00  0.990552580655E+00  0.134397397576E+01  0.101911441948E+01  0.100729638298E+01
  0.993499921532E+00  0.997601418128E+00  0.100791874096E+01  0.100077555969E+01  0.106288608188E+01  0.100618473440E+01  0.100059368716E+01
  0.100249459498E+01  0.100182799823E+01  0.102374955228E+01  0.100882776854E+01  0.100541031872E+01  0.100528545136E+01  0.100815185922E+01
  0.100457519943E+01  0.100186559656E+01  0.100461119977E+01  0.100575197011E+01  0.100300476878E+01
  0.000000000000E+00  0.000000000000E+00  0.000000000000E+00  0.440749726731E+00  0.400714627393E+00  0.000000000000E+00  0.373002593668E+00
  0.495608008206E+00  0.571962499423E+00  0.568806362387E+00  0.558798913331E+00  0.000000000000E+00  0.482765350118E+00  0.533603246845E+00
  0.556443644407E+00  0.564022536619E+00  0.522725066334E+00  0.522941298550E+00  0.446357544794E+00  0.518445557832E+00  0.525239968885E+00
  0.503208076677E+00  0.508924210447E+00  0.472066602907E+00  0.496210949346E+00  0.494405467023E+00  0.486389154049E+00  0.489656258845E+00
  0.493313715849E+00  0.498020317263E+00  0.483716732102E+00  0.484198264456E+00  0.496307571367E+00
  0.000000000000E+00  0.000000000000E+00  0.000000000000E+00  0.000000000000E+00  0.000000000000E+00  0.000000000000E+00  0.000000000000E+00
  0.000000000000E+00  0.000000000000E+00  0.000000000000E+00  0.000000000000E+00  0.000000000000E+00  0.000000000000E+00  0.000000000000E+00
  0.000000000000E+00  0.000000000000E+00  0.000000000000E+00  0.000000000000E+00  0.000000000000E+00  0.000000000000E+00  0.000000000000E+00
  0.000000000000E+00  0.000000000000E+00  0.000000000000E+00  0.000000000000E+00  0.000000000000E+00  0.000000000000E+00  0.000000000000E+00
  0.000000000000E+00  0.000000000000E+00  0.000000000000E+00  0.000000000000E+00  0.000000000000E+00
  0.000000000000E+00  0.000000000000E+00  0.000000000000E+00 -0.224683698311E-01  0.108026200245E-01  0.000000000000E+00  0.177289112252E-01
 -0.979329384767E-01  0.370559311425E-02 -0.377248711222E-01  0.330654487527E-01  0.000000000000E+00  0.645458131896E-01 -0.415858086057E-01
  0.829531000802E-02 -0.598327554624E-02  0.483635319143E-01  0.130698457535E-01  0.455582275555E-01 -0.263835028879E-03 -0.367016403642E-03
  0.204225624852E-02  0.141811537031E-02  0.371047357622E-02  0.101473573866E-01  0.438361824937E-02  0.369815528970E-02  0.875295547173E-03
  0.477729137437E-02  0.686619781512E-03  0.206673794806E-02  0.233685046773E-02  0.449785302522E-02
  0.674145554279E+00  0.676953520026E+00  0.602924215156E+00  0.676678675850E+00  0.691682612014E+00  0.684062447290E+00  0.690394012311E+00
  0.677703661743E+00  0.695241612912E+00  0.696247010557E+00  0.703455065047E+00  0.959969531850E+00  0.719437060048E+00  0.722257194374E+00
  0.709528456476E+00  0.713538956238E+00  0.725990752388E+00  0.716690033391E+00  0.781903280310E+00  0.721786893958E+00  0.716089565479E+00
  0.716741949701E+00  0.716386984346E+00  0.737246696043E+00  0.722653643581E+00  0.719586434814E+00  0.719926914717E+00  0.722624911129E+00
  0.717630102701E+00  0.715881763922E+00  0.718221363761E+00  0.718282116209E+00  0.718031532964E+00
  0.000000000000E+00  0.000000000000E+00  0.000000000000E+00  0.445620252478E+00  0.403307208999E+00  0.000000000000E+00  0.376805895400E+00
  0.509258224548E+00  0.574758841589E+00  0.572781315175E+00  0.561398316336E+00  0.000000000000E+00  0.489930554892E+00  0.534197735665E+00
  0.556550313313E+00  0.563672126116E+00  0.522766152435E+00  0.522428888793E+00  0.442115923484E+00  0.517337025969E+00  0.524733826703E+00
  0.502975429205E+00  0.508643523166E+00  0.470157229834E+00  0.495605971668E+00  0.493931247717E+00  0.485772483689E+00  0.488803716523E+00
  0.493310589598E+00  0.497929133741E+00  0.483504927642E+00  0.484241702343E+00  0.495774810260E+00
  0.999987436103E+00  0.999987377820E+00  0.999987597715E+00  0.980802145759E+00  0.987902154869E+00  0.999987452154E+00  0.982128569614E+00
  0.984091469248E+00  0.990334748608E+00  0.990506565237E+00  0.994229998789E+00  0.999987625380E+00  0.988320707481E+00  0.100383570239E+01
  0.999838870179E+00  0.100135637398E+01  0.100840178086E+01  0.100258847954E+01  0.102989832222E+01  0.100429038227E+01  0.100193055836E+01
  0.100094178522E+01  0.100111174758E+01  0.100820105090E+01  0.100286206681E+01  0.100199987008E+01  0.100259849503E+01  0.100349452944E+01
  0.100010645729E+01  0.100036818604E+01  0.100089458439E+01  0.999843890522E+00  0.100223266872E+01
        15         9        16        16
        15        18        11        11
        22        15        21        21
        11         5         9         9
         5         7         2         2
        11         9        15        15
        16        21        15        15
        16        10        14        14
        18        17        11        11
        17        25        24        24
        22        18        15        15
        22        30        31        31
        30        21        23        23
        16        20        23        23
        22        27        26        26
        10         9         4         4
         7        11        13        13
        25        18        26        26
        11         7         5         5
         5         1         4         4
        17        19        13        13
        23        32        30        30
        23        20        29        29
         4         9         5         5
         4         8        10        10
        26        18        22        22
        26        28        25        25
        13        11        17        17
        13         6         7         7
        31        30        32        32
         2         1         5         5
         2         7         6         6
        14        10         8         8
        24        19        17        17
        24        25        28        28
         9        10        16        16
         3         4         1         1
        33        26        27        27
        12        13        19        19
        21        30        22        22
        16        14        20        20
        16        23        21        21
        22        31        27        27
        18        25        17        17
        26        33        28        28
         4         3         8         8
        23        29        32        32
        13        12         6         6
zone t="boundary 4 bc-4", solutiontime= 0.1000000E+02, strandid=1004, i=32, j=46, f=feblock
  0.125000000000E+01  0.219251206392E+01  0.103724302461E+01  0.500000000000E+01  0.250000000000E+01  0.375000000000E+01  0.404200324774E+01
  0.500000000000E+01  0.000000000000E+00  0.310152362409E+01  0.202479342020E+01  0.324151231464E+01  0.922061490191E+00  0.000000000000E+00
  0.299062775774E+01  0.394624082883E+01  0.500000000000E+01  0.409252726285E+01  0.500000000000E+01  0.429310310915E+01  0.175434191980E+01
  0.284428995242E+01  0.000000000000E+00  0.000000000000E+00  0.715990576545E+00  0.930412228790E+00  0.125000000000E+01  0.187029682677E+01
  0.500000000000E+01  0.375000000000E+01  0.250000000000E+01  0.000000000000E+00
  0.250000000000E+01  0.157686156160E+01  0.146289271009E+01  0.250000000000E+01  0.250000000000E+01  0.250000000000E+01  0.155830813274E+01
  0.125000000000E+01  0.250000000000E+01  0.177790177481E+01  0.477386199275E+00  0.742988685424E+00  0.308372018325E+00  0.125000000000E+01
 -0.487811078581E+00 -0.144524380962E+01 -0.125000000000E+01 -0.345533899378E+00  0.000000000000E+00  0.627766083140E+00 -0.739814786992E+00
 -0.158811787973E+01  0.000000000000E+00 -0.125000000000E+01 -0.600232012419E+00 -0.154800130438E+01 -0.250000000000E+01 -0.178862290564E+01
 -0.250000000000E+01 -0.250000000000E+01 -0.250000000000E+01 -0.250000000000E+01
  0.500000000000E+01  0.500000000000E+01  0.500000000000E+01  0.500000000000E+01  0.500000000000E+01  0.500000000000E+01  0.500000000000E+01
  0.500000000000E+01  0.500000000000E+01  0.500000000000E+01  0.500000000000E+01  0.500000000000E+01  0.500000000000E+01  0.500000000000E+01
  0.500000000000E+01  0.500000000000E+01  0.500000000000E+01  0.500000000000E+01  0.500000000000E+01  0.500000000000E+01  0.500000000000E+01
  0.500000000000E+01  0.500000000000E+01  0.500000000000E+01  0.500000000000E+01  0.500000000000E+01  0.500000000000E+01  0.500000000000E+01
  0.500000000000E+01  0.500000000000E+01  0.500000000000E+01  0.500000000000E+01
  0.100528545136E+01  0.100481273768E+01  0.100454691173E+01  0.100457519943E+01  0.100461119977E+01  0.100575197011E+01  0.100519688458E+01
  0.100477849189E+01  0.100300476878E+01  0.100531039599E+01  0.100474232670E+01  0.100468697815E+01  0.100353651597E+01  0.100388289533E+01
  0.100467042129E+01  0.100338640694E+01  0.100511453802E+01  0.100451992753E+01  0.100476742990E+01  0.100579211802E+01  0.100440736177E+01
  0.100395603732E+01  0.100321543896E+01  0.100342426952E+01  0.100313611236E+01  0.100406100293E+01  0.100528216547E+01  0.100421834731E+01
  0.100485061906E+01  0.100458120123E+01  0.100326579397E+01  0.100373864767E+01
  0.486389154049E+00  0.486749915359E+00  0.489154862935E+00  0.493313715849E+00  0.483716732102E+00  0.484198264456E+00  0.486438242185E+00
  0.494607345174E+00  0.496307571367E+00  0.484748900731E+00  0.486073723097E+00  0.486481982378E+00  0.493032843825E+00  0.497492298289E+00
  0.486347175757E+00  0.485257351857E+00  0.493789150119E+00  0.488630932100E+00  0.495402456215E+00  0.489159502045E+00  0.487287724698E+00
  0.486488243643E+00  0.498116125398E+00  0.496793084864E+00  0.494574340663E+00  0.491697729379E+00  0.487890855844E+00  0.487576623735E+00
  0.491895613906E+00  0.485574513501E+00  0.487618110269E+00  0.495743826983E+00
  0.000000000000E+00  0.267041541175E-03 -0.143247406969E-02  0.000000000000E+00  0.000000000000E+00  0.000000000000E+00  0.771393063515E-03
  0.111103901181E-02  0.000000000000E+00  0.657752854309E-03 -0.412161488031E-03  0.157181428169E-03 -0.200984182742E-02 -0.433639023576E-03
 -0.404077456609E-03 -0.183017371001E-03 -0.225594951757E-03 -0.636704133745E-03  0.890310857045E-04  0.286325181943E-06 -0.581235354155E-03
 -0.128037768950E-03 -0.412245127075E-03  0.823854906494E-03 -0.198084779869E-03  0.144688217257E-02  0.000000000000E+00  0.818760779859E-03
  0.000000000000E+00  0.000000000000E+00  0.000000000000E+00  0.000000000000E+00
  0.369815528970E-02  0.230866251881E-02  0.419965226271E-02  0.477729137437E-02  0.206673794806E-02  0.233685046773E-02  0.349793735499E-02
  0.426589540603E-02  0.449785302522E-02  0.177927282704E-02  0.201548466457E-02  0.132385264874E-02  0.585786987350E-02  0.448066805091E-02
  0.891503382790E-03  0.348836087410E-02  0.488503783327E-02  0.147980426827E-02  0.461766025457E-02  0.386968169283E-02  0.280421500673E-02
  0.404484178829E-03  0.318303197671E-02  0.318197887506E-02  0.546903481004E-02  0.542148907419E-02  0.370772668540E-02  0.255475732414E-02
  0.566413600630E-02  0.102455710469E-02  0.914434845079E-03  0.445328631238E-02
  0.719926914717E+00  0.718807673263E+00  0.719112801709E+00  0.717630102701E+00  0.718221363761E+00  0.718282116209E+00  0.717597043426E+00
  0.717899464820E+00  0.718031532964E+00  0.718495145715E+00  0.718671809187E+00  0.717777237661E+00  0.718307843770E+00  0.718477433421E+00
  0.717963073444E+00  0.716027777620E+00  0.718443285223E+00  0.717150436010E+00  0.718040950191E+00  0.718285800278E+00  0.718903935997E+00
  0.717537211305E+00  0.717593658813E+00  0.717814721759E+00  0.717794148161E+00  0.718813194282E+00  0.719781217792E+00  0.718599146569E+00
  0.717936985889E+00  0.717572908851E+00  0.717294104085E+00  0.718433794478E+00
  0.485772483689E+00  0.486388200621E+00  0.488637537364E+00  0.493310589598E+00  0.483504927642E+00  0.484241702343E+00  0.486587237119E+00
  0.494557898168E+00  0.495774810260E+00  0.484612160772E+00  0.485740214215E+00  0.486435115403E+00  0.492558001261E+00  0.497021394894E+00
  0.486232533773E+00  0.485499212118E+00  0.493640011970E+00  0.488757509634E+00  0.495303250174E+00  0.489221504552E+00  0.486797642513E+00
  0.486344076451E+00  0.497775372862E+00  0.496429006419E+00  0.494167437567E+00  0.491173008045E+00  0.487320785024E+00  0.487142655409E+00
  0.491864310108E+00  0.485570550326E+00  0.487389248863E+00  0.495253742356E+00
  0.100259849503E+01  0.100151073413E+01  0.100220100290E+01  0.100010645729E+01  0.100089458439E+01  0.999843890522E+00  0.999441876715E+00
  0.100027942363E+01  0.100223266872E+01  0.100057972941E+01  0.100139160671E+01  0.100020021617E+01  0.100208708430E+01  0.100197783174E+01
  0.100047566000E+01  0.999055679581E+00  0.100070246849E+01  0.999492974604E+00  0.100048757588E+01  0.999809108041E+00  0.100204911742E+01
  0.100059370977E+01  0.100141114593E+01  0.100151116631E+01  0.100177014370E+01  0.100226825766E+01  0.100239886822E+01  0.100181281082E+01
  0.100025990050E+01  0.100002077598E+01  0.100094287252E+01  0.100206095940E+01
        12        15        11        11
        11         2        12        12
         5        10         2         2
        15        21        11        11
        15        22        21        21
        31        28        22        22
        15        12        18        18
        19        18        20        20
        11        21        13        13
        23        13        25        25
         7        12        10        10
        26        21        28        28
         7         8        20        20
        16        15        18        18
        26        24        25        25
        16        30        22        22
         3        11        13        13
         2        10        12        12
         3         1         2         2
        20        12         7         7
        10         6         7         7
        22        15        16        16
        18        17        16        16
        28        27        26        26
        32        24        26        26
         2        11         3         3
        13        14         3         3
        27        28        31        31
         2         1         5         5
         6        10         5         5
        14        13        23        23
        20         8        19        19
        17        18        19        19
        13        21        25        25
         1         3         9         9
        30        16        29        29
         8         7         4         4
        22        28        21        21
        24        23        25        25
        21        26        25        25
        30        31        22        22
        12        20        18        18
        17        29        16        16
        14         9         3         3
        27        32        26        26
         6         4         7         7
zone t="boundary 5 bc-5", solutiontime= 0.1000000E+02, strandid=1005, i=33, j=48, f=feblock
  0.500000000000E+01  0.500000000000E+01  0.500000000000E+01  0.500000000000E+01  0.500000000000E+01  0.500000000000E+01  0.500000000000E+01
  0.500000000000E+01  0.500000000000E+01  0.500000000000E+01  0.500000000000E+01  0.500000000000E+01  0.500000000000E+01  0.500000000000E+01
  0.500000000000E+01  0.500000000000E+01  0.500000000000E+01  0.500000000000E+01  0.500000000000E+01  0.500000000000E+01  0.500000000000E+01
  0.500000000000E+01  0.500000000000E+01  0.500000000000E+01  0.500000000000E+01  0.500000000000E+01  0.500000000000E+01  0.500000000000E+01
  0.500000000000E+01  0.500000000000E+01  0.500000000000E+01  0.500000000000E+01  0.500000000000E+01
  0.250000000000E+01  0.125000000000E+01  0.250000000000E+01  0.157899473280E+01  0.000000000000E+00  0.659350882208E+00  0.250000000000E+01
  0.173899611320E+01  0.825621401394E+00  0.132549389334E+01 -0.125000000000E+01 -0.322732261638E+00  0.250000000000E+01  0.490615021923E-01
 -0.873141960959E+00  0.350800286361E+00  0.145332269920E+01 -0.250000000000E+01 -0.147959633950E+01  0.250000000000E+01 -0.857924212153E+00
 -0.165007033378E+01  0.518568023061E+00 -0.461282870254E+00  0.125000000000E+01 -0.250000000000E+01 -0.183684615440E+01 -0.158398995423E+01
 -0.250000000000E+01 -0.250000000000E+01 -0.125000000000E+01  0.000000000000E+00 -0.250000000000E+01
  0.000000000000E+00  0.000000000000E+00  0.125000000000E+01  0.905837536509E+00  0.000000000000E+00  0.735450417037E+00  0.250000000000E+01
  0.182727219356E+01  0.162230260845E+01  0.280856328277E+01  0.000000000000E+00  0.109945440014E+01  0.375000000000E+01  0.227317933631E+01
  0.189599568386E+01  0.342819755379E+01  0.403384942830E+01  0.000000000000E+00  0.104050588738E+01  0.500000000000E+01  0.297954017413E+01
  0.214587157439E+01  0.430969386006E+01  0.408642231822E+01  0.500000000000E+01  0.125000000000E+01  0.304506426164E+01  0.398205049073E+01
  0.250000000000E+01  0.375000000000E+01  0.500000000000E+01  0.500000000000E+01  0.500000000000E+01
  0.844104370041E+00  0.773362286780E+00  0.964122905328E+00  0.925719806734E+00  0.763019572990E+00  0.876274743885E+00  0.100729638298E+01
  0.990007987797E+00  0.975763555405E+00  0.100382986469E+01  0.765626821746E+00  0.909631140176E+00  0.100618473440E+01  0.100283708263E+01
  0.984622840500E+00  0.100907437270E+01  0.100449991694E+01  0.831669325612E+00  0.915134975887E+00  0.100457519943E+01  0.101081852550E+01
  0.998712901055E+00  0.100593726774E+01  0.100633563997E+01  0.100477849189E+01  0.955963532667E+00  0.101012892612E+01  0.100768778403E+01
  0.100469951712E+01  0.100954402478E+01  0.100511453802E+01  0.100476742990E+01  0.100485061906E+01
  0.000000000000E+00  0.000000000000E+00  0.495608008206E+00  0.453090760134E+00  0.000000000000E+00  0.461490489359E+00  0.533603246845E+00
  0.528542205618E+00  0.525765345345E+00  0.540339356770E+00  0.000000000000E+00  0.494460640878E+00  0.518445557832E+00  0.537791402376E+00
  0.536808921194E+00  0.530069604165E+00  0.510743561873E+00  0.000000000000E+00  0.479026569412E+00  0.493313715849E+00  0.533001838852E+00
  0.529866956680E+00  0.505617285767E+00  0.512351028579E+00  0.494607345174E+00  0.495707360675E+00  0.530938003348E+00  0.512388177514E+00
  0.535919648119E+00  0.516414064698E+00  0.493789150119E+00  0.495402456215E+00  0.491895613906E+00
  0.000000000000E+00  0.000000000000E+00  0.000000000000E+00 -0.182657217291E-01  0.000000000000E+00 -0.638918465099E-02  0.000000000000E+00
 -0.723909584121E-02 -0.127975016245E-01 -0.792322935656E-03  0.000000000000E+00 -0.650166906411E-02  0.000000000000E+00 -0.111823565856E-02
  0.383530699855E-02  0.239009515751E-02  0.187855419097E-02  0.000000000000E+00  0.141626170179E-01  0.000000000000E+00  0.291269548619E-02
  0.437014411267E-02  0.180638795532E-02  0.868830386799E-03  0.111103901181E-02  0.000000000000E+00  0.172120415827E-02  0.520400457951E-03
  0.000000000000E+00  0.000000000000E+00 -0.225594951757E-03  0.890310857045E-04  0.000000000000E+00
  0.000000000000E+00  0.000000000000E+00 -0.979329384767E-01 -0.109687955254E+00  0.000000000000E+00 -0.961790235970E-01 -0.415858086057E-01
 -0.779930993958E-01 -0.922476023058E-01 -0.281180572078E-01  0.000000000000E+00 -0.961760214134E-01 -0.263835028879E-03 -0.579526308547E-01
 -0.785073547614E-01 -0.736307000092E-02  0.287576006753E-02  0.000000000000E+00 -0.973619574508E-01  0.477729137437E-02 -0.195803585509E-01
 -0.662480119385E-01  0.539417108442E-02  0.393831939224E-02  0.426589540603E-02 -0.969137407600E-01 -0.161348614849E-01  0.437412755644E-02
 -0.405200087530E-01  0.169154205391E-02  0.488503783327E-02  0.461766025457E-02  0.566413600630E-02
  0.602924215156E+00  0.552394731803E+00  0.677703661743E+00  0.645636536344E+00  0.545007188340E+00  0.600091786207E+00  0.722257194374E+00
  0.703422886141E+00  0.691010354173E+00  0.719744682079E+00  0.546869675547E+00  0.631104694735E+00  0.721786893958E+00  0.720277367033E+00
  0.701495036856E+00  0.725603149088E+00  0.719592955427E+00  0.594042789985E+00  0.636256655043E+00  0.717630102701E+00  0.727563056536E+00
  0.714514563669E+00  0.720618700601E+00  0.721634511875E+00  0.717899464820E+00  0.672750731367E+00  0.725867587252E+00  0.722637013457E+00
  0.719881981476E+00  0.724516513957E+00  0.718443285223E+00  0.718040950191E+00  0.717936985889E+00
  0.000000000000E+00  0.000000000000E+00  0.509258224548E+00  0.472136257061E+00  0.000000000000E+00  0.481484746506E+00  0.534197735665E+00
  0.535727822181E+00  0.536249112104E+00  0.540046427812E+00  0.000000000000E+00  0.511151409716E+00  0.517337025969E+00  0.539415132791E+00
  0.543231195907E+00  0.528356678550E+00  0.510011778068E+00  0.000000000000E+00  0.495671901144E+00  0.493310589598E+00  0.531331167856E+00
  0.533580953063E+00  0.504914758169E+00  0.511363620801E+00  0.494557898168E+00  0.508862161046E+00  0.529592982816E+00  0.511392114026E+00
  0.536612668625E+00  0.515198821350E+00  0.493640011970E+00  0.495303250174E+00  0.491864310108E+00
  0.999987597715E+00  0.999987506171E+00  0.984091469248E+00  0.976419802522E+00  0.999987537260E+00  0.958750102695E+00  0.100383570239E+01
  0.994731408974E+00  0.991443562821E+00  0.100379814384E+01  0.999987884463E+00  0.971324016521E+00  0.100429038227E+01  0.100553552647E+01
  0.997430702602E+00  0.100670915466E+01  0.100291709397E+01  0.999988673823E+00  0.973363864929E+00  0.100010645729E+01  0.100768659602E+01
  0.100160955974E+01  0.100291162600E+01  0.100392779158E+01  0.100027942363E+01  0.985237398426E+00  0.100602467257E+01  0.100397348750E+01
  0.100312059167E+01  0.100473391417E+01  0.100070246849E+01  0.100048757588E+01  0.100025990050E+01
        12        15        14        14
        21        16        14        14
         9        14        10        10
        15        22        21        21
        29        27        22        22
        14        16        10        10
         7         8        10        10
        14        15        21        21
        14         9        12        12
         5        12         6         6
        21        24        16        16
        32        23        24        24
        28        21        27        27
        17        16        23        23
        28        31        24        24
        19        15        12        12
         4         2         6         6
         4         9         8         8
        10         8         9         9
        17        13        10        10
        19        26        22        22
        10        16        17        17
        23        25        17        17
        22        15        19        19
        12        11        19        19
        27        30        28        28
        33        31        28        28
         6         9         4         4
         8         3         4         4
        25        23        32        32
        10        13         7         7
         3         8         7         7
        30        27        29        29
         6         2         5         5
        11        12         5         5
        24        23        16        16
        13        17        20        20
        26        19        18        18
         2         4         1         1
        22        27        21        21
        31        32        24        24
        21        28        24        24
        26        29        22        22
         9         6        12        12
        11        18        19        19
        25        20        17        17
        30        33        28        28
         3         1         4         4
zone t="boundary 6 bc-6", solutiontime= 0.1000000E+02, strandid=1006, i=33, j=48, f=feblock
  0.375000000000E+01  0.250000000000E+01  0.500000000000E+01  0.403384942830E+01  0.280856328277E+01  0.125000000000E+01  0.182727219356E+01
  0.500000000000E+01  0.430969386006E+01  0.342819755379E+01  0.227317933631E+01  0.162230260845E+01  0.000000000000E+00  0.905837536509E+00
  0.500000000000E+01  0.408642231822E+01  0.297954017413E+01  0.189599568386E+01  0.109945440014E+01  0.735450417037E+00  0.000000000000E+00
  0.500000000000E+01  0.398205049073E+01  0.304506426164E+01  0.214587157439E+01  0.104050588738E+01  0.000000000000E+00  0.000000000000E+00
  0.500000000000E+01  0.375000000000E+01  0.250000000000E+01  0.125000000000E+01  0.000000000000E+00
  0.250000000000E+01  0.250000000000E+01  0.250000000000E+01  0.145332269920E+01  0.132549389334E+01  0.250000000000E+01  0.173899611320E+01
  0.125000000000E+01  0.518568023061E+00  0.350800286361E+00  0.490615021923E-01  0.825621401394E+00  0.250000000000E+01  0.157899473280E+01
  0.000000000000E+00 -0.461282870254E+00 -0.857924212153E+00 -0.873141960959E+00 -0.322732261638E+00  0.659350882208E+00  0.125000000000E+01
 -0.125000000000E+01 -0.158398995423E+01 -0.183684615440E+01 -0.165007033378E+01 -0.147959633950E+01  0.000000000000E+00 -0.125000000000E+01
 -0.250000000000E+01 -0.250000000000E+01 -0.250000000000E+01 -0.250000000000E+01 -0.250000000000E+01
  0.000000000000E+00  0.000000000000E+00  0.000000000000E+00  0.000000000000E+00  0.000000000000E+00  0.000000000000E+00  0.000000000000E+00
  0.000000000000E+00  0.000000000000E+00  0.000000000000E+00  0.000000000000E+00  0.000000000000E+00  0.000000000000E+00  0.000000000000E+00
  0.000000000000E+00  0.000000000000E+00  0.000000000000E+00  0.000000000000E+00  0.000000000000E+00  0.000000000000E+00  0.000000000000E+00
  0.000000000000E+00  0.000000000000E+00  0.000000000000E+00  0.000000000000E+00  0.000000000000E+00  0.000000000000E+00  0.000000000000E+00
  0.000000000000E+00  0.000000000000E+00  0.000000000000E+00  0.000000000000E+00  0.000000000000E+00
  0.943815633993E+00  0.947746890669E+00  0.844104370041E+00  0.945175635441E+00  0.946091795118E+00  0.957699443271E+00  0.931228539557E+00
  0.773362286780E+00  0.938624420213E+00  0.957882314727E+00  0.943799969484E+00  0.926053789743E+00  0.134397397576E+01  0.100938980574E+01
  0.763019572990E+00  0.955243872941E+00  0.953720729549E+00  0.886710978219E+00  0.940571105162E+00  0.103549416251E+01  0.142568245389E+01
  0.765626821746E+00  0.952276270083E+00  0.936065335216E+00  0.933529997226E+00  0.957759939342E+00  0.164282640939E+01  0.149233344240E+01
  0.831669325612E+00  0.936972311093E+00  0.935444540065E+00  0.961486471625E+00  0.144788272435E+01
  0.000000000000E+00  0.000000000000E+00  0.000000000000E+00  0.000000000000E+00  0.000000000000E+00  0.000000000000E+00  0.000000000000E+00
  0.000000000000E+00  0.000000000000E+00  0.000000000000E+00  0.000000000000E+00  0.000000000000E+00  0.000000000000E+00  0.000000000000E+00
  0.000000000000E+00  0.000000000000E+00  0.000000000000E+00  0.000000000000E+00  0.000000000000E+00  0.000000000000E+00  0.000000000000E+00
  0.000000000000E+00  0.000000000000E+00  0.000000000000E+00  0.000000000000E+00  0.000000000000E+00  0.000000000000E+00  0.000000000000E+00
  0.000000000000E+00  0.000000000000E+00  0.000000000000E+00  0.000000000000E+00  0.000000000000E+00
  0.000000000000E+00  0.000000000000E+00  0.000000000000E+00  0.000000000000E+00  0.000000000000E+00  0.000000000000E+00  0.000000000000E+00
  0.000000000000E+00  0.000000000000E+00  0.000000000000E+00  0.000000000000E+00  0.000000000000E+00  0.000000000000E+00  0.000000000000E+00
  0.000000000000E+00  0.000000000000E+00  0.000000000000E+00  0.000000000000E+00  0.000000000000E+00  0.000000000000E+00  0.000000000000E+00
  0.000000000000E+00  0.000000000000E+00  0.000000000000E+00  0.000000000000E+00  0.000000000000E+00  0.000000000000E+00  0.000000000000E+00
  0.000000000000E+00  0.000000000000E+00  0.000000000000E+00  0.000000000000E+00  0.000000000000E+00
  0.000000000000E+00  0.000000000000E+00  0.000000000000E+00  0.000000000000E+00  0.000000000000E+00  0.000000000000E+00  0.000000000000E+00
  0.000000000000E+00  0.000000000000E+00  0.000000000000E+00  0.000000000000E+00  0.000000000000E+00  0.000000000000E+00  0.000000000000E+00
  0.000000000000E+00  0.000000000000E+00  0.000000000000E+00  0.000000000000E+00  0.000000000000E+00  0.000000000000E+00  0.000000000000E+00
  0.000000000000E+00  0.000000000000E+00  0.000000000000E+00  0.000000000000E+00  0.000000000000E+00  0.000000000000E+00  0.000000000000E+00
  0.000000000000E+00  0.000000000000E+00  0.000000000000E+00  0.000000000000E+00  0.000000000000E+00
  0.674145554279E+00  0.676953520026E+00  0.602924215156E+00  0.675116894459E+00  0.675771178301E+00  0.684062447290E+00  0.665154775415E+00
  0.552394731803E+00  0.670437501340E+00  0.684192814657E+00  0.674134057300E+00  0.661458492489E+00  0.959969531850E+00  0.720983615694E+00
  0.545007188340E+00  0.682308379883E+00  0.681220286845E+00  0.633356832100E+00  0.671827940310E+00  0.739629319824E+00  0.101833192698E+01
  0.546869675547E+00  0.680188995439E+00  0.668609890425E+00  0.666798832997E+00  0.684105842758E+00  0.117343287616E+01  0.106593962109E+01
  0.594042789985E+00  0.669258307739E+00  0.668167038996E+00  0.686768265763E+00  0.103419031112E+01
  0.000000000000E+00  0.000000000000E+00  0.000000000000E+00  0.000000000000E+00  0.000000000000E+00  0.000000000000E+00  0.000000000000E+00
  0.000000000000E+00  0.000000000000E+00  0.000000000000E+00  0.000000000000E+00  0.000000000000E+00  0.000000000000E+00  0.000000000000E+00
  0.000000000000E+00  0.000000000000E+00  0.000000000000E+00  0.000000000000E+00  0.000000000000E+00  0.000000000000E+00  0.000000000000E+00
  0.000000000000E+00  0.000000000000E+00  0.000000000000E+00  0.000000000000E+00  0.000000000000E+00  0.000000000000E+00  0.000000000000E+00
  0.000000000000E+00  0.000000000000E+00  0.000000000000E+00  0.000000000000E+00  0.000000000000E+00
  0.999987436103E+00  0.999987377820E+00  0.999987597715E+00  0.999987321723E+00  0.999987162455E+00  0.999987452154E+00  0.999987270605E+00
  0.999987506171E+00  0.999987302337E+00  0.999987081703E+00  0.999986978953E+00  0.999987149496E+00  0.999987625380E+00  0.999987374783E+00
  0.999987537260E+00  0.999987290047E+00  0.999987073819E+00  0.999987128525E+00  0.999987253778E+00  0.999987334781E+00  0.999987545529E+00
  0.999987884463E+00  0.999987738360E+00  0.999987726689E+00  0.999987540807E+00  0.999987721891E+00  0.999987592873E+00  0.999987956535E+00
  0.999988673823E+00  0.999988601308E+00  0.999988577119E+00  0.999988663848E+00  0.999988749934E+00
        19        18        11        11
        17        10        11        11
        12        11         5         5
        18        25        17        17
        31        24        25        25
        11        10         5         5
         2         7         5         5
        11        18        17        17
        11        12        19        19
        27        19        20        20
        17        16        10        10
        15         9        16        16
        23        17        24        24
         4        10         9         9
        23        22        16        16
        26        18        19        19
        14        21        20        20
        14        12         7         7
         5         7        12        12
         4         1         5         5
        26        32        25        25
         5        10         4         4
         9         8         4         4
        25        18        26        26
        19        28        26        26
        24        30        23        23
        29        22        23        23
        20        12        14        14
         7         6        14        14
         8         9        15        15
         5         1         2         2
         6         7         2         2
        30        24        31        31
        20        21        27        27
        28        19        27        27
        16         9        10        10
         1         4         3         3
        32        26        33        33
        21        14        13        13
        25        24        17        17
        22        15        16        16
        17        23        16        16
        32        31        25        25
        12        20        19        19
        28        33        26        26
         8         3         4         4
        30        29        23        23
         6        13        14        14
