title="tecplot geometry and solution file"
variables = x y z mach temperature lambda1 lambda2 lambda3 lambda4 lambda5
zone t="boundary 1 bc-1", solutiontime= 0.1000000E+03, strandid=1001, i=32, j=46, f=feblock
  0.000000000000E+00  0.000000000000E+00  0.000000000000E+00  0.000000000000E+00  0.000000000000E+00  0.000000000000E+00  0.000000000000E+00
  0.000000000000E+00  0.000000000000E+00  0.000000000000E+00  0.000000000000E+00  0.000000000000E+00  0.000000000000E+00  0.000000000000E+00
  0.000000000000E+00  0.000000000000E+00  0.000000000000E+00  0.000000000000E+00  0.000000000000E+00  0.000000000000E+00  0.000000000000E+00
  0.000000000000E+00  0.000000000000E+00  0.000000000000E+00  0.000000000000E+00  0.000000000000E+00  0.000000000000E+00  0.000000000000E+00
  0.000000000000E+00  0.000000000000E+00  0.000000000000E+00  0.000000000000E+00
  0.250000000000E+01  0.250000000000E+01  0.125000000000E+01  0.146289271009E+01  0.157686156160E+01  0.308372018325E+00  0.000000000000E+00
 -0.125000000000E+01 -0.600232012419E+00  0.250000000000E+01  0.477386199275E+00  0.742988685424E+00 -0.739814786992E+00  0.177790177481E+01
  0.155830813274E+01  0.250000000000E+01 -0.250000000000E+01 -0.154800130438E+01 -0.487811078581E+00  0.250000000000E+01  0.627766083140E+00
 -0.345533899378E+00 -0.178862290564E+01 -0.158811787973E+01  0.125000000000E+01 -0.250000000000E+01 -0.144524380962E+01  0.000000000000E+00
 -0.125000000000E+01 -0.250000000000E+01 -0.250000000000E+01 -0.250000000000E+01
  0.000000000000E+00  0.125000000000E+01  0.000000000000E+00  0.103724302461E+01  0.219251206392E+01  0.922061490191E+00  0.000000000000E+00
  0.000000000000E+00  0.715990576545E+00  0.250000000000E+01  0.202479342020E+01  0.324151231464E+01  0.175434191980E+01  0.310152362409E+01
  0.404200324774E+01  0.375000000000E+01  0.000000000000E+00  0.930412228790E+00  0.299062775774E+01  0.500000000000E+01  0.429310310915E+01
  0.409252726285E+01  0.187029682677E+01  0.284428995242E+01  0.500000000000E+01  0.125000000000E+01  0.394624082883E+01  0.500000000000E+01
  0.500000000000E+01  0.250000000000E+01  0.375000000000E+01  0.500000000000E+01
  0.000000000000E+00  0.441238348384E+00  0.000000000000E+00  0.475214987021E+00  0.460123708856E+00  0.468827815405E+00  0.000000000000E+00
  0.000000000000E+00  0.402302516798E+00  0.469814974359E+00  0.464411128942E+00  0.478714034184E+00  0.489298241651E+00  0.483068557888E+00
  0.487930073118E+00  0.488961654628E+00  0.000000000000E+00  0.464775721414E+00  0.473795651891E+00  0.495346592024E+00  0.490266103446E+00
  0.486286083902E+00  0.445717618051E+00  0.464382274634E+00  0.496127394917E+00  0.443624103833E+00  0.486964461957E+00  0.497246279768E+00
  0.496059270892E+00  0.467732355362E+00  0.488212087362E+00  0.495098264817E+00
  0.999990295028E+00  0.102982719499E+01  0.999990757903E+00  0.104247294232E+01  0.101190080524E+01  0.102520618293E+01  0.999991416700E+00
  0.999992168096E+00  0.103891223624E+01  0.100826277309E+01  0.101252833877E+01  0.100300548289E+01  0.102702865700E+01  0.100605563290E+01
  0.100244400478E+01  0.100355660048E+01  0.999992721792E+00  0.103239739214E+01  0.100459524090E+01  0.100179336279E+01  0.100260305842E+01
  0.100234966417E+01  0.101657153079E+01  0.100617544692E+01  0.100168844809E+01  0.104043292670E+01  0.100303376377E+01  0.100118726928E+01
  0.100134171022E+01  0.100976788415E+01  0.100405369352E+01  0.100176112495E+01
  0.989689947680E-03  0.446045223670E-02  0.113118495430E-02  0.754855668949E-02  0.313540609102E-03  0.921403671810E-02  0.836129075305E-03
  0.415971849256E-03  0.106316126488E-01 -0.344320480598E-03  0.418526941721E-03 -0.117761438839E-02  0.754871681218E-03 -0.602846439523E-03
 -0.153398444104E-02 -0.145585168973E-02  0.801374937612E-03  0.890362632150E-02 -0.930694896266E-03 -0.602829419928E-02 -0.209077977325E-02
 -0.143682054161E-02  0.718437050649E-03 -0.912406826585E-03 -0.623202915440E-02  0.658140613617E-02 -0.117508388268E-02 -0.690699083150E-02
 -0.613545291866E-02 -0.715668512757E-03 -0.134582556347E-02 -0.577394689589E-02
  0.199005645714E-04  0.633170542949E-03  0.355785200240E-04  0.927817637244E-03 -0.149584940334E-04  0.136197134169E-02  0.632699559877E-04
  0.815005176933E-04  0.161869239143E-02 -0.139733511141E-03  0.154038255257E-04 -0.247294937550E-03  0.838999604476E-05 -0.178777283153E-03
 -0.302592869031E-03 -0.324664414518E-03  0.710477092423E-04  0.139684426113E-02 -0.180782315508E-03 -0.124022543887E-02 -0.415925347163E-03
 -0.273671821222E-03  0.139502188534E-04 -0.170222047515E-03 -0.130610687468E-02  0.847678154588E-03 -0.229035480191E-03 -0.145185977263E-02
 -0.128501739306E-02 -0.175530354202E-03 -0.283185338798E-03 -0.120252884792E-02
  0.709233137625E-04  0.196994352195E-04  0.868541032949E-04  0.210432784905E-03  0.352141354063E-04  0.119970973255E-03  0.717720841819E-04
 -0.667934274764E-04  0.436516463680E-04 -0.259365814908E-05  0.402892313967E-04  0.371773950232E-04  0.108724990579E-04  0.103584006481E-04
 -0.537812439483E-05 -0.115255811848E-05 -0.590732729590E-04 -0.157757075740E-03  0.292896060904E-04  0.292076804236E-06  0.164572577967E-05
  0.669820752762E-05  0.242118805842E-04 -0.596235138752E-05  0.173794849896E-04 -0.209888688132E-04 -0.320007171933E-05  0.187755283513E-05
 -0.736214240035E-05 -0.407995431144E-05 -0.199208355539E-05  0.796886804459E-06
 -0.230515600751E-03 -0.198615801946E-03 -0.253483836992E-03  0.241697442102E-04  0.254032864272E-03  0.263664832287E-03 -0.147124609136E-03
 -0.171211527852E-03  0.202634308802E-03  0.269776618936E-03  0.490415876659E-03  0.273534190881E-03  0.585194180380E-03  0.254802153843E-03
  0.190965336973E-03  0.222554219548E-03 -0.146259507320E-03  0.133863729903E-03  0.328098066664E-03  0.826365177446E-04  0.178303363378E-03
  0.215050279553E-03  0.444925736784E-03  0.284832447069E-03  0.791482489728E-04  0.227734107012E-03  0.206495115290E-03  0.740799842243E-04
  0.896928470153E-04  0.339391026952E-03  0.216988337148E-03  0.881847138731E-04
 -0.805044936988E-03 -0.183760408970E-02 -0.109949320491E-02 -0.301189595915E-02 -0.131497433863E-03 -0.381313228170E-02  0.567866363010E-04
  0.166895578344E-03 -0.442715231405E-02  0.138780237155E-03 -0.190070988434E-03  0.459707612999E-03 -0.321413454310E-03  0.235137466953E-03
  0.610640899026E-03  0.584814525584E-03 -0.278441878658E-03 -0.370126853046E-02  0.344788316764E-03  0.250285399335E-02  0.843595781110E-03
  0.568136098601E-03 -0.314470814053E-03  0.330121882629E-03  0.259183420280E-02 -0.266739887517E-02  0.459249436556E-03  0.288108480238E-02
  0.255341993025E-02  0.263378542885E-03  0.537000839140E-03  0.239680073918E-02
        12        19        11        11
        11         5        12        12
        10        14         5         5
        19        13        11        11
        19        24        13        13
        30        23        24        24
        19        12        22        22
        28        22        21        21
        11        13         6         6
         7         6         9         9
        15        12        14        14
        18        13        23        23
        15        25        21        21
        27        19        22        22
        18         8         9         9
        27        31        24        24
         4        11         6         6
         5        14        12        12
         4         2         5         5
        21        12        15        15
        14        16        15        15
        24        19        27        27
        22        29        27        27
        23        26        18        18
        17         8        18        18
         5        11         4         4
         6         3         4         4
        26        23        30        30
         5         2        10        10
        16        14        10        10
         3         6         7         7
        21        25        28        28
        29        22        28        28
         6        13         9         9
         2         4         1         1
        31        27        32        32
        25        15        20        20
        24        23        13        13
         8         7         9         9
        13        18         9         9
        31        30        24        24
        12        21        22        22
        29        32        27        27
         3         1         4         4
        26        17        18        18
        16        20        15        15
zone t="boundary 2 bc-2", solutiontime= 0.1000000E+03, strandid=1002, i=33, j=48, f=feblock
  0.500000000000E+01  0.375000000000E+01  0.250000000000E+01  0.288078410721E+01  0.125000000000E+01  0.190974100652E+01  0.326683758169E+01
  0.201431602454E+01  0.000000000000E+00  0.963108083381E+00  0.500000000000E+01  0.403552511878E+01  0.423153924130E+01  0.500000000000E+01
  0.385533350601E+01  0.500000000000E+01  0.398173246726E+01  0.315249557942E+01  0.267000324704E+01  0.154774304040E+01  0.218329375016E+01
  0.893127759452E+00  0.000000000000E+00  0.698517061619E+00  0.964171764089E+00  0.310324758057E+01  0.000000000000E+00  0.000000000000E+00
  0.125000000000E+01  0.500000000000E+01  0.375000000000E+01  0.250000000000E+01  0.000000000000E+00
 -0.250000000000E+01 -0.250000000000E+01 -0.250000000000E+01 -0.250000000000E+01 -0.250000000000E+01 -0.250000000000E+01 -0.250000000000E+01
 -0.250000000000E+01 -0.250000000000E+01 -0.250000000000E+01 -0.250000000000E+01 -0.250000000000E+01 -0.250000000000E+01 -0.250000000000E+01
 -0.250000000000E+01 -0.250000000000E+01 -0.250000000000E+01 -0.250000000000E+01 -0.250000000000E+01 -0.250000000000E+01 -0.250000000000E+01
 -0.250000000000E+01 -0.250000000000E+01 -0.250000000000E+01 -0.250000000000E+01 -0.250000000000E+01 -0.250000000000E+01 -0.250000000000E+01
 -0.250000000000E+01 -0.250000000000E+01 -0.250000000000E+01 -0.250000000000E+01 -0.250000000000E+01
  0.000000000000E+00  0.000000000000E+00  0.000000000000E+00  0.904659890645E+00  0.000000000000E+00  0.717002441913E+00  0.188609243358E+01
  0.176246431481E+01  0.000000000000E+00  0.961328577125E+00  0.125000000000E+01  0.101201586758E+01  0.191586535653E+01  0.250000000000E+01
  0.293121848150E+01  0.375000000000E+01  0.406975391361E+01  0.363585050272E+01  0.285047954584E+01  0.292817774674E+01  0.395907379566E+01
  0.205246550326E+01  0.125000000000E+01  0.306828197606E+01  0.397245519226E+01  0.433168271247E+01  0.250000000000E+01  0.375000000000E+01
  0.500000000000E+01  0.500000000000E+01  0.500000000000E+01  0.500000000000E+01  0.500000000000E+01
  0.000000000000E+00  0.000000000000E+00  0.000000000000E+00  0.380991906500E+00  0.000000000000E+00  0.343629824950E+00  0.585286157424E+00
  0.579373264282E+00  0.000000000000E+00  0.501056069140E+00  0.508460362676E+00  0.435373026572E+00  0.572640041190E+00  0.537002098944E+00
  0.568922553870E+00  0.514994090651E+00  0.508247257160E+00  0.527252853130E+00  0.567446661127E+00  0.531657143909E+00  0.505981016593E+00
  0.520795579399E+00  0.443624103833E+00  0.490663730453E+00  0.492155873749E+00  0.501390784676E+00  0.467732355362E+00  0.488212087362E+00
  0.490002767114E+00  0.491352304715E+00  0.486075475228E+00  0.490036479234E+00  0.495098264817E+00
  0.999993487379E+00  0.999993690057E+00  0.999993543115E+00  0.989539055875E+00  0.999993137282E+00  0.985524707174E+00  0.989838908967E+00
  0.991798516580E+00  0.999992721792E+00  0.984411112416E+00  0.985091906406E+00  0.984689080896E+00  0.990058464829E+00  0.100289621837E+01
  0.999855369243E+00  0.100485306649E+01  0.100121554699E+01  0.100055642931E+01  0.997896793475E+00  0.100350029570E+01  0.100058068723E+01
  0.101093276247E+01  0.104043292670E+01  0.100326475367E+01  0.100254498742E+01  0.100045587387E+01  0.100976788415E+01  0.100405369352E+01
  0.100192656835E+01  0.100045434508E+01  0.100058774183E+01  0.100109993754E+01  0.100176112495E+01
 -0.565619451780E-03 -0.349069598817E-03 -0.251908414047E-03  0.507531627155E-02  0.606548354676E-03  0.191654480113E-01 -0.919521558797E-03
  0.401876578290E-03  0.801374937612E-03  0.918433787380E-02 -0.126450394468E-02 -0.157149869195E-02 -0.964751106674E-03 -0.837742175852E-03
 -0.609060065783E-03 -0.540784351948E-03 -0.397384437657E-03 -0.470372939310E-03 -0.832926754762E-03 -0.105700820021E-02 -0.598315928920E-03
  0.470743440206E-03  0.658140613617E-02 -0.696157767475E-03 -0.112984582318E-02 -0.718281743477E-03 -0.715668512757E-03 -0.134582556347E-02
 -0.520700979859E-02 -0.627663009341E-03 -0.238835689085E-02 -0.457606094622E-02 -0.577394689589E-02
  0.152599365709E-03 -0.616130077005E-04  0.202485102181E-04  0.821710951014E-03 -0.109015522970E-03  0.249605132751E-02 -0.345572208480E-04
 -0.608885173314E-04  0.710477092423E-04  0.113536331360E-02  0.292975612839E-03 -0.499379078963E-04  0.130680660984E-03  0.213192359628E-03
  0.130648961525E-03  0.126880146500E-03  0.149699230555E-03  0.119565642171E-03  0.264663612875E-04 -0.108579246963E-03  0.527700802729E-04
 -0.684212883949E-04  0.847678154588E-03 -0.517059451915E-04 -0.131063821873E-03  0.714872109317E-04 -0.175530354202E-03 -0.283185338798E-03
 -0.939321496996E-03  0.311039718279E-04 -0.240866899146E-03 -0.714522562847E-03 -0.120252884792E-02
 -0.385663265234E-04  0.152252901970E-05  0.579720135154E-04  0.894047938869E-04  0.296286711632E-04  0.245073228526E-03 -0.216527010767E-04
  0.167001706192E-05 -0.590732729590E-04  0.102946634170E-03 -0.215663844642E-04 -0.756518782418E-04  0.290983730368E-05  0.142076236636E-05
  0.222448868909E-05 -0.267269666353E-05  0.507069645572E-06 -0.171426802074E-05  0.549549751009E-05  0.749586924997E-05 -0.295557052091E-05
  0.870268129282E-05 -0.209888688132E-04  0.191295545806E-05 -0.207318644358E-06 -0.125005118290E-05 -0.407995431144E-05 -0.199208355539E-05
 -0.769952306814E-06 -0.534756912536E-06 -0.975397737013E-07  0.364315568461E-06  0.796886804459E-06
 -0.373183155351E-04 -0.507705907358E-04 -0.693163348709E-04  0.227154873261E-03 -0.177735203702E-03  0.621313111271E-04  0.365339826528E-03
  0.453068966454E-03 -0.146259507320E-03  0.245287617975E-03  0.897837437448E-04  0.308100924725E-03  0.141219430863E-03  0.584999604024E-04
  0.129410065131E-03  0.444024820612E-04  0.116389989390E-03  0.166647049696E-03  0.214231150843E-03  0.215663824737E-03  0.190483213397E-03
  0.369659295332E-03  0.227734107012E-03  0.227713775883E-03  0.191347126903E-03  0.163103703495E-03  0.339391026952E-03  0.216988337148E-03
  0.125202955110E-03  0.666478549906E-04  0.144726389464E-03  0.156432449317E-03  0.881847138731E-04
  0.159162270285E-03  0.516030485468E-03  0.658196804897E-03 -0.226516433459E-02  0.106023665176E-02 -0.822995132672E-02  0.280493796664E-03
 -0.171987817964E-03 -0.278441878658E-03 -0.380347712589E-02  0.271193799023E-03  0.504663232886E-03  0.240836662815E-03  0.161015146584E-03
  0.123544501574E-03  0.109398795564E-03  0.552681269845E-04  0.899298153628E-04  0.238955152543E-03  0.370751104881E-03  0.160730467222E-03
 -0.192454162971E-03 -0.266739887517E-02  0.229411575992E-03  0.413610191250E-03  0.196775371033E-03  0.263378542885E-03  0.537000839140E-03
  0.211617548917E-02  0.189907416975E-03  0.896490099078E-03  0.182026361549E-02  0.239680073918E-02
        15         7        19        19
         8        20        19        19
        18        19        21        21
         7         4         8         8
         3         6         4         4
        19         7         8         8
        19        18        15        15
        14        13        15        15
         8        22        20        20
        27        24        22        22
        19        20        21        21
        32        26        21        21
        17        18        26        26
        17        16        15        15
        25        29        21        21
        12         7        13        13
        10         8         6         6
        25        20        24        24
         4         6         8         8
        12         2         4         4
        10        23        22        22
        26        31        17        17
        30        16        17        17
         4         7        12        12
        13        11        12        12
        21        20        25        25
        24        28        25        25
        22         8        10        10
         6         5        10        10
        31        26        32        32
         4         2         3         3
         5         6         3         3
        11        13        14        14
        22        23        27        27
        28        24        27        27
        15        13         7         7
         2        12         1         1
        29        25        33        33
        23        10         9         9
        21        26        18        18
        16        14        15        15
        18        17        15        15
        29        32        21        21
        22        24        20        20
        28        33        25        25
        11         1        12        12
        31        30        17        17
         5         9        10        10
zone t="boundary 3 bc-3", solutiontime= 0.1000000E+03, strandid=1003, i=33, j=48, f=feblock
  0.375000000000E+01  0.250000000000E+01  0.500000000000E+01  0.403552511878E+01  0.288078410721E+01  0.125000000000E+01  0.190974100652E+01
  0.500000000000E+01  0.326683758169E+01  0.423153924130E+01  0.201431602454E+01  0.000000000000E+00  0.963108083381E+00  0.500000000000E+01
  0.267000324704E+01  0.385533350601E+01  0.893127759452E+00  0.154774304040E+01  0.000000000000E+00  0.500000000000E+01  0.315249557942E+01
  0.218329375016E+01  0.398173246726E+01  0.000000000000E+00  0.698517061619E+00  0.964171764089E+00  0.125000000000E+01  0.000000000000E+00
  0.500000000000E+01  0.310324758057E+01  0.250000000000E+01  0.375000000000E+01  0.000000000000E+00
  0.250000000000E+01  0.250000000000E+01  0.250000000000E+01  0.250000000000E+01  0.250000000000E+01  0.250000000000E+01  0.250000000000E+01
  0.250000000000E+01  0.250000000000E+01  0.250000000000E+01  0.250000000000E+01  0.250000000000E+01  0.250000000000E+01  0.250000000000E+01
  0.250000000000E+01  0.250000000000E+01  0.250000000000E+01  0.250000000000E+01  0.250000000000E+01  0.250000000000E+01  0.250000000000E+01
  0.250000000000E+01  0.250000000000E+01  0.250000000000E+01  0.250000000000E+01  0.250000000000E+01  0.250000000000E+01  0.250000000000E+01
  0.250000000000E+01  0.250000000000E+01  0.250000000000E+01  0.250000000000E+01  0.250000000000E+01
  0.000000000000E+00  0.000000000000E+00  0.000000000000E+00  0.101201586758E+01  0.904659890645E+00  0.000000000000E+00  0.717002441913E+00
  0.125000000000E+01  0.188609243358E+01  0.191586535653E+01  0.176246431481E+01  0.000000000000E+00  0.961328577125E+00  0.250000000000E+01
  0.285047954584E+01  0.293121848150E+01  0.205246550326E+01  0.292817774674E+01  0.125000000000E+01  0.375000000000E+01  0.363585050272E+01
  0.395907379566E+01  0.406975391361E+01  0.250000000000E+01  0.306828197606E+01  0.397245519226E+01  0.500000000000E+01  0.375000000000E+01
  0.500000000000E+01  0.433168271247E+01  0.500000000000E+01  0.500000000000E+01  0.500000000000E+01
  0.000000000000E+00  0.000000000000E+00  0.000000000000E+00  0.443767745459E+00  0.402286944574E+00  0.000000000000E+00  0.377550369545E+00
  0.509232128688E+00  0.575832179754E+00  0.573707405285E+00  0.562554064412E+00  0.000000000000E+00  0.490563299840E+00  0.534527096543E+00
  0.556586982170E+00  0.564391577749E+00  0.522730517385E+00  0.522052000170E+00  0.441238348384E+00  0.517182331791E+00  0.524228630763E+00
  0.503687457534E+00  0.509488571178E+00  0.469814974359E+00  0.495614442414E+00  0.494483780212E+00  0.488562428343E+00  0.488961654628E+00
  0.492980744788E+00  0.499005552222E+00  0.486460936507E+00  0.484596927548E+00  0.495346592024E+00
  0.999989339439E+00  0.999989408764E+00  0.999989626853E+00  0.981541895460E+00  0.988773990194E+00  0.999989827144E+00  0.982469462434E+00
  0.984104309047E+00  0.990427545862E+00  0.990355285694E+00  0.994362997073E+00  0.999990295028E+00  0.988652071037E+00  0.100368369414E+01
  0.999769197113E+00  0.100118501219E+01  0.100834885320E+01  0.100252111043E+01  0.102982719499E+01  0.100443319461E+01  0.100199536635E+01
  0.100082056599E+01  0.100138192342E+01  0.100826277309E+01  0.100298787130E+01  0.100192389555E+01  0.100215267510E+01  0.100355660048E+01
  0.100047670023E+01  0.100056591053E+01  0.100126820231E+01  0.100066573360E+01  0.100179336279E+01
 -0.324448789202E-03  0.154119213810E-03 -0.438737094458E-03  0.281477709973E-02  0.901945692005E-02  0.528785876527E-03  0.819698875550E-02
 -0.155039041219E-02 -0.720542099245E-03 -0.100419420793E-02  0.147311443832E-02  0.989689947680E-03  0.579148393171E-02 -0.759540529177E-03
 -0.844319473714E-03 -0.654353506791E-03 -0.244011968228E-04 -0.764746116016E-03  0.446045223670E-02 -0.534630547973E-03 -0.404496439149E-03
 -0.533450609069E-03 -0.412528625727E-03 -0.344320480598E-03 -0.671139221677E-03 -0.140723721263E-02 -0.451286094387E-02 -0.145585168973E-02
 -0.514416495634E-03 -0.638829784957E-03 -0.420474999127E-02 -0.226436765216E-02 -0.602829419928E-02
 -0.579020083862E-04 -0.591956513561E-04  0.119772196285E-03  0.816626057798E-03  0.128900498167E-02 -0.137301544377E-03  0.102933368340E-02
  0.244498782977E-03  0.618041594270E-04  0.157989192628E-03  0.846803682775E-04  0.199005645714E-04  0.383268994601E-03  0.199670786729E-03
  0.266306523273E-04  0.123275489920E-03 -0.189502566158E-03 -0.428624675523E-04  0.633170542949E-03  0.131902126313E-03  0.125048690640E-03
  0.737784710557E-04  0.140736609252E-03 -0.139733511141E-03 -0.143541099407E-03 -0.173622969924E-03 -0.798654680153E-03 -0.324664414518E-03
  0.479619425482E-04  0.821371481048E-04 -0.646711669783E-03 -0.221222335308E-03 -0.124022543887E-02
 -0.536710620783E-05  0.112782114902E-04  0.884596688093E-05 -0.615520044908E-04 -0.125699151870E-03  0.636664080248E-04  0.225481172014E-04
 -0.249009795844E-05 -0.151742526425E-04 -0.437686860060E-06 -0.971556824187E-05  0.709233137625E-04  0.958772785488E-04  0.465111125733E-05
  0.419933839847E-06  0.949523612476E-06 -0.231057788023E-04 -0.836227428230E-05  0.196994352195E-04  0.269420078192E-05  0.128400233676E-05
  0.593860704068E-05  0.205352658994E-06 -0.259365814908E-05 -0.667299393381E-05  0.112359038035E-05  0.271835910153E-05 -0.115255811848E-05
  0.110570476464E-05  0.354348079779E-07  0.640887550510E-06 -0.889347186689E-07  0.292076804236E-06
 -0.748366603735E-04 -0.125616877312E-03 -0.369211900849E-04  0.853745244984E-04  0.163619061223E-03 -0.126892793318E-03  0.744157499627E-04
  0.498213818583E-04  0.289594379167E-03  0.132414401162E-03  0.429953645333E-03 -0.230515600751E-03  0.176683729201E-03  0.534047081430E-04
  0.167933366796E-03  0.128712645629E-03  0.395510205322E-03  0.189885078933E-03 -0.198615801946E-03  0.522258322483E-04  0.160608236791E-03
  0.173722472190E-03  0.119241878803E-03  0.269776618936E-03  0.264381345943E-03  0.180816967544E-03  0.129623593351E-03  0.222554219548E-03
  0.600916348478E-04  0.158893520811E-03  0.155769222715E-03  0.140505493161E-03  0.826365177446E-04
  0.113400085295E-02  0.378797593624E-03  0.226702955191E-03 -0.145570880013E-02 -0.393089415208E-02  0.205328739638E-04 -0.345461525955E-02
  0.400577054506E-03  0.192147145644E-03  0.251028541159E-03 -0.601813426044E-03 -0.805044936988E-03 -0.227581431581E-02  0.142739082321E-03
  0.250496786151E-03  0.143561062161E-03  0.199468847654E-04  0.247340191865E-03 -0.183760408970E-02  0.104640964006E-03  0.647272248133E-04
  0.132196474458E-03  0.648595040613E-04  0.138780237155E-03  0.237380202165E-03  0.526802893670E-03  0.182369516242E-02  0.584814525584E-03
  0.145280268062E-03  0.166539802513E-03  0.166699865703E-02  0.846524939685E-03  0.250285399335E-02
        15         9        16        16
        15        18        11        11
        22        15        21        21
        11         5         9         9
         5         7         2         2
        11         9        15        15
        16        21        15        15
        16        10        14        14
        18        17        11        11
        17        25        24        24
        22        18        15        15
        22        30        31        31
        30        21        23        23
        16        20        23        23
        22        27        26        26
        10         9         4         4
         7        11        13        13
        25        18        26        26
        11         7         5         5
         5         1         4         4
        17        19        13        13
        23        32        30        30
        23        20        29        29
         4         9         5         5
         4         8        10        10
        26        18        22        22
        26        28        25        25
        13        11        17        17
        13         6         7         7
        31        30        32        32
         2         1         5         5
         2         7         6         6
        14        10         8         8
        24        19        17        17
        24        25        28        28
         9        10        16        16
         3         4         1         1
        33        26        27        27
        12        13        19        19
        21        30        22        22
        16        14        20        20
        16        23        21        21
        22        31        27        27
        18        25        17        17
        26        33        28        28
         4         3         8         8
        23        29        32        32
        13        12         6         6
zone t="boundary 4 bc-4", solutiontime= 0.1000000E+03, strandid=1004, i=32, j=46, f=feblock
  0.125000000000E+01  0.219251206392E+01  0.103724302461E+01  0.500000000000E+01  0.250000000000E+01  0.375000000000E+01  0.404200324774E+01
  0.500000000000E+01  0.000000000000E+00  0.310152362409E+01  0.202479342020E+01  0.324151231464E+01  0.922061490191E+00  0.000000000000E+00
  0.299062775774E+01  0.394624082883E+01  0.500000000000E+01  0.409252726285E+01  0.500000000000E+01  0.429310310915E+01  0.175434191980E+01
  0.284428995242E+01  0.000000000000E+00  0.000000000000E+00  0.715990576545E+00  0.930412228790E+00  0.125000000000E+01  0.187029682677E+01
  0.500000000000E+01  0.375000000000E+01  0.250000000000E+01  0.000000000000E+00
  0.250000000000E+01  0.157686156160E+01  0.146289271009E+01  0.250000000000E+01  0.250000000000E+01  0.250000000000E+01  0.155830813274E+01
  0.125000000000E+01  0.250000000000E+01  0.177790177481E+01  0.477386199275E+00  0.742988685424E+00  0.308372018325E+00  0.125000000000E+01
 -0.487811078581E+00 -0.144524380962E+01 -0.125000000000E+01 -0.345533899378E+00  0.000000000000E+00  0.627766083140E+00 -0.739814786992E+00
 -0.158811787973E+01  0.000000000000E+00 -0.125000000000E+01 -0.600232012419E+00 -0.154800130438E+01 -0.250000000000E+01 -0.178862290564E+01
 -0.250000000000E+01 -0.250000000000E+01 -0.250000000000E+01 -0.250000000000E+01
  0.500000000000E+01  0.500000000000E+01  0.500000000000E+01  0.500000000000E+01  0.500000000000E+01  0.500000000000E+01  0.500000000000E+01
  0.500000000000E+01  0.500000000000E+01  0.500000000000E+01  0.500000000000E+01  0.500000000000E+01  0.500000000000E+01  0.500000000000E+01
  0.500000000000E+01  0.500000000000E+01  0.500000000000E+01  0.500000000000E+01  0.500000000000E+01  0.500000000000E+01  0.500000000000E+01
  0.500000000000E+01  0.500000000000E+01  0.500000000000E+01  0.500000000000E+01  0.500000000000E+01  0.500000000000E+01  0.500000000000E+01
  0.500000000000E+01  0.500000000000E+01  0.500000000000E+01  0.500000000000E+01
  0.488562428343E+00  0.488873127044E+00  0.490562939264E+00  0.492980744788E+00  0.486460936507E+00  0.484596927548E+00  0.485347896276E+00
  0.494163542317E+00  0.495346592024E+00  0.486528232758E+00  0.487819998460E+00  0.487068916091E+00  0.494045904395E+00  0.496127394917E+00
  0.487612357629E+00  0.483219722850E+00  0.492395510969E+00  0.487214141159E+00  0.494738985333E+00  0.487958525499E+00  0.489677249447E+00
  0.488029107105E+00  0.497246279768E+00  0.496059270892E+00  0.494951052257E+00  0.492800373677E+00  0.490002767114E+00  0.490005124553E+00
  0.491352304715E+00  0.486075475228E+00  0.490036479234E+00  0.495098264817E+00
  0.100215267510E+01  0.100152652958E+01  0.100178347660E+01  0.100047670023E+01  0.100126820231E+01  0.100066573360E+01  0.100025357725E+01
  0.100050391679E+01  0.100179336279E+01  0.100112367258E+01  0.100133045248E+01  0.100072432973E+01  0.100164366725E+01  0.100168844809E+01
  0.100096274503E+01  0.100000874853E+01  0.100082864314E+01  0.100022269190E+01  0.100062146074E+01  0.100023497311E+01  0.100174635719E+01
  0.100098855496E+01  0.100118726928E+01  0.100134171022E+01  0.100132635956E+01  0.100179873777E+01  0.100192656835E+01  0.100163748619E+01
  0.100045434508E+01  0.100058774183E+01  0.100109993754E+01  0.100176112495E+01
 -0.451286094387E-02 -0.437762307479E-02 -0.451660366713E-02 -0.514416495634E-03 -0.420474999127E-02 -0.226436765216E-02 -0.157544507245E-02
 -0.512969244381E-03 -0.602829419928E-02 -0.348647567406E-02 -0.473385892045E-02 -0.330393050143E-02 -0.554122677326E-02 -0.623202915440E-02
 -0.376039507218E-02 -0.156201765935E-02 -0.605310083514E-03 -0.196789772522E-02 -0.484587666488E-03 -0.194633775199E-02 -0.587967866596E-02
 -0.356780238117E-02 -0.690699083150E-02 -0.613545291866E-02 -0.644538423402E-02 -0.518200206252E-02 -0.520700979859E-02 -0.549913130268E-02
 -0.627663009341E-03 -0.238835689085E-02 -0.457606094622E-02 -0.577394689589E-02
 -0.798654680153E-03 -0.707714800521E-03 -0.810576005562E-03  0.479619425482E-04 -0.646711669783E-03 -0.221222335308E-03 -0.971469104512E-04
  0.369542961475E-04 -0.124022543887E-02 -0.473474676985E-03 -0.774731817663E-03 -0.432236298775E-03 -0.101101128832E-02 -0.130610687468E-02
 -0.528035028774E-03 -0.951495734476E-04  0.382555251738E-04 -0.170986080253E-03  0.383733136601E-04 -0.169962923512E-03 -0.101735550028E-02
 -0.489571705200E-03 -0.145185977263E-02 -0.128501739306E-02 -0.122524676926E-02 -0.963619591793E-03 -0.939321496996E-03 -0.939071348020E-03
  0.311039718279E-04 -0.240866899146E-03 -0.714522562847E-03 -0.120252884792E-02
  0.271835910153E-05  0.973034640862E-05  0.107957219129E-04  0.110570476464E-05  0.640887550510E-06 -0.889347186689E-07  0.338133091344E-05
 -0.237735357313E-05  0.292076804236E-06  0.544829319587E-05  0.125740836091E-04  0.500026068068E-05  0.161871778617E-04  0.173794849896E-04
 -0.236604099324E-05 -0.560153834201E-05 -0.255117880252E-05 -0.820275145248E-05  0.251079286063E-06 -0.882978593066E-06 -0.159002400626E-05
 -0.235294744932E-05  0.187755283513E-05 -0.736214240035E-05 -0.245698233725E-05 -0.106695922600E-04 -0.769952306814E-06 -0.108990437481E-04
 -0.534756912536E-06 -0.975397737013E-07  0.364315568461E-06  0.796886804459E-06
  0.129623593351E-03  0.154287730576E-03  0.124150266412E-03  0.600916348478E-04  0.155769222715E-03  0.140505493161E-03  0.127103210799E-03
  0.546572594691E-04  0.826365177446E-04  0.157672597625E-03  0.151122052683E-03  0.160254059045E-03  0.119443254133E-03  0.791482489728E-04
  0.159581157071E-03  0.131635431700E-03  0.635287085050E-04  0.131183557067E-03  0.523992462748E-04  0.118998301515E-03  0.143544137879E-03
  0.162046184969E-03  0.740799842243E-04  0.896928470153E-04  0.101951308008E-03  0.118542030735E-03  0.125202955110E-03  0.141896120536E-03
  0.666478549906E-04  0.144726389464E-03  0.156432449317E-03  0.881847138731E-04
  0.182369516242E-02  0.174529095213E-02  0.183231170884E-02  0.145280268062E-03  0.166699865703E-02  0.846524939685E-03  0.562429099841E-03
  0.149778745554E-03  0.250285399335E-02  0.135851119749E-02  0.189438480808E-02  0.128148034182E-02  0.226118472041E-02  0.259183420280E-02
  0.147328518779E-02  0.556300087817E-03  0.179579946917E-03  0.726785198235E-03  0.139560188715E-03  0.722128642376E-03  0.237742188155E-02
  0.139166295234E-02  0.288108480238E-02  0.255341993025E-02  0.265159415659E-02  0.211616084624E-02  0.211617548917E-02  0.221897946845E-02
  0.189907416975E-03  0.896490099078E-03  0.182026361549E-02  0.239680073918E-02
        12        15        11        11
        11         2        12        12
         5        10         2         2
        15        21        11        11
        15        22        21        21
        31        28        22        22
        15        12        18        18
        19        18        20        20
        11        21        13        13
        23        13        25        25
         7        12        10        10
        26        21        28        28
         7         8        20        20
        16        15        18        18
        26        24        25        25
        16        30        22        22
         3        11        13        13
         2        10        12        12
         3         1         2         2
        20        12         7         7
        10         6         7         7
        22        15        16        16
        18        17        16        16
        28        27        26        26
        32        24        26        26
         2        11         3         3
        13        14         3         3
        27        28        31        31
         2         1         5         5
         6        10         5         5
        14        13        23        23
        20         8        19        19
        17        18        19        19
        13        21        25        25
         1         3         9         9
        30        16        29        29
         8         7         4         4
        22        28        21        21
        24        23        25        25
        21        26        25        25
        30        31        22        22
        12        20        18        18
        17        29        16        16
        14         9         3         3
        27        32        26        26
         6         4         7         7
zone t="boundary 5 bc-5", solutiontime= 0.1000000E+03, strandid=1005, i=33, j=48, f=feblock
  0.500000000000E+01  0.500000000000E+01  0.500000000000E+01  0.500000000000E+01  0.500000000000E+01  0.500000000000E+01  0.500000000000E+01
  0.500000000000E+01  0.500000000000E+01  0.500000000000E+01  0.500000000000E+01  0.500000000000E+01  0.500000000000E+01  0.500000000000E+01
  0.500000000000E+01  0.500000000000E+01  0.500000000000E+01  0.500000000000E+01  0.500000000000E+01  0.500000000000E+01  0.500000000000E+01
  0.500000000000E+01  0.500000000000E+01  0.500000000000E+01  0.500000000000E+01  0.500000000000E+01  0.500000000000E+01  0.500000000000E+01
  0.500000000000E+01  0.500000000000E+01  0.500000000000E+01  0.500000000000E+01  0.500000000000E+01
  0.250000000000E+01  0.125000000000E+01  0.250000000000E+01  0.157899473280E+01  0.000000000000E+00  0.659350882208E+00  0.250000000000E+01
  0.173899611320E+01  0.825621401394E+00  0.132549389334E+01 -0.125000000000E+01 -0.322732261638E+00  0.250000000000E+01  0.490615021923E-01
 -0.873141960959E+00  0.350800286361E+00  0.145332269920E+01 -0.250000000000E+01 -0.147959633950E+01  0.250000000000E+01 -0.857924212153E+00
 -0.165007033378E+01  0.518568023061E+00 -0.461282870254E+00  0.125000000000E+01 -0.250000000000E+01 -0.183684615440E+01 -0.158398995423E+01
 -0.250000000000E+01 -0.250000000000E+01 -0.125000000000E+01  0.000000000000E+00 -0.250000000000E+01
  0.000000000000E+00  0.000000000000E+00  0.125000000000E+01  0.905837536509E+00  0.000000000000E+00  0.735450417037E+00  0.250000000000E+01
  0.182727219356E+01  0.162230260845E+01  0.280856328277E+01  0.000000000000E+00  0.109945440014E+01  0.375000000000E+01  0.227317933631E+01
  0.189599568386E+01  0.342819755379E+01  0.403384942830E+01  0.000000000000E+00  0.104050588738E+01  0.500000000000E+01  0.297954017413E+01
  0.214587157439E+01  0.430969386006E+01  0.408642231822E+01  0.500000000000E+01  0.125000000000E+01  0.304506426164E+01  0.398205049073E+01
  0.250000000000E+01  0.375000000000E+01  0.500000000000E+01  0.500000000000E+01  0.500000000000E+01
  0.000000000000E+00  0.000000000000E+00  0.509232128688E+00  0.472098749751E+00  0.000000000000E+00  0.480805629297E+00  0.534527096543E+00
  0.535829284544E+00  0.535479021387E+00  0.540786045491E+00  0.000000000000E+00  0.510356197485E+00  0.517182331791E+00  0.539187577880E+00
  0.542979820827E+00  0.529277379004E+00  0.511036765470E+00  0.000000000000E+00  0.495604789636E+00  0.492980744788E+00  0.531173388087E+00
  0.533778472989E+00  0.505621127769E+00  0.512004182097E+00  0.494163542317E+00  0.508460362676E+00  0.529554208813E+00  0.511911000444E+00
  0.537002098944E+00  0.514994090651E+00  0.492395510969E+00  0.494738985333E+00  0.491352304715E+00
  0.999989626853E+00  0.999990280142E+00  0.984104309047E+00  0.976444106158E+00  0.999991490088E+00  0.959042327528E+00  0.100368369414E+01
  0.994429506663E+00  0.991216393836E+00  0.100355187734E+01  0.999992820913E+00  0.971537544369E+00  0.100443319461E+01  0.100528531017E+01
  0.997216648600E+00  0.100662940615E+01  0.100305331035E+01  0.999993487379E+00  0.973515985336E+00  0.100047670023E+01  0.100763862604E+01
  0.100128631826E+01  0.100314049598E+01  0.100383220486E+01  0.100050391679E+01  0.985091906406E+00  0.100596550881E+01  0.100387951332E+01
  0.100289621837E+01  0.100485306649E+01  0.100082864314E+01  0.100062146074E+01  0.100045434508E+01
 -0.438737094458E-03 -0.371802673198E-03 -0.155039041219E-02 -0.190443361616E-02 -0.428657499236E-03 -0.129861919698E-02 -0.759540529177E-03
 -0.980501327445E-03 -0.112445664746E-02 -0.670962283202E-03 -0.401350100672E-03 -0.105702106256E-02 -0.534630547973E-03 -0.840913024445E-03
 -0.984953643141E-03 -0.562034565666E-03 -0.433252655618E-03 -0.565619451780E-03 -0.726627002628E-03 -0.514416495634E-03 -0.678867570499E-03
 -0.947117403807E-03 -0.349523871954E-03 -0.390288849850E-03 -0.512969244381E-03 -0.126450394468E-02 -0.680193544226E-03 -0.438872819584E-03
 -0.837742175852E-03 -0.540784351948E-03 -0.605310083514E-03 -0.484587666488E-03 -0.627663009341E-03
  0.119772196285E-03  0.121575244463E-03  0.244498782977E-03  0.234910098080E-03  0.153590699162E-03  0.391174207187E-03  0.199670786729E-03
  0.252574302615E-03  0.284814588516E-03  0.185527888494E-03  0.159574844907E-03  0.402136311176E-03  0.131902126313E-03  0.223985276550E-03
  0.276707782074E-03  0.156388316127E-03  0.131614478036E-03  0.152599365709E-03  0.602863590982E-03  0.479619425482E-04  0.174949006044E-03
  0.246731511921E-03  0.116474483410E-03  0.138032937400E-03  0.369542961475E-04  0.292975612839E-03  0.167700801736E-03  0.139004184085E-03
  0.213192359628E-03  0.126880146500E-03  0.382555251738E-04  0.383733136601E-04  0.311039718279E-04
  0.884596688093E-05  0.976519613582E-05 -0.249009795844E-05  0.110114204166E-04 -0.110052218360E-04  0.263119270107E-04  0.465111125733E-05
  0.174958273519E-04  0.148779310578E-04  0.452855149003E-05  0.144636689349E-04  0.124601961265E-04  0.269420078192E-05 -0.884256357246E-06
  0.105057737075E-04  0.533765679024E-05  0.174726995084E-05 -0.385663265234E-04  0.369517614323E-05  0.110570476464E-05 -0.534200315087E-05
 -0.228432976718E-04  0.840271793978E-06  0.580331139492E-06 -0.237735357313E-05 -0.215663844642E-04  0.125626343727E-05 -0.484247945587E-05
  0.142076236636E-05 -0.267269666353E-05 -0.255117880252E-05  0.251079286063E-06 -0.534756912536E-06
 -0.369211900849E-04 -0.421093315557E-04  0.498213818583E-04  0.191591705634E-04 -0.534776215668E-04 -0.359641607998E-04  0.534047081430E-04
  0.598468651668E-04  0.846974351831E-04  0.607350391779E-04 -0.710899114491E-04 -0.420529145822E-05  0.522258322483E-04  0.515131839108E-04
  0.935398670852E-04  0.390022212881E-04  0.561962405070E-04 -0.373183155351E-04  0.129072095811E-05  0.600916348478E-04  0.434644337564E-04
  0.866757649018E-04  0.406473574049E-04  0.488414406216E-04  0.546572594691E-04  0.897837437448E-04  0.400597727588E-04  0.481632385461E-04
  0.584999604024E-04  0.444024820612E-04  0.635287085050E-04  0.523992462748E-04  0.666478549906E-04
  0.226702955191E-03  0.364004795520E-03  0.400577054506E-03  0.536812096250E-03  0.322968253211E-03  0.239612261335E-03  0.142739082321E-03
  0.191957360576E-03  0.229895340251E-03  0.121172713169E-03  0.787727748405E-03  0.138298433754E-03  0.104640964006E-03  0.155116282466E-03
  0.181044431097E-03  0.101560178619E-03  0.749725660897E-04  0.159162270285E-03 -0.752713608417E-04  0.145280268062E-03  0.128181764792E-03
  0.178898859180E-03  0.545814121531E-04  0.583308945355E-04  0.149778745554E-03  0.271193799023E-03  0.132116648899E-03  0.742983810458E-04
  0.161015146584E-03  0.109398795564E-03  0.179579946917E-03  0.139560188715E-03  0.189907416975E-03
        12        15        14        14
        21        16        14        14
         9        14        10        10
        15        22        21        21
        29        27        22        22
        14        16        10        10
         7         8        10        10
        14        15        21        21
        14         9        12        12
         5        12         6         6
        21        24        16        16
        32        23        24        24
        28        21        27        27
        17        16        23        23
        28        31        24        24
        19        15        12        12
         4         2         6         6
         4         9         8         8
        10         8         9         9
        17        13        10        10
        19        26        22        22
        10        16        17        17
        23        25        17        17
        22        15        19        19
        12        11        19        19
        27        30        28        28
        33        31        28        28
         6         9         4         4
         8         3         4         4
        25        23        32        32
        10        13         7         7
         3         8         7         7
        30        27        29        29
         6         2         5         5
        11        12         5         5
        24        23        16        16
        13        17        20        20
        26        19        18        18
         2         4         1         1
        22        27        21        21
        31        32        24        24
        21        28        24        24
        26        29        22        22
         9         6        12        12
        11        18        19        19
        25        20        17        17
        30        33        28        28
         3         1         4         4
zone t="boundary 6 bc-6", solutiontime= 0.1000000E+03, strandid=1006, i=33, j=48, f=feblock
  0.375000000000E+01  0.250000000000E+01  0.500000000000E+01  0.403384942830E+01  0.280856328277E+01  0.125000000000E+01  0.182727219356E+01
  0.500000000000E+01  0.430969386006E+01  0.342819755379E+01  0.227317933631E+01  0.162230260845E+01  0.000000000000E+00  0.905837536509E+00
  0.500000000000E+01  0.408642231822E+01  0.297954017413E+01  0.189599568386E+01  0.109945440014E+01  0.735450417037E+00  0.000000000000E+00
  0.500000000000E+01  0.398205049073E+01  0.304506426164E+01  0.214587157439E+01  0.104050588738E+01  0.000000000000E+00  0.000000000000E+00
  0.500000000000E+01  0.375000000000E+01  0.250000000000E+01  0.125000000000E+01  0.000000000000E+00
  0.250000000000E+01  0.250000000000E+01  0.250000000000E+01  0.145332269920E+01  0.132549389334E+01  0.250000000000E+01  0.173899611320E+01
  0.125000000000E+01  0.518568023061E+00  0.350800286361E+00  0.490615021923E-01  0.825621401394E+00  0.250000000000E+01  0.157899473280E+01
  0.000000000000E+00 -0.461282870254E+00 -0.857924212153E+00 -0.873141960959E+00 -0.322732261638E+00  0.659350882208E+00  0.125000000000E+01
 -0.125000000000E+01 -0.158398995423E+01 -0.183684615440E+01 -0.165007033378E+01 -0.147959633950E+01  0.000000000000E+00 -0.125000000000E+01
 -0.250000000000E+01 -0.250000000000E+01 -0.250000000000E+01 -0.250000000000E+01 -0.250000000000E+01
  0.000000000000E+00  0.000000000000E+00  0.000000000000E+00  0.000000000000E+00  0.000000000000E+00  0.000000000000E+00  0.000000000000E+00
  0.000000000000E+00  0.000000000000E+00  0.000000000000E+00  0.000000000000E+00  0.000000000000E+00  0.000000000000E+00  0.000000000000E+00
  0.000000000000E+00  0.000000000000E+00  0.000000000000E+00  0.000000000000E+00  0.000000000000E+00  0.000000000000E+00  0.000000000000E+00
  0.000000000000E+00  0.000000000000E+00  0.000000000000E+00  0.000000000000E+00  0.000000000000E+00  0.000000000000E+00  0.000000000000E+00
  0.000000000000E+00  0.000000000000E+00  0.000000000000E+00  0.000000000000E+00  0.000000000000E+00
  0.000000000000E+00  0.000000000000E+00  0.000000000000E+00  0.000000000000E+00  0.000000000000E+00  0.000000000000E+00  0.000000000000E+00
  0.000000000000E+00  0.000000000000E+00  0.000000000000E+00  0.000000000000E+00  0.000000000000E+00  0.000000000000E+00  0.000000000000E+00
  0.000000000000E+00  0.000000000000E+00  0.000000000000E+00  0.000000000000E+00  0.000000000000E+00  0.000000000000E+00  0.000000000000E+00
  0.000000000000E+00  0.000000000000E+00  0.000000000000E+00  0.000000000000E+00  0.000000000000E+00  0.000000000000E+00  0.000000000000E+00
  0.000000000000E+00  0.000000000000E+00  0.000000000000E+00  0.000000000000E+00  0.000000000000E+00
  0.999989339439E+00  0.999989408764E+00  0.999989626853E+00  0.999989597857E+00  0.999989617537E+00  0.999989827144E+00  0.999989796486E+00
  0.999990280142E+00  0.999990683073E+00  0.999990488857E+00  0.999991229255E+00  0.999990579939E+00  0.999990295028E+00  0.999990369758E+00
  0.999991490088E+00  0.999992140430E+00  0.999992688838E+00  0.999992317107E+00  0.999991643787E+00  0.999990917154E+00  0.999990757903E+00
  0.999992820913E+00  0.999993395481E+00  0.999993478885E+00  0.999993152857E+00  0.999992518335E+00  0.999991416700E+00  0.999992168096E+00
  0.999993487379E+00  0.999993690057E+00  0.999993543115E+00  0.999993137282E+00  0.999992721792E+00
 -0.324448789202E-03  0.154119213810E-03 -0.438737094458E-03 -0.448064115782E-03 -0.332486806817E-04  0.528785876527E-03  0.153171003099E-03
 -0.371802673198E-03 -0.489909730331E-03 -0.286183204144E-03  0.443811681326E-04  0.134128967607E-03  0.989689947680E-03  0.618180041853E-03
 -0.428657499236E-03 -0.499076464090E-03 -0.533992451168E-04  0.321327790953E-03  0.276939718250E-03  0.539869707439E-03  0.113118495430E-02
 -0.401350100672E-03 -0.450270920973E-03  0.830267236952E-04  0.479041645212E-04  0.492710104071E-03  0.836129075305E-03  0.415971849256E-03
 -0.565619451780E-03 -0.349069598817E-03 -0.251908414047E-03  0.606548354676E-03  0.801374937612E-03
 -0.579020083862E-04 -0.591956513561E-04  0.119772196285E-03 -0.258812281041E-04 -0.197574591793E-03 -0.137301544377E-03 -0.249494525537E-04
  0.121575244463E-03  0.201056166542E-04 -0.133894430111E-03 -0.117316287243E-03 -0.759369323052E-04  0.199005645714E-04 -0.231678061313E-03
  0.153590699162E-03  0.147097884045E-04 -0.144397480921E-03 -0.141436333186E-03 -0.142829872323E-03 -0.192427004916E-03  0.355785200240E-04
  0.159574844907E-03 -0.460269647077E-04 -0.150597705773E-03 -0.927514752421E-04 -0.167771016333E-03  0.632699559877E-04  0.815005176933E-04
  0.152599365709E-03 -0.616130077005E-04  0.202485102181E-04 -0.109015522970E-03  0.710477092423E-04
 -0.536710620783E-05  0.112782114902E-04  0.884596688093E-05 -0.158134213393E-04  0.130787275082E-04  0.636664080248E-04  0.326348399437E-04
  0.976519613582E-05  0.394172524323E-05  0.103093318872E-04 -0.151055615608E-04 -0.140247888028E-04  0.709233137625E-04  0.504319851846E-04
 -0.110052218360E-04  0.540762308000E-05 -0.109228597596E-03 -0.964618350259E-04 -0.176965325210E-03  0.304008353600E-04  0.868541032949E-04
  0.144636689349E-04  0.148111631347E-05  0.522665107722E-04  0.183926850017E-03  0.413988003503E-05  0.717720841819E-04 -0.667934274764E-04
 -0.385663265234E-04  0.152252901970E-05  0.579720135154E-04  0.296286711632E-04 -0.590732729590E-04
 -0.748366603735E-04 -0.125616877312E-03 -0.369211900849E-04 -0.141145513781E-03 -0.233195657934E-03 -0.126892793318E-03 -0.157777498189E-03
 -0.421093315557E-04 -0.622607740355E-04 -0.122438071079E-03 -0.213326385505E-03 -0.294337825867E-03 -0.230515600751E-03 -0.141894365025E-03
 -0.534776215668E-04 -0.831051226237E-04 -0.194852851353E-03 -0.247737224892E-03 -0.498301350238E-03 -0.211559079884E-03 -0.253483836992E-03
 -0.710899114491E-04 -0.111141984608E-03 -0.126226446381E-03 -0.225197454852E-03 -0.420622906652E-03 -0.147124609136E-03 -0.171211527852E-03
 -0.373183155351E-04 -0.507705907358E-04 -0.693163348709E-04 -0.177735203702E-03 -0.146259507320E-03
  0.113400085295E-02  0.378797593624E-03  0.226702955191E-03  0.498921269660E-03  0.923492394616E-03  0.205328739638E-04  0.606357914618E-03
  0.364004795520E-03  0.927523033919E-04  0.102110762074E-02  0.861699017860E-03  0.304652618067E-03 -0.805044936988E-03  0.186363954771E-02
  0.322968253211E-03  0.657560404289E-03  0.135314958152E-02  0.255673188685E-03  0.462863934308E-03  0.808497199091E-03 -0.109949320491E-02
  0.787727748405E-03  0.133757393543E-02 -0.269917068382E-03  0.302279285923E-03 -0.307486188319E-03  0.567866363010E-04  0.166895578344E-03
  0.159162270285E-03  0.516030485468E-03  0.658196804897E-03  0.106023665176E-02 -0.278441878658E-03
        19        18        11        11
        17        10        11        11
        12        11         5         5
        18        25        17        17
        31        24        25        25
        11        10         5         5
         2         7         5         5
        11        18        17        17
        11        12        19        19
        27        19        20        20
        17        16        10        10
        15         9        16        16
        23        17        24        24
         4        10         9         9
        23        22        16        16
        26        18        19        19
        14        21        20        20
        14        12         7         7
         5         7        12        12
         4         1         5         5
        26        32        25        25
         5        10         4         4
         9         8         4         4
        25        18        26        26
        19        28        26        26
        24        30        23        23
        29        22        23        23
        20        12        14        14
         7         6        14        14
         8         9        15        15
         5         1         2         2
         6         7         2         2
        30        24        31        31
        20        21        27        27
        28        19        27        27
        16         9        10        10
         1         4         3         3
        32        26        33        33
        21        14        13        13
        25        24        17        17
        22        15        16        16
        17        23        16        16
        32        31        25        25
        12        20        19        19
        28        33        26        26
         8         3         4         4
        30        29        23        23
         6        13        14        14
