title="tecplot geometry and solution file"
variables = x y z mach temperature lambda1 lambda2 lambda3 lambda4 lambda5
zone t="boundary 1 bc-1", solutiontime= 0.3000000E+02, strandid=1001, i=32, j=46, f=feblock
  0.000000000000E+00  0.000000000000E+00  0.000000000000E+00  0.000000000000E+00  0.000000000000E+00  0.000000000000E+00  0.000000000000E+00
  0.000000000000E+00  0.000000000000E+00  0.000000000000E+00  0.000000000000E+00  0.000000000000E+00  0.000000000000E+00  0.000000000000E+00
  0.000000000000E+00  0.000000000000E+00  0.000000000000E+00  0.000000000000E+00  0.000000000000E+00  0.000000000000E+00  0.000000000000E+00
  0.000000000000E+00  0.000000000000E+00  0.000000000000E+00  0.000000000000E+00  0.000000000000E+00  0.000000000000E+00  0.000000000000E+00
  0.000000000000E+00  0.000000000000E+00  0.000000000000E+00  0.000000000000E+00
  0.250000000000E+01  0.250000000000E+01  0.125000000000E+01  0.146289271009E+01  0.157686156160E+01  0.308372018325E+00  0.000000000000E+00
 -0.125000000000E+01 -0.600232012419E+00  0.250000000000E+01  0.477386199275E+00  0.742988685424E+00 -0.739814786992E+00  0.177790177481E+01
  0.155830813274E+01  0.250000000000E+01 -0.250000000000E+01 -0.154800130438E+01 -0.487811078581E+00  0.250000000000E+01  0.627766083140E+00
 -0.345533899378E+00 -0.178862290564E+01 -0.158811787973E+01  0.125000000000E+01 -0.250000000000E+01 -0.144524380962E+01  0.000000000000E+00
 -0.125000000000E+01 -0.250000000000E+01 -0.250000000000E+01 -0.250000000000E+01
  0.000000000000E+00  0.125000000000E+01  0.000000000000E+00  0.103724302461E+01  0.219251206392E+01  0.922061490191E+00  0.000000000000E+00
  0.000000000000E+00  0.715990576545E+00  0.250000000000E+01  0.202479342020E+01  0.324151231464E+01  0.175434191980E+01  0.310152362409E+01
  0.404200324774E+01  0.375000000000E+01  0.000000000000E+00  0.930412228790E+00  0.299062775774E+01  0.500000000000E+01  0.429310310915E+01
  0.409252726285E+01  0.187029682677E+01  0.284428995242E+01  0.500000000000E+01  0.125000000000E+01  0.394624082883E+01  0.500000000000E+01
  0.500000000000E+01  0.250000000000E+01  0.375000000000E+01  0.500000000000E+01
  0.000000000000E+00  0.441238348384E+00  0.000000000000E+00  0.475214987021E+00  0.460123708856E+00  0.468827815405E+00  0.000000000000E+00
  0.000000000000E+00  0.402302516798E+00  0.469814974359E+00  0.464411128942E+00  0.478714034184E+00  0.489298241651E+00  0.483068557888E+00
  0.487930073118E+00  0.488961654628E+00  0.000000000000E+00  0.464775721414E+00  0.473795651891E+00  0.495346592024E+00  0.490266103446E+00
  0.486286083902E+00  0.445717618051E+00  0.464382274634E+00  0.496127394917E+00  0.443624103833E+00  0.486964461957E+00  0.497246279768E+00
  0.496059270892E+00  0.467732355362E+00  0.488212087362E+00  0.495098264817E+00
  0.999990295028E+00  0.102982719499E+01  0.999990757903E+00  0.104247294232E+01  0.101190080524E+01  0.102520618293E+01  0.999991416700E+00
  0.999992168096E+00  0.103891223624E+01  0.100826277309E+01  0.101252833877E+01  0.100300548289E+01  0.102702865700E+01  0.100605563290E+01
  0.100244400478E+01  0.100355660048E+01  0.999992721792E+00  0.103239739214E+01  0.100459524090E+01  0.100179336279E+01  0.100260305842E+01
  0.100234966417E+01  0.101657153079E+01  0.100617544692E+01  0.100168844809E+01  0.104043292670E+01  0.100303376377E+01  0.100118726928E+01
  0.100134171022E+01  0.100976788415E+01  0.100405369352E+01  0.100176112495E+01
  0.896160621714E-03  0.429427540359E-02  0.114863732043E-02  0.738926460251E-02  0.342891934778E-03  0.104271126435E-01  0.978238181233E-03
  0.419741087462E-03  0.114709573781E-01 -0.333950293621E-03  0.371619423552E-03 -0.117427335880E-02  0.957542689669E-03 -0.593298116039E-03
 -0.154065662583E-02 -0.147223980677E-02  0.644479752542E-03  0.760642159574E-02 -0.981801955145E-03 -0.605205273550E-02 -0.209005470299E-02
 -0.143699336657E-02  0.633798855459E-03 -0.862145298984E-03 -0.624898656209E-02  0.528476607081E-02 -0.117204424285E-02 -0.691410560295E-02
 -0.612243942121E-02 -0.655946510407E-03 -0.131091357671E-02 -0.575043052815E-02
  0.237257046497E-04  0.606101692485E-03  0.483580106740E-04  0.916811732357E-03 -0.960756638982E-05  0.157353357162E-02  0.730843636743E-04
  0.729728241749E-04  0.170539803663E-02 -0.138895123613E-03  0.114370687797E-04 -0.245829861198E-03  0.356711068456E-04 -0.176905979002E-03
 -0.304465728321E-03 -0.327260903591E-03  0.649889943948E-04  0.116123761034E-02 -0.189747531996E-03 -0.124546447203E-02 -0.417008468009E-03
 -0.274797424878E-03  0.555376854427E-05 -0.162516526485E-03 -0.131009313552E-02  0.667172823489E-03 -0.229562193882E-03 -0.145432828879E-02
 -0.128395117150E-02 -0.163219434072E-03 -0.276263376965E-03 -0.119954627500E-02
  0.514696576094E-04  0.181717003063E-04  0.676126262928E-04  0.205293512345E-03  0.364273609710E-04  0.108710201964E-03  0.699334771656E-04
 -0.434693300078E-04 -0.123902309447E-04 -0.246789270096E-05  0.379699002136E-04  0.392679308359E-04 -0.311084288007E-04  0.130753985655E-04
 -0.365372088809E-05 -0.113493745330E-05 -0.394486966716E-04 -0.172939994949E-03  0.196565501053E-04  0.252510838986E-06  0.176779165958E-05
  0.446647361719E-05 -0.420141142998E-05 -0.225297598133E-04  0.178418145118E-04 -0.150645340942E-04 -0.613655806226E-05  0.121392080349E-05
 -0.963321505293E-05 -0.509080521717E-05 -0.138555661075E-05  0.950060895076E-06
 -0.224891852460E-03 -0.182835908728E-03 -0.267183420689E-03  0.223603691529E-04  0.243965662514E-03  0.296826685135E-03 -0.169096226995E-03
 -0.167279306257E-03  0.199999808588E-03  0.262922575650E-03  0.517325811728E-03  0.275946229656E-03  0.606001814974E-03  0.251028063677E-03
  0.189553688487E-03  0.219595402638E-03 -0.119922588971E-03  0.105498167171E-03  0.329550283080E-03  0.826484530177E-04  0.178207488408E-03
  0.215225764086E-03  0.387668157403E-03  0.274837661184E-03  0.790724789284E-04  0.168545993254E-03  0.201314936017E-03  0.741951327229E-04
  0.886397462630E-04  0.306837312416E-03  0.207846196589E-03  0.864718892208E-04
 -0.724981017756E-03 -0.177234350830E-02 -0.109675851326E-02 -0.295284508493E-02 -0.145458883100E-03 -0.432340464777E-02  0.638088348655E-04
  0.793564194164E-04 -0.474719095466E-02  0.132949565200E-03 -0.170832966324E-03  0.457887351672E-03 -0.398767146946E-03  0.231062972172E-03
  0.613540933385E-03  0.591329064573E-03 -0.248566207683E-03 -0.314623830012E-02  0.366181013148E-03  0.251285627437E-02  0.843565566012E-03
  0.568440377806E-03 -0.279290167623E-03  0.311245242018E-03  0.259909668576E-02 -0.214653001661E-02  0.458623705711E-03  0.288418381138E-02
  0.254835377118E-02  0.240457662193E-03  0.522840523626E-03  0.238746958273E-02
        12        19        11        11
        11         5        12        12
        10        14         5         5
        19        13        11        11
        19        24        13        13
        30        23        24        24
        19        12        22        22
        28        22        21        21
        11        13         6         6
         7         6         9         9
        15        12        14        14
        18        13        23        23
        15        25        21        21
        27        19        22        22
        18         8         9         9
        27        31        24        24
         4        11         6         6
         5        14        12        12
         4         2         5         5
        21        12        15        15
        14        16        15        15
        24        19        27        27
        22        29        27        27
        23        26        18        18
        17         8        18        18
         5        11         4         4
         6         3         4         4
        26        23        30        30
         5         2        10        10
        16        14        10        10
         3         6         7         7
        21        25        28        28
        29        22        28        28
         6        13         9         9
         2         4         1         1
        31        27        32        32
        25        15        20        20
        24        23        13        13
         8         7         9         9
        13        18         9         9
        31        30        24        24
        12        21        22        22
        29        32        27        27
         3         1         4         4
        26        17        18        18
        16        20        15        15
zone t="boundary 2 bc-2", solutiontime= 0.3000000E+02, strandid=1002, i=33, j=48, f=feblock
  0.500000000000E+01  0.375000000000E+01  0.250000000000E+01  0.288078410721E+01  0.125000000000E+01  0.190974100652E+01  0.326683758169E+01
  0.201431602454E+01  0.000000000000E+00  0.963108083381E+00  0.500000000000E+01  0.403552511878E+01  0.423153924130E+01  0.500000000000E+01
  0.385533350601E+01  0.500000000000E+01  0.398173246726E+01  0.315249557942E+01  0.267000324704E+01  0.154774304040E+01  0.218329375016E+01
  0.893127759452E+00  0.000000000000E+00  0.698517061619E+00  0.964171764089E+00  0.310324758057E+01  0.000000000000E+00  0.000000000000E+00
  0.125000000000E+01  0.500000000000E+01  0.375000000000E+01  0.250000000000E+01  0.000000000000E+00
 -0.250000000000E+01 -0.250000000000E+01 -0.250000000000E+01 -0.250000000000E+01 -0.250000000000E+01 -0.250000000000E+01 -0.250000000000E+01
 -0.250000000000E+01 -0.250000000000E+01 -0.250000000000E+01 -0.250000000000E+01 -0.250000000000E+01 -0.250000000000E+01 -0.250000000000E+01
 -0.250000000000E+01 -0.250000000000E+01 -0.250000000000E+01 -0.250000000000E+01 -0.250000000000E+01 -0.250000000000E+01 -0.250000000000E+01
 -0.250000000000E+01 -0.250000000000E+01 -0.250000000000E+01 -0.250000000000E+01 -0.250000000000E+01 -0.250000000000E+01 -0.250000000000E+01
 -0.250000000000E+01 -0.250000000000E+01 -0.250000000000E+01 -0.250000000000E+01 -0.250000000000E+01
  0.000000000000E+00  0.000000000000E+00  0.000000000000E+00  0.904659890645E+00  0.000000000000E+00  0.717002441913E+00  0.188609243358E+01
  0.176246431481E+01  0.000000000000E+00  0.961328577125E+00  0.125000000000E+01  0.101201586758E+01  0.191586535653E+01  0.250000000000E+01
  0.293121848150E+01  0.375000000000E+01  0.406975391361E+01  0.363585050272E+01  0.285047954584E+01  0.292817774674E+01  0.395907379566E+01
  0.205246550326E+01  0.125000000000E+01  0.306828197606E+01  0.397245519226E+01  0.433168271247E+01  0.250000000000E+01  0.375000000000E+01
  0.500000000000E+01  0.500000000000E+01  0.500000000000E+01  0.500000000000E+01  0.500000000000E+01
  0.000000000000E+00  0.000000000000E+00  0.000000000000E+00  0.380991906500E+00  0.000000000000E+00  0.343629824950E+00  0.585286157424E+00
  0.579373264282E+00  0.000000000000E+00  0.501056069140E+00  0.508460362676E+00  0.435373026572E+00  0.572640041190E+00  0.537002098944E+00
  0.568922553870E+00  0.514994090651E+00  0.508247257160E+00  0.527252853130E+00  0.567446661127E+00  0.531657143909E+00  0.505981016593E+00
  0.520795579399E+00  0.443624103833E+00  0.490663730453E+00  0.492155873749E+00  0.501390784676E+00  0.467732355362E+00  0.488212087362E+00
  0.490002767114E+00  0.491352304715E+00  0.486075475228E+00  0.490036479234E+00  0.495098264817E+00
  0.999993487379E+00  0.999993690057E+00  0.999993543115E+00  0.989539055875E+00  0.999993137282E+00  0.985524707174E+00  0.989838908967E+00
  0.991798516580E+00  0.999992721792E+00  0.984411112416E+00  0.985091906406E+00  0.984689080896E+00  0.990058464829E+00  0.100289621837E+01
  0.999855369243E+00  0.100485306649E+01  0.100121554699E+01  0.100055642931E+01  0.997896793475E+00  0.100350029570E+01  0.100058068723E+01
  0.101093276247E+01  0.104043292670E+01  0.100326475367E+01  0.100254498742E+01  0.100045587387E+01  0.100976788415E+01  0.100405369352E+01
  0.100192656835E+01  0.100045434508E+01  0.100058774183E+01  0.100109993754E+01  0.100176112495E+01
 -0.507207512733E-03 -0.394318339664E-03 -0.204701893472E-03  0.555154858139E-02  0.566430688746E-03  0.167671767922E-01 -0.974734376630E-03
  0.436877638791E-03  0.644479752542E-03  0.763113461816E-02 -0.120441856853E-02 -0.161227975187E-02 -0.937598304068E-03 -0.807049546536E-03
 -0.593174814433E-03 -0.535146940711E-03 -0.396491798605E-03 -0.449610384662E-03 -0.797026875423E-03 -0.993052140640E-03 -0.583977594687E-03
  0.389686172993E-03  0.528476607081E-02 -0.655896289679E-03 -0.110652494896E-02 -0.713502352422E-03 -0.655946510407E-03 -0.131091357671E-02
 -0.520547373809E-02 -0.623100519453E-03 -0.238790254437E-02 -0.458062522575E-02 -0.575043052815E-02
  0.145798796058E-03 -0.411425364971E-04  0.745902315745E-06  0.941971828346E-03 -0.888956145424E-04  0.204170176512E-02  0.554176249936E-05
 -0.454493234341E-04  0.649889943948E-04  0.851952504577E-03  0.278999180259E-03  0.268517365504E-04  0.155801049881E-03  0.205833957593E-03
  0.143092782326E-03  0.125373684517E-03  0.151286234396E-03  0.126226668580E-03  0.454652316032E-04 -0.920186777709E-04  0.534270919430E-04
 -0.599430339131E-04  0.667172823489E-03 -0.467916591602E-04 -0.129865519738E-03  0.729763685001E-04 -0.163219434072E-03 -0.276263376965E-03
 -0.941920013737E-03  0.313719568479E-04 -0.240300363458E-03 -0.715607544271E-03 -0.119954627500E-02
 -0.336833541458E-04  0.382402407599E-05  0.492692855739E-04  0.112573172983E-03  0.285081129432E-04  0.193955088748E-03 -0.207426896320E-04
 -0.545441641463E-05 -0.394486966716E-04  0.550579479876E-04 -0.133797440652E-04 -0.566583830889E-04  0.234252207830E-05  0.129064070848E-05
  0.225807989082E-05 -0.256431880775E-05  0.659886650697E-06 -0.177535418567E-05  0.368122928626E-05  0.653650573321E-05 -0.290707372094E-05
  0.443613117772E-05 -0.150645340942E-04  0.112573360511E-05 -0.440148675253E-06 -0.123804009876E-05 -0.509080521717E-05 -0.138555661075E-05
 -0.727378735279E-06 -0.502570837344E-06 -0.805231828216E-07  0.394578628547E-06  0.950060895076E-06
 -0.304720061954E-04 -0.471285578943E-04 -0.667567781180E-04  0.214285814572E-03 -0.146976560893E-03  0.287676629315E-04  0.332397687033E-03
  0.430790372434E-03 -0.119922588971E-03  0.182481530290E-03  0.610355804750E-04  0.247961891313E-03  0.121487768766E-03  0.505427746469E-04
  0.124036183640E-03  0.420417627889E-04  0.115638097816E-03  0.168312487814E-03  0.208251226838E-03  0.211704456343E-03  0.191057149943E-03
  0.320961415613E-03  0.168545993254E-03  0.218067121161E-03  0.187491326401E-03  0.164217147437E-03  0.306837312416E-03  0.207846196589E-03
  0.124497170866E-03  0.662696756531E-04  0.144747674274E-03  0.156679456753E-03  0.864718892208E-04
  0.111406353895E-03  0.469746475764E-03  0.676571797570E-03 -0.249746905592E-02  0.758517599446E-03 -0.714878394838E-02  0.291038694810E-03
 -0.187606843178E-03 -0.248566207683E-03 -0.312539390470E-02  0.259029476971E-03  0.498852480682E-03  0.223410293483E-03  0.155130281751E-03
  0.113983068745E-03  0.108301344470E-03  0.545739299392E-04  0.805047576080E-04  0.222563471439E-03  0.345145731583E-03  0.155389409497E-03
 -0.163086009849E-03 -0.214653001661E-02  0.215420470278E-03  0.405196119654E-03  0.194642715456E-03  0.240457662193E-03  0.522840523626E-03
  0.211630219492E-02  0.188312444452E-03  0.896195506385E-03  0.182220583395E-02  0.238746958273E-02
        15         7        19        19
         8        20        19        19
        18        19        21        21
         7         4         8         8
         3         6         4         4
        19         7         8         8
        19        18        15        15
        14        13        15        15
         8        22        20        20
        27        24        22        22
        19        20        21        21
        32        26        21        21
        17        18        26        26
        17        16        15        15
        25        29        21        21
        12         7        13        13
        10         8         6         6
        25        20        24        24
         4         6         8         8
        12         2         4         4
        10        23        22        22
        26        31        17        17
        30        16        17        17
         4         7        12        12
        13        11        12        12
        21        20        25        25
        24        28        25        25
        22         8        10        10
         6         5        10        10
        31        26        32        32
         4         2         3         3
         5         6         3         3
        11        13        14        14
        22        23        27        27
        28        24        27        27
        15        13         7         7
         2        12         1         1
        29        25        33        33
        23        10         9         9
        21        26        18        18
        16        14        15        15
        18        17        15        15
        29        32        21        21
        22        24        20        20
        28        33        25        25
        11         1        12        12
        31        30        17        17
         5         9        10        10
zone t="boundary 3 bc-3", solutiontime= 0.3000000E+02, strandid=1003, i=33, j=48, f=feblock
  0.375000000000E+01  0.250000000000E+01  0.500000000000E+01  0.403552511878E+01  0.288078410721E+01  0.125000000000E+01  0.190974100652E+01
  0.500000000000E+01  0.326683758169E+01  0.423153924130E+01  0.201431602454E+01  0.000000000000E+00  0.963108083381E+00  0.500000000000E+01
  0.267000324704E+01  0.385533350601E+01  0.893127759452E+00  0.154774304040E+01  0.000000000000E+00  0.500000000000E+01  0.315249557942E+01
  0.218329375016E+01  0.398173246726E+01  0.000000000000E+00  0.698517061619E+00  0.964171764089E+00  0.125000000000E+01  0.000000000000E+00
  0.500000000000E+01  0.310324758057E+01  0.250000000000E+01  0.375000000000E+01  0.000000000000E+00
  0.250000000000E+01  0.250000000000E+01  0.250000000000E+01  0.250000000000E+01  0.250000000000E+01  0.250000000000E+01  0.250000000000E+01
  0.250000000000E+01  0.250000000000E+01  0.250000000000E+01  0.250000000000E+01  0.250000000000E+01  0.250000000000E+01  0.250000000000E+01
  0.250000000000E+01  0.250000000000E+01  0.250000000000E+01  0.250000000000E+01  0.250000000000E+01  0.250000000000E+01  0.250000000000E+01
  0.250000000000E+01  0.250000000000E+01  0.250000000000E+01  0.250000000000E+01  0.250000000000E+01  0.250000000000E+01  0.250000000000E+01
  0.250000000000E+01  0.250000000000E+01  0.250000000000E+01  0.250000000000E+01  0.250000000000E+01
  0.000000000000E+00  0.000000000000E+00  0.000000000000E+00  0.101201586758E+01  0.904659890645E+00  0.000000000000E+00  0.717002441913E+00
  0.125000000000E+01  0.188609243358E+01  0.191586535653E+01  0.176246431481E+01  0.000000000000E+00  0.961328577125E+00  0.250000000000E+01
  0.285047954584E+01  0.293121848150E+01  0.205246550326E+01  0.292817774674E+01  0.125000000000E+01  0.375000000000E+01  0.363585050272E+01
  0.395907379566E+01  0.406975391361E+01  0.250000000000E+01  0.306828197606E+01  0.397245519226E+01  0.500000000000E+01  0.375000000000E+01
  0.500000000000E+01  0.433168271247E+01  0.500000000000E+01  0.500000000000E+01  0.500000000000E+01
  0.000000000000E+00  0.000000000000E+00  0.000000000000E+00  0.443767745459E+00  0.402286944574E+00  0.000000000000E+00  0.377550369545E+00
  0.509232128688E+00  0.575832179754E+00  0.573707405285E+00  0.562554064412E+00  0.000000000000E+00  0.490563299840E+00  0.534527096543E+00
  0.556586982170E+00  0.564391577749E+00  0.522730517385E+00  0.522052000170E+00  0.441238348384E+00  0.517182331791E+00  0.524228630763E+00
  0.503687457534E+00  0.509488571178E+00  0.469814974359E+00  0.495614442414E+00  0.494483780212E+00  0.488562428343E+00  0.488961654628E+00
  0.492980744788E+00  0.499005552222E+00  0.486460936507E+00  0.484596927548E+00  0.495346592024E+00
  0.999989339439E+00  0.999989408764E+00  0.999989626853E+00  0.981541895460E+00  0.988773990194E+00  0.999989827144E+00  0.982469462434E+00
  0.984104309047E+00  0.990427545862E+00  0.990355285694E+00  0.994362997073E+00  0.999990295028E+00  0.988652071037E+00  0.100368369414E+01
  0.999769197113E+00  0.100118501219E+01  0.100834885320E+01  0.100252111043E+01  0.102982719499E+01  0.100443319461E+01  0.100199536635E+01
  0.100082056599E+01  0.100138192342E+01  0.100826277309E+01  0.100298787130E+01  0.100192389555E+01  0.100215267510E+01  0.100355660048E+01
  0.100047670023E+01  0.100056591053E+01  0.100126820231E+01  0.100066573360E+01  0.100179336279E+01
 -0.316980297352E-03  0.156004587357E-03 -0.448453432367E-03  0.225410971398E-02  0.892366401112E-02  0.522153743939E-03  0.807836109862E-02
 -0.153746381798E-02 -0.799738515174E-03 -0.100601298507E-02  0.138845760725E-02  0.896160621714E-03  0.558292310984E-02 -0.771721393701E-03
 -0.853682052309E-03 -0.655431083294E-03 -0.129802424566E-04 -0.791884896383E-03  0.429427540359E-02 -0.539848621773E-03 -0.408938037961E-03
 -0.535371143774E-03 -0.415338957453E-03 -0.333950293621E-03 -0.679331154123E-03 -0.141867492136E-02 -0.452827853213E-02 -0.147223980677E-02
 -0.517635828400E-03 -0.642472488724E-03 -0.421863994687E-02 -0.227493634723E-02 -0.605205273550E-02
 -0.540256208536E-04 -0.712789500363E-04  0.115061544465E-03  0.691142796083E-03  0.125985099798E-02 -0.121084284165E-03  0.919188767473E-03
  0.255289373381E-03  0.372803780635E-04  0.154631517781E-03  0.476944101393E-04  0.237257046497E-04  0.360801031022E-03  0.202523214831E-03
  0.208037145340E-04  0.121392056965E-03 -0.194200818489E-03 -0.570440254525E-04  0.606101692485E-03  0.132989968675E-03  0.124392721729E-03
  0.713938539721E-04  0.140784787823E-03 -0.138895123613E-03 -0.148947255772E-03 -0.178035960525E-03 -0.801821597051E-03 -0.327260903591E-03
  0.480832228258E-04  0.817121714645E-04 -0.648542779452E-03 -0.222726625729E-03 -0.124546447203E-02
 -0.772913949478E-05  0.134777994208E-04  0.137355782425E-04 -0.445698618338E-04 -0.122013217536E-03  0.479677057939E-04  0.286776943989E-04
 -0.404013073008E-06 -0.142305691727E-04  0.147731656155E-05 -0.408184078845E-05  0.514696576094E-04  0.763725835197E-04  0.496662879360E-05
  0.236773387325E-06  0.106785443883E-05 -0.214965052296E-04 -0.879521145379E-05  0.181717003063E-04  0.289302405638E-05  0.106212862063E-05
  0.616374700645E-05  0.154099701373E-06 -0.246789270096E-05 -0.630706177533E-05  0.113704290927E-05  0.249502801517E-05 -0.113493745330E-05
  0.112215008531E-05  0.120724790830E-07  0.635690810896E-06 -0.968789279179E-07  0.252510838986E-06
 -0.681221445483E-04 -0.127020838635E-03 -0.392620440132E-04  0.881204998357E-04  0.158293640390E-03 -0.120981850097E-03  0.563165642986E-04
  0.497169108675E-04  0.287819654203E-03  0.136198871483E-03  0.426706980877E-03 -0.224891852460E-03  0.144764897001E-03  0.560864178175E-04
  0.170332935471E-03  0.131383840760E-03  0.375633147312E-03  0.189706053957E-03 -0.182835908728E-03  0.533620903276E-04  0.162043410954E-03
  0.174918228198E-03  0.120291326406E-03  0.262922575650E-03  0.258251630253E-03  0.179867875689E-03  0.129847477257E-03  0.219595402638E-03
  0.605310096262E-04  0.159594294761E-03  0.156043885064E-03  0.141097984011E-03  0.826484530177E-04
  0.101807655695E-02  0.412768129514E-03  0.211193830942E-03 -0.120343024922E-02 -0.388791340194E-02  0.158115674350E-04 -0.337205153968E-02
  0.389156500327E-03  0.226985045883E-03  0.252021701084E-03 -0.560877449433E-03 -0.724981017756E-03 -0.219310040307E-02  0.145183574462E-03
  0.254972781049E-03  0.144419262487E-03  0.162766147557E-04  0.261370283505E-03 -0.177234350830E-02  0.105732198572E-03  0.662933012950E-04
  0.133314808509E-03  0.656378363084E-04  0.132949565200E-03  0.242109651075E-03  0.532021621222E-03  0.183010618222E-02  0.591329064573E-03
  0.146262244199E-03  0.167817769727E-03  0.167251527575E-02  0.850613784419E-03  0.251285627437E-02
        15         9        16        16
        15        18        11        11
        22        15        21        21
        11         5         9         9
         5         7         2         2
        11         9        15        15
        16        21        15        15
        16        10        14        14
        18        17        11        11
        17        25        24        24
        22        18        15        15
        22        30        31        31
        30        21        23        23
        16        20        23        23
        22        27        26        26
        10         9         4         4
         7        11        13        13
        25        18        26        26
        11         7         5         5
         5         1         4         4
        17        19        13        13
        23        32        30        30
        23        20        29        29
         4         9         5         5
         4         8        10        10
        26        18        22        22
        26        28        25        25
        13        11        17        17
        13         6         7         7
        31        30        32        32
         2         1         5         5
         2         7         6         6
        14        10         8         8
        24        19        17        17
        24        25        28        28
         9        10        16        16
         3         4         1         1
        33        26        27        27
        12        13        19        19
        21        30        22        22
        16        14        20        20
        16        23        21        21
        22        31        27        27
        18        25        17        17
        26        33        28        28
         4         3         8         8
        23        29        32        32
        13        12         6         6
zone t="boundary 4 bc-4", solutiontime= 0.3000000E+02, strandid=1004, i=32, j=46, f=feblock
  0.125000000000E+01  0.219251206392E+01  0.103724302461E+01  0.500000000000E+01  0.250000000000E+01  0.375000000000E+01  0.404200324774E+01
  0.500000000000E+01  0.000000000000E+00  0.310152362409E+01  0.202479342020E+01  0.324151231464E+01  0.922061490191E+00  0.000000000000E+00
  0.299062775774E+01  0.394624082883E+01  0.500000000000E+01  0.409252726285E+01  0.500000000000E+01  0.429310310915E+01  0.175434191980E+01
  0.284428995242E+01  0.000000000000E+00  0.000000000000E+00  0.715990576545E+00  0.930412228790E+00  0.125000000000E+01  0.187029682677E+01
  0.500000000000E+01  0.375000000000E+01  0.250000000000E+01  0.000000000000E+00
  0.250000000000E+01  0.157686156160E+01  0.146289271009E+01  0.250000000000E+01  0.250000000000E+01  0.250000000000E+01  0.155830813274E+01
  0.125000000000E+01  0.250000000000E+01  0.177790177481E+01  0.477386199275E+00  0.742988685424E+00  0.308372018325E+00  0.125000000000E+01
 -0.487811078581E+00 -0.144524380962E+01 -0.125000000000E+01 -0.345533899378E+00  0.000000000000E+00  0.627766083140E+00 -0.739814786992E+00
 -0.158811787973E+01  0.000000000000E+00 -0.125000000000E+01 -0.600232012419E+00 -0.154800130438E+01 -0.250000000000E+01 -0.178862290564E+01
 -0.250000000000E+01 -0.250000000000E+01 -0.250000000000E+01 -0.250000000000E+01
  0.500000000000E+01  0.500000000000E+01  0.500000000000E+01  0.500000000000E+01  0.500000000000E+01  0.500000000000E+01  0.500000000000E+01
  0.500000000000E+01  0.500000000000E+01  0.500000000000E+01  0.500000000000E+01  0.500000000000E+01  0.500000000000E+01  0.500000000000E+01
  0.500000000000E+01  0.500000000000E+01  0.500000000000E+01  0.500000000000E+01  0.500000000000E+01  0.500000000000E+01  0.500000000000E+01
  0.500000000000E+01  0.500000000000E+01  0.500000000000E+01  0.500000000000E+01  0.500000000000E+01  0.500000000000E+01  0.500000000000E+01
  0.500000000000E+01  0.500000000000E+01  0.500000000000E+01  0.500000000000E+01
  0.488562428343E+00  0.488873127044E+00  0.490562939264E+00  0.492980744788E+00  0.486460936507E+00  0.484596927548E+00  0.485347896276E+00
  0.494163542317E+00  0.495346592024E+00  0.486528232758E+00  0.487819998460E+00  0.487068916091E+00  0.494045904395E+00  0.496127394917E+00
  0.487612357629E+00  0.483219722850E+00  0.492395510969E+00  0.487214141159E+00  0.494738985333E+00  0.487958525499E+00  0.489677249447E+00
  0.488029107105E+00  0.497246279768E+00  0.496059270892E+00  0.494951052257E+00  0.492800373677E+00  0.490002767114E+00  0.490005124553E+00
  0.491352304715E+00  0.486075475228E+00  0.490036479234E+00  0.495098264817E+00
  0.100215267510E+01  0.100152652958E+01  0.100178347660E+01  0.100047670023E+01  0.100126820231E+01  0.100066573360E+01  0.100025357725E+01
  0.100050391679E+01  0.100179336279E+01  0.100112367258E+01  0.100133045248E+01  0.100072432973E+01  0.100164366725E+01  0.100168844809E+01
  0.100096274503E+01  0.100000874853E+01  0.100082864314E+01  0.100022269190E+01  0.100062146074E+01  0.100023497311E+01  0.100174635719E+01
  0.100098855496E+01  0.100118726928E+01  0.100134171022E+01  0.100132635956E+01  0.100179873777E+01  0.100192656835E+01  0.100163748619E+01
  0.100045434508E+01  0.100058774183E+01  0.100109993754E+01  0.100176112495E+01
 -0.452827853213E-02 -0.439449031019E-02 -0.453482632028E-02 -0.517635828400E-03 -0.421863994687E-02 -0.227493634723E-02 -0.158256624718E-02
 -0.515693943720E-03 -0.605205273550E-02 -0.349931366546E-02 -0.474690391282E-02 -0.331508819382E-02 -0.555323832053E-02 -0.624898656209E-02
 -0.376696261423E-02 -0.156209439455E-02 -0.601906313039E-03 -0.197243101911E-02 -0.485493943113E-03 -0.195261457963E-02 -0.588043098709E-02
 -0.357316947920E-02 -0.691410560295E-02 -0.612243942121E-02 -0.645002313945E-02 -0.517836608381E-02 -0.520547373809E-02 -0.550267326277E-02
 -0.623100519453E-03 -0.238790254437E-02 -0.458062522575E-02 -0.575043052815E-02
 -0.801821597051E-03 -0.710456051086E-03 -0.815116973133E-03  0.480832228258E-04 -0.648542779452E-03 -0.222726625729E-03 -0.979741641614E-04
  0.370701282762E-04 -0.124546447203E-02 -0.475126088635E-03 -0.777586983018E-03 -0.433553116662E-03 -0.101492718682E-02 -0.131009313552E-02
 -0.528827462334E-03 -0.948616502996E-04  0.381177449476E-04 -0.171144965938E-03  0.384935616956E-04 -0.170533136172E-03 -0.101905791702E-02
 -0.490749220602E-03 -0.145432828879E-02 -0.128395117150E-02 -0.122891064525E-02 -0.966015188779E-03 -0.941920013737E-03 -0.941105813566E-03
  0.313719568479E-04 -0.240300363458E-03 -0.715607544271E-03 -0.119954627500E-02
  0.249502801517E-05  0.954884707417E-05  0.109550802540E-04  0.112215008531E-05  0.635690810896E-06 -0.968789279179E-07  0.319762434128E-05
 -0.254930314088E-05  0.252510838986E-06  0.512467753603E-05  0.125421439823E-04  0.484692305887E-05  0.157468807759E-04  0.178418145118E-04
 -0.227468637450E-05 -0.519340808773E-05 -0.235162324761E-05 -0.831136063594E-05  0.539403167571E-07 -0.110049011519E-05 -0.187643234529E-05
 -0.221288747251E-05  0.121392080349E-05 -0.963321505293E-05 -0.339037002755E-05 -0.120281705516E-04 -0.727378735279E-06 -0.114700855746E-04
 -0.502570837344E-06 -0.805231828216E-07  0.394578628547E-06  0.950060895076E-06
  0.129847477257E-03  0.154929837832E-03  0.124488887943E-03  0.605310096262E-04  0.156043885064E-03  0.141097984011E-03  0.127645568399E-03
  0.550023156228E-04  0.826484530177E-04  0.158023537482E-03  0.151464855883E-03  0.160644896737E-03  0.119672657423E-03  0.790724789284E-04
  0.159753760819E-03  0.131891893076E-03  0.631231817301E-04  0.131454840524E-03  0.525049066121E-04  0.119369477079E-03  0.143718665905E-03
  0.162703340653E-03  0.741951327229E-04  0.886397462630E-04  0.101951054913E-03  0.118365680831E-03  0.124497170866E-03  0.141895409857E-03
  0.662696756531E-04  0.144747674274E-03  0.156679456753E-03  0.864718892208E-04
  0.183010618222E-02  0.175205535995E-02  0.184006895641E-02  0.146262244199E-03  0.167251527575E-02  0.850613784419E-03  0.565095506537E-03
  0.150601566422E-03  0.251285627437E-02  0.136352500091E-02  0.189983544488E-02  0.128580569680E-02  0.226646956009E-02  0.259909668576E-02
  0.147585356834E-02  0.556148676527E-03  0.178459267852E-03  0.728355489165E-03  0.139791227535E-03  0.724461602353E-03  0.237808457309E-02
  0.139383790905E-02  0.288418381138E-02  0.254835377118E-02  0.265404879631E-02  0.211529309379E-02  0.211630219492E-02  0.222080498181E-02
  0.188312444452E-03  0.896195506385E-03  0.182220583395E-02  0.238746958273E-02
        12        15        11        11
        11         2        12        12
         5        10         2         2
        15        21        11        11
        15        22        21        21
        31        28        22        22
        15        12        18        18
        19        18        20        20
        11        21        13        13
        23        13        25        25
         7        12        10        10
        26        21        28        28
         7         8        20        20
        16        15        18        18
        26        24        25        25
        16        30        22        22
         3        11        13        13
         2        10        12        12
         3         1         2         2
        20        12         7         7
        10         6         7         7
        22        15        16        16
        18        17        16        16
        28        27        26        26
        32        24        26        26
         2        11         3         3
        13        14         3         3
        27        28        31        31
         2         1         5         5
         6        10         5         5
        14        13        23        23
        20         8        19        19
        17        18        19        19
        13        21        25        25
         1         3         9         9
        30        16        29        29
         8         7         4         4
        22        28        21        21
        24        23        25        25
        21        26        25        25
        30        31        22        22
        12        20        18        18
        17        29        16        16
        14         9         3         3
        27        32        26        26
         6         4         7         7
zone t="boundary 5 bc-5", solutiontime= 0.3000000E+02, strandid=1005, i=33, j=48, f=feblock
  0.500000000000E+01  0.500000000000E+01  0.500000000000E+01  0.500000000000E+01  0.500000000000E+01  0.500000000000E+01  0.500000000000E+01
  0.500000000000E+01  0.500000000000E+01  0.500000000000E+01  0.500000000000E+01  0.500000000000E+01  0.500000000000E+01  0.500000000000E+01
  0.500000000000E+01  0.500000000000E+01  0.500000000000E+01  0.500000000000E+01  0.500000000000E+01  0.500000000000E+01  0.500000000000E+01
  0.500000000000E+01  0.500000000000E+01  0.500000000000E+01  0.500000000000E+01  0.500000000000E+01  0.500000000000E+01  0.500000000000E+01
  0.500000000000E+01  0.500000000000E+01  0.500000000000E+01  0.500000000000E+01  0.500000000000E+01
  0.250000000000E+01  0.125000000000E+01  0.250000000000E+01  0.157899473280E+01  0.000000000000E+00  0.659350882208E+00  0.250000000000E+01
  0.173899611320E+01  0.825621401394E+00  0.132549389334E+01 -0.125000000000E+01 -0.322732261638E+00  0.250000000000E+01  0.490615021923E-01
 -0.873141960959E+00  0.350800286361E+00  0.145332269920E+01 -0.250000000000E+01 -0.147959633950E+01  0.250000000000E+01 -0.857924212153E+00
 -0.165007033378E+01  0.518568023061E+00 -0.461282870254E+00  0.125000000000E+01 -0.250000000000E+01 -0.183684615440E+01 -0.158398995423E+01
 -0.250000000000E+01 -0.250000000000E+01 -0.125000000000E+01  0.000000000000E+00 -0.250000000000E+01
  0.000000000000E+00  0.000000000000E+00  0.125000000000E+01  0.905837536509E+00  0.000000000000E+00  0.735450417037E+00  0.250000000000E+01
  0.182727219356E+01  0.162230260845E+01  0.280856328277E+01  0.000000000000E+00  0.109945440014E+01  0.375000000000E+01  0.227317933631E+01
  0.189599568386E+01  0.342819755379E+01  0.403384942830E+01  0.000000000000E+00  0.104050588738E+01  0.500000000000E+01  0.297954017413E+01
  0.214587157439E+01  0.430969386006E+01  0.408642231822E+01  0.500000000000E+01  0.125000000000E+01  0.304506426164E+01  0.398205049073E+01
  0.250000000000E+01  0.375000000000E+01  0.500000000000E+01  0.500000000000E+01  0.500000000000E+01
  0.000000000000E+00  0.000000000000E+00  0.509232128688E+00  0.472098749751E+00  0.000000000000E+00  0.480805629297E+00  0.534527096543E+00
  0.535829284544E+00  0.535479021387E+00  0.540786045491E+00  0.000000000000E+00  0.510356197485E+00  0.517182331791E+00  0.539187577880E+00
  0.542979820827E+00  0.529277379004E+00  0.511036765470E+00  0.000000000000E+00  0.495604789636E+00  0.492980744788E+00  0.531173388087E+00
  0.533778472990E+00  0.505621127769E+00  0.512004182097E+00  0.494163542317E+00  0.508460362676E+00  0.529554208813E+00  0.511911000444E+00
  0.537002098944E+00  0.514994090651E+00  0.492395510969E+00  0.494738985333E+00  0.491352304715E+00
  0.999989626853E+00  0.999990280142E+00  0.984104309047E+00  0.976444106158E+00  0.999991490088E+00  0.959042327528E+00  0.100368369414E+01
  0.994429506663E+00  0.991216393836E+00  0.100355187734E+01  0.999992820913E+00  0.971537544369E+00  0.100443319461E+01  0.100528531017E+01
  0.997216648600E+00  0.100662940615E+01  0.100305331035E+01  0.999993487379E+00  0.973515985336E+00  0.100047670023E+01  0.100763862604E+01
  0.100128631826E+01  0.100314049598E+01  0.100383220486E+01  0.100050391679E+01  0.985091906406E+00  0.100596550881E+01  0.100387951332E+01
  0.100289621837E+01  0.100485306649E+01  0.100082864314E+01  0.100062146074E+01  0.100045434508E+01
 -0.448453432367E-03 -0.393285070458E-03 -0.153746381798E-02 -0.191662454223E-02 -0.468652503825E-03 -0.769457887595E-03 -0.771721393701E-03
 -0.100695106873E-02 -0.115225719434E-02 -0.682286449671E-03 -0.369446207466E-03 -0.992317813183E-03 -0.539848621773E-03 -0.835484468048E-03
 -0.964599433644E-03 -0.565190903436E-03 -0.436139896226E-03 -0.507207512733E-03 -0.959617192165E-03 -0.517635828400E-03 -0.671946010735E-03
 -0.916591900845E-03 -0.350387049132E-03 -0.390854795362E-03 -0.515693943720E-03 -0.120441856853E-02 -0.668430908346E-03 -0.436873494624E-03
 -0.807049546536E-03 -0.535146940711E-03 -0.601906313039E-03 -0.485493943113E-03 -0.623100519453E-03
  0.115061544465E-03  0.113741964684E-03  0.255289373381E-03  0.247531700493E-03  0.154199598622E-03  0.598505607410E-03  0.202523214831E-03
  0.259033389031E-03  0.289900630792E-03  0.187246472006E-03  0.150697069364E-03  0.429456368462E-03  0.132989968675E-03  0.221411348101E-03
  0.262673978467E-03  0.157245793871E-03  0.132364634412E-03  0.145798796058E-03  0.466833331250E-03  0.480832228258E-04  0.174923888507E-03
  0.236987388036E-03  0.116920379740E-03  0.138118190451E-03  0.370701282762E-04  0.278999180259E-03  0.165546675863E-03  0.138572614934E-03
  0.205833957593E-03  0.125373684517E-03  0.381177449476E-04  0.384935616956E-04  0.313719568479E-04
  0.137355782425E-04  0.186384865532E-04 -0.404013073008E-06  0.438243524090E-04 -0.259155731135E-04  0.155433609152E-04  0.496662879360E-05
  0.207273442219E-04  0.145339973814E-04  0.441421814868E-05 -0.299027517288E-05 -0.461685675852E-04  0.289302405638E-05 -0.844894087664E-05
 -0.727620634508E-05  0.467763700546E-05  0.148358432952E-05 -0.336833541458E-04 -0.283893752830E-05  0.112215008531E-05 -0.590134909646E-05
 -0.184936582300E-04  0.585349313697E-06  0.195525628079E-06 -0.254930314088E-05 -0.133797440652E-04 -0.281441406040E-06 -0.507502500661E-05
  0.129064070848E-05 -0.256431880775E-05 -0.235162324761E-05  0.539403167571E-07 -0.502570837344E-06
 -0.392620440132E-04 -0.619472257690E-04  0.497169108675E-04  0.252992173549E-04 -0.706328314954E-04 -0.691108675762E-04  0.560864178175E-04
  0.667794688839E-04  0.117650825473E-03  0.631849087140E-04 -0.563494328114E-04  0.818012269376E-05  0.533620903276E-04  0.558295453085E-04
  0.784452077875E-04  0.386796469585E-04  0.570894804442E-04 -0.304720061954E-04  0.705217090248E-05  0.605310096262E-04  0.402982295059E-04
  0.657146601297E-04  0.406974247024E-04  0.488161262101E-04  0.550023156228E-04  0.610355804750E-04  0.356750647947E-04  0.472861476176E-04
  0.505427746469E-04  0.420417627889E-04  0.631231817301E-04  0.525049066121E-04  0.662696756531E-04
  0.211193830942E-03  0.589680775639E-03  0.389156500327E-03  0.533401735572E-03  0.489347003138E-03 -0.652008947186E-04  0.145183574462E-03
  0.197152203182E-03  0.237549636119E-03  0.123829727013E-03  0.531459571084E-03  0.999657674412E-04  0.105732198572E-03  0.154247973945E-03
  0.180105207178E-03  0.102170112789E-03  0.754872510046E-04  0.111406353895E-03  0.795480566220E-04  0.146262244199E-03  0.126228072320E-03
  0.174670296464E-03  0.546409629958E-04  0.584675375834E-04  0.150601566422E-03  0.259029476971E-03  0.129772646737E-03  0.739036811808E-04
  0.155130281751E-03  0.108301344470E-03  0.178459267852E-03  0.139791227535E-03  0.188312444452E-03
        12        15        14        14
        21        16        14        14
         9        14        10        10
        15        22        21        21
        29        27        22        22
        14        16        10        10
         7         8        10        10
        14        15        21        21
        14         9        12        12
         5        12         6         6
        21        24        16        16
        32        23        24        24
        28        21        27        27
        17        16        23        23
        28        31        24        24
        19        15        12        12
         4         2         6         6
         4         9         8         8
        10         8         9         9
        17        13        10        10
        19        26        22        22
        10        16        17        17
        23        25        17        17
        22        15        19        19
        12        11        19        19
        27        30        28        28
        33        31        28        28
         6         9         4         4
         8         3         4         4
        25        23        32        32
        10        13         7         7
         3         8         7         7
        30        27        29        29
         6         2         5         5
        11        12         5         5
        24        23        16        16
        13        17        20        20
        26        19        18        18
         2         4         1         1
        22        27        21        21
        31        32        24        24
        21        28        24        24
        26        29        22        22
         9         6        12        12
        11        18        19        19
        25        20        17        17
        30        33        28        28
         3         1         4         4
zone t="boundary 6 bc-6", solutiontime= 0.3000000E+02, strandid=1006, i=33, j=48, f=feblock
  0.375000000000E+01  0.250000000000E+01  0.500000000000E+01  0.403384942830E+01  0.280856328277E+01  0.125000000000E+01  0.182727219356E+01
  0.500000000000E+01  0.430969386006E+01  0.342819755379E+01  0.227317933631E+01  0.162230260845E+01  0.000000000000E+00  0.905837536509E+00
  0.500000000000E+01  0.408642231822E+01  0.297954017413E+01  0.189599568386E+01  0.109945440014E+01  0.735450417037E+00  0.000000000000E+00
  0.500000000000E+01  0.398205049073E+01  0.304506426164E+01  0.214587157439E+01  0.104050588738E+01  0.000000000000E+00  0.000000000000E+00
  0.500000000000E+01  0.375000000000E+01  0.250000000000E+01  0.125000000000E+01  0.000000000000E+00
  0.250000000000E+01  0.250000000000E+01  0.250000000000E+01  0.145332269920E+01  0.132549389334E+01  0.250000000000E+01  0.173899611320E+01
  0.125000000000E+01  0.518568023061E+00  0.350800286361E+00  0.490615021923E-01  0.825621401394E+00  0.250000000000E+01  0.157899473280E+01
  0.000000000000E+00 -0.461282870254E+00 -0.857924212153E+00 -0.873141960959E+00 -0.322732261638E+00  0.659350882208E+00  0.125000000000E+01
 -0.125000000000E+01 -0.158398995423E+01 -0.183684615440E+01 -0.165007033378E+01 -0.147959633950E+01  0.000000000000E+00 -0.125000000000E+01
 -0.250000000000E+01 -0.250000000000E+01 -0.250000000000E+01 -0.250000000000E+01 -0.250000000000E+01
  0.000000000000E+00  0.000000000000E+00  0.000000000000E+00  0.000000000000E+00  0.000000000000E+00  0.000000000000E+00  0.000000000000E+00
  0.000000000000E+00  0.000000000000E+00  0.000000000000E+00  0.000000000000E+00  0.000000000000E+00  0.000000000000E+00  0.000000000000E+00
  0.000000000000E+00  0.000000000000E+00  0.000000000000E+00  0.000000000000E+00  0.000000000000E+00  0.000000000000E+00  0.000000000000E+00
  0.000000000000E+00  0.000000000000E+00  0.000000000000E+00  0.000000000000E+00  0.000000000000E+00  0.000000000000E+00  0.000000000000E+00
  0.000000000000E+00  0.000000000000E+00  0.000000000000E+00  0.000000000000E+00  0.000000000000E+00
  0.000000000000E+00  0.000000000000E+00  0.000000000000E+00  0.000000000000E+00  0.000000000000E+00  0.000000000000E+00  0.000000000000E+00
  0.000000000000E+00  0.000000000000E+00  0.000000000000E+00  0.000000000000E+00  0.000000000000E+00  0.000000000000E+00  0.000000000000E+00
  0.000000000000E+00  0.000000000000E+00  0.000000000000E+00  0.000000000000E+00  0.000000000000E+00  0.000000000000E+00  0.000000000000E+00
  0.000000000000E+00  0.000000000000E+00  0.000000000000E+00  0.000000000000E+00  0.000000000000E+00  0.000000000000E+00  0.000000000000E+00
  0.000000000000E+00  0.000000000000E+00  0.000000000000E+00  0.000000000000E+00  0.000000000000E+00
  0.999989339439E+00  0.999989408764E+00  0.999989626853E+00  0.999989597857E+00  0.999989617537E+00  0.999989827144E+00  0.999989796486E+00
  0.999990280142E+00  0.999990683073E+00  0.999990488857E+00  0.999991229255E+00  0.999990579939E+00  0.999990295028E+00  0.999990369758E+00
  0.999991490088E+00  0.999992140430E+00  0.999992688838E+00  0.999992317107E+00  0.999991643787E+00  0.999990917154E+00  0.999990757903E+00
  0.999992820913E+00  0.999993395481E+00  0.999993478885E+00  0.999993152857E+00  0.999992518335E+00  0.999991416700E+00  0.999992168096E+00
  0.999993487379E+00  0.999993690057E+00  0.999993543115E+00  0.999993137282E+00  0.999992721792E+00
 -0.316980297352E-03  0.156004587357E-03 -0.448453432367E-03 -0.418109033559E-03 -0.567774216045E-04  0.522153743939E-03  0.201513423267E-03
 -0.393285070458E-03 -0.447271981686E-03 -0.307293956770E-03  0.245179128785E-04  0.195045450385E-03  0.896160621714E-03  0.636472769145E-03
 -0.468652503825E-03 -0.493696186995E-03 -0.125594200015E-03  0.301906378959E-03  0.316890699334E-03  0.611447213369E-03  0.114863732043E-02
 -0.369446207466E-03 -0.461353875279E-03 -0.150952654349E-04  0.496701570621E-04  0.467988512267E-03  0.978238181233E-03  0.419741087462E-03
 -0.507207512733E-03 -0.394318339664E-03 -0.204701893472E-03  0.566430688746E-03  0.644479752542E-03
 -0.540256208536E-04 -0.712789500363E-04  0.115061544465E-03 -0.355593124753E-04 -0.185718134755E-03 -0.121084284165E-03 -0.482019006562E-04
  0.113741964684E-03 -0.141623961708E-04 -0.101761665981E-03 -0.129066384146E-03 -0.106383699465E-03  0.237257046497E-04 -0.213322483427E-03
  0.154199598622E-03  0.166101424688E-04 -0.129192504656E-03 -0.148215475581E-03 -0.174820868748E-03 -0.197403352385E-03  0.483580106740E-04
  0.150697069364E-03 -0.116675569519E-04 -0.139851994734E-03 -0.134931966491E-03 -0.149720394277E-03  0.730843636743E-04  0.729728241749E-04
  0.145798796058E-03 -0.411425364971E-04  0.745902315745E-06 -0.888956145424E-04  0.649889943948E-04
 -0.772913949478E-05  0.134777994208E-04  0.137355782425E-04 -0.211095006033E-04  0.334894008226E-04  0.479677057939E-04  0.333565733086E-04
  0.186384865532E-04  0.698788827108E-05  0.218712456847E-04 -0.111424735832E-04  0.110667133713E-04  0.514696576094E-04  0.348107231857E-04
 -0.259155731135E-04 -0.918529606087E-05 -0.101553061048E-03 -0.991361713870E-04 -0.160194942364E-03  0.194122082028E-04  0.676126262928E-04
 -0.299027517288E-05  0.859487402713E-05  0.566143506486E-04  0.135432756213E-03 -0.458279052449E-05  0.699334771656E-04 -0.434693300078E-04
 -0.336833541458E-04  0.382402407599E-05  0.492692855739E-04  0.285081129432E-04 -0.394486966716E-04
 -0.681221445483E-04 -0.127020838635E-03 -0.392620440132E-04 -0.139955971976E-03 -0.238889549893E-03 -0.120981850097E-03 -0.154299673125E-03
 -0.619472257690E-04 -0.863362655671E-04 -0.117307203703E-03 -0.230718681977E-03 -0.336348061970E-03 -0.224891852460E-03 -0.145738414325E-03
 -0.706328314954E-04 -0.741539492117E-04 -0.171585068244E-03 -0.255689683924E-03 -0.552771046089E-03 -0.249657573603E-03 -0.267183420689E-03
 -0.563494328114E-04 -0.832353560070E-04 -0.117277575659E-03 -0.206680171502E-03 -0.381373057506E-03 -0.169096226995E-03 -0.167279306257E-03
 -0.304720061954E-04 -0.471285578943E-04 -0.667567781180E-04 -0.146976560893E-03 -0.119922588971E-03
  0.101807655695E-02  0.412768129514E-03  0.211193830942E-03  0.532256448681E-03  0.108427495803E-02  0.158115674350E-04  0.622453480648E-03
  0.589680775639E-03  0.202941856453E-03  0.832241319029E-03  0.113599189900E-02  0.376027208497E-03 -0.724981017756E-03  0.149463664580E-02
  0.489347003138E-03  0.528589267636E-03  0.137443791857E-02  0.287306972594E-03  0.567525141278E-03  0.916562496753E-03 -0.109675851326E-02
  0.531459571084E-03  0.109953415303E-02 -0.934532590823E-04  0.289167684088E-03 -0.142198683956E-03  0.638088348655E-04  0.793564194164E-04
  0.111406353895E-03  0.469746475764E-03  0.676571797570E-03  0.758517599446E-03 -0.248566207683E-03
        19        18        11        11
        17        10        11        11
        12        11         5         5
        18        25        17        17
        31        24        25        25
        11        10         5         5
         2         7         5         5
        11        18        17        17
        11        12        19        19
        27        19        20        20
        17        16        10        10
        15         9        16        16
        23        17        24        24
         4        10         9         9
        23        22        16        16
        26        18        19        19
        14        21        20        20
        14        12         7         7
         5         7        12        12
         4         1         5         5
        26        32        25        25
         5        10         4         4
         9         8         4         4
        25        18        26        26
        19        28        26        26
        24        30        23        23
        29        22        23        23
        20        12        14        14
         7         6        14        14
         8         9        15        15
         5         1         2         2
         6         7         2         2
        30        24        31        31
        20        21        27        27
        28        19        27        27
        16         9        10        10
         1         4         3         3
        32        26        33        33
        21        14        13        13
        25        24        17        17
        22        15        16        16
        17        23        16        16
        32        31        25        25
        12        20        19        19
        28        33        26        26
         8         3         4         4
        30        29        23        23
         6        13        14        14
