title="tecplot geometry and solution file"
variables = x y z mach temperature lambda1 lambda2 lambda3 lambda4 lambda5
zone t="boundary 1 bc-1", solutiontime= 0.4000000E+02, strandid=1001, i=32, j=46, f=feblock
  0.000000000000E+00  0.000000000000E+00  0.000000000000E+00  0.000000000000E+00  0.000000000000E+00  0.000000000000E+00  0.000000000000E+00
  0.000000000000E+00  0.000000000000E+00  0.000000000000E+00  0.000000000000E+00  0.000000000000E+00  0.000000000000E+00  0.000000000000E+00
  0.000000000000E+00  0.000000000000E+00  0.000000000000E+00  0.000000000000E+00  0.000000000000E+00  0.000000000000E+00  0.000000000000E+00
  0.000000000000E+00  0.000000000000E+00  0.000000000000E+00  0.000000000000E+00  0.000000000000E+00  0.000000000000E+00  0.000000000000E+00
  0.000000000000E+00  0.000000000000E+00  0.000000000000E+00  0.000000000000E+00
  0.250000000000E+01  0.250000000000E+01  0.125000000000E+01  0.146289271009E+01  0.157686156160E+01  0.308372018325E+00  0.000000000000E+00
 -0.125000000000E+01 -0.600232012419E+00  0.250000000000E+01  0.477386199275E+00  0.742988685424E+00 -0.739814786992E+00  0.177790177481E+01
  0.155830813274E+01  0.250000000000E+01 -0.250000000000E+01 -0.154800130438E+01 -0.487811078581E+00  0.250000000000E+01  0.627766083140E+00
 -0.345533899378E+00 -0.178862290564E+01 -0.158811787973E+01  0.125000000000E+01 -0.250000000000E+01 -0.144524380962E+01  0.000000000000E+00
 -0.125000000000E+01 -0.250000000000E+01 -0.250000000000E+01 -0.250000000000E+01
  0.000000000000E+00  0.125000000000E+01  0.000000000000E+00  0.103724302461E+01  0.219251206392E+01  0.922061490191E+00  0.000000000000E+00
  0.000000000000E+00  0.715990576545E+00  0.250000000000E+01  0.202479342020E+01  0.324151231464E+01  0.175434191980E+01  0.310152362409E+01
  0.404200324774E+01  0.375000000000E+01  0.000000000000E+00  0.930412228790E+00  0.299062775774E+01  0.500000000000E+01  0.429310310915E+01
  0.409252726285E+01  0.187029682677E+01  0.284428995242E+01  0.500000000000E+01  0.125000000000E+01  0.394624082883E+01  0.500000000000E+01
  0.500000000000E+01  0.250000000000E+01  0.375000000000E+01  0.500000000000E+01
  0.000000000000E+00  0.441238348384E+00  0.000000000000E+00  0.475214987021E+00  0.460123708856E+00  0.468827815405E+00  0.000000000000E+00
  0.000000000000E+00  0.402302516798E+00  0.469814974359E+00  0.464411128942E+00  0.478714034184E+00  0.489298241651E+00  0.483068557888E+00
  0.487930073118E+00  0.488961654628E+00  0.000000000000E+00  0.464775721414E+00  0.473795651891E+00  0.495346592024E+00  0.490266103446E+00
  0.486286083902E+00  0.445717618051E+00  0.464382274634E+00  0.496127394917E+00  0.443624103833E+00  0.486964461957E+00  0.497246279768E+00
  0.496059270892E+00  0.467732355362E+00  0.488212087362E+00  0.495098264817E+00
  0.999990295028E+00  0.102982719499E+01  0.999990757903E+00  0.104247294232E+01  0.101190080524E+01  0.102520618293E+01  0.999991416700E+00
  0.999992168096E+00  0.103891223624E+01  0.100826277309E+01  0.101252833877E+01  0.100300548289E+01  0.102702865700E+01  0.100605563290E+01
  0.100244400478E+01  0.100355660048E+01  0.999992721792E+00  0.103239739214E+01  0.100459524090E+01  0.100179336279E+01  0.100260305842E+01
  0.100234966417E+01  0.101657153079E+01  0.100617544692E+01  0.100168844809E+01  0.104043292670E+01  0.100303376377E+01  0.100118726928E+01
  0.100134171022E+01  0.100976788415E+01  0.100405369352E+01  0.100176112495E+01
  0.896176129047E-03  0.429454502101E-02  0.114859534392E-02  0.738935579374E-02  0.342894622977E-03  0.104267225357E-01  0.978201857971E-03
  0.419746595785E-03  0.114709152146E-01 -0.334058801228E-03  0.371793859922E-03 -0.117452638510E-02  0.957877268663E-03 -0.593414228170E-03
 -0.154048326508E-02 -0.147251285055E-02  0.644481125449E-03  0.760663992513E-02 -0.981959337410E-03 -0.605197402702E-02 -0.208984268833E-02
 -0.143748889590E-02  0.633672218488E-03 -0.862121813263E-03 -0.624898007982E-02  0.528455157477E-02 -0.117208009575E-02 -0.691382574592E-02
 -0.612201522352E-02 -0.656028351895E-03 -0.131094260952E-02 -0.575041648804E-02
  0.237252990017E-04  0.606159222450E-03  0.483596614481E-04  0.916840730552E-03 -0.960454312877E-05  0.157345799950E-02  0.730825082208E-04
  0.729742486737E-04  0.170539636120E-02 -0.138911385828E-03  0.114620258597E-04 -0.245881651636E-03  0.357376555524E-04 -0.176919822017E-03
 -0.304378635702E-03 -0.327302519881E-03  0.649886473690E-04  0.116128198523E-02 -0.189785440909E-03 -0.124552215484E-02 -0.416917665352E-03
 -0.274871990821E-03  0.553114498045E-05 -0.162504909532E-03 -0.131014823066E-02  0.667140133363E-03 -0.229540135352E-03 -0.145434740334E-02
 -0.128389497318E-02 -0.163237692790E-03 -0.276257818838E-03 -0.119957673626E-02
  0.514747945045E-04  0.181727474085E-04  0.676187187705E-04  0.205328398246E-03  0.364316013053E-04  0.108723927779E-03  0.699284121885E-04
 -0.434719365724E-04 -0.123785831570E-04 -0.246701009172E-05  0.379769220134E-04  0.392483796489E-04 -0.311159407855E-04  0.130739324227E-04
 -0.364875478832E-05 -0.113356665692E-05 -0.394486574421E-04 -0.172949873555E-03  0.196493410451E-04  0.253823793853E-06  0.175087336525E-05
  0.444843289030E-05 -0.420865974694E-05 -0.225362593665E-04  0.178563617531E-04 -0.150649369967E-04 -0.614695821976E-05  0.125953174807E-05
 -0.960493573784E-05 -0.509046082442E-05 -0.138533210504E-05  0.950059083614E-06
 -0.224894059759E-03 -0.182825359492E-03 -0.267173256833E-03  0.223864534632E-04  0.243989492425E-03  0.296837463469E-03 -0.169089975147E-03
 -0.167282108491E-03  0.200003655723E-03  0.262930771348E-03  0.517314243465E-03  0.275949449102E-03  0.605991898831E-03  0.251029583393E-03
  0.189540676331E-03  0.219562042070E-03 -0.119923596606E-03  0.105491028310E-03  0.329547534314E-03  0.826650028706E-04  0.178189819002E-03
  0.215202995391E-03  0.387667980003E-03  0.274837267546E-03  0.790869252666E-04  0.168544471016E-03  0.201320183179E-03  0.742083706339E-04
  0.886429539711E-04  0.306838631748E-03  0.207842710367E-03  0.864782178436E-04
 -0.724996978797E-03 -0.177245789218E-02 -0.109671125718E-02 -0.295288575451E-02 -0.145461596282E-03 -0.432324554330E-02  0.638276203306E-04
  0.793494355198E-04 -0.474717602774E-02  0.132993182700E-03 -0.170905872735E-03  0.457993282963E-03 -0.398907457317E-03  0.231108220691E-03
  0.613456025178E-03  0.591443512816E-03 -0.248567917092E-03 -0.314632984171E-02  0.366248211863E-03  0.251283225098E-02  0.843465518027E-03
  0.568644482371E-03 -0.279237402478E-03  0.311235306020E-03  0.259910043967E-02 -0.214644301144E-02  0.458633585014E-03  0.288407460229E-02
  0.254817758500E-02  0.240491617209E-03  0.522851462847E-03  0.238746658801E-02
        12        19        11        11
        11         5        12        12
        10        14         5         5
        19        13        11        11
        19        24        13        13
        30        23        24        24
        19        12        22        22
        28        22        21        21
        11        13         6         6
         7         6         9         9
        15        12        14        14
        18        13        23        23
        15        25        21        21
        27        19        22        22
        18         8         9         9
        27        31        24        24
         4        11         6         6
         5        14        12        12
         4         2         5         5
        21        12        15        15
        14        16        15        15
        24        19        27        27
        22        29        27        27
        23        26        18        18
        17         8        18        18
         5        11         4         4
         6         3         4         4
        26        23        30        30
         5         2        10        10
        16        14        10        10
         3         6         7         7
        21        25        28        28
        29        22        28        28
         6        13         9         9
         2         4         1         1
        31        27        32        32
        25        15        20        20
        24        23        13        13
         8         7         9         9
        13        18         9         9
        31        30        24        24
        12        21        22        22
        29        32        27        27
         3         1         4         4
        26        17        18        18
        16        20        15        15
zone t="boundary 2 bc-2", solutiontime= 0.4000000E+02, strandid=1002, i=33, j=48, f=feblock
  0.500000000000E+01  0.375000000000E+01  0.250000000000E+01  0.288078410721E+01  0.125000000000E+01  0.190974100652E+01  0.326683758169E+01
  0.201431602454E+01  0.000000000000E+00  0.963108083381E+00  0.500000000000E+01  0.403552511878E+01  0.423153924130E+01  0.500000000000E+01
  0.385533350601E+01  0.500000000000E+01  0.398173246726E+01  0.315249557942E+01  0.267000324704E+01  0.154774304040E+01  0.218329375016E+01
  0.893127759452E+00  0.000000000000E+00  0.698517061619E+00  0.964171764089E+00  0.310324758057E+01  0.000000000000E+00  0.000000000000E+00
  0.125000000000E+01  0.500000000000E+01  0.375000000000E+01  0.250000000000E+01  0.000000000000E+00
 -0.250000000000E+01 -0.250000000000E+01 -0.250000000000E+01 -0.250000000000E+01 -0.250000000000E+01 -0.250000000000E+01 -0.250000000000E+01
 -0.250000000000E+01 -0.250000000000E+01 -0.250000000000E+01 -0.250000000000E+01 -0.250000000000E+01 -0.250000000000E+01 -0.250000000000E+01
 -0.250000000000E+01 -0.250000000000E+01 -0.250000000000E+01 -0.250000000000E+01 -0.250000000000E+01 -0.250000000000E+01 -0.250000000000E+01
 -0.250000000000E+01 -0.250000000000E+01 -0.250000000000E+01 -0.250000000000E+01 -0.250000000000E+01 -0.250000000000E+01 -0.250000000000E+01
 -0.250000000000E+01 -0.250000000000E+01 -0.250000000000E+01 -0.250000000000E+01 -0.250000000000E+01
  0.000000000000E+00  0.000000000000E+00  0.000000000000E+00  0.904659890645E+00  0.000000000000E+00  0.717002441913E+00  0.188609243358E+01
  0.176246431481E+01  0.000000000000E+00  0.961328577125E+00  0.125000000000E+01  0.101201586758E+01  0.191586535653E+01  0.250000000000E+01
  0.293121848150E+01  0.375000000000E+01  0.406975391361E+01  0.363585050272E+01  0.285047954584E+01  0.292817774674E+01  0.395907379566E+01
  0.205246550326E+01  0.125000000000E+01  0.306828197606E+01  0.397245519226E+01  0.433168271247E+01  0.250000000000E+01  0.375000000000E+01
  0.500000000000E+01  0.500000000000E+01  0.500000000000E+01  0.500000000000E+01  0.500000000000E+01
  0.000000000000E+00  0.000000000000E+00  0.000000000000E+00  0.380991906500E+00  0.000000000000E+00  0.343629824950E+00  0.585286157424E+00
  0.579373264282E+00  0.000000000000E+00  0.501056069140E+00  0.508460362676E+00  0.435373026572E+00  0.572640041190E+00  0.537002098944E+00
  0.568922553870E+00  0.514994090651E+00  0.508247257160E+00  0.527252853130E+00  0.567446661127E+00  0.531657143909E+00  0.505981016593E+00
  0.520795579399E+00  0.443624103833E+00  0.490663730453E+00  0.492155873749E+00  0.501390784676E+00  0.467732355362E+00  0.488212087362E+00
  0.490002767114E+00  0.491352304715E+00  0.486075475228E+00  0.490036479234E+00  0.495098264817E+00
  0.999993487379E+00  0.999993690057E+00  0.999993543115E+00  0.989539055875E+00  0.999993137282E+00  0.985524707174E+00  0.989838908967E+00
  0.991798516580E+00  0.999992721792E+00  0.984411112416E+00  0.985091906406E+00  0.984689080896E+00  0.990058464829E+00  0.100289621837E+01
  0.999855369243E+00  0.100485306649E+01  0.100121554699E+01  0.100055642931E+01  0.997896793475E+00  0.100350029570E+01  0.100058068723E+01
  0.101093276247E+01  0.104043292670E+01  0.100326475367E+01  0.100254498742E+01  0.100045587387E+01  0.100976788415E+01  0.100405369352E+01
  0.100192656835E+01  0.100045434508E+01  0.100058774183E+01  0.100109993754E+01  0.100176112495E+01
 -0.507217361897E-03 -0.394319850819E-03 -0.204703971068E-03  0.555145062136E-02  0.566439179472E-03  0.167674022800E-01 -0.974780212886E-03
  0.436794649405E-03  0.644481125449E-03  0.763115877050E-02 -0.120439183403E-02 -0.161256898018E-02 -0.937544167824E-03 -0.807061561242E-03
 -0.593165589593E-03 -0.535150908828E-03 -0.396496778481E-03 -0.449602663737E-03 -0.797056140932E-03 -0.993139027174E-03 -0.583965534887E-03
  0.389655675646E-03  0.528455157477E-02 -0.655907649257E-03 -0.110650678709E-02 -0.713527515113E-03 -0.656028351895E-03 -0.131094260952E-02
 -0.520523514999E-02 -0.623093905284E-03 -0.238789104680E-02 -0.458057977087E-02 -0.575041648804E-02
  0.145800458610E-03 -0.411450515557E-04  0.745730170886E-06  0.941959390827E-03 -0.888966565451E-04  0.204174637408E-02  0.553111247314E-05
 -0.454723112688E-04  0.649886473690E-04  0.851963252424E-03  0.279008967868E-03  0.267907279222E-04  0.155818114472E-03  0.205832882238E-03
  0.143093561433E-03  0.125373943238E-03  0.151287208787E-03  0.126229313040E-03  0.454467482370E-04 -0.920462075427E-04  0.534438592350E-04
 -0.599510187437E-04  0.667140133363E-03 -0.467923265788E-04 -0.129848119744E-03  0.729815576622E-04 -0.163237692790E-03 -0.276257818838E-03
 -0.941901077131E-03  0.313724143931E-04 -0.240302236827E-03 -0.715620683605E-03 -0.119957673626E-02
 -0.336825008030E-04  0.382501639194E-05  0.492702110824E-04  0.112571800249E-03  0.285085675111E-04  0.193956288349E-03 -0.207438352215E-04
 -0.545522541152E-05 -0.394486574421E-04  0.550590325459E-04 -0.133796792943E-04 -0.566611167505E-04  0.234322507641E-05  0.129066102283E-05
  0.225818337341E-05 -0.256443737974E-05  0.659763461587E-06 -0.177567190907E-05  0.368065160402E-05  0.653593628984E-05 -0.290718418710E-05
  0.444001958736E-05 -0.150649369967E-04  0.112736984022E-05 -0.438757170083E-06 -0.123795520740E-05 -0.509046082442E-05 -0.138533210504E-05
 -0.726673616339E-06 -0.502685950481E-06 -0.804979286033E-07  0.394791997203E-06  0.950059083614E-06
 -0.304719484662E-04 -0.471287472501E-04 -0.667565352094E-04  0.214292870253E-03 -0.146978535334E-03  0.287705236623E-04  0.332404448162E-03
  0.430793321877E-03 -0.119923596606E-03  0.182482609126E-03  0.610358846565E-04  0.247982497522E-03  0.121488741584E-03  0.505432393281E-04
  0.124036594553E-03  0.420417217468E-04  0.115639214619E-03  0.168310715506E-03  0.208249796724E-03  0.211698107857E-03  0.191063078794E-03
  0.320956336541E-03  0.168544471016E-03  0.218068492139E-03  0.187499349064E-03  0.164224442164E-03  0.306838631748E-03  0.207842710367E-03
  0.124495838427E-03  0.662689793316E-04  0.144747396590E-03  0.156676353086E-03  0.864782178436E-04
  0.111412583902E-03  0.469748526749E-03  0.676575352045E-03 -0.249742815678E-02  0.758515804338E-03 -0.714888082458E-02  0.291058344215E-03
 -0.187569224709E-03 -0.248567917092E-03 -0.312540395129E-02  0.259016187906E-03  0.498978485130E-03  0.223385078129E-03  0.155134685357E-03
  0.113979571475E-03  0.108302474635E-03  0.545754562586E-04  0.805017298923E-04  0.222579197687E-03  0.345185976893E-03  0.155381081278E-03
 -0.163073116465E-03 -0.214644301144E-02  0.215425679730E-03  0.405185846122E-03  0.194650567444E-03  0.240491617209E-03  0.522851462847E-03
  0.211620772383E-02  0.188310086334E-03  0.896191983711E-03  0.182219275558E-02  0.238746658801E-02
        15         7        19        19
         8        20        19        19
        18        19        21        21
         7         4         8         8
         3         6         4         4
        19         7         8         8
        19        18        15        15
        14        13        15        15
         8        22        20        20
        27        24        22        22
        19        20        21        21
        32        26        21        21
        17        18        26        26
        17        16        15        15
        25        29        21        21
        12         7        13        13
        10         8         6         6
        25        20        24        24
         4         6         8         8
        12         2         4         4
        10        23        22        22
        26        31        17        17
        30        16        17        17
         4         7        12        12
        13        11        12        12
        21        20        25        25
        24        28        25        25
        22         8        10        10
         6         5        10        10
        31        26        32        32
         4         2         3         3
         5         6         3         3
        11        13        14        14
        22        23        27        27
        28        24        27        27
        15        13         7         7
         2        12         1         1
        29        25        33        33
        23        10         9         9
        21        26        18        18
        16        14        15        15
        18        17        15        15
        29        32        21        21
        22        24        20        20
        28        33        25        25
        11         1        12        12
        31        30        17        17
         5         9        10        10
zone t="boundary 3 bc-3", solutiontime= 0.4000000E+02, strandid=1003, i=33, j=48, f=feblock
  0.375000000000E+01  0.250000000000E+01  0.500000000000E+01  0.403552511878E+01  0.288078410721E+01  0.125000000000E+01  0.190974100652E+01
  0.500000000000E+01  0.326683758169E+01  0.423153924130E+01  0.201431602454E+01  0.000000000000E+00  0.963108083381E+00  0.500000000000E+01
  0.267000324704E+01  0.385533350601E+01  0.893127759452E+00  0.154774304040E+01  0.000000000000E+00  0.500000000000E+01  0.315249557942E+01
  0.218329375016E+01  0.398173246726E+01  0.000000000000E+00  0.698517061619E+00  0.964171764089E+00  0.125000000000E+01  0.000000000000E+00
  0.500000000000E+01  0.310324758057E+01  0.250000000000E+01  0.375000000000E+01  0.000000000000E+00
  0.250000000000E+01  0.250000000000E+01  0.250000000000E+01  0.250000000000E+01  0.250000000000E+01  0.250000000000E+01  0.250000000000E+01
  0.250000000000E+01  0.250000000000E+01  0.250000000000E+01  0.250000000000E+01  0.250000000000E+01  0.250000000000E+01  0.250000000000E+01
  0.250000000000E+01  0.250000000000E+01  0.250000000000E+01  0.250000000000E+01  0.250000000000E+01  0.250000000000E+01  0.250000000000E+01
  0.250000000000E+01  0.250000000000E+01  0.250000000000E+01  0.250000000000E+01  0.250000000000E+01  0.250000000000E+01  0.250000000000E+01
  0.250000000000E+01  0.250000000000E+01  0.250000000000E+01  0.250000000000E+01  0.250000000000E+01
  0.000000000000E+00  0.000000000000E+00  0.000000000000E+00  0.101201586758E+01  0.904659890645E+00  0.000000000000E+00  0.717002441913E+00
  0.125000000000E+01  0.188609243358E+01  0.191586535653E+01  0.176246431481E+01  0.000000000000E+00  0.961328577125E+00  0.250000000000E+01
  0.285047954584E+01  0.293121848150E+01  0.205246550326E+01  0.292817774674E+01  0.125000000000E+01  0.375000000000E+01  0.363585050272E+01
  0.395907379566E+01  0.406975391361E+01  0.250000000000E+01  0.306828197606E+01  0.397245519226E+01  0.500000000000E+01  0.375000000000E+01
  0.500000000000E+01  0.433168271247E+01  0.500000000000E+01  0.500000000000E+01  0.500000000000E+01
  0.000000000000E+00  0.000000000000E+00  0.000000000000E+00  0.443767745459E+00  0.402286944574E+00  0.000000000000E+00  0.377550369545E+00
  0.509232128688E+00  0.575832179754E+00  0.573707405285E+00  0.562554064412E+00  0.000000000000E+00  0.490563299840E+00  0.534527096543E+00
  0.556586982170E+00  0.564391577749E+00  0.522730517385E+00  0.522052000170E+00  0.441238348384E+00  0.517182331791E+00  0.524228630763E+00
  0.503687457534E+00  0.509488571178E+00  0.469814974359E+00  0.495614442414E+00  0.494483780212E+00  0.488562428343E+00  0.488961654628E+00
  0.492980744788E+00  0.499005552222E+00  0.486460936507E+00  0.484596927548E+00  0.495346592024E+00
  0.999989339439E+00  0.999989408764E+00  0.999989626853E+00  0.981541895460E+00  0.988773990194E+00  0.999989827144E+00  0.982469462434E+00
  0.984104309047E+00  0.990427545862E+00  0.990355285694E+00  0.994362997073E+00  0.999990295028E+00  0.988652071037E+00  0.100368369414E+01
  0.999769197113E+00  0.100118501219E+01  0.100834885320E+01  0.100252111043E+01  0.102982719499E+01  0.100443319461E+01  0.100199536635E+01
  0.100082056599E+01  0.100138192342E+01  0.100826277309E+01  0.100298787130E+01  0.100192389555E+01  0.100215267510E+01  0.100355660048E+01
  0.100047670023E+01  0.100056591053E+01  0.100126820231E+01  0.100066573360E+01  0.100179336279E+01
 -0.317004396050E-03  0.156012754595E-03 -0.448454160547E-03  0.225381231296E-02  0.892420041947E-02  0.522164532751E-03  0.807893574753E-02
 -0.153741198539E-02 -0.799849620699E-03 -0.100595343192E-02  0.138844301756E-02  0.896176129047E-03  0.558329805791E-02 -0.771732632572E-03
 -0.853675955107E-03 -0.655423167366E-03 -0.129831213034E-04 -0.791866953115E-03  0.429454502101E-02 -0.539849545997E-03 -0.408941696975E-03
 -0.535341395681E-03 -0.415325044111E-03 -0.334058801228E-03 -0.679273756963E-03 -0.141876401730E-02 -0.452809863148E-02 -0.147251285055E-02
 -0.517634212010E-03 -0.642497063475E-03 -0.421864673297E-02 -0.227491410915E-02 -0.605197402702E-02
 -0.540289754350E-04 -0.712856901550E-04  0.115066007471E-03  0.691120430382E-03  0.125998038488E-02 -0.121088592780E-03  0.919338822874E-03
  0.255306629808E-03  0.372538509307E-04  0.154651037937E-03  0.477018161895E-04  0.237252990017E-04  0.360914167318E-03  0.202521169073E-03
  0.208000071954E-04  0.121393960921E-03 -0.194173578924E-03 -0.570397523044E-04  0.606159222450E-03  0.132990483196E-03  0.124389062207E-03
  0.714043971112E-04  0.140788510464E-03 -0.138911385828E-03 -0.148905006080E-03 -0.178055233502E-03 -0.801766919285E-03 -0.327302519881E-03
  0.480826298869E-04  0.817129779320E-04 -0.648572746036E-03 -0.222724310062E-03 -0.124552215484E-02
 -0.772940680792E-05  0.134782529924E-04  0.137370397022E-04 -0.445706598309E-04 -0.122020035330E-03  0.479688788204E-04  0.286752696043E-04
 -0.404174316318E-06 -0.142290457858E-04  0.147650207673E-05 -0.408148486893E-05  0.514747945045E-04  0.763662603006E-04  0.496660466665E-05
  0.237347260104E-06  0.106799121757E-05 -0.215017616468E-04 -0.879670905953E-05  0.181727474085E-04  0.289312344529E-05  0.106227144278E-05
  0.616352883264E-05  0.153904765501E-06 -0.246701009172E-05 -0.630727063197E-05  0.113623411843E-05  0.249302544745E-05 -0.113356665692E-05
  0.112215786697E-05  0.118547254816E-07  0.635773080503E-06 -0.971419534721E-07  0.253823793853E-06
 -0.681190900161E-04 -0.127027633442E-03 -0.392640967898E-04  0.881381097074E-04  0.158292504264E-03 -0.120986161225E-03  0.562996144104E-04
  0.497109730468E-04  0.287823695034E-03  0.136199222285E-03  0.426716576085E-03 -0.224894059759E-03  0.144747497583E-03  0.560875998834E-04
  0.170333717156E-03  0.131386007475E-03  0.375616491997E-03  0.189705734592E-03 -0.182825359492E-03  0.533619307849E-04  0.162043359038E-03
  0.174922701928E-03  0.120291157627E-03  0.262930771348E-03  0.258243188200E-03  0.179878868629E-03  0.129843212614E-03  0.219562042070E-03
  0.605308552993E-04  0.159598988337E-03  0.156042973750E-03  0.141097510484E-03  0.826650028706E-04
  0.101808866657E-02  0.412760711183E-03  0.211186387965E-03 -0.120331073634E-02 -0.388814851135E-02  0.158034678780E-04 -0.337230664978E-02
  0.389130634081E-03  0.227034702929E-03  0.251993617459E-03 -0.560871390095E-03 -0.724996978797E-03 -0.219326759767E-02  0.145188140135E-03
  0.254971174096E-03  0.144415740553E-03  0.162733975564E-04  0.261362859749E-03 -0.177245789218E-02  0.105732284134E-03  0.662959725615E-04
  0.133301295523E-03  0.656316723259E-04  0.132993182700E-03  0.242077694123E-03  0.532059204117E-03  0.183002632850E-02  0.591443512816E-03
  0.146261939323E-03  0.167826869853E-03  0.167252435220E-02  0.850605411788E-03  0.251283225098E-02
        15         9        16        16
        15        18        11        11
        22        15        21        21
        11         5         9         9
         5         7         2         2
        11         9        15        15
        16        21        15        15
        16        10        14        14
        18        17        11        11
        17        25        24        24
        22        18        15        15
        22        30        31        31
        30        21        23        23
        16        20        23        23
        22        27        26        26
        10         9         4         4
         7        11        13        13
        25        18        26        26
        11         7         5         5
         5         1         4         4
        17        19        13        13
        23        32        30        30
        23        20        29        29
         4         9         5         5
         4         8        10        10
        26        18        22        22
        26        28        25        25
        13        11        17        17
        13         6         7         7
        31        30        32        32
         2         1         5         5
         2         7         6         6
        14        10         8         8
        24        19        17        17
        24        25        28        28
         9        10        16        16
         3         4         1         1
        33        26        27        27
        12        13        19        19
        21        30        22        22
        16        14        20        20
        16        23        21        21
        22        31        27        27
        18        25        17        17
        26        33        28        28
         4         3         8         8
        23        29        32        32
        13        12         6         6
zone t="boundary 4 bc-4", solutiontime= 0.4000000E+02, strandid=1004, i=32, j=46, f=feblock
  0.125000000000E+01  0.219251206392E+01  0.103724302461E+01  0.500000000000E+01  0.250000000000E+01  0.375000000000E+01  0.404200324774E+01
  0.500000000000E+01  0.000000000000E+00  0.310152362409E+01  0.202479342020E+01  0.324151231464E+01  0.922061490191E+00  0.000000000000E+00
  0.299062775774E+01  0.394624082883E+01  0.500000000000E+01  0.409252726285E+01  0.500000000000E+01  0.429310310915E+01  0.175434191980E+01
  0.284428995242E+01  0.000000000000E+00  0.000000000000E+00  0.715990576545E+00  0.930412228790E+00  0.125000000000E+01  0.187029682677E+01
  0.500000000000E+01  0.375000000000E+01  0.250000000000E+01  0.000000000000E+00
  0.250000000000E+01  0.157686156160E+01  0.146289271009E+01  0.250000000000E+01  0.250000000000E+01  0.250000000000E+01  0.155830813274E+01
  0.125000000000E+01  0.250000000000E+01  0.177790177481E+01  0.477386199275E+00  0.742988685424E+00  0.308372018325E+00  0.125000000000E+01
 -0.487811078581E+00 -0.144524380962E+01 -0.125000000000E+01 -0.345533899378E+00  0.000000000000E+00  0.627766083140E+00 -0.739814786992E+00
 -0.158811787973E+01  0.000000000000E+00 -0.125000000000E+01 -0.600232012419E+00 -0.154800130438E+01 -0.250000000000E+01 -0.178862290564E+01
 -0.250000000000E+01 -0.250000000000E+01 -0.250000000000E+01 -0.250000000000E+01
  0.500000000000E+01  0.500000000000E+01  0.500000000000E+01  0.500000000000E+01  0.500000000000E+01  0.500000000000E+01  0.500000000000E+01
  0.500000000000E+01  0.500000000000E+01  0.500000000000E+01  0.500000000000E+01  0.500000000000E+01  0.500000000000E+01  0.500000000000E+01
  0.500000000000E+01  0.500000000000E+01  0.500000000000E+01  0.500000000000E+01  0.500000000000E+01  0.500000000000E+01  0.500000000000E+01
  0.500000000000E+01  0.500000000000E+01  0.500000000000E+01  0.500000000000E+01  0.500000000000E+01  0.500000000000E+01  0.500000000000E+01
  0.500000000000E+01  0.500000000000E+01  0.500000000000E+01  0.500000000000E+01
  0.488562428343E+00  0.488873127044E+00  0.490562939264E+00  0.492980744788E+00  0.486460936507E+00  0.484596927548E+00  0.485347896276E+00
  0.494163542317E+00  0.495346592024E+00  0.486528232758E+00  0.487819998460E+00  0.487068916091E+00  0.494045904395E+00  0.496127394917E+00
  0.487612357629E+00  0.483219722850E+00  0.492395510969E+00  0.487214141159E+00  0.494738985333E+00  0.487958525499E+00  0.489677249447E+00
  0.488029107105E+00  0.497246279768E+00  0.496059270892E+00  0.494951052257E+00  0.492800373677E+00  0.490002767114E+00  0.490005124553E+00
  0.491352304715E+00  0.486075475228E+00  0.490036479234E+00  0.495098264817E+00
  0.100215267510E+01  0.100152652958E+01  0.100178347660E+01  0.100047670023E+01  0.100126820231E+01  0.100066573360E+01  0.100025357725E+01
  0.100050391679E+01  0.100179336279E+01  0.100112367258E+01  0.100133045248E+01  0.100072432973E+01  0.100164366725E+01  0.100168844809E+01
  0.100096274503E+01  0.100000874853E+01  0.100082864314E+01  0.100022269190E+01  0.100062146074E+01  0.100023497311E+01  0.100174635719E+01
  0.100098855496E+01  0.100118726928E+01  0.100134171022E+01  0.100132635956E+01  0.100179873777E+01  0.100192656835E+01  0.100163748619E+01
  0.100045434508E+01  0.100058774183E+01  0.100109993754E+01  0.100176112495E+01
 -0.452809863148E-02 -0.439454545593E-02 -0.453469262012E-02 -0.517634212010E-03 -0.421864673297E-02 -0.227491410915E-02 -0.158257569797E-02
 -0.515690579976E-03 -0.605197402702E-02 -0.349922263579E-02 -0.474670321557E-02 -0.331509426115E-02 -0.555276428204E-02 -0.624898007982E-02
 -0.376696869392E-02 -0.156208799454E-02 -0.601909595949E-03 -0.197240566975E-02 -0.485499805719E-03 -0.195261128798E-02 -0.588046745855E-02
 -0.357313120824E-02 -0.691382574592E-02 -0.612201522352E-02 -0.644923377638E-02 -0.517834242643E-02 -0.520523514999E-02 -0.550259121357E-02
 -0.623093905284E-03 -0.238789104680E-02 -0.458057977087E-02 -0.575041648804E-02
 -0.801766919285E-03 -0.710497005100E-03 -0.815124685362E-03  0.480826298869E-04 -0.648572746036E-03 -0.222724310062E-03 -0.979776565677E-04
  0.370705720169E-04 -0.124552215484E-02 -0.475123282224E-03 -0.777558995402E-03 -0.433557739572E-03 -0.101490486554E-02 -0.131014823066E-02
 -0.528841674053E-03 -0.948648396637E-04  0.381168992543E-04 -0.171141506761E-03  0.384921457404E-04 -0.170535710446E-03 -0.101909097852E-02
 -0.490763454271E-03 -0.145434740334E-02 -0.128389497318E-02 -0.122879915624E-02 -0.966050341650E-03 -0.941901077131E-03 -0.941126043632E-03
  0.313724143931E-04 -0.240302236827E-03 -0.715620683605E-03 -0.119957673626E-02
  0.249302544745E-05  0.954179192800E-05  0.109599886414E-04  0.112215786697E-05  0.635773080503E-06 -0.971419534721E-07  0.319802527744E-05
 -0.254926359199E-05  0.253823793853E-06  0.512923342878E-05  0.125436717181E-04  0.484791428432E-05  0.157645384115E-04  0.178563617531E-04
 -0.227558428960E-05 -0.519339765421E-05 -0.235226867207E-05 -0.831217543049E-05  0.534936006933E-07 -0.110073221370E-05 -0.187961741893E-05
 -0.221174584783E-05  0.125953174807E-05 -0.960493573784E-05 -0.335898016327E-05 -0.120197555036E-04 -0.726673616339E-06 -0.114722683008E-04
 -0.502685950481E-06 -0.804979286033E-07  0.394791997203E-06  0.950059083614E-06
  0.129843212614E-03  0.154925958625E-03  0.124488855612E-03  0.605308552993E-04  0.156042973750E-03  0.141097510484E-03  0.127645652445E-03
  0.550023679946E-04  0.826650028706E-04  0.158022233905E-03  0.151465391549E-03  0.160643717927E-03  0.119667876438E-03  0.790869252666E-04
  0.159752382100E-03  0.131892528545E-03  0.631234248371E-04  0.131454137940E-03  0.525049864331E-04  0.119368847824E-03  0.143716365896E-03
  0.162703479300E-03  0.742083706339E-04  0.886429539711E-04  0.101955900097E-03  0.118362590653E-03  0.124495838427E-03  0.141893866951E-03
  0.662689793316E-04  0.144747396590E-03  0.156676353086E-03  0.864782178436E-04
  0.183002632850E-02  0.175208568726E-02  0.184001860283E-02  0.146261939323E-03  0.167252435220E-02  0.850605411788E-03  0.565100163340E-03
  0.150600254370E-03  0.251283225098E-02  0.136349042279E-02  0.189975363052E-02  0.128580966325E-02  0.226628278625E-02  0.259910043967E-02
  0.147585965769E-02  0.556147165471E-03  0.178460813313E-03  0.728345519078E-03  0.139793785045E-03  0.724461210944E-03  0.237810656329E-02
  0.139382682812E-02  0.288407460229E-02  0.254817758500E-02  0.265372117002E-02  0.211529134509E-02  0.211620772383E-02  0.222077867268E-02
  0.188310086334E-03  0.896191983711E-03  0.182219275558E-02  0.238746658801E-02
        12        15        11        11
        11         2        12        12
         5        10         2         2
        15        21        11        11
        15        22        21        21
        31        28        22        22
        15        12        18        18
        19        18        20        20
        11        21        13        13
        23        13        25        25
         7        12        10        10
        26        21        28        28
         7         8        20        20
        16        15        18        18
        26        24        25        25
        16        30        22        22
         3        11        13        13
         2        10        12        12
         3         1         2         2
        20        12         7         7
        10         6         7         7
        22        15        16        16
        18        17        16        16
        28        27        26        26
        32        24        26        26
         2        11         3         3
        13        14         3         3
        27        28        31        31
         2         1         5         5
         6        10         5         5
        14        13        23        23
        20         8        19        19
        17        18        19        19
        13        21        25        25
         1         3         9         9
        30        16        29        29
         8         7         4         4
        22        28        21        21
        24        23        25        25
        21        26        25        25
        30        31        22        22
        12        20        18        18
        17        29        16        16
        14         9         3         3
        27        32        26        26
         6         4         7         7
zone t="boundary 5 bc-5", solutiontime= 0.4000000E+02, strandid=1005, i=33, j=48, f=feblock
  0.500000000000E+01  0.500000000000E+01  0.500000000000E+01  0.500000000000E+01  0.500000000000E+01  0.500000000000E+01  0.500000000000E+01
  0.500000000000E+01  0.500000000000E+01  0.500000000000E+01  0.500000000000E+01  0.500000000000E+01  0.500000000000E+01  0.500000000000E+01
  0.500000000000E+01  0.500000000000E+01  0.500000000000E+01  0.500000000000E+01  0.500000000000E+01  0.500000000000E+01  0.500000000000E+01
  0.500000000000E+01  0.500000000000E+01  0.500000000000E+01  0.500000000000E+01  0.500000000000E+01  0.500000000000E+01  0.500000000000E+01
  0.500000000000E+01  0.500000000000E+01  0.500000000000E+01  0.500000000000E+01  0.500000000000E+01
  0.250000000000E+01  0.125000000000E+01  0.250000000000E+01  0.157899473280E+01  0.000000000000E+00  0.659350882208E+00  0.250000000000E+01
  0.173899611320E+01  0.825621401394E+00  0.132549389334E+01 -0.125000000000E+01 -0.322732261638E+00  0.250000000000E+01  0.490615021923E-01
 -0.873141960959E+00  0.350800286361E+00  0.145332269920E+01 -0.250000000000E+01 -0.147959633950E+01  0.250000000000E+01 -0.857924212153E+00
 -0.165007033378E+01  0.518568023061E+00 -0.461282870254E+00  0.125000000000E+01 -0.250000000000E+01 -0.183684615440E+01 -0.158398995423E+01
 -0.250000000000E+01 -0.250000000000E+01 -0.125000000000E+01  0.000000000000E+00 -0.250000000000E+01
  0.000000000000E+00  0.000000000000E+00  0.125000000000E+01  0.905837536509E+00  0.000000000000E+00  0.735450417037E+00  0.250000000000E+01
  0.182727219356E+01  0.162230260845E+01  0.280856328277E+01  0.000000000000E+00  0.109945440014E+01  0.375000000000E+01  0.227317933631E+01
  0.189599568386E+01  0.342819755379E+01  0.403384942830E+01  0.000000000000E+00  0.104050588738E+01  0.500000000000E+01  0.297954017413E+01
  0.214587157439E+01  0.430969386006E+01  0.408642231822E+01  0.500000000000E+01  0.125000000000E+01  0.304506426164E+01  0.398205049073E+01
  0.250000000000E+01  0.375000000000E+01  0.500000000000E+01  0.500000000000E+01  0.500000000000E+01
  0.000000000000E+00  0.000000000000E+00  0.509232128688E+00  0.472098749751E+00  0.000000000000E+00  0.480805629297E+00  0.534527096543E+00
  0.535829284544E+00  0.535479021387E+00  0.540786045491E+00  0.000000000000E+00  0.510356197485E+00  0.517182331791E+00  0.539187577880E+00
  0.542979820827E+00  0.529277379004E+00  0.511036765470E+00  0.000000000000E+00  0.495604789636E+00  0.492980744788E+00  0.531173388087E+00
  0.533778472990E+00  0.505621127769E+00  0.512004182097E+00  0.494163542317E+00  0.508460362676E+00  0.529554208813E+00  0.511911000444E+00
  0.537002098944E+00  0.514994090651E+00  0.492395510969E+00  0.494738985333E+00  0.491352304715E+00
  0.999989626853E+00  0.999990280142E+00  0.984104309047E+00  0.976444106158E+00  0.999991490088E+00  0.959042327528E+00  0.100368369414E+01
  0.994429506663E+00  0.991216393836E+00  0.100355187734E+01  0.999992820913E+00  0.971537544369E+00  0.100443319461E+01  0.100528531017E+01
  0.997216648600E+00  0.100662940615E+01  0.100305331035E+01  0.999993487379E+00  0.973515985336E+00  0.100047670023E+01  0.100763862604E+01
  0.100128631826E+01  0.100314049598E+01  0.100383220486E+01  0.100050391679E+01  0.985091906406E+00  0.100596550881E+01  0.100387951332E+01
  0.100289621837E+01  0.100485306649E+01  0.100082864314E+01  0.100062146074E+01  0.100045434508E+01
 -0.448454160547E-03 -0.393283240450E-03 -0.153741198539E-02 -0.191656019505E-02 -0.468655474687E-03 -0.769463430538E-03 -0.771732632572E-03
 -0.100694867458E-02 -0.115224531542E-02 -0.682306479445E-03 -0.369446942998E-03 -0.992325726742E-03 -0.539849545997E-03 -0.835490205496E-03
 -0.964602472866E-03 -0.565193897513E-03 -0.436132042572E-03 -0.507217361897E-03 -0.959619816162E-03 -0.517634212010E-03 -0.671948049618E-03
 -0.916598735371E-03 -0.350388108819E-03 -0.390859970128E-03 -0.515690579976E-03 -0.120439183403E-02 -0.668433604007E-03 -0.436877890045E-03
 -0.807061561242E-03 -0.535150908828E-03 -0.601909595949E-03 -0.485499805719E-03 -0.623093905284E-03
  0.115066007471E-03  0.113742517234E-03  0.255306629808E-03  0.247545617231E-03  0.154200125737E-03  0.598504947964E-03  0.202521169073E-03
  0.259037172348E-03  0.289905545800E-03  0.187243480378E-03  0.150697832064E-03  0.429456128863E-03  0.132990483196E-03  0.221411120525E-03
  0.262675910141E-03  0.157245432985E-03  0.132366920001E-03  0.145800458610E-03  0.466835266032E-03  0.480826298869E-04  0.174924486942E-03
  0.236987768165E-03  0.116921115786E-03  0.138117713008E-03  0.370705720169E-04  0.279008967868E-03  0.165547500850E-03  0.138573357870E-03
  0.205832882238E-03  0.125373943238E-03  0.381168992543E-04  0.384921457404E-04  0.313724143931E-04
  0.137370397022E-04  0.186385088817E-04 -0.404174316318E-06  0.438233940438E-04 -0.259153325404E-04  0.155448806972E-04  0.496660466665E-05
  0.207261420868E-04  0.145347829482E-04  0.441344301462E-05 -0.298985320533E-05 -0.461693677277E-04  0.289312344529E-05 -0.844864162464E-05
 -0.727595318773E-05  0.467768448345E-05  0.148364177861E-05 -0.336825008030E-04 -0.283709381909E-05  0.112215786697E-05 -0.590129318640E-05
 -0.184932008425E-04  0.585283536124E-06  0.195512292967E-06 -0.254926359199E-05 -0.133796792943E-04 -0.281409990306E-06 -0.507487128787E-05
  0.129066102283E-05 -0.256443737974E-05 -0.235226867207E-05  0.534936006933E-07 -0.502685950481E-06
 -0.392640967898E-04 -0.619465536027E-04  0.497109730468E-04  0.252889053916E-04 -0.706330353266E-04 -0.691135697353E-04  0.560875998834E-04
  0.667796867305E-04  0.117648627060E-03  0.631854758472E-04 -0.563492615895E-04  0.818104526605E-05  0.533619307849E-04  0.558294536971E-04
  0.784453421467E-04  0.386789942614E-04  0.570893878810E-04 -0.304719484662E-04  0.705468398958E-05  0.605308552993E-04  0.402981913699E-04
  0.657153987242E-04  0.406981457350E-04  0.488169869867E-04  0.550023679946E-04  0.610358846565E-04  0.356745707505E-04  0.472866010901E-04
  0.505432393281E-04  0.420417217468E-04  0.631234248371E-04  0.525049864331E-04  0.662689793316E-04
  0.211186387965E-03  0.589679478503E-03  0.389130634081E-03  0.533372116670E-03  0.489348320525E-03 -0.651990455296E-04  0.145188140135E-03
  0.197149887362E-03  0.237543470435E-03  0.123837717003E-03  0.531458517295E-03  0.999686680180E-04  0.105732284134E-03  0.154249920144E-03
  0.180105305384E-03  0.102171251349E-03  0.754836510606E-04  0.111412583902E-03  0.795483285116E-04  0.146261939323E-03  0.126228454008E-03
  0.174672321215E-03  0.546410189685E-04  0.584694509757E-04  0.150600254370E-03  0.259016187906E-03  0.129773128915E-03  0.739049012154E-04
  0.155134685357E-03  0.108302474635E-03  0.178460813313E-03  0.139793785045E-03  0.188310086334E-03
        12        15        14        14
        21        16        14        14
         9        14        10        10
        15        22        21        21
        29        27        22        22
        14        16        10        10
         7         8        10        10
        14        15        21        21
        14         9        12        12
         5        12         6         6
        21        24        16        16
        32        23        24        24
        28        21        27        27
        17        16        23        23
        28        31        24        24
        19        15        12        12
         4         2         6         6
         4         9         8         8
        10         8         9         9
        17        13        10        10
        19        26        22        22
        10        16        17        17
        23        25        17        17
        22        15        19        19
        12        11        19        19
        27        30        28        28
        33        31        28        28
         6         9         4         4
         8         3         4         4
        25        23        32        32
        10        13         7         7
         3         8         7         7
        30        27        29        29
         6         2         5         5
        11        12         5         5
        24        23        16        16
        13        17        20        20
        26        19        18        18
         2         4         1         1
        22        27        21        21
        31        32        24        24
        21        28        24        24
        26        29        22        22
         9         6        12        12
        11        18        19        19
        25        20        17        17
        30        33        28        28
         3         1         4         4
zone t="boundary 6 bc-6", solutiontime= 0.4000000E+02, strandid=1006, i=33, j=48, f=feblock
  0.375000000000E+01  0.250000000000E+01  0.500000000000E+01  0.403384942830E+01  0.280856328277E+01  0.125000000000E+01  0.182727219356E+01
  0.500000000000E+01  0.430969386006E+01  0.342819755379E+01  0.227317933631E+01  0.162230260845E+01  0.000000000000E+00  0.905837536509E+00
  0.500000000000E+01  0.408642231822E+01  0.297954017413E+01  0.189599568386E+01  0.109945440014E+01  0.735450417037E+00  0.000000000000E+00
  0.500000000000E+01  0.398205049073E+01  0.304506426164E+01  0.214587157439E+01  0.104050588738E+01  0.000000000000E+00  0.000000000000E+00
  0.500000000000E+01  0.375000000000E+01  0.250000000000E+01  0.125000000000E+01  0.000000000000E+00
  0.250000000000E+01  0.250000000000E+01  0.250000000000E+01  0.145332269920E+01  0.132549389334E+01  0.250000000000E+01  0.173899611320E+01
  0.125000000000E+01  0.518568023061E+00  0.350800286361E+00  0.490615021923E-01  0.825621401394E+00  0.250000000000E+01  0.157899473280E+01
  0.000000000000E+00 -0.461282870254E+00 -0.857924212153E+00 -0.873141960959E+00 -0.322732261638E+00  0.659350882208E+00  0.125000000000E+01
 -0.125000000000E+01 -0.158398995423E+01 -0.183684615440E+01 -0.165007033378E+01 -0.147959633950E+01  0.000000000000E+00 -0.125000000000E+01
 -0.250000000000E+01 -0.250000000000E+01 -0.250000000000E+01 -0.250000000000E+01 -0.250000000000E+01
  0.000000000000E+00  0.000000000000E+00  0.000000000000E+00  0.000000000000E+00  0.000000000000E+00  0.000000000000E+00  0.000000000000E+00
  0.000000000000E+00  0.000000000000E+00  0.000000000000E+00  0.000000000000E+00  0.000000000000E+00  0.000000000000E+00  0.000000000000E+00
  0.000000000000E+00  0.000000000000E+00  0.000000000000E+00  0.000000000000E+00  0.000000000000E+00  0.000000000000E+00  0.000000000000E+00
  0.000000000000E+00  0.000000000000E+00  0.000000000000E+00  0.000000000000E+00  0.000000000000E+00  0.000000000000E+00  0.000000000000E+00
  0.000000000000E+00  0.000000000000E+00  0.000000000000E+00  0.000000000000E+00  0.000000000000E+00
  0.000000000000E+00  0.000000000000E+00  0.000000000000E+00  0.000000000000E+00  0.000000000000E+00  0.000000000000E+00  0.000000000000E+00
  0.000000000000E+00  0.000000000000E+00  0.000000000000E+00  0.000000000000E+00  0.000000000000E+00  0.000000000000E+00  0.000000000000E+00
  0.000000000000E+00  0.000000000000E+00  0.000000000000E+00  0.000000000000E+00  0.000000000000E+00  0.000000000000E+00  0.000000000000E+00
  0.000000000000E+00  0.000000000000E+00  0.000000000000E+00  0.000000000000E+00  0.000000000000E+00  0.000000000000E+00  0.000000000000E+00
  0.000000000000E+00  0.000000000000E+00  0.000000000000E+00  0.000000000000E+00  0.000000000000E+00
  0.999989339439E+00  0.999989408764E+00  0.999989626853E+00  0.999989597857E+00  0.999989617537E+00  0.999989827144E+00  0.999989796486E+00
  0.999990280142E+00  0.999990683073E+00  0.999990488857E+00  0.999991229255E+00  0.999990579939E+00  0.999990295028E+00  0.999990369758E+00
  0.999991490088E+00  0.999992140430E+00  0.999992688838E+00  0.999992317107E+00  0.999991643787E+00  0.999990917154E+00  0.999990757903E+00
  0.999992820913E+00  0.999993395481E+00  0.999993478885E+00  0.999993152857E+00  0.999992518335E+00  0.999991416700E+00  0.999992168096E+00
  0.999993487379E+00  0.999993690057E+00  0.999993543115E+00  0.999993137282E+00  0.999992721792E+00
 -0.317004396050E-03  0.156012754595E-03 -0.448454160547E-03 -0.418122321507E-03 -0.567779669357E-04  0.522164532751E-03  0.201513450422E-03
 -0.393283240450E-03 -0.447270518105E-03 -0.307286543418E-03  0.245204797555E-04  0.195039077071E-03  0.896176129047E-03  0.636458916382E-03
 -0.468655474687E-03 -0.493698404441E-03 -0.125601329762E-03  0.301915261887E-03  0.316898547354E-03  0.611416141296E-03  0.114859534392E-02
 -0.369446942998E-03 -0.461354967083E-03 -0.150855775676E-04  0.496697306332E-04  0.467991560616E-03  0.978201857971E-03  0.419746595785E-03
 -0.507217361897E-03 -0.394319850819E-03 -0.204703971068E-03  0.566439179472E-03  0.644481125449E-03
 -0.540289754350E-04 -0.712856901550E-04  0.115066007471E-03 -0.355614922934E-04 -0.185721147674E-03 -0.121088592780E-03 -0.482033047670E-04
  0.113742517234E-03 -0.141624093187E-04 -0.101760059511E-03 -0.129064481972E-03 -0.106365527920E-03  0.237252990017E-04 -0.213312483851E-03
  0.154200125737E-03  0.166105906449E-04 -0.129193703921E-03 -0.148220759786E-03 -0.174797684443E-03 -0.197382135150E-03  0.483596614481E-04
  0.150697832064E-03 -0.116715692136E-04 -0.139852928545E-03 -0.134936778011E-03 -0.149723771954E-03  0.730825082208E-04  0.729742486737E-04
  0.145800458610E-03 -0.411450515557E-04  0.745730170886E-06 -0.888966565451E-04  0.649886473690E-04
 -0.772940680792E-05  0.134782529924E-04  0.137370397022E-04 -0.211178751889E-04  0.334825988737E-04  0.479688788204E-04  0.333591963851E-04
  0.186385088817E-04  0.698706740697E-05  0.218729617553E-04 -0.111408879615E-04  0.110654395134E-04  0.514747945045E-04  0.348218009028E-04
 -0.259153325404E-04 -0.918504214125E-05 -0.101554971229E-03 -0.991348909438E-04 -0.160194284899E-03  0.194105343958E-04  0.676187187705E-04
 -0.298985320533E-05  0.859595488635E-05  0.566137398744E-04  0.135432279211E-03 -0.458027306604E-05  0.699284121885E-04 -0.434719365724E-04
 -0.336825008030E-04  0.382501639194E-05  0.492702110824E-04  0.285085675111E-04 -0.394486574421E-04
 -0.681190900161E-04 -0.127027633442E-03 -0.392640967898E-04 -0.139948093889E-03 -0.238892712290E-03 -0.120986161225E-03 -0.154304969259E-03
 -0.619465536027E-04 -0.863354958153E-04 -0.117309748619E-03 -0.230720350812E-03 -0.336344681426E-03 -0.224894059759E-03 -0.145735820558E-03
 -0.706330353266E-04 -0.741542319852E-04 -0.171584503062E-03 -0.255694626676E-03 -0.552764690702E-03 -0.249642093736E-03 -0.267173256833E-03
 -0.563492615895E-04 -0.832348921593E-04 -0.117279623079E-03 -0.206681395622E-03 -0.381376961375E-03 -0.169089975147E-03 -0.167282108491E-03
 -0.304719484662E-04 -0.471287472501E-04 -0.667565352094E-04 -0.146978535334E-03 -0.119923596606E-03
  0.101808866657E-02  0.412760711183E-03  0.211186387965E-03  0.532274097309E-03  0.108427137674E-02  0.158034678780E-04  0.622451501630E-03
  0.589679478503E-03  0.202938831224E-03  0.832228031442E-03  0.113598798052E-02  0.376013728396E-03 -0.724996978797E-03  0.149463403837E-02
  0.489348320525E-03  0.528589312645E-03  0.137444809687E-02  0.287297856615E-03  0.567511176114E-03  0.916579098569E-03 -0.109671125718E-02
  0.531458517295E-03  0.109953704349E-02 -0.934636893418E-04  0.289175739709E-03 -0.142194684762E-03  0.638276203306E-04  0.793494355198E-04
  0.111412583902E-03  0.469748526749E-03  0.676575352045E-03  0.758515804338E-03 -0.248567917092E-03
        19        18        11        11
        17        10        11        11
        12        11         5         5
        18        25        17        17
        31        24        25        25
        11        10         5         5
         2         7         5         5
        11        18        17        17
        11        12        19        19
        27        19        20        20
        17        16        10        10
        15         9        16        16
        23        17        24        24
         4        10         9         9
        23        22        16        16
        26        18        19        19
        14        21        20        20
        14        12         7         7
         5         7        12        12
         4         1         5         5
        26        32        25        25
         5        10         4         4
         9         8         4         4
        25        18        26        26
        19        28        26        26
        24        30        23        23
        29        22        23        23
        20        12        14        14
         7         6        14        14
         8         9        15        15
         5         1         2         2
         6         7         2         2
        30        24        31        31
        20        21        27        27
        28        19        27        27
        16         9        10        10
         1         4         3         3
        32        26        33        33
        21        14        13        13
        25        24        17        17
        22        15        16        16
        17        23        16        16
        32        31        25        25
        12        20        19        19
        28        33        26        26
         8         3         4         4
        30        29        23        23
         6        13        14        14
