title="tecplot geometry and solution file"
variables = x y z mach temperature lambda1 lambda2 lambda3 lambda4 lambda5
zone t="boundary 1 bc-1", solutiontime= 0.1000000E+02, strandid=1001, i=32, j=46, f=feblock
  0.000000000000E+00  0.000000000000E+00  0.000000000000E+00  0.000000000000E+00  0.000000000000E+00  0.000000000000E+00  0.000000000000E+00
  0.000000000000E+00  0.000000000000E+00  0.000000000000E+00  0.000000000000E+00  0.000000000000E+00  0.000000000000E+00  0.000000000000E+00
  0.000000000000E+00  0.000000000000E+00  0.000000000000E+00  0.000000000000E+00  0.000000000000E+00  0.000000000000E+00  0.000000000000E+00
  0.000000000000E+00  0.000000000000E+00  0.000000000000E+00  0.000000000000E+00  0.000000000000E+00  0.000000000000E+00  0.000000000000E+00
  0.000000000000E+00  0.000000000000E+00  0.000000000000E+00  0.000000000000E+00
  0.250000000000E+01  0.250000000000E+01  0.125000000000E+01  0.146289271009E+01  0.157686156160E+01  0.308372018325E+00  0.000000000000E+00
 -0.125000000000E+01 -0.600232012419E+00  0.250000000000E+01  0.477386199275E+00  0.742988685424E+00 -0.739814786992E+00  0.177790177481E+01
  0.155830813274E+01  0.250000000000E+01 -0.250000000000E+01 -0.154800130438E+01 -0.487811078581E+00  0.250000000000E+01  0.627766083140E+00
 -0.345533899378E+00 -0.178862290564E+01 -0.158811787973E+01  0.125000000000E+01 -0.250000000000E+01 -0.144524380962E+01  0.000000000000E+00
 -0.125000000000E+01 -0.250000000000E+01 -0.250000000000E+01 -0.250000000000E+01
  0.000000000000E+00  0.125000000000E+01  0.000000000000E+00  0.103724302461E+01  0.219251206392E+01  0.922061490191E+00  0.000000000000E+00
  0.000000000000E+00  0.715990576545E+00  0.250000000000E+01  0.202479342020E+01  0.324151231464E+01  0.175434191980E+01  0.310152362409E+01
  0.404200324774E+01  0.375000000000E+01  0.000000000000E+00  0.930412228790E+00  0.299062775774E+01  0.500000000000E+01  0.429310310915E+01
  0.409252726285E+01  0.187029682677E+01  0.284428995242E+01  0.500000000000E+01  0.125000000000E+01  0.394624082883E+01  0.500000000000E+01
  0.500000000000E+01  0.250000000000E+01  0.375000000000E+01  0.500000000000E+01
  0.000000000000E+00  0.441238348384E+00  0.000000000000E+00  0.475214987021E+00  0.460123708856E+00  0.468827815405E+00  0.000000000000E+00
  0.000000000000E+00  0.402302516798E+00  0.469814974359E+00  0.464411128942E+00  0.478714034184E+00  0.489298241651E+00  0.483068557888E+00
  0.487930073118E+00  0.488961654628E+00  0.000000000000E+00  0.464775721414E+00  0.473795651891E+00  0.495346592024E+00  0.490266103446E+00
  0.486286083902E+00  0.445717618051E+00  0.464382274634E+00  0.496127394917E+00  0.443624103833E+00  0.486964461957E+00  0.497246279768E+00
  0.496059270892E+00  0.467732355362E+00  0.488212087362E+00  0.495098264817E+00
  0.999990295028E+00  0.102982719499E+01  0.999990757903E+00  0.104247294232E+01  0.101190080524E+01  0.102520618293E+01  0.999991416700E+00
  0.999992168096E+00  0.103891223624E+01  0.100826277309E+01  0.101252833877E+01  0.100300548289E+01  0.102702865700E+01  0.100605563290E+01
  0.100244400478E+01  0.100355660048E+01  0.999992721792E+00  0.103239739214E+01  0.100459524090E+01  0.100179336279E+01  0.100260305842E+01
  0.100234966417E+01  0.101657153079E+01  0.100617544692E+01  0.100168844809E+01  0.104043292670E+01  0.100303376377E+01  0.100118726928E+01
  0.100134171022E+01  0.100976788415E+01  0.100405369352E+01  0.100176112495E+01
  0.985768052379E-03  0.436037548185E-02  0.112745163458E-02  0.739500793445E-02  0.474687834981E-03  0.912214465244E-02  0.819639184755E-03
  0.406273651802E-03  0.105154238687E-01 -0.241613442757E-03  0.675323838365E-03 -0.127160577358E-02  0.109344093316E-02 -0.719548583763E-03
 -0.182504158891E-02 -0.166757817821E-02  0.781460566247E-03  0.868995194734E-02 -0.959018723037E-03 -0.541082577808E-02 -0.235635004747E-02
 -0.172550216514E-02  0.905654524173E-03 -0.920605621327E-03 -0.568246433293E-02  0.638750437865E-02 -0.147645281061E-02 -0.624884587097E-02
 -0.569252038417E-02 -0.597735995461E-03 -0.154483226441E-02 -0.544777349425E-02
  0.199580950357E-04  0.617709683191E-03  0.375569380528E-04  0.901596122827E-03  0.179992028371E-04  0.133303073628E-02  0.617040472987E-04
  0.806732084182E-04  0.158834520997E-02 -0.118302574934E-03  0.647357028905E-04 -0.268514637428E-03  0.732408279773E-04 -0.203646546538E-03
 -0.366188124799E-03 -0.371033604148E-03  0.706099166558E-04  0.135365576523E-02 -0.187160129534E-03 -0.110256576886E-02 -0.473408874215E-03
 -0.337279011462E-03  0.510683614848E-04 -0.174452662835E-03 -0.118620072098E-02  0.813655241353E-03 -0.293264025329E-03 -0.131110029914E-02
 -0.118551073952E-02 -0.152572469057E-03 -0.325127848991E-03 -0.112468054834E-02
  0.698865386392E-04  0.190917067057E-04  0.871103122450E-04  0.211934993055E-03  0.407143511781E-04  0.134729301361E-03  0.726746830955E-04
 -0.664205475463E-04  0.415020107813E-04 -0.231722681343E-05  0.432480566877E-04  0.403862729770E-04  0.590638188372E-05  0.163549685830E-04
 -0.444490698388E-05 -0.161521517047E-05 -0.586598618463E-04 -0.164391743942E-03  0.274102019947E-04 -0.491950246494E-06  0.237179915987E-05
  0.812560698257E-05  0.176745587604E-04 -0.720890721759E-05  0.119541134153E-04 -0.207973836567E-04 -0.204894923058E-05  0.137766563895E-06
 -0.550870118294E-05 -0.408177371744E-05 -0.144365389065E-05  0.134354746124E-05
 -0.228229971699E-03 -0.206194037672E-03 -0.251119270275E-03  0.289122091936E-04  0.255200056666E-03  0.266219628204E-03 -0.144814066479E-03
 -0.167592027355E-03  0.205396782539E-03  0.262410594800E-03  0.496791643546E-03  0.284964445149E-03  0.588408815657E-03  0.258551810098E-03
  0.186610051691E-03  0.218834386123E-03 -0.143341145567E-03  0.134552944424E-03  0.338163788238E-03  0.783288489036E-04  0.171963065649E-03
  0.213798271582E-03  0.447184785441E-03  0.297123718530E-03  0.728973216762E-04  0.236603760078E-03  0.205773401615E-03  0.682647669503E-04
  0.819217305040E-04  0.347244582815E-03  0.218753658497E-03  0.816293688182E-04
 -0.799348258531E-03 -0.179691291475E-02 -0.109466750850E-02 -0.294833204631E-02 -0.199379274011E-03 -0.377458232491E-02  0.660322524074E-04
  0.173965474928E-03 -0.437877380764E-02  0.950088379240E-04 -0.298591832059E-03  0.499413760515E-03 -0.464438850182E-03  0.284043885790E-03
  0.734873726395E-03  0.674652324428E-03 -0.269428345185E-03 -0.361288049846E-02  0.356434123035E-03  0.224130716744E-02  0.957729095961E-03
  0.691771504878E-03 -0.393486508936E-03  0.334077385561E-03  0.236089778696E-02 -0.258829451785E-02  0.587265752131E-03  0.260423596111E-02
  0.236617694946E-02  0.213193306198E-03  0.620853949672E-03  0.225810222275E-02
        12        19        11        11
        11         5        12        12
        10        14         5         5
        19        13        11        11
        19        24        13        13
        30        23        24        24
        19        12        22        22
        28        22        21        21
        11        13         6         6
         7         6         9         9
        15        12        14        14
        18        13        23        23
        15        25        21        21
        27        19        22        22
        18         8         9         9
        27        31        24        24
         4        11         6         6
         5        14        12        12
         4         2         5         5
        21        12        15        15
        14        16        15        15
        24        19        27        27
        22        29        27        27
        23        26        18        18
        17         8        18        18
         5        11         4         4
         6         3         4         4
        26        23        30        30
         5         2        10        10
        16        14        10        10
         3         6         7         7
        21        25        28        28
        29        22        28        28
         6        13         9         9
         2         4         1         1
        31        27        32        32
        25        15        20        20
        24        23        13        13
         8         7         9         9
        13        18         9         9
        31        30        24        24
        12        21        22        22
        29        32        27        27
         3         1         4         4
        26        17        18        18
        16        20        15        15
zone t="boundary 2 bc-2", solutiontime= 0.1000000E+02, strandid=1002, i=33, j=48, f=feblock
  0.500000000000E+01  0.375000000000E+01  0.250000000000E+01  0.288078410721E+01  0.125000000000E+01  0.190974100652E+01  0.326683758169E+01
  0.201431602454E+01  0.000000000000E+00  0.963108083381E+00  0.500000000000E+01  0.403552511878E+01  0.423153924130E+01  0.500000000000E+01
  0.385533350601E+01  0.500000000000E+01  0.398173246726E+01  0.315249557942E+01  0.267000324704E+01  0.154774304040E+01  0.218329375016E+01
  0.893127759452E+00  0.000000000000E+00  0.698517061619E+00  0.964171764089E+00  0.310324758057E+01  0.000000000000E+00  0.000000000000E+00
  0.125000000000E+01  0.500000000000E+01  0.375000000000E+01  0.250000000000E+01  0.000000000000E+00
 -0.250000000000E+01 -0.250000000000E+01 -0.250000000000E+01 -0.250000000000E+01 -0.250000000000E+01 -0.250000000000E+01 -0.250000000000E+01
 -0.250000000000E+01 -0.250000000000E+01 -0.250000000000E+01 -0.250000000000E+01 -0.250000000000E+01 -0.250000000000E+01 -0.250000000000E+01
 -0.250000000000E+01 -0.250000000000E+01 -0.250000000000E+01 -0.250000000000E+01 -0.250000000000E+01 -0.250000000000E+01 -0.250000000000E+01
 -0.250000000000E+01 -0.250000000000E+01 -0.250000000000E+01 -0.250000000000E+01 -0.250000000000E+01 -0.250000000000E+01 -0.250000000000E+01
 -0.250000000000E+01 -0.250000000000E+01 -0.250000000000E+01 -0.250000000000E+01 -0.250000000000E+01
  0.000000000000E+00  0.000000000000E+00  0.000000000000E+00  0.904659890645E+00  0.000000000000E+00  0.717002441913E+00  0.188609243358E+01
  0.176246431481E+01  0.000000000000E+00  0.961328577125E+00  0.125000000000E+01  0.101201586758E+01  0.191586535653E+01  0.250000000000E+01
  0.293121848150E+01  0.375000000000E+01  0.406975391361E+01  0.363585050272E+01  0.285047954584E+01  0.292817774674E+01  0.395907379566E+01
  0.205246550326E+01  0.125000000000E+01  0.306828197606E+01  0.397245519226E+01  0.433168271247E+01  0.250000000000E+01  0.375000000000E+01
  0.500000000000E+01  0.500000000000E+01  0.500000000000E+01  0.500000000000E+01  0.500000000000E+01
  0.000000000000E+00  0.000000000000E+00  0.000000000000E+00  0.380991906500E+00  0.000000000000E+00  0.343629824950E+00  0.585286157424E+00
  0.579373264282E+00  0.000000000000E+00  0.501056069140E+00  0.508460362676E+00  0.435373026572E+00  0.572640041190E+00  0.537002098944E+00
  0.568922553870E+00  0.514994090651E+00  0.508247257160E+00  0.527252853130E+00  0.567446661127E+00  0.531657143909E+00  0.505981016593E+00
  0.520795579399E+00  0.443624103833E+00  0.490663730453E+00  0.492155873749E+00  0.501390784676E+00  0.467732355362E+00  0.488212087362E+00
  0.490002767114E+00  0.491352304715E+00  0.486075475228E+00  0.490036479234E+00  0.495098264817E+00
  0.999993487379E+00  0.999993690057E+00  0.999993543115E+00  0.989539055875E+00  0.999993137282E+00  0.985524707174E+00  0.989838908967E+00
  0.991798516580E+00  0.999992721792E+00  0.984411112416E+00  0.985091906406E+00  0.984689080896E+00  0.990058464829E+00  0.100289621837E+01
  0.999855369243E+00  0.100485306649E+01  0.100121554699E+01  0.100055642931E+01  0.997896793475E+00  0.100350029570E+01  0.100058068723E+01
  0.101093276247E+01  0.104043292670E+01  0.100326475367E+01  0.100254498742E+01  0.100045587387E+01  0.100976788415E+01  0.100405369352E+01
  0.100192656835E+01  0.100045434508E+01  0.100058774183E+01  0.100109993754E+01  0.100176112495E+01
 -0.557123430018E-03 -0.345801482269E-03 -0.243999746280E-03  0.508159737199E-02  0.588688078694E-03  0.185943705955E-01 -0.874066892477E-03
  0.505446286674E-03  0.781460566247E-03  0.905198912621E-02 -0.128066469963E-02 -0.134882420104E-02 -0.995912193983E-03 -0.826875829031E-03
 -0.607364584567E-03 -0.537503218126E-03 -0.399361496643E-03 -0.462147303321E-03 -0.817042927808E-03 -0.104261798306E-02 -0.664336691958E-03
  0.552254039619E-03  0.638750437865E-02 -0.676846783593E-03 -0.121072239931E-02 -0.738816796647E-03 -0.597735995461E-03 -0.154483226441E-02
 -0.513397636539E-02 -0.632293778084E-03 -0.239556854098E-02 -0.456836032546E-02 -0.544777349425E-02
  0.151066705154E-03 -0.596251331567E-04  0.216412959562E-04  0.820979228574E-03 -0.103577166395E-03  0.242124026886E-02 -0.268952184311E-04
 -0.326713017459E-04  0.706099166558E-04  0.112145678792E-02  0.284738578276E-03 -0.834023228357E-05  0.120024539746E-03  0.213025175169E-03
  0.130318018279E-03  0.126468535201E-03  0.147103420890E-03  0.120196864112E-03  0.315721442004E-04 -0.101771922921E-03  0.351091260399E-04
 -0.419742747292E-04  0.813655241353E-03 -0.470451540893E-04 -0.149050123162E-03  0.618161773849E-04 -0.152572469057E-03 -0.325127848991E-03
 -0.913006825877E-03  0.301120083998E-04 -0.242471947354E-03 -0.707056082588E-03 -0.112468054834E-02
 -0.393144426140E-04  0.687109131235E-06  0.568859853535E-04  0.891372507310E-04  0.294272571104E-04  0.242501300349E-03 -0.212500749499E-04
  0.224876376034E-05 -0.586598618463E-04  0.102935427038E-03 -0.216158143405E-04 -0.738920298076E-04  0.244687472808E-05  0.141342840403E-05
  0.215615829342E-05 -0.255272676562E-05  0.451363037221E-06 -0.134409146603E-05  0.569468974810E-05  0.744181187100E-05 -0.316815014251E-05
  0.898027311011E-05 -0.207973836567E-04  0.248843991539E-05 -0.530038634975E-07 -0.130285092239E-05 -0.408177371744E-05 -0.144365389065E-05
 -0.547582460079E-06 -0.526963483869E-06 -0.318003133088E-06  0.783086379408E-07  0.134354746124E-05
 -0.372794575024E-04 -0.509188087198E-04 -0.701462282465E-04  0.215759955026E-03 -0.174509164941E-03  0.531306221277E-04  0.359951719597E-03
  0.447118061012E-03 -0.143341145567E-03  0.240841318494E-03  0.894744095076E-04  0.295441053068E-03  0.140426237152E-03  0.580856848971E-04
  0.128769013646E-03  0.447310146621E-04  0.116135152505E-03  0.168139509553E-03  0.213094529254E-03  0.216556470889E-03  0.186810541147E-03
  0.365485507502E-03  0.236603760078E-03  0.227610247362E-03  0.185243426392E-03  0.160087407152E-03  0.347244582815E-03  0.218753658497E-03
  0.123745782796E-03  0.667477087352E-04  0.144506429694E-03  0.157705102722E-03  0.816293688182E-04
  0.154149077457E-03  0.513236841737E-03  0.650832364301E-03 -0.226736513688E-02  0.106189779309E-02 -0.799186993124E-02  0.262017670066E-03
 -0.218629156331E-03 -0.269428345185E-03 -0.375105513318E-02  0.280411936917E-03  0.409217141220E-03  0.255778704248E-03  0.157517455303E-03
  0.123146311535E-03  0.108567050917E-03  0.568464689748E-04  0.864881995653E-04  0.231753360187E-03  0.363295124162E-03  0.189987853225E-03
 -0.229104015678E-03 -0.258829451785E-02  0.221192594843E-03  0.448119212933E-03  0.207271341225E-03  0.213193306198E-03  0.620853949672E-03
  0.208219653426E-02  0.191956110962E-03  0.899651560592E-03  0.181488025477E-02  0.225810222275E-02
        15         7        19        19
         8        20        19        19
        18        19        21        21
         7         4         8         8
         3         6         4         4
        19         7         8         8
        19        18        15        15
        14        13        15        15
         8        22        20        20
        27        24        22        22
        19        20        21        21
        32        26        21        21
        17        18        26        26
        17        16        15        15
        25        29        21        21
        12         7        13        13
        10         8         6         6
        25        20        24        24
         4         6         8         8
        12         2         4         4
        10        23        22        22
        26        31        17        17
        30        16        17        17
         4         7        12        12
        13        11        12        12
        21        20        25        25
        24        28        25        25
        22         8        10        10
         6         5        10        10
        31        26        32        32
         4         2         3         3
         5         6         3         3
        11        13        14        14
        22        23        27        27
        28        24        27        27
        15        13         7         7
         2        12         1         1
        29        25        33        33
        23        10         9         9
        21        26        18        18
        16        14        15        15
        18        17        15        15
        29        32        21        21
        22        24        20        20
        28        33        25        25
        11         1        12        12
        31        30        17        17
         5         9        10        10
zone t="boundary 3 bc-3", solutiontime= 0.1000000E+02, strandid=1003, i=33, j=48, f=feblock
  0.375000000000E+01  0.250000000000E+01  0.500000000000E+01  0.403552511878E+01  0.288078410721E+01  0.125000000000E+01  0.190974100652E+01
  0.500000000000E+01  0.326683758169E+01  0.423153924130E+01  0.201431602454E+01  0.000000000000E+00  0.963108083381E+00  0.500000000000E+01
  0.267000324704E+01  0.385533350601E+01  0.893127759452E+00  0.154774304040E+01  0.000000000000E+00  0.500000000000E+01  0.315249557942E+01
  0.218329375016E+01  0.398173246726E+01  0.000000000000E+00  0.698517061619E+00  0.964171764089E+00  0.125000000000E+01  0.000000000000E+00
  0.500000000000E+01  0.310324758057E+01  0.250000000000E+01  0.375000000000E+01  0.000000000000E+00
  0.250000000000E+01  0.250000000000E+01  0.250000000000E+01  0.250000000000E+01  0.250000000000E+01  0.250000000000E+01  0.250000000000E+01
  0.250000000000E+01  0.250000000000E+01  0.250000000000E+01  0.250000000000E+01  0.250000000000E+01  0.250000000000E+01  0.250000000000E+01
  0.250000000000E+01  0.250000000000E+01  0.250000000000E+01  0.250000000000E+01  0.250000000000E+01  0.250000000000E+01  0.250000000000E+01
  0.250000000000E+01  0.250000000000E+01  0.250000000000E+01  0.250000000000E+01  0.250000000000E+01  0.250000000000E+01  0.250000000000E+01
  0.250000000000E+01  0.250000000000E+01  0.250000000000E+01  0.250000000000E+01  0.250000000000E+01
  0.000000000000E+00  0.000000000000E+00  0.000000000000E+00  0.101201586758E+01  0.904659890645E+00  0.000000000000E+00  0.717002441913E+00
  0.125000000000E+01  0.188609243358E+01  0.191586535653E+01  0.176246431481E+01  0.000000000000E+00  0.961328577125E+00  0.250000000000E+01
  0.285047954584E+01  0.293121848150E+01  0.205246550326E+01  0.292817774674E+01  0.125000000000E+01  0.375000000000E+01  0.363585050272E+01
  0.395907379566E+01  0.406975391361E+01  0.250000000000E+01  0.306828197606E+01  0.397245519226E+01  0.500000000000E+01  0.375000000000E+01
  0.500000000000E+01  0.433168271247E+01  0.500000000000E+01  0.500000000000E+01  0.500000000000E+01
  0.000000000000E+00  0.000000000000E+00  0.000000000000E+00  0.443767745459E+00  0.402286944574E+00  0.000000000000E+00  0.377550369545E+00
  0.509232128688E+00  0.575832179754E+00  0.573707405285E+00  0.562554064412E+00  0.000000000000E+00  0.490563299840E+00  0.534527096543E+00
  0.556586982170E+00  0.564391577749E+00  0.522730517385E+00  0.522052000170E+00  0.441238348384E+00  0.517182331791E+00  0.524228630763E+00
  0.503687457534E+00  0.509488571178E+00  0.469814974359E+00  0.495614442414E+00  0.494483780212E+00  0.488562428343E+00  0.488961654628E+00
  0.492980744788E+00  0.499005552222E+00  0.486460936507E+00  0.484596927548E+00  0.495346592024E+00
  0.999989339439E+00  0.999989408764E+00  0.999989626853E+00  0.981541895460E+00  0.988773990194E+00  0.999989827144E+00  0.982469462434E+00
  0.984104309047E+00  0.990427545862E+00  0.990355285694E+00  0.994362997073E+00  0.999990295028E+00  0.988652071037E+00  0.100368369414E+01
  0.999769197113E+00  0.100118501219E+01  0.100834885320E+01  0.100252111043E+01  0.102982719499E+01  0.100443319461E+01  0.100199536635E+01
  0.100082056599E+01  0.100138192342E+01  0.100826277309E+01  0.100298787130E+01  0.100192389555E+01  0.100215267510E+01  0.100355660048E+01
  0.100047670023E+01  0.100056591053E+01  0.100126820231E+01  0.100066573360E+01  0.100179336279E+01
 -0.317200564601E-03  0.137603855607E-03 -0.436406320485E-03  0.285654162554E-02  0.856189407228E-02  0.514315051766E-03  0.781723232319E-02
 -0.155736204682E-02 -0.667410022095E-03 -0.101206219705E-02  0.141570162689E-02  0.985768052379E-03  0.560588201896E-02 -0.754505482594E-03
 -0.819377400105E-03 -0.658717409283E-03 -0.601998936903E-05 -0.737078398138E-03  0.436037548185E-02 -0.535255117530E-03 -0.374694128577E-03
 -0.572734665514E-03 -0.408496173127E-03 -0.241613442757E-03 -0.710437220982E-03 -0.143807198284E-02 -0.449645333357E-02 -0.166757817821E-02
 -0.511670944295E-03 -0.670138438510E-03 -0.418312369751E-02 -0.230676932197E-02 -0.541082577808E-02
 -0.547900174382E-04 -0.534071333758E-04  0.117774837566E-03  0.826230329268E-03  0.122681758633E-02 -0.137046196013E-03  0.976993833036E-03
  0.239790460641E-03  0.688885354457E-04  0.153309441478E-03  0.826349606501E-04  0.199580950357E-04  0.361792831348E-03  0.198852789741E-03
  0.282703610199E-04  0.121903071411E-03 -0.169331423457E-03 -0.408521095189E-04  0.617709683191E-03  0.130454880713E-03  0.129741844806E-03
  0.586077701793E-04  0.139894681745E-03 -0.118302574934E-03 -0.150575929209E-03 -0.186878315125E-03 -0.783815170048E-03 -0.371033604148E-03
  0.488957616047E-04  0.714025007705E-04 -0.632664525095E-03 -0.227624215314E-03 -0.110256576886E-02
 -0.525335961104E-05  0.110889183438E-04  0.831104061679E-05 -0.618100080098E-04 -0.122046807087E-03  0.635466101326E-04  0.228550264821E-04
 -0.234489962666E-05 -0.143003688518E-04 -0.948382476265E-07 -0.821471622025E-05  0.698865386392E-04  0.947579499354E-04  0.454452855204E-05
  0.531943472772E-06  0.955387237023E-06 -0.241281662430E-04 -0.827783900362E-05  0.190917067057E-04  0.260466944239E-05  0.121399254019E-05
  0.583544140807E-05  0.197131111271E-06 -0.231722681343E-05 -0.751751688462E-05  0.527456408462E-06  0.277413083328E-05 -0.161521517047E-05
  0.101523310018E-05  0.218502403338E-06  0.740848621855E-06  0.138217120365E-06 -0.491950246494E-06
 -0.756100392629E-04 -0.121136463680E-03 -0.364553637773E-04  0.744573659837E-04  0.155932077207E-03 -0.124011638099E-03  0.759305447261E-04
  0.519247133816E-04  0.287008911664E-03  0.133337985672E-03  0.417973953336E-03 -0.228229971699E-03  0.167567610389E-03  0.530554198724E-04
  0.168417308525E-03  0.127995214101E-03  0.381322494835E-03  0.190276684652E-03 -0.206194037672E-03  0.520607153406E-04  0.161112132044E-03
  0.169833933501E-03  0.119409093190E-03  0.262410594800E-03  0.258808275792E-03  0.174009137201E-03  0.127489470005E-03  0.218834386123E-03
  0.603182809004E-04  0.155578387968E-03  0.155960343482E-03  0.140185976357E-03  0.783288489036E-04
  0.112645352496E-02  0.385505557049E-03  0.227405423505E-03 -0.147383050775E-02 -0.373922226791E-02  0.265392844452E-04 -0.329634248062E-02
  0.405216166188E-03  0.170514988877E-03  0.255538180402E-03 -0.579909499379E-03 -0.799348258531E-03 -0.220034651608E-02  0.141487468298E-03
  0.240962350059E-03  0.145748829431E-03  0.830986974950E-05  0.236475033870E-03 -0.179691291475E-02  0.105540666012E-03  0.523523961014E-04
  0.150863666981E-03  0.636711123511E-04  0.950088379240E-04  0.254528856145E-03  0.541529883907E-03  0.181375541662E-02  0.674652324428E-03
  0.143942669079E-03  0.181353110158E-03  0.165494815838E-02  0.863989628248E-03  0.224130716744E-02
        15         9        16        16
        15        18        11        11
        22        15        21        21
        11         5         9         9
         5         7         2         2
        11         9        15        15
        16        21        15        15
        16        10        14        14
        18        17        11        11
        17        25        24        24
        22        18        15        15
        22        30        31        31
        30        21        23        23
        16        20        23        23
        22        27        26        26
        10         9         4         4
         7        11        13        13
        25        18        26        26
        11         7         5         5
         5         1         4         4
        17        19        13        13
        23        32        30        30
        23        20        29        29
         4         9         5         5
         4         8        10        10
        26        18        22        22
        26        28        25        25
        13        11        17        17
        13         6         7         7
        31        30        32        32
         2         1         5         5
         2         7         6         6
        14        10         8         8
        24        19        17        17
        24        25        28        28
         9        10        16        16
         3         4         1         1
        33        26        27        27
        12        13        19        19
        21        30        22        22
        16        14        20        20
        16        23        21        21
        22        31        27        27
        18        25        17        17
        26        33        28        28
         4         3         8         8
        23        29        32        32
        13        12         6         6
zone t="boundary 4 bc-4", solutiontime= 0.1000000E+02, strandid=1004, i=32, j=46, f=feblock
  0.125000000000E+01  0.219251206392E+01  0.103724302461E+01  0.500000000000E+01  0.250000000000E+01  0.375000000000E+01  0.404200324774E+01
  0.500000000000E+01  0.000000000000E+00  0.310152362409E+01  0.202479342020E+01  0.324151231464E+01  0.922061490191E+00  0.000000000000E+00
  0.299062775774E+01  0.394624082883E+01  0.500000000000E+01  0.409252726285E+01  0.500000000000E+01  0.429310310915E+01  0.175434191980E+01
  0.284428995242E+01  0.000000000000E+00  0.000000000000E+00  0.715990576545E+00  0.930412228790E+00  0.125000000000E+01  0.187029682677E+01
  0.500000000000E+01  0.375000000000E+01  0.250000000000E+01  0.000000000000E+00
  0.250000000000E+01  0.157686156160E+01  0.146289271009E+01  0.250000000000E+01  0.250000000000E+01  0.250000000000E+01  0.155830813274E+01
  0.125000000000E+01  0.250000000000E+01  0.177790177481E+01  0.477386199275E+00  0.742988685424E+00  0.308372018325E+00  0.125000000000E+01
 -0.487811078581E+00 -0.144524380962E+01 -0.125000000000E+01 -0.345533899378E+00  0.000000000000E+00  0.627766083140E+00 -0.739814786992E+00
 -0.158811787973E+01  0.000000000000E+00 -0.125000000000E+01 -0.600232012419E+00 -0.154800130438E+01 -0.250000000000E+01 -0.178862290564E+01
 -0.250000000000E+01 -0.250000000000E+01 -0.250000000000E+01 -0.250000000000E+01
  0.500000000000E+01  0.500000000000E+01  0.500000000000E+01  0.500000000000E+01  0.500000000000E+01  0.500000000000E+01  0.500000000000E+01
  0.500000000000E+01  0.500000000000E+01  0.500000000000E+01  0.500000000000E+01  0.500000000000E+01  0.500000000000E+01  0.500000000000E+01
  0.500000000000E+01  0.500000000000E+01  0.500000000000E+01  0.500000000000E+01  0.500000000000E+01  0.500000000000E+01  0.500000000000E+01
  0.500000000000E+01  0.500000000000E+01  0.500000000000E+01  0.500000000000E+01  0.500000000000E+01  0.500000000000E+01  0.500000000000E+01
  0.500000000000E+01  0.500000000000E+01  0.500000000000E+01  0.500000000000E+01
  0.488562428343E+00  0.488873127044E+00  0.490562939264E+00  0.492980744788E+00  0.486460936507E+00  0.484596927548E+00  0.485347896276E+00
  0.494163542317E+00  0.495346592024E+00  0.486528232758E+00  0.487819998460E+00  0.487068916091E+00  0.494045904395E+00  0.496127394917E+00
  0.487612357629E+00  0.483219722850E+00  0.492395510969E+00  0.487214141159E+00  0.494738985333E+00  0.487958525499E+00  0.489677249447E+00
  0.488029107105E+00  0.497246279768E+00  0.496059270892E+00  0.494951052257E+00  0.492800373677E+00  0.490002767114E+00  0.490005124553E+00
  0.491352304715E+00  0.486075475228E+00  0.490036479234E+00  0.495098264817E+00
  0.100215267510E+01  0.100152652958E+01  0.100178347660E+01  0.100047670023E+01  0.100126820231E+01  0.100066573360E+01  0.100025357725E+01
  0.100050391679E+01  0.100179336279E+01  0.100112367258E+01  0.100133045248E+01  0.100072432973E+01  0.100164366725E+01  0.100168844809E+01
  0.100096274503E+01  0.100000874853E+01  0.100082864314E+01  0.100022269190E+01  0.100062146074E+01  0.100023497311E+01  0.100174635719E+01
  0.100098855496E+01  0.100118726928E+01  0.100134171022E+01  0.100132635956E+01  0.100179873777E+01  0.100192656835E+01  0.100163748619E+01
  0.100045434508E+01  0.100058774183E+01  0.100109993754E+01  0.100176112495E+01
 -0.449645333357E-02 -0.432500637998E-02 -0.429976942505E-02 -0.511670944295E-03 -0.418312369751E-02 -0.230676932197E-02 -0.159356073907E-02
 -0.508213539653E-03 -0.541082577808E-02 -0.345418532502E-02 -0.467069258625E-02 -0.332156529033E-02 -0.512342533244E-02 -0.568246433293E-02
 -0.373626619481E-02 -0.155454122265E-02 -0.602009302244E-03 -0.199034803695E-02 -0.481874663415E-03 -0.196530797270E-02 -0.574249799219E-02
 -0.349547269229E-02 -0.624884587097E-02 -0.569252038417E-02 -0.595928814688E-02 -0.496564008009E-02 -0.513397636539E-02 -0.540600879167E-02
 -0.632293778084E-03 -0.239556854098E-02 -0.456836032546E-02 -0.544777349425E-02
 -0.783815170048E-03 -0.685433907430E-03 -0.753278699988E-03  0.488957616047E-04 -0.632664525095E-03 -0.227624215314E-03 -0.996088127842E-04
  0.382983886613E-04 -0.110256576886E-02 -0.459467004918E-03 -0.748642677314E-03 -0.429592625597E-03 -0.913295604609E-03 -0.118620072098E-02
 -0.516802648043E-03 -0.924602216389E-04  0.387850267544E-04 -0.173405855659E-03  0.394309535941E-04 -0.172216046330E-03 -0.976084229438E-03
 -0.470635388482E-03 -0.131110029914E-02 -0.118551073952E-02 -0.111346599578E-02 -0.907804064575E-03 -0.913006825877E-03 -0.912662797909E-03
  0.301120083998E-04 -0.242471947354E-03 -0.707056082588E-03 -0.112468054834E-02
  0.277413083328E-05  0.951865597921E-05  0.952881672918E-05  0.101523310018E-05  0.740848621855E-06  0.138217120365E-06  0.335533317467E-05
 -0.267202759494E-05 -0.491950246494E-06  0.530196478715E-05  0.126385463812E-04  0.553562080146E-05  0.133442553588E-04  0.119541134153E-04
 -0.236026591890E-05 -0.578135977994E-05 -0.236486727659E-05 -0.826431622179E-05  0.261238192640E-06 -0.659513004528E-06 -0.217568656813E-05
 -0.304816730955E-05  0.137766563895E-06 -0.550870118294E-05 -0.676501819212E-05 -0.992858006236E-05 -0.547582460079E-06 -0.995716833469E-05
 -0.526963483869E-06 -0.318003133088E-06  0.783086379408E-07  0.134354746124E-05
  0.127489470005E-03  0.153009875878E-03  0.119577263839E-03  0.603182809004E-04  0.155960343482E-03  0.140185976357E-03  0.126723607376E-03
  0.547136092612E-04  0.783288489036E-04  0.157244696665E-03  0.148515890169E-03  0.160051410614E-03  0.116216318817E-03  0.728973216762E-04
  0.159155179525E-03  0.131382437812E-03  0.631501916540E-04  0.131372311098E-03  0.524027119221E-04  0.119573366461E-03  0.141657279851E-03
  0.160842727585E-03  0.682647669503E-04  0.819217305040E-04  0.989552514108E-04  0.113469835872E-03  0.123745782796E-03  0.141917042039E-03
  0.667477087352E-04  0.144506429694E-03  0.157705102722E-03  0.816293688182E-04
  0.181375541662E-02  0.171988143088E-02  0.173777822777E-02  0.143942669079E-03  0.165494815838E-02  0.863989628248E-03  0.569857333238E-03
  0.147636406040E-03  0.224130716744E-02  0.134279628259E-02  0.186430681213E-02  0.128728063260E-02  0.208246419132E-02  0.236089778696E-02
  0.146131687395E-02  0.552841181726E-03  0.178292468301E-03  0.735678601655E-03  0.138263967939E-03  0.729642871083E-03  0.231614166936E-02
  0.135983828753E-02  0.260423596111E-02  0.236617694946E-02  0.244462264055E-02  0.202238542816E-02  0.208219653426E-02  0.217735033431E-02
  0.191956110962E-03  0.899651560592E-03  0.181488025477E-02  0.225810222275E-02
        12        15        11        11
        11         2        12        12
         5        10         2         2
        15        21        11        11
        15        22        21        21
        31        28        22        22
        15        12        18        18
        19        18        20        20
        11        21        13        13
        23        13        25        25
         7        12        10        10
        26        21        28        28
         7         8        20        20
        16        15        18        18
        26        24        25        25
        16        30        22        22
         3        11        13        13
         2        10        12        12
         3         1         2         2
        20        12         7         7
        10         6         7         7
        22        15        16        16
        18        17        16        16
        28        27        26        26
        32        24        26        26
         2        11         3         3
        13        14         3         3
        27        28        31        31
         2         1         5         5
         6        10         5         5
        14        13        23        23
        20         8        19        19
        17        18        19        19
        13        21        25        25
         1         3         9         9
        30        16        29        29
         8         7         4         4
        22        28        21        21
        24        23        25        25
        21        26        25        25
        30        31        22        22
        12        20        18        18
        17        29        16        16
        14         9         3         3
        27        32        26        26
         6         4         7         7
zone t="boundary 5 bc-5", solutiontime= 0.1000000E+02, strandid=1005, i=33, j=48, f=feblock
  0.500000000000E+01  0.500000000000E+01  0.500000000000E+01  0.500000000000E+01  0.500000000000E+01  0.500000000000E+01  0.500000000000E+01
  0.500000000000E+01  0.500000000000E+01  0.500000000000E+01  0.500000000000E+01  0.500000000000E+01  0.500000000000E+01  0.500000000000E+01
  0.500000000000E+01  0.500000000000E+01  0.500000000000E+01  0.500000000000E+01  0.500000000000E+01  0.500000000000E+01  0.500000000000E+01
  0.500000000000E+01  0.500000000000E+01  0.500000000000E+01  0.500000000000E+01  0.500000000000E+01  0.500000000000E+01  0.500000000000E+01
  0.500000000000E+01  0.500000000000E+01  0.500000000000E+01  0.500000000000E+01  0.500000000000E+01
  0.250000000000E+01  0.125000000000E+01  0.250000000000E+01  0.157899473280E+01  0.000000000000E+00  0.659350882208E+00  0.250000000000E+01
  0.173899611320E+01  0.825621401394E+00  0.132549389334E+01 -0.125000000000E+01 -0.322732261638E+00  0.250000000000E+01  0.490615021923E-01
 -0.873141960959E+00  0.350800286361E+00  0.145332269920E+01 -0.250000000000E+01 -0.147959633950E+01  0.250000000000E+01 -0.857924212153E+00
 -0.165007033378E+01  0.518568023061E+00 -0.461282870254E+00  0.125000000000E+01 -0.250000000000E+01 -0.183684615440E+01 -0.158398995423E+01
 -0.250000000000E+01 -0.250000000000E+01 -0.125000000000E+01  0.000000000000E+00 -0.250000000000E+01
  0.000000000000E+00  0.000000000000E+00  0.125000000000E+01  0.905837536509E+00  0.000000000000E+00  0.735450417037E+00  0.250000000000E+01
  0.182727219356E+01  0.162230260845E+01  0.280856328277E+01  0.000000000000E+00  0.109945440014E+01  0.375000000000E+01  0.227317933631E+01
  0.189599568386E+01  0.342819755379E+01  0.403384942830E+01  0.000000000000E+00  0.104050588738E+01  0.500000000000E+01  0.297954017413E+01
  0.214587157439E+01  0.430969386006E+01  0.408642231822E+01  0.500000000000E+01  0.125000000000E+01  0.304506426164E+01  0.398205049073E+01
  0.250000000000E+01  0.375000000000E+01  0.500000000000E+01  0.500000000000E+01  0.500000000000E+01
  0.000000000000E+00  0.000000000000E+00  0.509232128688E+00  0.472098749751E+00  0.000000000000E+00  0.480805629297E+00  0.534527096543E+00
  0.535829284544E+00  0.535479021387E+00  0.540786045491E+00  0.000000000000E+00  0.510356197485E+00  0.517182331791E+00  0.539187577880E+00
  0.542979820827E+00  0.529277379004E+00  0.511036765470E+00  0.000000000000E+00  0.495604789636E+00  0.492980744788E+00  0.531173388087E+00
  0.533778472990E+00  0.505621127769E+00  0.512004182097E+00  0.494163542317E+00  0.508460362676E+00  0.529554208813E+00  0.511911000444E+00
  0.537002098944E+00  0.514994090651E+00  0.492395510969E+00  0.494738985333E+00  0.491352304715E+00
  0.999989626853E+00  0.999990280142E+00  0.984104309047E+00  0.976444106158E+00  0.999991490088E+00  0.959042327528E+00  0.100368369414E+01
  0.994429506663E+00  0.991216393836E+00  0.100355187734E+01  0.999992820913E+00  0.971537544369E+00  0.100443319461E+01  0.100528531017E+01
  0.997216648600E+00  0.100662940615E+01  0.100305331035E+01  0.999993487379E+00  0.973515985336E+00  0.100047670023E+01  0.100763862604E+01
  0.100128631826E+01  0.100314049598E+01  0.100383220486E+01  0.100050391679E+01  0.985091906406E+00  0.100596550881E+01  0.100387951332E+01
  0.100289621837E+01  0.100485306649E+01  0.100082864314E+01  0.100062146074E+01  0.100045434508E+01
 -0.436406320485E-03 -0.370150312818E-03 -0.155736204682E-02 -0.190871211181E-02 -0.427435712950E-03 -0.129388700835E-02 -0.754505482594E-03
 -0.981415250662E-03 -0.112462232769E-02 -0.665914881524E-03 -0.399477072335E-03 -0.105040063357E-02 -0.535255117530E-03 -0.836132222970E-03
 -0.979148821126E-03 -0.556412926848E-03 -0.429070758845E-03 -0.557123430018E-03 -0.707188858126E-03 -0.511670944295E-03 -0.675333201552E-03
 -0.941841378847E-03 -0.344367735066E-03 -0.382962233369E-03 -0.508213539653E-03 -0.128066469963E-02 -0.677652644298E-03 -0.436454408876E-03
 -0.826875829031E-03 -0.537503218126E-03 -0.602009302244E-03 -0.481874663415E-03 -0.632293778084E-03
  0.117774837566E-03  0.120315583765E-03  0.239790460641E-03  0.231179297371E-03  0.153375318089E-03  0.388108254182E-03  0.198852789741E-03
  0.248937408907E-03  0.281168846372E-03  0.184749526525E-03  0.158827325184E-03  0.400177180511E-03  0.130454880713E-03  0.223846472282E-03
  0.275444372225E-03  0.156671636291E-03  0.131232139701E-03  0.151066705154E-03  0.601366843575E-03  0.488957616047E-04  0.174258684861E-03
  0.245430750136E-03  0.116021689109E-03  0.138073309426E-03  0.382983886613E-04  0.284738578276E-03  0.166618085185E-03  0.137684045199E-03
  0.213025175169E-03  0.126468535201E-03  0.387850267544E-04  0.394309535941E-04  0.301120083998E-04
  0.831104061679E-05  0.100797155598E-04 -0.234489962666E-05  0.103110855723E-04 -0.106292826227E-04  0.260836200958E-04  0.454452855204E-05
  0.174486197358E-04  0.147591532660E-04  0.479433763266E-05  0.136393043753E-04  0.126349566154E-04  0.260466944239E-05 -0.767600002501E-06
  0.102657442956E-04  0.524583425597E-05  0.170557381893E-05 -0.393144426140E-04  0.250747600428E-05  0.101523310018E-05 -0.546484315920E-05
 -0.233707884325E-04  0.654069538359E-06  0.413238249969E-06 -0.267202759494E-05 -0.216158143405E-04  0.104705562519E-05 -0.496240683262E-05
  0.141342840403E-05 -0.255272676562E-05 -0.236486727659E-05  0.261238192640E-06 -0.526963483869E-06
 -0.364553637773E-04 -0.423489980819E-04  0.519247133816E-04  0.219528621206E-04 -0.528290776787E-04 -0.333098056274E-04  0.530554198724E-04
  0.600453014652E-04  0.852134851915E-04  0.603724016646E-04 -0.707597694946E-04 -0.310087945787E-05  0.520607153406E-04  0.513121006300E-04
  0.935557443168E-04  0.396654888462E-04  0.562925087208E-04 -0.372794575024E-04 -0.302419319391E-06  0.603182809004E-04  0.436753896052E-04
  0.860307475342E-04  0.397826948156E-04  0.482904777555E-04  0.547136092612E-04  0.894744095076E-04  0.405211323152E-04  0.478837111347E-04
  0.580856848971E-04  0.447310146621E-04  0.631501916540E-04  0.524027119221E-04  0.667477087352E-04
  0.227405423505E-03  0.364738337112E-03  0.405216166188E-03  0.540146088649E-03  0.323692415773E-03  0.239518071667E-03  0.141487468298E-03
  0.193857443416E-03  0.231372915503E-03  0.119854446255E-03  0.788584292377E-03  0.136999775450E-03  0.105540666012E-03  0.153624398184E-03
  0.179709199901E-03  0.996206114858E-04  0.737218915128E-04  0.154149077457E-03 -0.816278324028E-04  0.143942669079E-03  0.127397851410E-03
  0.177849349075E-03  0.530680466126E-04  0.558913574424E-04  0.147636406040E-03  0.280411936917E-03  0.131844600175E-03  0.740499962568E-04
  0.157517455303E-03  0.108567050917E-03  0.178292468301E-03  0.138263967939E-03  0.191956110962E-03
        12        15        14        14
        21        16        14        14
         9        14        10        10
        15        22        21        21
        29        27        22        22
        14        16        10        10
         7         8        10        10
        14        15        21        21
        14         9        12        12
         5        12         6         6
        21        24        16        16
        32        23        24        24
        28        21        27        27
        17        16        23        23
        28        31        24        24
        19        15        12        12
         4         2         6         6
         4         9         8         8
        10         8         9         9
        17        13        10        10
        19        26        22        22
        10        16        17        17
        23        25        17        17
        22        15        19        19
        12        11        19        19
        27        30        28        28
        33        31        28        28
         6         9         4         4
         8         3         4         4
        25        23        32        32
        10        13         7         7
         3         8         7         7
        30        27        29        29
         6         2         5         5
        11        12         5         5
        24        23        16        16
        13        17        20        20
        26        19        18        18
         2         4         1         1
        22        27        21        21
        31        32        24        24
        21        28        24        24
        26        29        22        22
         9         6        12        12
        11        18        19        19
        25        20        17        17
        30        33        28        28
         3         1         4         4
zone t="boundary 6 bc-6", solutiontime= 0.1000000E+02, strandid=1006, i=33, j=48, f=feblock
  0.375000000000E+01  0.250000000000E+01  0.500000000000E+01  0.403384942830E+01  0.280856328277E+01  0.125000000000E+01  0.182727219356E+01
  0.500000000000E+01  0.430969386006E+01  0.342819755379E+01  0.227317933631E+01  0.162230260845E+01  0.000000000000E+00  0.905837536509E+00
  0.500000000000E+01  0.408642231822E+01  0.297954017413E+01  0.189599568386E+01  0.109945440014E+01  0.735450417037E+00  0.000000000000E+00
  0.500000000000E+01  0.398205049073E+01  0.304506426164E+01  0.214587157439E+01  0.104050588738E+01  0.000000000000E+00  0.000000000000E+00
  0.500000000000E+01  0.375000000000E+01  0.250000000000E+01  0.125000000000E+01  0.000000000000E+00
  0.250000000000E+01  0.250000000000E+01  0.250000000000E+01  0.145332269920E+01  0.132549389334E+01  0.250000000000E+01  0.173899611320E+01
  0.125000000000E+01  0.518568023061E+00  0.350800286361E+00  0.490615021923E-01  0.825621401394E+00  0.250000000000E+01  0.157899473280E+01
  0.000000000000E+00 -0.461282870254E+00 -0.857924212153E+00 -0.873141960959E+00 -0.322732261638E+00  0.659350882208E+00  0.125000000000E+01
 -0.125000000000E+01 -0.158398995423E+01 -0.183684615440E+01 -0.165007033378E+01 -0.147959633950E+01  0.000000000000E+00 -0.125000000000E+01
 -0.250000000000E+01 -0.250000000000E+01 -0.250000000000E+01 -0.250000000000E+01 -0.250000000000E+01
  0.000000000000E+00  0.000000000000E+00  0.000000000000E+00  0.000000000000E+00  0.000000000000E+00  0.000000000000E+00  0.000000000000E+00
  0.000000000000E+00  0.000000000000E+00  0.000000000000E+00  0.000000000000E+00  0.000000000000E+00  0.000000000000E+00  0.000000000000E+00
  0.000000000000E+00  0.000000000000E+00  0.000000000000E+00  0.000000000000E+00  0.000000000000E+00  0.000000000000E+00  0.000000000000E+00
  0.000000000000E+00  0.000000000000E+00  0.000000000000E+00  0.000000000000E+00  0.000000000000E+00  0.000000000000E+00  0.000000000000E+00
  0.000000000000E+00  0.000000000000E+00  0.000000000000E+00  0.000000000000E+00  0.000000000000E+00
  0.000000000000E+00  0.000000000000E+00  0.000000000000E+00  0.000000000000E+00  0.000000000000E+00  0.000000000000E+00  0.000000000000E+00
  0.000000000000E+00  0.000000000000E+00  0.000000000000E+00  0.000000000000E+00  0.000000000000E+00  0.000000000000E+00  0.000000000000E+00
  0.000000000000E+00  0.000000000000E+00  0.000000000000E+00  0.000000000000E+00  0.000000000000E+00  0.000000000000E+00  0.000000000000E+00
  0.000000000000E+00  0.000000000000E+00  0.000000000000E+00  0.000000000000E+00  0.000000000000E+00  0.000000000000E+00  0.000000000000E+00
  0.000000000000E+00  0.000000000000E+00  0.000000000000E+00  0.000000000000E+00  0.000000000000E+00
  0.999989339439E+00  0.999989408764E+00  0.999989626853E+00  0.999989597857E+00  0.999989617537E+00  0.999989827144E+00  0.999989796486E+00
  0.999990280142E+00  0.999990683073E+00  0.999990488857E+00  0.999991229255E+00  0.999990579939E+00  0.999990295028E+00  0.999990369758E+00
  0.999991490088E+00  0.999992140430E+00  0.999992688838E+00  0.999992317107E+00  0.999991643787E+00  0.999990917154E+00  0.999990757903E+00
  0.999992820913E+00  0.999993395481E+00  0.999993478885E+00  0.999993152857E+00  0.999992518335E+00  0.999991416700E+00  0.999992168096E+00
  0.999993487379E+00  0.999993690057E+00  0.999993543115E+00  0.999993137282E+00  0.999992721792E+00
 -0.317200564601E-03  0.137603855607E-03 -0.436406320485E-03 -0.441038861850E-03 -0.330214450120E-04  0.514315051766E-03  0.145312970973E-03
 -0.370150312818E-03 -0.488967694936E-03 -0.284131319592E-03  0.498516343959E-04  0.137319769491E-03  0.985768052379E-03  0.613346368451E-03
 -0.427435712950E-03 -0.496882471198E-03 -0.453115542802E-04  0.312323505752E-03  0.270118797909E-03  0.538045251010E-03  0.112745163458E-02
 -0.399477072335E-03 -0.447687929002E-03  0.773349236472E-04  0.487733875088E-04  0.482884764889E-03  0.819639184755E-03  0.406273651802E-03
 -0.557123430018E-03 -0.345801482269E-03 -0.243999746280E-03  0.588688078694E-03  0.781460566247E-03
 -0.547900174382E-04 -0.534071333758E-04  0.117774837566E-03 -0.249003522167E-04 -0.192798269683E-03 -0.137046196013E-03 -0.232205456781E-04
  0.120315583765E-03  0.191686515007E-04 -0.135237667089E-03 -0.114213867742E-03 -0.714197656436E-04  0.199580950357E-04 -0.230491621857E-03
  0.153375318089E-03  0.134105684738E-04 -0.143280887029E-03 -0.135560020472E-03 -0.131799839810E-03 -0.185327953437E-03  0.375569380528E-04
  0.158827325184E-03 -0.428888691456E-04 -0.149666103512E-03 -0.840916624897E-04 -0.156253087971E-03  0.617040472987E-04  0.806732084182E-04
  0.151066705154E-03 -0.596251331567E-04  0.216412959562E-04 -0.103577166395E-03  0.706099166558E-04
 -0.525335961104E-05  0.110889183438E-04  0.831104061679E-05 -0.140791096735E-04  0.113500304323E-04  0.635466101326E-04  0.280569431779E-04
  0.100797155598E-04  0.457340012554E-05  0.102226978949E-04 -0.153996944369E-04 -0.176086799465E-04  0.698865386392E-04  0.474623115234E-04
 -0.106292826227E-04  0.524600527704E-05 -0.106401545135E-03 -0.951498584595E-04 -0.173845087087E-03  0.316226578210E-04  0.871103122450E-04
  0.136393043753E-04  0.861052210153E-06  0.527772524239E-04  0.183838385971E-03  0.729499132307E-05  0.726746830955E-04 -0.664205475463E-04
 -0.393144426140E-04  0.687109131235E-06  0.568859853535E-04  0.294272571104E-04 -0.586598618463E-04
 -0.756100392629E-04 -0.121136463680E-03 -0.364553637773E-04 -0.143952920378E-03 -0.231373133840E-03 -0.124011638099E-03 -0.155676621658E-03
 -0.423489980819E-04 -0.623729475213E-04 -0.122789053359E-03 -0.215731082901E-03 -0.296943203263E-03 -0.228229971699E-03 -0.142725492174E-03
 -0.528290776787E-04 -0.828232068292E-04 -0.196339023841E-03 -0.245832791277E-03 -0.490036331483E-03 -0.209761573871E-03 -0.251119270275E-03
 -0.707597694946E-04 -0.111346221562E-03 -0.124702478395E-03 -0.225458507223E-03 -0.415338529679E-03 -0.144814066479E-03 -0.167592027355E-03
 -0.372794575024E-04 -0.509188087198E-04 -0.701462282465E-04 -0.174509164941E-03 -0.143341145567E-03
  0.112645352496E-02  0.385505557049E-03  0.227405423505E-03  0.485826932235E-03  0.919008770099E-03  0.265392844452E-04  0.607544691640E-03
  0.364738337112E-03  0.966308806335E-04  0.102211878751E-02  0.852145353561E-03  0.290221207062E-03 -0.799348258531E-03  0.186173495115E-02
  0.323692415773E-03  0.660020289382E-03  0.134336904460E-02  0.260416785420E-03  0.467032797709E-03  0.805715794836E-03 -0.109466750850E-02
  0.788584292377E-03  0.133504954049E-02 -0.262322854174E-03  0.289277310350E-03 -0.310486131000E-03  0.660322524074E-04  0.173965474928E-03
  0.154149077457E-03  0.513236841737E-03  0.650832364301E-03  0.106189779309E-02 -0.269428345185E-03
        19        18        11        11
        17        10        11        11
        12        11         5         5
        18        25        17        17
        31        24        25        25
        11        10         5         5
         2         7         5         5
        11        18        17        17
        11        12        19        19
        27        19        20        20
        17        16        10        10
        15         9        16        16
        23        17        24        24
         4        10         9         9
        23        22        16        16
        26        18        19        19
        14        21        20        20
        14        12         7         7
         5         7        12        12
         4         1         5         5
        26        32        25        25
         5        10         4         4
         9         8         4         4
        25        18        26        26
        19        28        26        26
        24        30        23        23
        29        22        23        23
        20        12        14        14
         7         6        14        14
         8         9        15        15
         5         1         2         2
         6         7         2         2
        30        24        31        31
        20        21        27        27
        28        19        27        27
        16         9        10        10
         1         4         3         3
        32        26        33        33
        21        14        13        13
        25        24        17        17
        22        15        16        16
        17        23        16        16
        32        31        25        25
        12        20        19        19
        28        33        26        26
         8         3         4         4
        30        29        23        23
         6        13        14        14
