title="tecplot geometry and solution file"
variables = x y z mach temperature lambda1 lambda2 lambda3 lambda4 lambda5
zone t="boundary 1 bc-1", solutiontime= 0.6000000E+02, strandid=1001, i=32, j=46, f=feblock
  0.000000000000E+00  0.000000000000E+00  0.000000000000E+00  0.000000000000E+00  0.000000000000E+00  0.000000000000E+00  0.000000000000E+00
  0.000000000000E+00  0.000000000000E+00  0.000000000000E+00  0.000000000000E+00  0.000000000000E+00  0.000000000000E+00  0.000000000000E+00
  0.000000000000E+00  0.000000000000E+00  0.000000000000E+00  0.000000000000E+00  0.000000000000E+00  0.000000000000E+00  0.000000000000E+00
  0.000000000000E+00  0.000000000000E+00  0.000000000000E+00  0.000000000000E+00  0.000000000000E+00  0.000000000000E+00  0.000000000000E+00
  0.000000000000E+00  0.000000000000E+00  0.000000000000E+00  0.000000000000E+00
  0.250000000000E+01  0.250000000000E+01  0.125000000000E+01  0.146289271009E+01  0.157686156160E+01  0.308372018325E+00  0.000000000000E+00
 -0.125000000000E+01 -0.600232012419E+00  0.250000000000E+01  0.477386199275E+00  0.742988685424E+00 -0.739814786992E+00  0.177790177481E+01
  0.155830813274E+01  0.250000000000E+01 -0.250000000000E+01 -0.154800130438E+01 -0.487811078581E+00  0.250000000000E+01  0.627766083140E+00
 -0.345533899378E+00 -0.178862290564E+01 -0.158811787973E+01  0.125000000000E+01 -0.250000000000E+01 -0.144524380962E+01  0.000000000000E+00
 -0.125000000000E+01 -0.250000000000E+01 -0.250000000000E+01 -0.250000000000E+01
  0.000000000000E+00  0.125000000000E+01  0.000000000000E+00  0.103724302461E+01  0.219251206392E+01  0.922061490191E+00  0.000000000000E+00
  0.000000000000E+00  0.715990576545E+00  0.250000000000E+01  0.202479342020E+01  0.324151231464E+01  0.175434191980E+01  0.310152362409E+01
  0.404200324774E+01  0.375000000000E+01  0.000000000000E+00  0.930412228790E+00  0.299062775774E+01  0.500000000000E+01  0.429310310915E+01
  0.409252726285E+01  0.187029682677E+01  0.284428995242E+01  0.500000000000E+01  0.125000000000E+01  0.394624082883E+01  0.500000000000E+01
  0.500000000000E+01  0.250000000000E+01  0.375000000000E+01  0.500000000000E+01
  0.000000000000E+00  0.441238348384E+00  0.000000000000E+00  0.475214987021E+00  0.460123708856E+00  0.468827815405E+00  0.000000000000E+00
  0.000000000000E+00  0.402302516798E+00  0.469814974359E+00  0.464411128942E+00  0.478714034184E+00  0.489298241651E+00  0.483068557888E+00
  0.487930073118E+00  0.488961654628E+00  0.000000000000E+00  0.464775721414E+00  0.473795651891E+00  0.495346592024E+00  0.490266103446E+00
  0.486286083902E+00  0.445717618051E+00  0.464382274634E+00  0.496127394917E+00  0.443624103833E+00  0.486964461957E+00  0.497246279768E+00
  0.496059270892E+00  0.467732355362E+00  0.488212087362E+00  0.495098264817E+00
  0.999990295028E+00  0.102982719499E+01  0.999990757903E+00  0.104247294232E+01  0.101190080524E+01  0.102520618293E+01  0.999991416700E+00
  0.999992168096E+00  0.103891223624E+01  0.100826277309E+01  0.101252833877E+01  0.100300548289E+01  0.102702865700E+01  0.100605563290E+01
  0.100244400478E+01  0.100355660048E+01  0.999992721792E+00  0.103239739214E+01  0.100459524090E+01  0.100179336279E+01  0.100260305842E+01
  0.100234966417E+01  0.101657153079E+01  0.100617544692E+01  0.100168844809E+01  0.104043292670E+01  0.100303376377E+01  0.100118726928E+01
  0.100134171022E+01  0.100976788415E+01  0.100405369352E+01  0.100176112495E+01
  0.989689947004E-03  0.446045223280E-02  0.113118495462E-02  0.754855668593E-02  0.313540613671E-03  0.921403672911E-02  0.836129075893E-03
  0.415971847293E-03  0.106316126500E-01 -0.344320478323E-03  0.418526940157E-03 -0.117761439435E-02  0.754871687824E-03 -0.602846439337E-03
 -0.153398443238E-02 -0.145585169215E-02  0.801374936287E-03  0.890362627442E-02 -0.930694899723E-03 -0.602829421138E-02 -0.209077975150E-02
 -0.143682053331E-02  0.718437054450E-03 -0.912406825766E-03 -0.623202917483E-02  0.658140618714E-02 -0.117508387570E-02 -0.690699086519E-02
 -0.613545292724E-02 -0.715668518486E-03 -0.134582555949E-02 -0.577394690343E-02
  0.199005645327E-04  0.633170541531E-03  0.355785198844E-04  0.927817636101E-03 -0.149584930140E-04  0.136197134465E-02  0.632699558964E-04
  0.815005177678E-04  0.161869239126E-02 -0.139733510658E-03  0.154038253457E-04 -0.247294938748E-03  0.838999722172E-05 -0.178777282774E-03
 -0.302592866893E-03 -0.324664414494E-03  0.710477094348E-04  0.139684425343E-02 -0.180782316400E-03 -0.124022544232E-02 -0.415925341860E-03
 -0.273671818828E-03  0.139502196382E-04 -0.170222047074E-03 -0.130610687935E-02  0.847678164035E-03 -0.229035478929E-03 -0.145185977961E-02
 -0.128501739438E-02 -0.175530354942E-03 -0.283185337893E-03 -0.120252884945E-02
  0.709233137351E-04  0.196994351864E-04  0.868541031855E-04  0.210432783394E-03  0.352141352937E-04  0.119970971831E-03  0.717720843146E-04
 -0.667934273253E-04  0.436516452832E-04 -0.259365813867E-05  0.402892319545E-04  0.371773950745E-04  0.108724991806E-04  0.103584006335E-04
 -0.537812457613E-05 -0.115255807700E-05 -0.590732728843E-04 -0.157757074606E-03  0.292896067802E-04  0.292076849372E-06  0.164572574627E-05
  0.669820705156E-05  0.242118803011E-04 -0.596235179313E-05  0.173794853237E-04 -0.209888686389E-04 -0.320007218940E-05  0.187755386312E-05
 -0.736214161861E-05 -0.407995436129E-05 -0.199208359232E-05  0.796886782425E-06
 -0.230515600559E-03 -0.198615800978E-03 -0.253483837046E-03  0.241697441747E-04  0.254032864320E-03  0.263664831747E-03 -0.147124609285E-03
 -0.171211527565E-03  0.202634309723E-03  0.269776619663E-03  0.490415876269E-03  0.273534190280E-03  0.585194181707E-03  0.254802154047E-03
  0.190965336851E-03  0.222554219844E-03 -0.146259507305E-03  0.133863727989E-03  0.328098066551E-03  0.826365178880E-04  0.178303363901E-03
  0.215050279940E-03  0.444925736814E-03  0.284832447131E-03  0.791482494928E-04  0.227734107147E-03  0.206495115737E-03  0.740799850255E-04
  0.896928473093E-04  0.339391027051E-03  0.216988337596E-03  0.881847140637E-04
 -0.805044936373E-03 -0.183760408792E-02 -0.109949320538E-02 -0.301189595760E-02 -0.131497435845E-03 -0.381313228630E-02  0.567866356260E-04
  0.166895579756E-03 -0.442715231469E-02  0.138780236169E-03 -0.190070987843E-03  0.459707615538E-03 -0.321413457091E-03  0.235137466838E-03
  0.610640895211E-03  0.584814526530E-03 -0.278441878160E-03 -0.370126851125E-02  0.344788318254E-03  0.250285399864E-02  0.843595771523E-03
  0.568136094773E-03 -0.314470815690E-03  0.330121882203E-03  0.259183421147E-02 -0.266739889629E-02  0.459249433568E-03  0.288108481668E-02
  0.255341993385E-02  0.263378545208E-03  0.537000837356E-03  0.239680074240E-02
        12        19        11        11
        11         5        12        12
        10        14         5         5
        19        13        11        11
        19        24        13        13
        30        23        24        24
        19        12        22        22
        28        22        21        21
        11        13         6         6
         7         6         9         9
        15        12        14        14
        18        13        23        23
        15        25        21        21
        27        19        22        22
        18         8         9         9
        27        31        24        24
         4        11         6         6
         5        14        12        12
         4         2         5         5
        21        12        15        15
        14        16        15        15
        24        19        27        27
        22        29        27        27
        23        26        18        18
        17         8        18        18
         5        11         4         4
         6         3         4         4
        26        23        30        30
         5         2        10        10
        16        14        10        10
         3         6         7         7
        21        25        28        28
        29        22        28        28
         6        13         9         9
         2         4         1         1
        31        27        32        32
        25        15        20        20
        24        23        13        13
         8         7         9         9
        13        18         9         9
        31        30        24        24
        12        21        22        22
        29        32        27        27
         3         1         4         4
        26        17        18        18
        16        20        15        15
zone t="boundary 2 bc-2", solutiontime= 0.6000000E+02, strandid=1002, i=33, j=48, f=feblock
  0.500000000000E+01  0.375000000000E+01  0.250000000000E+01  0.288078410721E+01  0.125000000000E+01  0.190974100652E+01  0.326683758169E+01
  0.201431602454E+01  0.000000000000E+00  0.963108083381E+00  0.500000000000E+01  0.403552511878E+01  0.423153924130E+01  0.500000000000E+01
  0.385533350601E+01  0.500000000000E+01  0.398173246726E+01  0.315249557942E+01  0.267000324704E+01  0.154774304040E+01  0.218329375016E+01
  0.893127759452E+00  0.000000000000E+00  0.698517061619E+00  0.964171764089E+00  0.310324758057E+01  0.000000000000E+00  0.000000000000E+00
  0.125000000000E+01  0.500000000000E+01  0.375000000000E+01  0.250000000000E+01  0.000000000000E+00
 -0.250000000000E+01 -0.250000000000E+01 -0.250000000000E+01 -0.250000000000E+01 -0.250000000000E+01 -0.250000000000E+01 -0.250000000000E+01
 -0.250000000000E+01 -0.250000000000E+01 -0.250000000000E+01 -0.250000000000E+01 -0.250000000000E+01 -0.250000000000E+01 -0.250000000000E+01
 -0.250000000000E+01 -0.250000000000E+01 -0.250000000000E+01 -0.250000000000E+01 -0.250000000000E+01 -0.250000000000E+01 -0.250000000000E+01
 -0.250000000000E+01 -0.250000000000E+01 -0.250000000000E+01 -0.250000000000E+01 -0.250000000000E+01 -0.250000000000E+01 -0.250000000000E+01
 -0.250000000000E+01 -0.250000000000E+01 -0.250000000000E+01 -0.250000000000E+01 -0.250000000000E+01
  0.000000000000E+00  0.000000000000E+00  0.000000000000E+00  0.904659890645E+00  0.000000000000E+00  0.717002441913E+00  0.188609243358E+01
  0.176246431481E+01  0.000000000000E+00  0.961328577125E+00  0.125000000000E+01  0.101201586758E+01  0.191586535653E+01  0.250000000000E+01
  0.293121848150E+01  0.375000000000E+01  0.406975391361E+01  0.363585050272E+01  0.285047954584E+01  0.292817774674E+01  0.395907379566E+01
  0.205246550326E+01  0.125000000000E+01  0.306828197606E+01  0.397245519226E+01  0.433168271247E+01  0.250000000000E+01  0.375000000000E+01
  0.500000000000E+01  0.500000000000E+01  0.500000000000E+01  0.500000000000E+01  0.500000000000E+01
  0.000000000000E+00  0.000000000000E+00  0.000000000000E+00  0.380991906500E+00  0.000000000000E+00  0.343629824950E+00  0.585286157424E+00
  0.579373264282E+00  0.000000000000E+00  0.501056069140E+00  0.508460362676E+00  0.435373026572E+00  0.572640041190E+00  0.537002098944E+00
  0.568922553870E+00  0.514994090651E+00  0.508247257160E+00  0.527252853130E+00  0.567446661127E+00  0.531657143909E+00  0.505981016593E+00
  0.520795579399E+00  0.443624103833E+00  0.490663730453E+00  0.492155873749E+00  0.501390784676E+00  0.467732355362E+00  0.488212087362E+00
  0.490002767114E+00  0.491352304715E+00  0.486075475228E+00  0.490036479234E+00  0.495098264817E+00
  0.999993487379E+00  0.999993690057E+00  0.999993543115E+00  0.989539055875E+00  0.999993137282E+00  0.985524707174E+00  0.989838908967E+00
  0.991798516580E+00  0.999992721792E+00  0.984411112416E+00  0.985091906406E+00  0.984689080896E+00  0.990058464829E+00  0.100289621837E+01
  0.999855369243E+00  0.100485306649E+01  0.100121554699E+01  0.100055642931E+01  0.997896793475E+00  0.100350029570E+01  0.100058068723E+01
  0.101093276247E+01  0.104043292670E+01  0.100326475367E+01  0.100254498742E+01  0.100045587387E+01  0.100976788415E+01  0.100405369352E+01
  0.100192656835E+01  0.100045434508E+01  0.100058774183E+01  0.100109993754E+01  0.100176112495E+01
 -0.565619450848E-03 -0.349069598661E-03 -0.251908414922E-03  0.507531627312E-02  0.606548354856E-03  0.191654480169E-01 -0.919521552314E-03
  0.401876582040E-03  0.801374936287E-03  0.918433788022E-02 -0.126450394790E-02 -0.157149865972E-02 -0.964751113501E-03 -0.837742174617E-03
 -0.609060066674E-03 -0.540784351663E-03 -0.397384437880E-03 -0.470372939896E-03 -0.832926755083E-03 -0.105700819496E-02 -0.598315928740E-03
  0.470743427869E-03  0.658140618714E-02 -0.696157766893E-03 -0.112984582229E-02 -0.718281742995E-03 -0.715668518486E-03 -0.134582555949E-02
 -0.520700979469E-02 -0.627663009477E-03 -0.238835689086E-02 -0.457606094540E-02 -0.577394690343E-02
  0.152599365513E-03 -0.616130073665E-04  0.202485101352E-04  0.821710951651E-03 -0.109015522951E-03  0.249605132757E-02 -0.345572191995E-04
 -0.608885162547E-04  0.710477094348E-04  0.113536331497E-02  0.292975611834E-03 -0.499379009218E-04  0.130680658944E-03  0.213192359826E-03
  0.130648961353E-03  0.126880146548E-03  0.149699230460E-03  0.119565642077E-03  0.264663614226E-04 -0.108579244903E-03  0.527700803735E-04
 -0.684212914244E-04  0.847678164035E-03 -0.517059442952E-04 -0.131063821423E-03  0.714872110440E-04 -0.175530354942E-03 -0.283185337893E-03
 -0.939321496636E-03  0.311039718131E-04 -0.240866899129E-03 -0.714522562572E-03 -0.120252884945E-02
 -0.385663266109E-04  0.152252889234E-05  0.579720134187E-04  0.894047940002E-04  0.296286713541E-04  0.245073228703E-03 -0.216527009530E-04
  0.167001713925E-05 -0.590732728843E-04  0.102946634444E-03 -0.215663844763E-04 -0.756518779468E-04  0.290983723248E-05  0.142076236626E-05
  0.222448866507E-05 -0.267269665425E-05  0.507069636053E-06 -0.171426803228E-05  0.549549747547E-05  0.749586928786E-05 -0.295557050620E-05
  0.870268125653E-05 -0.209888686389E-04  0.191295552700E-05 -0.207318622680E-06 -0.125005119068E-05 -0.407995436129E-05 -0.199208359232E-05
 -0.769952302937E-06 -0.534756914486E-06 -0.975397808508E-07  0.364315578515E-06  0.796886782425E-06
 -0.373183155508E-04 -0.507705907514E-04 -0.693163347612E-04  0.227154873167E-03 -0.177735203746E-03  0.621313109127E-04  0.365339825863E-03
  0.453068966125E-03 -0.146259507305E-03  0.245287617823E-03  0.897837437221E-04  0.308100922287E-03  0.141219430798E-03  0.584999603556E-04
  0.129410065015E-03  0.444024820912E-04  0.116389989369E-03  0.166647049628E-03  0.214231150659E-03  0.215663824732E-03  0.190483213471E-03
  0.369659295635E-03  0.227734107147E-03  0.227713775846E-03  0.191347127109E-03  0.163103703508E-03  0.339391027051E-03  0.216988337596E-03
  0.125202955100E-03  0.666478549880E-04  0.144726389471E-03  0.156432449303E-03  0.881847140637E-04
  0.159162269646E-03  0.516030485101E-03  0.658196805004E-03 -0.226516433534E-02  0.106023665178E-02 -0.822995132906E-02  0.280493793806E-03
 -0.171987819685E-03 -0.278441878160E-03 -0.380347712878E-02  0.271193800543E-03  0.504663218770E-03  0.240836665953E-03  0.161015146092E-03
  0.123544501943E-03  0.109398795450E-03  0.552681270930E-04  0.899298155938E-04  0.238955152625E-03  0.370751102402E-03  0.160730467111E-03
 -0.192454157644E-03 -0.266739889629E-02  0.229411575567E-03  0.413610190797E-03  0.196775370818E-03  0.263378545208E-03  0.537000837356E-03
  0.211617548763E-02  0.189907417027E-03  0.896490099080E-03  0.182026361514E-02  0.239680074240E-02
        15         7        19        19
         8        20        19        19
        18        19        21        21
         7         4         8         8
         3         6         4         4
        19         7         8         8
        19        18        15        15
        14        13        15        15
         8        22        20        20
        27        24        22        22
        19        20        21        21
        32        26        21        21
        17        18        26        26
        17        16        15        15
        25        29        21        21
        12         7        13        13
        10         8         6         6
        25        20        24        24
         4         6         8         8
        12         2         4         4
        10        23        22        22
        26        31        17        17
        30        16        17        17
         4         7        12        12
        13        11        12        12
        21        20        25        25
        24        28        25        25
        22         8        10        10
         6         5        10        10
        31        26        32        32
         4         2         3         3
         5         6         3         3
        11        13        14        14
        22        23        27        27
        28        24        27        27
        15        13         7         7
         2        12         1         1
        29        25        33        33
        23        10         9         9
        21        26        18        18
        16        14        15        15
        18        17        15        15
        29        32        21        21
        22        24        20        20
        28        33        25        25
        11         1        12        12
        31        30        17        17
         5         9        10        10
zone t="boundary 3 bc-3", solutiontime= 0.6000000E+02, strandid=1003, i=33, j=48, f=feblock
  0.375000000000E+01  0.250000000000E+01  0.500000000000E+01  0.403552511878E+01  0.288078410721E+01  0.125000000000E+01  0.190974100652E+01
  0.500000000000E+01  0.326683758169E+01  0.423153924130E+01  0.201431602454E+01  0.000000000000E+00  0.963108083381E+00  0.500000000000E+01
  0.267000324704E+01  0.385533350601E+01  0.893127759452E+00  0.154774304040E+01  0.000000000000E+00  0.500000000000E+01  0.315249557942E+01
  0.218329375016E+01  0.398173246726E+01  0.000000000000E+00  0.698517061619E+00  0.964171764089E+00  0.125000000000E+01  0.000000000000E+00
  0.500000000000E+01  0.310324758057E+01  0.250000000000E+01  0.375000000000E+01  0.000000000000E+00
  0.250000000000E+01  0.250000000000E+01  0.250000000000E+01  0.250000000000E+01  0.250000000000E+01  0.250000000000E+01  0.250000000000E+01
  0.250000000000E+01  0.250000000000E+01  0.250000000000E+01  0.250000000000E+01  0.250000000000E+01  0.250000000000E+01  0.250000000000E+01
  0.250000000000E+01  0.250000000000E+01  0.250000000000E+01  0.250000000000E+01  0.250000000000E+01  0.250000000000E+01  0.250000000000E+01
  0.250000000000E+01  0.250000000000E+01  0.250000000000E+01  0.250000000000E+01  0.250000000000E+01  0.250000000000E+01  0.250000000000E+01
  0.250000000000E+01  0.250000000000E+01  0.250000000000E+01  0.250000000000E+01  0.250000000000E+01
  0.000000000000E+00  0.000000000000E+00  0.000000000000E+00  0.101201586758E+01  0.904659890645E+00  0.000000000000E+00  0.717002441913E+00
  0.125000000000E+01  0.188609243358E+01  0.191586535653E+01  0.176246431481E+01  0.000000000000E+00  0.961328577125E+00  0.250000000000E+01
  0.285047954584E+01  0.293121848150E+01  0.205246550326E+01  0.292817774674E+01  0.125000000000E+01  0.375000000000E+01  0.363585050272E+01
  0.395907379566E+01  0.406975391361E+01  0.250000000000E+01  0.306828197606E+01  0.397245519226E+01  0.500000000000E+01  0.375000000000E+01
  0.500000000000E+01  0.433168271247E+01  0.500000000000E+01  0.500000000000E+01  0.500000000000E+01
  0.000000000000E+00  0.000000000000E+00  0.000000000000E+00  0.443767745459E+00  0.402286944574E+00  0.000000000000E+00  0.377550369545E+00
  0.509232128688E+00  0.575832179754E+00  0.573707405285E+00  0.562554064412E+00  0.000000000000E+00  0.490563299840E+00  0.534527096543E+00
  0.556586982170E+00  0.564391577749E+00  0.522730517385E+00  0.522052000170E+00  0.441238348384E+00  0.517182331791E+00  0.524228630763E+00
  0.503687457534E+00  0.509488571178E+00  0.469814974359E+00  0.495614442414E+00  0.494483780212E+00  0.488562428343E+00  0.488961654628E+00
  0.492980744788E+00  0.499005552222E+00  0.486460936507E+00  0.484596927548E+00  0.495346592024E+00
  0.999989339439E+00  0.999989408764E+00  0.999989626853E+00  0.981541895460E+00  0.988773990194E+00  0.999989827144E+00  0.982469462434E+00
  0.984104309047E+00  0.990427545862E+00  0.990355285694E+00  0.994362997073E+00  0.999990295028E+00  0.988652071037E+00  0.100368369414E+01
  0.999769197113E+00  0.100118501219E+01  0.100834885320E+01  0.100252111043E+01  0.102982719499E+01  0.100443319461E+01  0.100199536635E+01
  0.100082056599E+01  0.100138192342E+01  0.100826277309E+01  0.100298787130E+01  0.100192389555E+01  0.100215267510E+01  0.100355660048E+01
  0.100047670023E+01  0.100056591053E+01  0.100126820231E+01  0.100066573360E+01  0.100179336279E+01
 -0.324448788088E-03  0.154119214285E-03 -0.438737094458E-03  0.281477711345E-02  0.901945691720E-02  0.528785876406E-03  0.819698875143E-02
 -0.155039041402E-02 -0.720542096569E-03 -0.100419421021E-02  0.147311444165E-02  0.989689947004E-03  0.579148392599E-02 -0.759540528908E-03
 -0.844319474810E-03 -0.654353506999E-03 -0.244011959206E-04 -0.764746115084E-03  0.446045223280E-02 -0.534630547942E-03 -0.404496439208E-03
 -0.533450609490E-03 -0.412528626627E-03 -0.344320478323E-03 -0.671139225611E-03 -0.140723721236E-02 -0.451286094214E-02 -0.145585169215E-02
 -0.514416495846E-03 -0.638829785159E-03 -0.420474999086E-02 -0.226436765115E-02 -0.602829421138E-02
 -0.579020083785E-04 -0.591956513559E-04  0.119772196163E-03  0.816626058051E-03  0.128900497783E-02 -0.137301544110E-03  0.102933368003E-02
  0.244498782371E-03  0.618041602699E-04  0.157989191896E-03  0.846803678889E-04  0.199005645327E-04  0.383268990876E-03  0.199670786846E-03
  0.266306523683E-04  0.123275489914E-03 -0.189502566924E-03 -0.428624668179E-04  0.633170541531E-03  0.131902126319E-03  0.125048690609E-03
  0.737784715104E-04  0.140736609047E-03 -0.139733510658E-03 -0.143541100001E-03 -0.173622969227E-03 -0.798654680543E-03 -0.324664414494E-03
  0.479619425174E-04  0.821371482362E-04 -0.646711669638E-03 -0.221222334996E-03 -0.124022544232E-02
 -0.536710618361E-05  0.112782115165E-04  0.884596683716E-05 -0.615520044090E-04 -0.125699151651E-03  0.636664080541E-04  0.225481172376E-04
 -0.249009795459E-05 -0.151742527159E-04 -0.437686830086E-06 -0.971556830158E-05  0.709233137351E-04  0.958772787543E-04  0.465111125982E-05
  0.419933826106E-06  0.949523614526E-06 -0.231057785727E-04 -0.836227424976E-05  0.196994351864E-04  0.269420077644E-05  0.128400234486E-05
  0.593860702195E-05  0.205352668662E-06 -0.259365813867E-05 -0.667299389952E-05  0.112359039059E-05  0.271835908577E-05 -0.115255807700E-05
  0.110570476541E-05  0.354348057680E-07  0.640887521462E-06 -0.889347190123E-07  0.292076849372E-06
 -0.748366605351E-04 -0.125616877218E-03 -0.369211900213E-04  0.853745241139E-04  0.163619062172E-03 -0.126892793244E-03  0.744157507948E-04
  0.498213821038E-04  0.289594379204E-03  0.132414401129E-03  0.429953645955E-03 -0.230515600559E-03  0.176683730096E-03  0.534047081309E-04
  0.167933366724E-03  0.128712645570E-03  0.395510205798E-03  0.189885079217E-03 -0.198615800978E-03  0.522258322745E-04  0.160608236726E-03
  0.173722472324E-03  0.119241878779E-03  0.269776619663E-03  0.264381346705E-03  0.180816967888E-03  0.129623593539E-03  0.222554219844E-03
  0.600916348366E-04  0.158893520902E-03  0.155769222725E-03  0.140505493191E-03  0.826365178880E-04
  0.113400085274E-02  0.378797593653E-03  0.226702955513E-03 -0.145570880548E-02 -0.393089415032E-02  0.205328738889E-04 -0.345461525730E-02
  0.400577055422E-03  0.192147144354E-03  0.251028542216E-03 -0.601813427334E-03 -0.805044936373E-03 -0.227581431291E-02  0.142739082184E-03
  0.250496786551E-03  0.143561062232E-03  0.199468845227E-04  0.247340191349E-03 -0.183760408792E-02  0.104640963994E-03  0.647272248365E-04
  0.132196474499E-03  0.648595044456E-04  0.138780236169E-03  0.237380203824E-03  0.526802893393E-03  0.182369516182E-02  0.584814526530E-03
  0.145280268145E-03  0.166539802537E-03  0.166699865687E-02  0.846524939228E-03  0.250285399864E-02
        15         9        16        16
        15        18        11        11
        22        15        21        21
        11         5         9         9
         5         7         2         2
        11         9        15        15
        16        21        15        15
        16        10        14        14
        18        17        11        11
        17        25        24        24
        22        18        15        15
        22        30        31        31
        30        21        23        23
        16        20        23        23
        22        27        26        26
        10         9         4         4
         7        11        13        13
        25        18        26        26
        11         7         5         5
         5         1         4         4
        17        19        13        13
        23        32        30        30
        23        20        29        29
         4         9         5         5
         4         8        10        10
        26        18        22        22
        26        28        25        25
        13        11        17        17
        13         6         7         7
        31        30        32        32
         2         1         5         5
         2         7         6         6
        14        10         8         8
        24        19        17        17
        24        25        28        28
         9        10        16        16
         3         4         1         1
        33        26        27        27
        12        13        19        19
        21        30        22        22
        16        14        20        20
        16        23        21        21
        22        31        27        27
        18        25        17        17
        26        33        28        28
         4         3         8         8
        23        29        32        32
        13        12         6         6
zone t="boundary 4 bc-4", solutiontime= 0.6000000E+02, strandid=1004, i=32, j=46, f=feblock
  0.125000000000E+01  0.219251206392E+01  0.103724302461E+01  0.500000000000E+01  0.250000000000E+01  0.375000000000E+01  0.404200324774E+01
  0.500000000000E+01  0.000000000000E+00  0.310152362409E+01  0.202479342020E+01  0.324151231464E+01  0.922061490191E+00  0.000000000000E+00
  0.299062775774E+01  0.394624082883E+01  0.500000000000E+01  0.409252726285E+01  0.500000000000E+01  0.429310310915E+01  0.175434191980E+01
  0.284428995242E+01  0.000000000000E+00  0.000000000000E+00  0.715990576545E+00  0.930412228790E+00  0.125000000000E+01  0.187029682677E+01
  0.500000000000E+01  0.375000000000E+01  0.250000000000E+01  0.000000000000E+00
  0.250000000000E+01  0.157686156160E+01  0.146289271009E+01  0.250000000000E+01  0.250000000000E+01  0.250000000000E+01  0.155830813274E+01
  0.125000000000E+01  0.250000000000E+01  0.177790177481E+01  0.477386199275E+00  0.742988685424E+00  0.308372018325E+00  0.125000000000E+01
 -0.487811078581E+00 -0.144524380962E+01 -0.125000000000E+01 -0.345533899378E+00  0.000000000000E+00  0.627766083140E+00 -0.739814786992E+00
 -0.158811787973E+01  0.000000000000E+00 -0.125000000000E+01 -0.600232012419E+00 -0.154800130438E+01 -0.250000000000E+01 -0.178862290564E+01
 -0.250000000000E+01 -0.250000000000E+01 -0.250000000000E+01 -0.250000000000E+01
  0.500000000000E+01  0.500000000000E+01  0.500000000000E+01  0.500000000000E+01  0.500000000000E+01  0.500000000000E+01  0.500000000000E+01
  0.500000000000E+01  0.500000000000E+01  0.500000000000E+01  0.500000000000E+01  0.500000000000E+01  0.500000000000E+01  0.500000000000E+01
  0.500000000000E+01  0.500000000000E+01  0.500000000000E+01  0.500000000000E+01  0.500000000000E+01  0.500000000000E+01  0.500000000000E+01
  0.500000000000E+01  0.500000000000E+01  0.500000000000E+01  0.500000000000E+01  0.500000000000E+01  0.500000000000E+01  0.500000000000E+01
  0.500000000000E+01  0.500000000000E+01  0.500000000000E+01  0.500000000000E+01
  0.488562428343E+00  0.488873127044E+00  0.490562939264E+00  0.492980744788E+00  0.486460936507E+00  0.484596927548E+00  0.485347896276E+00
  0.494163542317E+00  0.495346592024E+00  0.486528232758E+00  0.487819998460E+00  0.487068916091E+00  0.494045904395E+00  0.496127394917E+00
  0.487612357629E+00  0.483219722850E+00  0.492395510969E+00  0.487214141159E+00  0.494738985333E+00  0.487958525499E+00  0.489677249447E+00
  0.488029107105E+00  0.497246279768E+00  0.496059270892E+00  0.494951052257E+00  0.492800373677E+00  0.490002767114E+00  0.490005124553E+00
  0.491352304715E+00  0.486075475228E+00  0.490036479234E+00  0.495098264817E+00
  0.100215267510E+01  0.100152652958E+01  0.100178347660E+01  0.100047670023E+01  0.100126820231E+01  0.100066573360E+01  0.100025357725E+01
  0.100050391679E+01  0.100179336279E+01  0.100112367258E+01  0.100133045248E+01  0.100072432973E+01  0.100164366725E+01  0.100168844809E+01
  0.100096274503E+01  0.100000874853E+01  0.100082864314E+01  0.100022269190E+01  0.100062146074E+01  0.100023497311E+01  0.100174635719E+01
  0.100098855496E+01  0.100118726928E+01  0.100134171022E+01  0.100132635956E+01  0.100179873777E+01  0.100192656835E+01  0.100163748619E+01
  0.100045434508E+01  0.100058774183E+01  0.100109993754E+01  0.100176112495E+01
 -0.451286094214E-02 -0.437762307670E-02 -0.451660366756E-02 -0.514416495846E-03 -0.420474999086E-02 -0.226436765115E-02 -0.157544507175E-02
 -0.512969244591E-03 -0.602829421138E-02 -0.348647567495E-02 -0.473385891843E-02 -0.330393050319E-02 -0.554122678097E-02 -0.623202917483E-02
 -0.376039507493E-02 -0.156201765914E-02 -0.605310083574E-03 -0.196789772437E-02 -0.484587666727E-03 -0.194633775249E-02 -0.587967867692E-02
 -0.356780238187E-02 -0.690699086519E-02 -0.613545292724E-02 -0.644538423564E-02 -0.518200206369E-02 -0.520700979469E-02 -0.549913130399E-02
 -0.627663009477E-03 -0.238835689086E-02 -0.457606094540E-02 -0.577394690343E-02
 -0.798654680543E-03 -0.707714801369E-03 -0.810576006141E-03  0.479619425174E-04 -0.646711669638E-03 -0.221222334996E-03 -0.971469102070E-04
  0.369542961025E-04 -0.124022544232E-02 -0.473474677332E-03 -0.774731816948E-03 -0.432236299201E-03 -0.101101128918E-02 -0.130610687935E-02
 -0.528035029309E-03 -0.951495732750E-04  0.382555251621E-04 -0.170986080036E-03  0.383733136234E-04 -0.169962923563E-03 -0.101735550251E-02
 -0.489571705205E-03 -0.145185977961E-02 -0.128501739438E-02 -0.122524676840E-02 -0.963619591832E-03 -0.939321496636E-03 -0.939071348252E-03
  0.311039718131E-04 -0.240866899129E-03 -0.714522562572E-03 -0.120252884945E-02
  0.271835908577E-05  0.973034660756E-05  0.107957219834E-04  0.110570476541E-05  0.640887521462E-06 -0.889347190123E-07  0.338133087947E-05
 -0.237735357233E-05  0.292076849372E-06  0.544829313453E-05  0.125740838794E-04  0.500026072528E-05  0.161871785390E-04  0.173794853237E-04
 -0.236604096474E-05 -0.560153829324E-05 -0.255117880188E-05 -0.820275137069E-05  0.251079280266E-06 -0.882978621200E-06 -0.159002403789E-05
 -0.235294737255E-05  0.187755386312E-05 -0.736214161861E-05 -0.245698076976E-05 -0.106695918110E-04 -0.769952302937E-06 -0.108990438800E-04
 -0.534756914486E-06 -0.975397808508E-07  0.364315578515E-06  0.796886782425E-06
  0.129623593539E-03  0.154287730548E-03  0.124150266312E-03  0.600916348366E-04  0.155769222725E-03  0.140505493191E-03  0.127103210812E-03
  0.546572594603E-04  0.826365178880E-04  0.157672597671E-03  0.151122052874E-03  0.160254059045E-03  0.119443253845E-03  0.791482494928E-04
  0.159581157087E-03  0.131635431727E-03  0.635287084788E-04  0.131183557088E-03  0.523992462734E-04  0.118998301532E-03  0.143544137919E-03
  0.162046185038E-03  0.740799850255E-04  0.896928473093E-04  0.101951307846E-03  0.118542030784E-03  0.125202955100E-03  0.141896120487E-03
  0.666478549880E-04  0.144726389471E-03  0.156432449303E-03  0.881847140637E-04
  0.182369516182E-02  0.174529095306E-02  0.183231170913E-02  0.145280268145E-03  0.166699865687E-02  0.846524939228E-03  0.562429099517E-03
  0.149778745642E-03  0.250285399864E-02  0.135851119791E-02  0.189438480712E-02  0.128148034258E-02  0.226118472356E-02  0.259183421147E-02
  0.147328518896E-02  0.556300087689E-03  0.179579946942E-03  0.726785197855E-03  0.139560188811E-03  0.722128642570E-03  0.237742188619E-02
  0.139166295261E-02  0.288108481668E-02  0.255341993385E-02  0.265159415704E-02  0.211616084671E-02  0.211617548763E-02  0.221897946903E-02
  0.189907417027E-03  0.896490099080E-03  0.182026361514E-02  0.239680074240E-02
        12        15        11        11
        11         2        12        12
         5        10         2         2
        15        21        11        11
        15        22        21        21
        31        28        22        22
        15        12        18        18
        19        18        20        20
        11        21        13        13
        23        13        25        25
         7        12        10        10
        26        21        28        28
         7         8        20        20
        16        15        18        18
        26        24        25        25
        16        30        22        22
         3        11        13        13
         2        10        12        12
         3         1         2         2
        20        12         7         7
        10         6         7         7
        22        15        16        16
        18        17        16        16
        28        27        26        26
        32        24        26        26
         2        11         3         3
        13        14         3         3
        27        28        31        31
         2         1         5         5
         6        10         5         5
        14        13        23        23
        20         8        19        19
        17        18        19        19
        13        21        25        25
         1         3         9         9
        30        16        29        29
         8         7         4         4
        22        28        21        21
        24        23        25        25
        21        26        25        25
        30        31        22        22
        12        20        18        18
        17        29        16        16
        14         9         3         3
        27        32        26        26
         6         4         7         7
zone t="boundary 5 bc-5", solutiontime= 0.6000000E+02, strandid=1005, i=33, j=48, f=feblock
  0.500000000000E+01  0.500000000000E+01  0.500000000000E+01  0.500000000000E+01  0.500000000000E+01  0.500000000000E+01  0.500000000000E+01
  0.500000000000E+01  0.500000000000E+01  0.500000000000E+01  0.500000000000E+01  0.500000000000E+01  0.500000000000E+01  0.500000000000E+01
  0.500000000000E+01  0.500000000000E+01  0.500000000000E+01  0.500000000000E+01  0.500000000000E+01  0.500000000000E+01  0.500000000000E+01
  0.500000000000E+01  0.500000000000E+01  0.500000000000E+01  0.500000000000E+01  0.500000000000E+01  0.500000000000E+01  0.500000000000E+01
  0.500000000000E+01  0.500000000000E+01  0.500000000000E+01  0.500000000000E+01  0.500000000000E+01
  0.250000000000E+01  0.125000000000E+01  0.250000000000E+01  0.157899473280E+01  0.000000000000E+00  0.659350882208E+00  0.250000000000E+01
  0.173899611320E+01  0.825621401394E+00  0.132549389334E+01 -0.125000000000E+01 -0.322732261638E+00  0.250000000000E+01  0.490615021923E-01
 -0.873141960959E+00  0.350800286361E+00  0.145332269920E+01 -0.250000000000E+01 -0.147959633950E+01  0.250000000000E+01 -0.857924212153E+00
 -0.165007033378E+01  0.518568023061E+00 -0.461282870254E+00  0.125000000000E+01 -0.250000000000E+01 -0.183684615440E+01 -0.158398995423E+01
 -0.250000000000E+01 -0.250000000000E+01 -0.125000000000E+01  0.000000000000E+00 -0.250000000000E+01
  0.000000000000E+00  0.000000000000E+00  0.125000000000E+01  0.905837536509E+00  0.000000000000E+00  0.735450417037E+00  0.250000000000E+01
  0.182727219356E+01  0.162230260845E+01  0.280856328277E+01  0.000000000000E+00  0.109945440014E+01  0.375000000000E+01  0.227317933631E+01
  0.189599568386E+01  0.342819755379E+01  0.403384942830E+01  0.000000000000E+00  0.104050588738E+01  0.500000000000E+01  0.297954017413E+01
  0.214587157439E+01  0.430969386006E+01  0.408642231822E+01  0.500000000000E+01  0.125000000000E+01  0.304506426164E+01  0.398205049073E+01
  0.250000000000E+01  0.375000000000E+01  0.500000000000E+01  0.500000000000E+01  0.500000000000E+01
  0.000000000000E+00  0.000000000000E+00  0.509232128688E+00  0.472098749751E+00  0.000000000000E+00  0.480805629297E+00  0.534527096543E+00
  0.535829284544E+00  0.535479021387E+00  0.540786045491E+00  0.000000000000E+00  0.510356197485E+00  0.517182331791E+00  0.539187577880E+00
  0.542979820827E+00  0.529277379004E+00  0.511036765470E+00  0.000000000000E+00  0.495604789636E+00  0.492980744788E+00  0.531173388087E+00
  0.533778472989E+00  0.505621127769E+00  0.512004182097E+00  0.494163542317E+00  0.508460362676E+00  0.529554208813E+00  0.511911000444E+00
  0.537002098944E+00  0.514994090651E+00  0.492395510969E+00  0.494738985333E+00  0.491352304715E+00
  0.999989626853E+00  0.999990280142E+00  0.984104309047E+00  0.976444106158E+00  0.999991490088E+00  0.959042327528E+00  0.100368369414E+01
  0.994429506663E+00  0.991216393836E+00  0.100355187734E+01  0.999992820913E+00  0.971537544369E+00  0.100443319461E+01  0.100528531017E+01
  0.997216648600E+00  0.100662940615E+01  0.100305331035E+01  0.999993487379E+00  0.973515985336E+00  0.100047670023E+01  0.100763862604E+01
  0.100128631826E+01  0.100314049598E+01  0.100383220486E+01  0.100050391679E+01  0.985091906406E+00  0.100596550881E+01  0.100387951332E+01
  0.100289621837E+01  0.100485306649E+01  0.100082864314E+01  0.100062146074E+01  0.100045434508E+01
 -0.438737094458E-03 -0.371802673368E-03 -0.155039041402E-02 -0.190443361898E-02 -0.428657499245E-03 -0.129861919768E-02 -0.759540528908E-03
 -0.980501327105E-03 -0.112445664776E-02 -0.670962282675E-03 -0.401350100654E-03 -0.105702106280E-02 -0.534630547942E-03 -0.840913024388E-03
 -0.984953643147E-03 -0.562034565716E-03 -0.433252655665E-03 -0.565619450848E-03 -0.726627002994E-03 -0.514416495846E-03 -0.678867570437E-03
 -0.947117403048E-03 -0.349523871955E-03 -0.390288849925E-03 -0.512969244591E-03 -0.126450394790E-02 -0.680193544112E-03 -0.438872819448E-03
 -0.837742174617E-03 -0.540784351663E-03 -0.605310083574E-03 -0.484587666727E-03 -0.627663009477E-03
  0.119772196163E-03  0.121575244511E-03  0.244498782371E-03  0.234910097630E-03  0.153590699142E-03  0.391174207269E-03  0.199670786846E-03
  0.252574302633E-03  0.284814588388E-03  0.185527888585E-03  0.159574844841E-03  0.402136311143E-03  0.131902126319E-03  0.223985276531E-03
  0.276707781871E-03  0.156388316121E-03  0.131614477988E-03  0.152599365513E-03  0.602863590814E-03  0.479619425174E-04  0.174949006006E-03
  0.246731511958E-03  0.116474483394E-03  0.138032937375E-03  0.369542961025E-04  0.292975611834E-03  0.167700801690E-03  0.139004184057E-03
  0.213192359826E-03  0.126880146548E-03  0.382555251621E-04  0.383733136234E-04  0.311039718131E-04
  0.884596683716E-05  0.976519614735E-05 -0.249009795459E-05  0.110114205515E-04 -0.110052218483E-04  0.263119269755E-04  0.465111125982E-05
  0.174958274101E-04  0.148779310114E-04  0.452855150728E-05  0.144636688554E-04  0.124601961357E-04  0.269420077644E-05 -0.884256383314E-06
  0.105057736948E-04  0.533765677991E-05  0.174726995578E-05 -0.385663266109E-04  0.369517595172E-05  0.110570476541E-05 -0.534200314259E-05
 -0.228432977131E-04  0.840271802103E-06  0.580331116729E-06 -0.237735357233E-05 -0.215663844763E-04  0.125626343863E-05 -0.484247946101E-05
  0.142076236626E-05 -0.267269665425E-05 -0.255117880188E-05  0.251079280266E-06 -0.534756914486E-06
 -0.369211900213E-04 -0.421093315865E-04  0.498213821038E-04  0.191591710031E-04 -0.534776215539E-04 -0.359641606305E-04  0.534047081309E-04
  0.598468651809E-04  0.846974353112E-04  0.607350391885E-04 -0.710899114554E-04 -0.420529145470E-05  0.522258322745E-04  0.515131839129E-04
  0.935398670778E-04  0.390022213000E-04  0.561962404981E-04 -0.373183155508E-04  0.129072065701E-05  0.600916348366E-04  0.434644337517E-04
  0.866757648372E-04  0.406473573858E-04  0.488414405965E-04  0.546572594603E-04  0.897837437221E-04  0.400597728022E-04  0.481632385244E-04
  0.584999603556E-04  0.444024820912E-04  0.635287084788E-04  0.523992462734E-04  0.666478549880E-04
  0.226702955513E-03  0.364004795520E-03  0.400577055422E-03  0.536812097490E-03  0.322968253213E-03  0.239612261573E-03  0.142739082184E-03
  0.191957360439E-03  0.229895340402E-03  0.121172712953E-03  0.787727748496E-03  0.138298433849E-03  0.104640963994E-03  0.155116282456E-03
  0.181044431192E-03  0.101560178640E-03  0.749725661213E-04  0.159162269646E-03 -0.752713606762E-04  0.145280268145E-03  0.128181764788E-03
  0.178898858917E-03  0.545814121600E-04  0.583308945720E-04  0.149778745642E-03  0.271193800543E-03  0.132116648883E-03  0.742983810081E-04
  0.161015146092E-03  0.109398795450E-03  0.179579946942E-03  0.139560188811E-03  0.189907417027E-03
        12        15        14        14
        21        16        14        14
         9        14        10        10
        15        22        21        21
        29        27        22        22
        14        16        10        10
         7         8        10        10
        14        15        21        21
        14         9        12        12
         5        12         6         6
        21        24        16        16
        32        23        24        24
        28        21        27        27
        17        16        23        23
        28        31        24        24
        19        15        12        12
         4         2         6         6
         4         9         8         8
        10         8         9         9
        17        13        10        10
        19        26        22        22
        10        16        17        17
        23        25        17        17
        22        15        19        19
        12        11        19        19
        27        30        28        28
        33        31        28        28
         6         9         4         4
         8         3         4         4
        25        23        32        32
        10        13         7         7
         3         8         7         7
        30        27        29        29
         6         2         5         5
        11        12         5         5
        24        23        16        16
        13        17        20        20
        26        19        18        18
         2         4         1         1
        22        27        21        21
        31        32        24        24
        21        28        24        24
        26        29        22        22
         9         6        12        12
        11        18        19        19
        25        20        17        17
        30        33        28        28
         3         1         4         4
zone t="boundary 6 bc-6", solutiontime= 0.6000000E+02, strandid=1006, i=33, j=48, f=feblock
  0.375000000000E+01  0.250000000000E+01  0.500000000000E+01  0.403384942830E+01  0.280856328277E+01  0.125000000000E+01  0.182727219356E+01
  0.500000000000E+01  0.430969386006E+01  0.342819755379E+01  0.227317933631E+01  0.162230260845E+01  0.000000000000E+00  0.905837536509E+00
  0.500000000000E+01  0.408642231822E+01  0.297954017413E+01  0.189599568386E+01  0.109945440014E+01  0.735450417037E+00  0.000000000000E+00
  0.500000000000E+01  0.398205049073E+01  0.304506426164E+01  0.214587157439E+01  0.104050588738E+01  0.000000000000E+00  0.000000000000E+00
  0.500000000000E+01  0.375000000000E+01  0.250000000000E+01  0.125000000000E+01  0.000000000000E+00
  0.250000000000E+01  0.250000000000E+01  0.250000000000E+01  0.145332269920E+01  0.132549389334E+01  0.250000000000E+01  0.173899611320E+01
  0.125000000000E+01  0.518568023061E+00  0.350800286361E+00  0.490615021923E-01  0.825621401394E+00  0.250000000000E+01  0.157899473280E+01
  0.000000000000E+00 -0.461282870254E+00 -0.857924212153E+00 -0.873141960959E+00 -0.322732261638E+00  0.659350882208E+00  0.125000000000E+01
 -0.125000000000E+01 -0.158398995423E+01 -0.183684615440E+01 -0.165007033378E+01 -0.147959633950E+01  0.000000000000E+00 -0.125000000000E+01
 -0.250000000000E+01 -0.250000000000E+01 -0.250000000000E+01 -0.250000000000E+01 -0.250000000000E+01
  0.000000000000E+00  0.000000000000E+00  0.000000000000E+00  0.000000000000E+00  0.000000000000E+00  0.000000000000E+00  0.000000000000E+00
  0.000000000000E+00  0.000000000000E+00  0.000000000000E+00  0.000000000000E+00  0.000000000000E+00  0.000000000000E+00  0.000000000000E+00
  0.000000000000E+00  0.000000000000E+00  0.000000000000E+00  0.000000000000E+00  0.000000000000E+00  0.000000000000E+00  0.000000000000E+00
  0.000000000000E+00  0.000000000000E+00  0.000000000000E+00  0.000000000000E+00  0.000000000000E+00  0.000000000000E+00  0.000000000000E+00
  0.000000000000E+00  0.000000000000E+00  0.000000000000E+00  0.000000000000E+00  0.000000000000E+00
  0.000000000000E+00  0.000000000000E+00  0.000000000000E+00  0.000000000000E+00  0.000000000000E+00  0.000000000000E+00  0.000000000000E+00
  0.000000000000E+00  0.000000000000E+00  0.000000000000E+00  0.000000000000E+00  0.000000000000E+00  0.000000000000E+00  0.000000000000E+00
  0.000000000000E+00  0.000000000000E+00  0.000000000000E+00  0.000000000000E+00  0.000000000000E+00  0.000000000000E+00  0.000000000000E+00
  0.000000000000E+00  0.000000000000E+00  0.000000000000E+00  0.000000000000E+00  0.000000000000E+00  0.000000000000E+00  0.000000000000E+00
  0.000000000000E+00  0.000000000000E+00  0.000000000000E+00  0.000000000000E+00  0.000000000000E+00
  0.999989339439E+00  0.999989408764E+00  0.999989626853E+00  0.999989597857E+00  0.999989617537E+00  0.999989827144E+00  0.999989796486E+00
  0.999990280142E+00  0.999990683073E+00  0.999990488857E+00  0.999991229255E+00  0.999990579939E+00  0.999990295028E+00  0.999990369758E+00
  0.999991490088E+00  0.999992140430E+00  0.999992688838E+00  0.999992317107E+00  0.999991643787E+00  0.999990917154E+00  0.999990757903E+00
  0.999992820913E+00  0.999993395481E+00  0.999993478885E+00  0.999993152857E+00  0.999992518335E+00  0.999991416700E+00  0.999992168096E+00
  0.999993487379E+00  0.999993690057E+00  0.999993543115E+00  0.999993137282E+00  0.999992721792E+00
 -0.324448788088E-03  0.154119214285E-03 -0.438737094458E-03 -0.448064115385E-03 -0.332486807165E-04  0.528785876406E-03  0.153171003255E-03
 -0.371802673368E-03 -0.489909730521E-03 -0.286183204507E-03  0.443811680075E-04  0.134128967341E-03  0.989689947004E-03  0.618180041531E-03
 -0.428657499245E-03 -0.499076464044E-03 -0.533992449545E-04  0.321327791018E-03  0.276939717549E-03  0.539869706993E-03  0.113118495462E-02
 -0.401350100654E-03 -0.450270920927E-03  0.830267224246E-04  0.479041642549E-04  0.492710105097E-03  0.836129075893E-03  0.415971847293E-03
 -0.565619450848E-03 -0.349069598661E-03 -0.251908414922E-03  0.606548354856E-03  0.801374936287E-03
 -0.579020083785E-04 -0.591956513559E-04  0.119772196163E-03 -0.258812279886E-04 -0.197574591681E-03 -0.137301544110E-03 -0.249494523911E-04
  0.121575244511E-03  0.201056166617E-04 -0.133894430152E-03 -0.117316287174E-03 -0.759369323128E-04  0.199005645327E-04 -0.231678061371E-03
  0.153590699142E-03  0.147097883409E-04 -0.144397480914E-03 -0.141436333165E-03 -0.142829872413E-03 -0.192427005518E-03  0.355785198844E-04
  0.159574844841E-03 -0.460269642285E-04 -0.150597705438E-03 -0.927514756033E-04 -0.167771015145E-03  0.632699558964E-04  0.815005177678E-04
  0.152599365513E-03 -0.616130073665E-04  0.202485101352E-04 -0.109015522951E-03  0.710477094348E-04
 -0.536710618361E-05  0.112782115165E-04  0.884596683716E-05 -0.158134208885E-04  0.130787279414E-04  0.636664080541E-04  0.326348400802E-04
  0.976519614735E-05  0.394172527773E-05  0.103093318492E-04 -0.151055617494E-04 -0.140247887900E-04  0.709233137351E-04  0.504319851351E-04
 -0.110052218483E-04  0.540762307919E-05 -0.109228597292E-03 -0.964618353235E-04 -0.176965325335E-03  0.304008355274E-04  0.868541031855E-04
  0.144636688554E-04  0.148111617323E-05  0.522665108369E-04  0.183926850376E-03  0.413987974484E-05  0.717720843146E-04 -0.667934273253E-04
 -0.385663266109E-04  0.152252889234E-05  0.579720134187E-04  0.296286713541E-04 -0.590732728843E-04
 -0.748366605351E-04 -0.125616877218E-03 -0.369211900213E-04 -0.141145514156E-03 -0.233195657982E-03 -0.126892793244E-03 -0.157777498138E-03
 -0.421093315865E-04 -0.622607740515E-04 -0.122438070951E-03 -0.213326385447E-03 -0.294337826035E-03 -0.230515600559E-03 -0.141894364946E-03
 -0.534776215539E-04 -0.831051226350E-04 -0.194852851298E-03 -0.247737224837E-03 -0.498301350023E-03 -0.211559080045E-03 -0.253483837046E-03
 -0.710899114554E-04 -0.111141984668E-03 -0.126226446089E-03 -0.225197454593E-03 -0.420622906822E-03 -0.147124609285E-03 -0.171211527565E-03
 -0.373183155508E-04 -0.507705907514E-04 -0.693163347612E-04 -0.177735203746E-03 -0.146259507305E-03
  0.113400085274E-02  0.378797593653E-03  0.226702955513E-03  0.498921269446E-03  0.923492394792E-03  0.205328738889E-04  0.606357914470E-03
  0.364004795520E-03  0.927523033991E-04  0.102110762099E-02  0.861699017828E-03  0.304652618269E-03 -0.805044936373E-03  0.186363954775E-02
  0.322968253213E-03  0.657560404279E-03  0.135314958128E-02  0.255673188746E-03  0.462863935382E-03  0.808497199154E-03 -0.109949320538E-02
  0.787727748496E-03  0.133757393498E-02 -0.269917067380E-03  0.302279286128E-03 -0.307486190972E-03  0.567866356260E-04  0.166895579756E-03
  0.159162269646E-03  0.516030485101E-03  0.658196805004E-03  0.106023665178E-02 -0.278441878160E-03
        19        18        11        11
        17        10        11        11
        12        11         5         5
        18        25        17        17
        31        24        25        25
        11        10         5         5
         2         7         5         5
        11        18        17        17
        11        12        19        19
        27        19        20        20
        17        16        10        10
        15         9        16        16
        23        17        24        24
         4        10         9         9
        23        22        16        16
        26        18        19        19
        14        21        20        20
        14        12         7         7
         5         7        12        12
         4         1         5         5
        26        32        25        25
         5        10         4         4
         9         8         4         4
        25        18        26        26
        19        28        26        26
        24        30        23        23
        29        22        23        23
        20        12        14        14
         7         6        14        14
         8         9        15        15
         5         1         2         2
         6         7         2         2
        30        24        31        31
        20        21        27        27
        28        19        27        27
        16         9        10        10
         1         4         3         3
        32        26        33        33
        21        14        13        13
        25        24        17        17
        22        15        16        16
        17        23        16        16
        32        31        25        25
        12        20        19        19
        28        33        26        26
         8         3         4         4
        30        29        23        23
         6        13        14        14
