title="tecplot geometry and solution file"
variables = x y z rho u v w p mach temperature
zone t="boundary 1 bc-1", solutiontime= 0.2000000E+02, strandid=1001, i=32, j=46, f=feblock
 -0.547468535467E-02  0.214558501636-102 -0.567606022654E-02  0.214558501636-102  0.214558501636-102  0.214558501636-102 -0.525159237766E-02
 -0.425776893120E-02  0.214558501636-102  0.214558501636-102  0.214558501636-102  0.214558501636-102  0.214558501636-102  0.214558501636-102
  0.214558501636-102  0.214558501636-102 -0.338395983642E-02  0.214558501636-102  0.214558501636-102  0.214558501636-102  0.214558501636-102
  0.214558501636-102  0.214558501636-102  0.214558501636-102  0.214558501636-102  0.214558501636-102  0.214558501636-102  0.214558501636-102
  0.214558501636-102  0.214558501636-102  0.214558501636-102  0.214558501636-102
  0.250494197112E+01  0.250494197112E+01  0.127822156883E+01  0.146289271009E+01  0.157686156160E+01  0.308372018325E+00  0.261948600323E-01
 -0.122573481183E+01 -0.600232012419E+00  0.250494197112E+01  0.477386199275E+00  0.742988685424E+00 -0.739814786992E+00  0.177790177481E+01
  0.155830813274E+01  0.250494197112E+01 -0.249658903667E+01 -0.154800130438E+01 -0.487811078581E+00  0.250494197112E+01  0.627766083140E+00
 -0.345533899378E+00 -0.178862290564E+01 -0.158811787973E+01  0.125000000000E+01 -0.249658903667E+01 -0.144524380962E+01  0.214558501636-102
 -0.125000000000E+01 -0.249658903667E+01 -0.249658903667E+01 -0.249658903667E+01
  0.803815202420E-04  0.125000000000E+01  0.822461181166E-04  0.103724302461E+01  0.219251206392E+01  0.922061490191E+00  0.103872506085E-03
  0.341546222569E-04  0.715990576545E+00  0.250000000000E+01  0.202479342020E+01  0.324151231464E+01  0.175434191980E+01  0.310152362409E+01
  0.404200324774E+01  0.375000000000E+01  0.810725985854E-04  0.930412228790E+00  0.299062775774E+01  0.500000000000E+01  0.429310310915E+01
  0.409252726285E+01  0.187029682677E+01  0.284428995242E+01  0.500000000000E+01  0.125000000000E+01  0.394624082883E+01  0.500000000000E+01
  0.500000000000E+01  0.250000000000E+01  0.375000000000E+01  0.500000000000E+01
  0.134612157656E+01  0.106373539561E+01  0.142660949587E+01  0.108602693173E+01  0.103227946848E+01  0.120169071859E+01  0.164674567029E+01
  0.149541353288E+01  0.123513725118E+01  0.102385665372E+01  0.102820711733E+01  0.101304328914E+01  0.103253204302E+01  0.101466328004E+01
  0.100661827859E+01  0.100825229722E+01  0.144848117932E+01  0.116395991700E+01  0.101462767628E+01  0.100424844776E+01  0.100678826657E+01
  0.100723627123E+01  0.104655009653E+01  0.101932759719E+01  0.100423405210E+01  0.106448405473E+01  0.100789050458E+01  0.100286759034E+01
  0.100333281311E+01  0.102843542050E+01  0.100959147890E+01  0.100399261753E+01
  0.000000000000E+00  0.444912964669E+00  0.000000000000E+00  0.468164847335E+00  0.462221465468E+00  0.443255584528E+00  0.000000000000E+00
  0.000000000000E+00  0.379439106921E+00  0.471822623907E+00  0.466384627556E+00  0.479407550074E+00  0.490371904212E+00  0.484582122996E+00
  0.488581207163E+00  0.489904829671E+00  0.000000000000E+00  0.451057151141E+00  0.474794505325E+00  0.495854786959E+00  0.490934430924E+00
  0.486827930228E+00  0.448810578296E+00  0.465810629233E+00  0.496552708022E+00  0.444909017955E+00  0.487671518267E+00  0.497548543011E+00
  0.496388959591E+00  0.470020550564E+00  0.489189921956E+00  0.495531862533E+00
  0.000000000000E+00  0.000000000000E+00  0.000000000000E+00  0.182130702472E-01 -0.276724736729E-02  0.330068085865E-01  0.000000000000E+00
  0.000000000000E+00 -0.636034841639E-02  0.000000000000E+00  0.362660714551E-02 -0.562440167007E-02 -0.433160522479E-02  0.405948470517E-04
 -0.103630623120E-02  0.000000000000E+00  0.000000000000E+00 -0.779214171593E-02  0.382103556334E-03  0.000000000000E+00 -0.203681214458E-02
 -0.138629424135E-02  0.151805404417E-02 -0.162873567137E-02 -0.690996922237E-04  0.000000000000E+00 -0.290958259591E-04 -0.201972791228E-03
  0.816708289872E-03  0.000000000000E+00  0.000000000000E+00  0.000000000000E+00
  0.000000000000E+00  0.453423824952E-01  0.000000000000E+00  0.123645077049E+00  0.245737531849E-01  0.166127158874E+00  0.000000000000E+00
  0.000000000000E+00  0.155940748813E+00  0.352574655178E-02  0.259102327933E-01 -0.648152054360E-02  0.752780485513E-01  0.370978350164E-02
 -0.139660272498E-03  0.462365557055E-03  0.000000000000E+00  0.141085045149E+00 -0.807317041880E-02  0.233575671223E-02 -0.293071597938E-03
 -0.438400268033E-02  0.256671892684E-01 -0.190342516551E-02  0.305250881225E-02  0.838544535620E-01 -0.120845947406E-02  0.269093875528E-02
  0.265812684507E-02  0.282184034513E-02 -0.850961536519E-03  0.345455404757E-02
  0.961506072157E+00  0.782476094556E+00  0.101899735636E+01  0.808624603708E+00  0.746097822937E+00  0.879949730750E+00  0.117623680137E+01
  0.106814414902E+01  0.916488581075E+00  0.737360526424E+00  0.743638008976E+00  0.725781561014E+00  0.757470118342E+00  0.729133474783E+00
  0.720762706916E+00  0.722734248165E+00  0.103462187523E+01  0.858091272953E+00  0.728060876988E+00  0.718594692950E+00  0.720998960551E+00
  0.721139692143E+00  0.759922113286E+00  0.732606236338E+00  0.718512461040E+00  0.790944650108E+00  0.722102544210E+00  0.717180830664E+00
  0.717628915793E+00  0.741764751151E+00  0.724057880299E+00  0.718400999452E+00
  0.000000000000E+00  0.440692867932E+00  0.000000000000E+00  0.474602624088E+00  0.460158558418E+00  0.468653760328E+00  0.000000000000E+00
  0.000000000000E+00  0.402544051956E+00  0.469901146884E+00  0.464218010513E+00  0.478763966846E+00  0.489559015562E+00  0.483140619222E+00
  0.487988949263E+00  0.489038655790E+00  0.000000000000E+00  0.465262002580E+00  0.473777120928E+00  0.495420407901E+00  0.490303555315E+00
  0.486280457161E+00  0.445867749947E+00  0.464379717156E+00  0.496146425272E+00  0.443898423818E+00  0.486936071483E+00  0.497262020350E+00
  0.496063705732E+00  0.467752451994E+00  0.488202879365E+00  0.495107968187E+00
  0.999990286510E+00  0.102982991532E+01  0.999990749419E+00  0.104239997381E+01  0.101187419105E+01  0.102516363320E+01  0.999991408287E+00
  0.999992159855E+00  0.103881897521E+01  0.100825123638E+01  0.101253258708E+01  0.100301161492E+01  0.102704625280E+01  0.100603509043E+01
  0.100243340613E+01  0.100354638439E+01  0.999992713749E+00  0.103210408244E+01  0.100459040455E+01  0.100177657469E+01  0.100259267841E+01
  0.100234234791E+01  0.101656954801E+01  0.100620127788E+01  0.100167629583E+01  0.104024339794E+01  0.100302915575E+01  0.100118218257E+01
  0.100134319239E+01  0.100975776496E+01  0.100405070130E+01  0.100176174772E+01
        12        19        11        11
        11         5        12        12
        10        14         5         5
        19        13        11        11
        19        24        13        13
        30        23        24        24
        19        12        22        22
        28        22        21        21
        11        13         6         6
         7         6         9         9
        15        12        14        14
        18        13        23        23
        15        25        21        21
        27        19        22        22
        18         8         9         9
        27        31        24        24
         4        11         6         6
         5        14        12        12
         4         2         5         5
        21        12        15        15
        14        16        15        15
        24        19        27        27
        22        29        27        27
        23        26        18        18
        17         8        18        18
         5        11         4         4
         6         3         4         4
        26        23        30        30
         5         2        10        10
        16        14        10        10
         3         6         7         7
        21        25        28        28
        29        22        28        28
         6        13         9         9
         2         4         1         1
        31        27        32        32
        25        15        20        20
        24        23        13        13
         8         7         9         9
        13        18         9         9
        31        30        24        24
        12        21        22        22
        29        32        27        27
         3         1         4         4
        26        17        18        18
        16        20        15        15
zone t="boundary 2 bc-2", solutiontime= 0.2000000E+02, strandid=1002, i=33, j=48, f=feblock
  0.500195253373E+01  0.375034811160E+01  0.249861146301E+01  0.288036674178E+01  0.124717526936E+01  0.190856698522E+01  0.326577190274E+01
  0.201394856120E+01 -0.338395983642E-02  0.962374249387E+00  0.500000000000E+01  0.403430190010E+01  0.423029563808E+01  0.500000000000E+01
  0.385439188941E+01  0.500000000000E+01  0.398133433177E+01  0.315200081417E+01  0.266958028869E+01  0.154798029824E+01  0.218327860466E+01
  0.893688440331E+00  0.214558501636-102  0.699009761761E+00  0.964460899048E+00  0.310303671659E+01  0.214558501636-102  0.214558501636-102
  0.125000000000E+01  0.500000000000E+01  0.375000000000E+01  0.250000000000E+01  0.214558501636-102
 -0.249658903667E+01 -0.249658903667E+01 -0.249658903667E+01 -0.249658903667E+01 -0.249658903667E+01 -0.249658903667E+01 -0.249658903667E+01
 -0.249658903667E+01 -0.249658903667E+01 -0.249658903667E+01 -0.249658903667E+01 -0.249658903667E+01 -0.249658903667E+01 -0.249658903667E+01
 -0.249658903667E+01 -0.249658903667E+01 -0.249658903667E+01 -0.249658903667E+01 -0.249658903667E+01 -0.249658903667E+01 -0.249658903667E+01
 -0.249658903667E+01 -0.249658903667E+01 -0.249658903667E+01 -0.249658903667E+01 -0.249658903667E+01 -0.249658903667E+01 -0.249658903667E+01
 -0.249658903667E+01 -0.249658903667E+01 -0.249658903667E+01 -0.249658903667E+01 -0.249658903667E+01
  0.108225883233E-03  0.145875365686E-03  0.100893324399E-03  0.901663374426E+00  0.110858761680E-03  0.714928318849E+00  0.188140648016E+01
  0.175892165508E+01  0.810725985854E-04  0.957504300368E+00  0.125000000000E+01  0.100596699002E+01  0.191313519093E+01  0.250000000000E+01
  0.292898096719E+01  0.375000000000E+01  0.406883369525E+01  0.363389289947E+01  0.284756860989E+01  0.292582308123E+01  0.395754054933E+01
  0.205027256981E+01  0.125000000000E+01  0.306703272694E+01  0.397155766663E+01  0.433068622169E+01  0.250000000000E+01  0.375000000000E+01
  0.500000000000E+01  0.500000000000E+01  0.500000000000E+01  0.500000000000E+01  0.500000000000E+01
  0.831040602059E+00  0.935354887332E+00  0.934378963874E+00  0.968060961232E+00  0.961577035881E+00  0.964864328148E+00  0.984169897971E+00
  0.991411769686E+00  0.144848117932E+01  0.102899428646E+01  0.956056780199E+00  0.960792605413E+00  0.981480405128E+00  0.100649102508E+01
  0.997924144830E+00  0.100983276907E+01  0.100199578523E+01  0.998060764180E+00  0.991078787370E+00  0.100130997349E+01  0.100092885973E+01
  0.101222768403E+01  0.106448405473E+01  0.101078605725E+01  0.100684661389E+01  0.100117647148E+01  0.102843542050E+01  0.100959147890E+01
  0.100510239872E+01  0.100173023204E+01  0.100263769468E+01  0.100321322119E+01  0.100399261753E+01
  0.000000000000E+00  0.000000000000E+00  0.000000000000E+00  0.378522553026E+00  0.000000000000E+00  0.340253768405E+00  0.582101087924E+00
  0.575307536450E+00  0.000000000000E+00  0.489376548502E+00  0.495100979874E+00  0.430470196909E+00  0.569119715894E+00  0.536358011995E+00
  0.569118839606E+00  0.516320233261E+00  0.508672739366E+00  0.527588690834E+00  0.566870085563E+00  0.532047411306E+00  0.506202669459E+00
  0.520951096340E+00  0.444909017955E+00  0.491392465753E+00  0.492741923145E+00  0.501556807901E+00  0.470020550564E+00  0.489189921956E+00
  0.490408855057E+00  0.491359140811E+00  0.485991397777E+00  0.490194009668E+00  0.495531862533E+00
  0.000000000000E+00  0.000000000000E+00  0.000000000000E+00  0.000000000000E+00  0.000000000000E+00  0.000000000000E+00  0.000000000000E+00
  0.000000000000E+00  0.000000000000E+00  0.000000000000E+00  0.000000000000E+00  0.000000000000E+00  0.000000000000E+00  0.000000000000E+00
  0.000000000000E+00  0.000000000000E+00  0.000000000000E+00  0.000000000000E+00  0.000000000000E+00  0.000000000000E+00  0.000000000000E+00
  0.000000000000E+00  0.000000000000E+00  0.000000000000E+00  0.000000000000E+00  0.000000000000E+00  0.000000000000E+00  0.000000000000E+00
  0.000000000000E+00  0.000000000000E+00  0.000000000000E+00  0.000000000000E+00  0.000000000000E+00
  0.000000000000E+00  0.000000000000E+00  0.000000000000E+00 -0.230421786300E-02  0.000000000000E+00  0.182455541645E-01  0.121541524003E-01
  0.454334094849E-01  0.000000000000E+00  0.867532077540E-01 -0.992765337283E-01 -0.210322464005E-01 -0.304922103955E-01 -0.413069950381E-01
 -0.133035325892E-02  0.271211335739E-02  0.621228035643E-03  0.536203116702E-03  0.151606595039E-01  0.284462528581E-01  0.565921707516E-02
  0.554047810450E-01  0.838544535620E-01  0.110704941147E-01  0.680941227887E-02 -0.765450800646E-03  0.282184034513E-02 -0.850961536519E-03
  0.399113631645E-02  0.610293640119E-02 -0.134800442647E-03  0.120052982920E-02  0.345455404757E-02
  0.593596559183E+00  0.668106412544E+00  0.667409230738E+00  0.684275932313E+00  0.686836020760E+00  0.679257207006E+00  0.695843987723E+00
  0.702285722328E+00  0.103462187523E+01  0.723397249406E+00  0.672750084850E+00  0.675842406236E+00  0.694100983098E+00  0.721026397849E+00
  0.712698290009E+00  0.724825573882E+00  0.716589275111E+00  0.713298347850E+00  0.706417871715E+00  0.717731067977E+00  0.715367646484E+00
  0.730901705333E+00  0.790944650108E+00  0.724354090629E+00  0.721005326784E+00  0.715449117675E+00  0.741764751151E+00  0.724057880299E+00
  0.719313830562E+00  0.715843083056E+00  0.716591156429E+00  0.717374720003E+00  0.718400999452E+00
  0.000000000000E+00  0.000000000000E+00  0.000000000000E+00  0.380514762345E+00  0.000000000000E+00  0.343224615524E+00  0.585205151399E+00
  0.579503714681E+00  0.000000000000E+00  0.500975125047E+00  0.508750317204E+00  0.434299100296E+00  0.572784882391E+00  0.537160723416E+00
  0.569162184958E+00  0.515073366011E+00  0.508361397704E+00  0.527441826271E+00  0.567672735219E+00  0.531874979555E+00  0.506086217882E+00
  0.521056621858E+00  0.443898423818E+00  0.490714423160E+00  0.492163477858E+00  0.501444138138E+00  0.467752451994E+00  0.488202879365E+00
  0.489953220684E+00  0.491286683335E+00  0.485848507570E+00  0.489924179241E+00  0.495107968187E+00
  0.999993479017E+00  0.999993681788E+00  0.999993534914E+00  0.989592952926E+00  0.999993129186E+00  0.985589436843E+00  0.989851025541E+00
  0.991717106174E+00  0.999992713749E+00  0.984219409669E+00  0.985140358081E+00  0.984790435937E+00  0.990077205067E+00  0.100292693311E+01
  0.999853156356E+00  0.100487509864E+01  0.100122675160E+01  0.100055800491E+01  0.997887385952E+00  0.100350892508E+01  0.100058530168E+01
  0.101090140451E+01  0.104024339794E+01  0.100327435228E+01  0.100254342973E+01  0.100045176178E+01  0.100975776496E+01  0.100405070130E+01
  0.100192713108E+01  0.100044930684E+01  0.100058837238E+01  0.100110782712E+01  0.100176174772E+01
        15         7        19        19
         8        20        19        19
        18        19        21        21
         7         4         8         8
         3         6         4         4
        19         7         8         8
        19        18        15        15
        14        13        15        15
         8        22        20        20
        27        24        22        22
        19        20        21        21
        32        26        21        21
        17        18        26        26
        17        16        15        15
        25        29        21        21
        12         7        13        13
        10         8         6         6
        25        20        24        24
         4         6         8         8
        12         2         4         4
        10        23        22        22
        26        31        17        17
        30        16        17        17
         4         7        12        12
        13        11        12        12
        21        20        25        25
        24        28        25        25
        22         8        10        10
         6         5        10        10
        31        26        32        32
         4         2         3         3
         5         6         3         3
        11        13        14        14
        22        23        27        27
        28        24        27        27
        15        13         7         7
         2        12         1         1
        29        25        33        33
        23        10         9         9
        21        26        18        18
        16        14        15        15
        18        17        15        15
        29        32        21        21
        22        24        20        20
        28        33        25        25
        11         1        12        12
        31        30        17        17
         5         9        10        10
zone t="boundary 3 bc-3", solutiontime= 0.2000000E+02, strandid=1003, i=33, j=48, f=feblock
  0.375059096890E+01  0.249769609317E+01  0.500322133169E+01  0.403612218724E+01  0.287976772366E+01  0.124541910526E+01  0.190552237410E+01
  0.500000000000E+01  0.326671104553E+01  0.423253755449E+01  0.201271136509E+01 -0.547468535467E-02  0.958895643550E+00  0.500000000000E+01
  0.266968147300E+01  0.385584487271E+01  0.890374214860E+00  0.154654013700E+01  0.214558501636-102  0.500000000000E+01  0.315261136744E+01
  0.218304199515E+01  0.398195307895E+01  0.214558501636-102  0.697379952130E+00  0.963757277316E+00  0.125000000000E+01  0.214558501636-102
  0.500000000000E+01  0.310330738524E+01  0.250000000000E+01  0.375000000000E+01  0.214558501636-102
  0.250494197112E+01  0.250494197112E+01  0.250494197112E+01  0.250494197112E+01  0.250494197112E+01  0.250494197112E+01  0.250494197112E+01
  0.250494197112E+01  0.250494197112E+01  0.250494197112E+01  0.250494197112E+01  0.250494197112E+01  0.250494197112E+01  0.250494197112E+01
  0.250494197112E+01  0.250494197112E+01  0.250494197112E+01  0.250494197112E+01  0.250494197112E+01  0.250494197112E+01  0.250494197112E+01
  0.250494197112E+01  0.250494197112E+01  0.250494197112E+01  0.250494197112E+01  0.250494197112E+01  0.250494197112E+01  0.250494197112E+01
  0.250494197112E+01  0.250494197112E+01  0.250494197112E+01  0.250494197112E+01  0.250494197112E+01
  0.135650020900E-03  0.110129942406E-03  0.966888464612E-04  0.101756752014E+01  0.908094589302E+00  0.103942636036E-03  0.722629083279E+00
  0.125000000000E+01  0.188965661751E+01  0.191862696982E+01  0.176708239102E+01  0.803815202420E-04  0.969652551982E+00  0.250000000000E+01
  0.285339433504E+01  0.293325058814E+01  0.205656223821E+01  0.293157016933E+01  0.125000000000E+01  0.375000000000E+01  0.363766838843E+01
  0.396069444984E+01  0.407056385476E+01  0.250000000000E+01  0.307031995246E+01  0.397359820315E+01  0.500000000000E+01  0.375000000000E+01
  0.500000000000E+01  0.433260781311E+01  0.500000000000E+01  0.500000000000E+01  0.500000000000E+01
  0.942189325723E+00  0.946088688738E+00  0.843606911945E+00  0.964666041654E+00  0.979075559065E+00  0.957194876304E+00  0.983419997738E+00
  0.963758330814E+00  0.982793536145E+00  0.984390952264E+00  0.990465543578E+00  0.134612157656E+01  0.101937728231E+01  0.100837206097E+01
  0.993508266766E+00  0.998023847009E+00  0.100801521486E+01  0.100072453006E+01  0.106373539561E+01  0.100674711236E+01  0.100059102251E+01
  0.100234093479E+01  0.100176974667E+01  0.102385665372E+01  0.100867725230E+01  0.100524461984E+01  0.100520213046E+01  0.100825229722E+01
  0.100185277332E+01  0.100160456105E+01  0.100408215710E+01  0.100312352437E+01  0.100424844776E+01
  0.000000000000E+00  0.000000000000E+00  0.000000000000E+00  0.440162753466E+00  0.400332916618E+00  0.000000000000E+00  0.375200345942E+00
  0.494517576827E+00  0.572914468178E+00  0.569330668515E+00  0.559965509851E+00  0.000000000000E+00  0.484448831927E+00  0.533618845814E+00
  0.556269261878E+00  0.564511304818E+00  0.522406818035E+00  0.522321718101E+00  0.444912964669E+00  0.518327707433E+00  0.524678377648E+00
  0.503878153102E+00  0.509872722024E+00  0.471822623907E+00  0.496288072727E+00  0.494981525510E+00  0.489196025525E+00  0.489904829671E+00
  0.493008122389E+00  0.499176330347E+00  0.486779763766E+00  0.484550323328E+00  0.495854786959E+00
  0.000000000000E+00  0.000000000000E+00  0.000000000000E+00  0.000000000000E+00  0.000000000000E+00  0.000000000000E+00  0.000000000000E+00
  0.000000000000E+00  0.000000000000E+00  0.000000000000E+00  0.000000000000E+00  0.000000000000E+00  0.000000000000E+00  0.000000000000E+00
  0.000000000000E+00  0.000000000000E+00  0.000000000000E+00  0.000000000000E+00  0.000000000000E+00  0.000000000000E+00  0.000000000000E+00
  0.000000000000E+00  0.000000000000E+00  0.000000000000E+00  0.000000000000E+00  0.000000000000E+00  0.000000000000E+00  0.000000000000E+00
  0.000000000000E+00  0.000000000000E+00  0.000000000000E+00  0.000000000000E+00  0.000000000000E+00
  0.000000000000E+00  0.000000000000E+00  0.000000000000E+00 -0.226893047576E-01  0.112088585694E-01  0.000000000000E+00  0.182035985168E-01
 -0.100731485209E+00  0.385112701468E-02 -0.389610776889E-01  0.339692490073E-01  0.000000000000E+00  0.656302328380E-01 -0.424635468931E-01
  0.839781035656E-02 -0.653099568421E-02  0.487129830707E-01  0.134426645250E-01  0.453423824952E-01  0.779281660607E-03 -0.732171583765E-03
  0.238415621007E-02  0.896217506258E-03  0.352574655178E-02  0.102986980164E-01  0.426644994880E-02  0.333716260596E-02  0.462365557055E-03
  0.581772541228E-02  0.305055231460E-03  0.163344391576E-02  0.683041898142E-03  0.233575671223E-02
  0.672985194883E+00  0.675770471402E+00  0.602570109538E+00  0.676159165105E+00  0.691377829680E+00  0.683703664670E+00  0.689988991428E+00
  0.677418521395E+00  0.695260723831E+00  0.696326674434E+00  0.703502905814E+00  0.961506072157E+00  0.719920877927E+00  0.722896090994E+00
  0.709486571411E+00  0.713703549930E+00  0.725983485799E+00  0.716599075001E+00  0.782476094556E+00  0.722280531061E+00  0.716119271851E+00
  0.716531123268E+00  0.716532136852E+00  0.737360526424E+00  0.722621651771E+00  0.719398366392E+00  0.719540936452E+00  0.722734248165E+00
  0.715953678593E+00  0.715824967889E+00  0.718124059026E+00  0.717025110965E+00  0.718594692950E+00
  0.000000000000E+00  0.000000000000E+00  0.000000000000E+00  0.444927782330E+00  0.402789207729E+00  0.000000000000E+00  0.379016565059E+00
  0.508746314069E+00  0.575695561706E+00  0.573445829449E+00  0.562576564140E+00  0.000000000000E+00  0.491652447007E+00  0.534330960296E+00
  0.556396233675E+00  0.564220964917E+00  0.522510394923E+00  0.521839560336E+00  0.440692867932E+00  0.517187642926E+00  0.524161588996E+00
  0.503682168792E+00  0.509523888510E+00  0.469901146884E+00  0.495660073361E+00  0.494529563415E+00  0.488683812842E+00  0.489038655790E+00
  0.492923793794E+00  0.499039328274E+00  0.486469738030E+00  0.484379022314E+00  0.495420407901E+00
  0.999989330290E+00  0.999989399752E+00  0.999989617686E+00  0.981295899588E+00  0.988615181525E+00  0.999989818410E+00  0.982270637388E+00
  0.984049527387E+00  0.990406405380E+00  0.990315221778E+00  0.994384988478E+00  0.999990286510E+00  0.988730322514E+00  0.100365189256E+01
  0.999771449521E+00  0.100116342199E+01  0.100829517763E+01  0.100251235467E+01  0.102982991532E+01  0.100441583697E+01  0.100197479093E+01
  0.100080076325E+01  0.100137281539E+01  0.100825123638E+01  0.100296731206E+01  0.100190311201E+01  0.100214402706E+01  0.100354638439E+01
  0.100048148463E+01  0.100054951227E+01  0.100128627476E+01  0.100070941510E+01  0.100177657469E+01
        15         9        16        16
        15        18        11        11
        22        15        21        21
        11         5         9         9
         5         7         2         2
        11         9        15        15
        16        21        15        15
        16        10        14        14
        18        17        11        11
        17        25        24        24
        22        18        15        15
        22        30        31        31
        30        21        23        23
        16        20        23        23
        22        27        26        26
        10         9         4         4
         7        11        13        13
        25        18        26        26
        11         7         5         5
         5         1         4         4
        17        19        13        13
        23        32        30        30
        23        20        29        29
         4         9         5         5
         4         8        10        10
        26        18        22        22
        26        28        25        25
        13        11        17        17
        13         6         7         7
        31        30        32        32
         2         1         5         5
         2         7         6         6
        14        10         8         8
        24        19        17        17
        24        25        28        28
         9        10        16        16
         3         4         1         1
        33        26        27        27
        12        13        19        19
        21        30        22        22
        16        14        20        20
        16        23        21        21
        22        31        27        27
        18        25        17        17
        26        33        28        28
         4         3         8         8
        23        29        32        32
        13        12         6         6
zone t="boundary 4 bc-4", solutiontime= 0.2000000E+02, strandid=1004, i=32, j=46, f=feblock
  0.125000000000E+01  0.219251206392E+01  0.103724302461E+01  0.500000000000E+01  0.250000000000E+01  0.375000000000E+01  0.404200324774E+01
  0.500000000000E+01  0.214558501636-102  0.310152362409E+01  0.202479342020E+01  0.324151231464E+01  0.922061490191E+00  0.214558501636-102
  0.299062775774E+01  0.394624082883E+01  0.500000000000E+01  0.409252726285E+01  0.500000000000E+01  0.429310310915E+01  0.175434191980E+01
  0.284428995242E+01  0.214558501636-102  0.214558501636-102  0.715990576545E+00  0.930412228790E+00  0.125000000000E+01  0.187029682677E+01
  0.500000000000E+01  0.375000000000E+01  0.250000000000E+01  0.214558501636-102
  0.250494197112E+01  0.157686156160E+01  0.146289271009E+01  0.250494197112E+01  0.250494197112E+01  0.250494197112E+01  0.155830813274E+01
  0.125000000000E+01  0.250494197112E+01  0.177790177481E+01  0.477386199275E+00  0.742988685424E+00  0.308372018325E+00  0.125000000000E+01
 -0.487811078581E+00 -0.144524380962E+01 -0.125000000000E+01 -0.345533899378E+00  0.214558501636-102  0.627766083140E+00 -0.739814786992E+00
 -0.158811787973E+01  0.214558501636-102 -0.125000000000E+01 -0.600232012419E+00 -0.154800130438E+01 -0.249658903667E+01 -0.178862290564E+01
 -0.249658903667E+01 -0.249658903667E+01 -0.249658903667E+01 -0.249658903667E+01
  0.500000000000E+01  0.500000000000E+01  0.500000000000E+01  0.500000000000E+01  0.500000000000E+01  0.500000000000E+01  0.500000000000E+01
  0.500000000000E+01  0.500000000000E+01  0.500000000000E+01  0.500000000000E+01  0.500000000000E+01  0.500000000000E+01  0.500000000000E+01
  0.500000000000E+01  0.500000000000E+01  0.500000000000E+01  0.500000000000E+01  0.500000000000E+01  0.500000000000E+01  0.500000000000E+01
  0.500000000000E+01  0.500000000000E+01  0.500000000000E+01  0.500000000000E+01  0.500000000000E+01  0.500000000000E+01  0.500000000000E+01
  0.500000000000E+01  0.500000000000E+01  0.500000000000E+01  0.500000000000E+01
  0.100520213046E+01  0.100429376364E+01  0.100428271659E+01  0.100185277332E+01  0.100408215710E+01  0.100312352437E+01  0.100250344926E+01
  0.100192448136E+01  0.100424844776E+01  0.100365641529E+01  0.100444461887E+01  0.100343992466E+01  0.100364300427E+01  0.100423405210E+01
  0.100359843976E+01  0.100160983753E+01  0.100222860670E+01  0.100221811601E+01  0.100205729152E+01  0.100246886528E+01  0.100442409368E+01
  0.100337139062E+01  0.100286759034E+01  0.100333281311E+01  0.100322174839E+01  0.100405835677E+01  0.100510239872E+01  0.100431974082E+01
  0.100173023204E+01  0.100263769468E+01  0.100321322119E+01  0.100399261753E+01
  0.489196025525E+00  0.489267221192E+00  0.491057551673E+00  0.493008122389E+00  0.486779763766E+00  0.484550323328E+00  0.485190729211E+00
  0.494181568442E+00  0.495854786959E+00  0.486703605366E+00  0.488144507184E+00  0.487140732556E+00  0.494454917930E+00  0.496552708022E+00
  0.487744053310E+00  0.483037679668E+00  0.492499102142E+00  0.487103770231E+00  0.494805457972E+00  0.487837475375E+00  0.490067917054E+00
  0.488105792141E+00  0.497548543011E+00  0.496388959591E+00  0.495265199974E+00  0.493202525865E+00  0.490408855057E+00  0.490337583549E+00
  0.491359140811E+00  0.485991397777E+00  0.490194009668E+00  0.495531862533E+00
  0.000000000000E+00 -0.710190669537E-04 -0.128684898923E-02  0.000000000000E+00  0.000000000000E+00  0.000000000000E+00  0.516282093500E-03
  0.902603565705E-03  0.000000000000E+00  0.307667057478E-03 -0.894550125719E-03 -0.763781338604E-03 -0.172998793539E-02 -0.690996922237E-04
 -0.105776852894E-02 -0.101287373005E-02 -0.130276854265E-02 -0.209882725220E-02 -0.123760962247E-02 -0.983714330277E-03 -0.566144941090E-03
 -0.729282531618E-03 -0.201972791228E-03  0.816708289872E-03  0.743576243197E-04  0.164712920847E-02  0.000000000000E+00  0.817658420547E-03
  0.000000000000E+00  0.000000000000E+00  0.000000000000E+00  0.000000000000E+00
  0.333716260596E-02  0.270802945585E-02  0.384871526969E-02  0.581772541228E-02  0.163344391576E-02  0.683041898142E-03  0.211894542963E-02
  0.498572749640E-02  0.233575671223E-02  0.113697108579E-02  0.199122778616E-02 -0.426804394133E-05  0.499180484471E-02  0.305250881225E-02
  0.466846984616E-04  0.113548912677E-02  0.492584615669E-02  0.123071572300E-02  0.501315696366E-02  0.151021780492E-02  0.269362593332E-02
  0.762206872149E-04  0.269093875528E-02  0.265812684507E-02  0.438147255942E-02  0.488460627815E-02  0.399113631645E-02  0.230807161325E-02
  0.610293640119E-02 -0.134800442647E-03  0.120052982920E-02  0.345455404757E-02
  0.719540936452E+00  0.718453777973E+00  0.718618203758E+00  0.715953678593E+00  0.718124059026E+00  0.717025110965E+00  0.716275640770E+00
  0.716021500888E+00  0.718594692950E+00  0.717726764900E+00  0.718417904245E+00  0.717273411532E+00  0.718061465079E+00  0.718512461040E+00
  0.717556447574E+00  0.715445594853E+00  0.716468287260E+00  0.716040255074E+00  0.716196187418E+00  0.716227903977E+00  0.718699323571E+00
  0.717408775943E+00  0.717180830664E+00  0.717628915793E+00  0.717536483271E+00  0.718475853685E+00  0.719313830562E+00  0.718548598329E+00
  0.715843083056E+00  0.716591156429E+00  0.717374720003E+00  0.718400999452E+00
  0.488683812842E+00  0.488899649892E+00  0.490639030076E+00  0.492923793794E+00  0.486469738030E+00  0.484379022314E+00  0.485127295169E+00
  0.494082888774E+00  0.495420407901E+00  0.486423758190E+00  0.487823992246E+00  0.486961114835E+00  0.494078882437E+00  0.496146425272E+00
  0.487507096179E+00  0.483036701543E+00  0.492322378376E+00  0.487051960607E+00  0.494680037025E+00  0.487779937543E+00  0.489648069612E+00
  0.487863073889E+00  0.497262020350E+00  0.496063705732E+00  0.494956771057E+00  0.492786024984E+00  0.489953220684E+00  0.489941814218E+00
  0.491286683335E+00  0.485848507570E+00  0.489924179241E+00  0.495107968187E+00
  0.100214402706E+01  0.100153493488E+01  0.100177516613E+01  0.100048148463E+01  0.100128627476E+01  0.100070941510E+01  0.100028174249E+01
  0.100050464870E+01  0.100177657469E+01  0.100115682573E+01  0.100133451566E+01  0.100074030489E+01  0.100163708294E+01  0.100167629583E+01
  0.100097707091E+01  0.100001397277E+01  0.100082515651E+01  0.100023771382E+01  0.100061610336E+01  0.100024958410E+01  0.100174722941E+01
  0.100099753263E+01  0.100118218257E+01  0.100134319239E+01  0.100132505919E+01  0.100180053119E+01  0.100192713108E+01  0.100164120725E+01
  0.100044930684E+01  0.100058837238E+01  0.100110782712E+01  0.100176174772E+01
        12        15        11        11
        11         2        12        12
         5        10         2         2
        15        21        11        11
        15        22        21        21
        31        28        22        22
        15        12        18        18
        19        18        20        20
        11        21        13        13
        23        13        25        25
         7        12        10        10
        26        21        28        28
         7         8        20        20
        16        15        18        18
        26        24        25        25
        16        30        22        22
         3        11        13        13
         2        10        12        12
         3         1         2         2
        20        12         7         7
        10         6         7         7
        22        15        16        16
        18        17        16        16
        28        27        26        26
        32        24        26        26
         2        11         3         3
        13        14         3         3
        27        28        31        31
         2         1         5         5
         6        10         5         5
        14        13        23        23
        20         8        19        19
        17        18        19        19
        13        21        25        25
         1         3         9         9
        30        16        29        29
         8         7         4         4
        22        28        21        21
        24        23        25        25
        21        26        25        25
        30        31        22        22
        12        20        18        18
        17        29        16        16
        14         9         3         3
        27        32        26        26
         6         4         7         7
zone t="boundary 5 bc-5", solutiontime= 0.2000000E+02, strandid=1005, i=33, j=48, f=feblock
  0.500322133169E+01  0.500467668791E+01  0.500000000000E+01  0.500000000000E+01  0.500477267371E+01  0.500000000000E+01  0.500000000000E+01
  0.500000000000E+01  0.500000000000E+01  0.500000000000E+01  0.500358118330E+01  0.500000000000E+01  0.500000000000E+01  0.500000000000E+01
  0.500000000000E+01  0.500000000000E+01  0.500000000000E+01  0.500195253373E+01  0.500000000000E+01  0.500000000000E+01  0.500000000000E+01
  0.500000000000E+01  0.500000000000E+01  0.500000000000E+01  0.500000000000E+01  0.500000000000E+01  0.500000000000E+01  0.500000000000E+01
  0.500000000000E+01  0.500000000000E+01  0.500000000000E+01  0.500000000000E+01  0.500000000000E+01
  0.250494197112E+01  0.128129120187E+01  0.250494197112E+01  0.157899473280E+01  0.277507988194E-01  0.659350882208E+00  0.250494197112E+01
  0.173899611320E+01  0.825621401394E+00  0.132549389334E+01 -0.122585350909E+01 -0.322732261638E+00  0.250494197112E+01  0.490615021923E-01
 -0.873141960959E+00  0.350800286361E+00  0.145332269920E+01 -0.249658903667E+01 -0.147959633950E+01  0.250494197112E+01 -0.857924212153E+00
 -0.165007033378E+01  0.518568023061E+00 -0.461282870254E+00  0.125000000000E+01 -0.249658903667E+01 -0.183684615440E+01 -0.158398995423E+01
 -0.249658903667E+01 -0.249658903667E+01 -0.125000000000E+01  0.214558501636-102 -0.249658903667E+01
  0.966888464612E-04  0.163805385203E-03  0.125000000000E+01  0.905837536509E+00  0.190347853310E-03  0.735450417037E+00  0.250000000000E+01
  0.182727219356E+01  0.162230260845E+01  0.280856328277E+01  0.160776543787E-03  0.109945440014E+01  0.375000000000E+01  0.227317933631E+01
  0.189599568386E+01  0.342819755379E+01  0.403384942830E+01  0.108225883233E-03  0.104050588738E+01  0.500000000000E+01  0.297954017413E+01
  0.214587157439E+01  0.430969386006E+01  0.408642231822E+01  0.500000000000E+01  0.125000000000E+01  0.304506426164E+01  0.398205049073E+01
  0.250000000000E+01  0.375000000000E+01  0.500000000000E+01  0.500000000000E+01  0.500000000000E+01
  0.843606911945E+00  0.774179982948E+00  0.963758330814E+00  0.925297480942E+00  0.762747023724E+00  0.875268669270E+00  0.100837206097E+01
  0.990901503016E+00  0.976769420526E+00  0.100517305802E+01  0.766115436983E+00  0.909170200012E+00  0.100674711236E+01  0.100557462530E+01
  0.986058267299E+00  0.101044639345E+01  0.100449454094E+01  0.831040602059E+00  0.914487964079E+00  0.100185277332E+01  0.101291397118E+01
  0.100049699480E+01  0.100543607522E+01  0.100582870805E+01  0.100192448136E+01  0.956056780199E+00  0.101169822713E+01  0.100705584543E+01
  0.100649102508E+01  0.100983276907E+01  0.100222860670E+01  0.100205729152E+01  0.100173023204E+01
  0.000000000000E+00  0.000000000000E+00  0.494517576827E+00  0.452020866205E+00  0.000000000000E+00  0.459999421233E+00  0.533618845814E+00
  0.527939069044E+00  0.524275089921E+00  0.540921660796E+00  0.000000000000E+00  0.493093526144E+00  0.518327707433E+00  0.537426673758E+00
  0.536367223112E+00  0.530991730456E+00  0.511822305118E+00  0.000000000000E+00  0.478589109151E+00  0.493008122389E+00  0.532890800515E+00
  0.529989426752E+00  0.506386312309E+00  0.512995616652E+00  0.494181568442E+00  0.495100979874E+00  0.530991723859E+00  0.512928666652E+00
  0.536358011995E+00  0.516320233261E+00  0.492499102142E+00  0.494805457972E+00  0.491359140811E+00
  0.000000000000E+00  0.000000000000E+00  0.000000000000E+00 -0.193409894099E-01  0.000000000000E+00 -0.815333705883E-02  0.000000000000E+00
 -0.730051212414E-02 -0.132479961560E-01 -0.683458644723E-04  0.000000000000E+00 -0.675726714390E-02  0.000000000000E+00 -0.401836816309E-03
  0.455181102453E-02  0.318793707749E-02  0.222529624606E-02  0.000000000000E+00  0.141814149974E-01  0.000000000000E+00  0.349639514115E-02
  0.499721728189E-02  0.177888924238E-02  0.747971774090E-03  0.902603565705E-03  0.000000000000E+00  0.195665750148E-02  0.511459363429E-03
  0.000000000000E+00  0.000000000000E+00 -0.130276854265E-02 -0.123760962247E-02  0.000000000000E+00
  0.000000000000E+00  0.000000000000E+00 -0.100731485209E+00 -0.112030981027E+00  0.000000000000E+00 -0.983239733330E-01 -0.424635468931E-01
 -0.800092399807E-01 -0.944118812933E-01 -0.277536179868E-01  0.000000000000E+00 -0.988859242068E-01  0.779281660607E-03 -0.586092289751E-01
 -0.808370885999E-01 -0.591947369218E-02  0.430087949085E-02  0.000000000000E+00 -0.100237131413E+00  0.581772541228E-02 -0.192559952604E-01
 -0.679184002005E-01  0.690155444726E-02  0.525241468107E-02  0.498572749640E-02 -0.992765337283E-01 -0.156457614277E-01  0.517567346198E-02
 -0.413069950381E-01  0.271211335739E-02  0.492584615669E-02  0.501315696366E-02  0.610293640119E-02
  0.602570109538E+00  0.552980322090E+00  0.677418521395E+00  0.645369273383E+00  0.544814661293E+00  0.599611262009E+00  0.722896090994E+00
  0.703828596250E+00  0.691574644191E+00  0.720523334389E+00  0.547221378791E+00  0.630974826164E+00  0.722280531061E+00  0.722077722461E+00
  0.702376627884E+00  0.726528278073E+00  0.719676023326E+00  0.593596559183E+00  0.635925501956E+00  0.715953678593E+00  0.729050364838E+00
  0.715586135790E+00  0.720419160042E+00  0.721201444365E+00  0.716021500888E+00  0.672750084850E+00  0.726970408098E+00  0.722122868477E+00
  0.721026397849E+00  0.724825573882E+00  0.716468287260E+00  0.716196187418E+00  0.715843083056E+00
  0.000000000000E+00  0.000000000000E+00  0.508746314069E+00  0.471683084108E+00  0.000000000000E+00  0.480391601395E+00  0.534330960296E+00
  0.535516760451E+00  0.535224614923E+00  0.540676688066E+00  0.000000000000E+00  0.510250041108E+00  0.517187642926E+00  0.539185007867E+00
  0.543196425793E+00  0.529284197935E+00  0.511069426448E+00  0.000000000000E+00  0.495780791338E+00  0.492923793794E+00  0.531219987997E+00
  0.533993856482E+00  0.505644811785E+00  0.512043173068E+00  0.494082888774E+00  0.508750317204E+00  0.529641800070E+00  0.511960560498E+00
  0.537160723416E+00  0.515073366011E+00  0.492322378376E+00  0.494680037025E+00  0.491286683335E+00
  0.999989617686E+00  0.999990270969E+00  0.984049527387E+00  0.976461085591E+00  0.999991480906E+00  0.959083532047E+00  0.100365189256E+01
  0.994407649752E+00  0.991231381247E+00  0.100354129083E+01  0.999992812211E+00  0.971616487889E+00  0.100441583697E+01  0.100530461490E+01
  0.997230398697E+00  0.100662399896E+01  0.100303823624E+01  0.999993479017E+00  0.973545566163E+00  0.100048148463E+01  0.100765764894E+01
  0.100132293781E+01  0.100313371373E+01  0.100383098438E+01  0.100050464870E+01  0.985140358081E+00  0.100599026868E+01  0.100388873214E+01
  0.100292693311E+01  0.100487509864E+01  0.100082515651E+01  0.100061610336E+01  0.100044930684E+01
        12        15        14        14
        21        16        14        14
         9        14        10        10
        15        22        21        21
        29        27        22        22
        14        16        10        10
         7         8        10        10
        14        15        21        21
        14         9        12        12
         5        12         6         6
        21        24        16        16
        32        23        24        24
        28        21        27        27
        17        16        23        23
        28        31        24        24
        19        15        12        12
         4         2         6         6
         4         9         8         8
        10         8         9         9
        17        13        10        10
        19        26        22        22
        10        16        17        17
        23        25        17        17
        22        15        19        19
        12        11        19        19
        27        30        28        28
        33        31        28        28
         6         9         4         4
         8         3         4         4
        25        23        32        32
        10        13         7         7
         3         8         7         7
        30        27        29        29
         6         2         5         5
        11        12         5         5
        24        23        16        16
        13        17        20        20
        26        19        18        18
         2         4         1         1
        22        27        21        21
        31        32        24        24
        21        28        24        24
        26        29        22        22
         9         6        12        12
        11        18        19        19
        25        20        17        17
        30        33        28        28
         3         1         4         4
zone t="boundary 6 bc-6", solutiontime= 0.2000000E+02, strandid=1006, i=33, j=48, f=feblock
  0.375059096890E+01  0.249769609317E+01  0.500322133169E+01  0.403560203920E+01  0.280631115220E+01  0.124541910526E+01  0.182303273766E+01
  0.500467668791E+01  0.431322535530E+01  0.342786661481E+01  0.226876920023E+01  0.161701865939E+01 -0.547468535467E-02  0.900320961881E+00
  0.500477267371E+01  0.408884044537E+01  0.297791651127E+01  0.189186087599E+01  0.109435348070E+01  0.729840026829E+00 -0.567606022654E-02
  0.500358118330E+01  0.398317221068E+01  0.304409324139E+01  0.214319966291E+01  0.103661372335E+01 -0.525159237766E-02 -0.425776893120E-02
  0.500195253373E+01  0.375034811160E+01  0.249861146301E+01  0.124717526936E+01 -0.338395983642E-02
  0.250494197112E+01  0.250494197112E+01  0.250494197112E+01  0.148676003009E+01  0.135862937328E+01  0.250494197112E+01  0.177126519324E+01
  0.128129120187E+01  0.548913337350E+00  0.381390483709E+00  0.772369179353E-01  0.855320802222E+00  0.250494197112E+01  0.160897911201E+01
  0.277507988194E-01 -0.435104782826E+00 -0.833499148521E+00 -0.848131036775E+00 -0.296462201290E+00  0.687468474429E+00  0.127822156883E+01
 -0.122585350909E+01 -0.156121190503E+01 -0.181436122530E+01 -0.162712850941E+01 -0.145562643011E+01  0.261948600323E-01 -0.122573481183E+01
 -0.249658903667E+01 -0.249658903667E+01 -0.249658903667E+01 -0.249658903667E+01 -0.249658903667E+01
  0.135650020900E-03  0.110129942406E-03  0.966888464612E-04  0.171331378027E-03  0.194349309070E-03  0.103942636036E-03  0.183620396008E-03
  0.163805385203E-03  0.231301024064E-03  0.293695612794E-03  0.207230839456E-03  0.152981174418E-03  0.803815202420E-04  0.870415143555E-04
  0.190347853310E-03  0.271993372057E-03  0.224559729297E-03  0.167064589042E-03  0.126059079209E-03  0.104459946947E-03  0.822461181166E-04
  0.160776543787E-03  0.175711689253E-03  0.161700024087E-03  0.160617061400E-03  0.104718956083E-03  0.103872506085E-03  0.341546222569E-04
  0.108225883233E-03  0.145875365686E-03  0.100893324399E-03  0.110858761680E-03  0.810725985854E-04
  0.942189325723E+00  0.946088688738E+00  0.843606911945E+00  0.943827500760E+00  0.944638461474E+00  0.957194876304E+00  0.930317497651E+00
  0.774179982948E+00  0.937862979118E+00  0.956544245363E+00  0.942397242650E+00  0.925798859590E+00  0.134612157656E+01  0.100979619881E+01
  0.762747023724E+00  0.953804908952E+00  0.952030916905E+00  0.886220206872E+00  0.941470760530E+00  0.103710758215E+01  0.142660949587E+01
  0.766115436983E+00  0.951128994339E+00  0.935074838164E+00  0.932232836972E+00  0.957442133619E+00  0.164674567029E+01  0.149541353288E+01
  0.831040602059E+00  0.935354887332E+00  0.934378963874E+00  0.961577035881E+00  0.144848117932E+01
  0.000000000000E+00  0.000000000000E+00  0.000000000000E+00  0.000000000000E+00  0.000000000000E+00  0.000000000000E+00  0.000000000000E+00
  0.000000000000E+00  0.000000000000E+00  0.000000000000E+00  0.000000000000E+00  0.000000000000E+00  0.000000000000E+00  0.000000000000E+00
  0.000000000000E+00  0.000000000000E+00  0.000000000000E+00  0.000000000000E+00  0.000000000000E+00  0.000000000000E+00  0.000000000000E+00
  0.000000000000E+00  0.000000000000E+00  0.000000000000E+00  0.000000000000E+00  0.000000000000E+00  0.000000000000E+00  0.000000000000E+00
  0.000000000000E+00  0.000000000000E+00  0.000000000000E+00  0.000000000000E+00  0.000000000000E+00
  0.000000000000E+00  0.000000000000E+00  0.000000000000E+00  0.000000000000E+00  0.000000000000E+00  0.000000000000E+00  0.000000000000E+00
  0.000000000000E+00  0.000000000000E+00  0.000000000000E+00  0.000000000000E+00  0.000000000000E+00  0.000000000000E+00  0.000000000000E+00
  0.000000000000E+00  0.000000000000E+00  0.000000000000E+00  0.000000000000E+00  0.000000000000E+00  0.000000000000E+00  0.000000000000E+00
  0.000000000000E+00  0.000000000000E+00  0.000000000000E+00  0.000000000000E+00  0.000000000000E+00  0.000000000000E+00  0.000000000000E+00
  0.000000000000E+00  0.000000000000E+00  0.000000000000E+00  0.000000000000E+00  0.000000000000E+00
  0.000000000000E+00  0.000000000000E+00  0.000000000000E+00  0.000000000000E+00  0.000000000000E+00  0.000000000000E+00  0.000000000000E+00
  0.000000000000E+00  0.000000000000E+00  0.000000000000E+00  0.000000000000E+00  0.000000000000E+00  0.000000000000E+00  0.000000000000E+00
  0.000000000000E+00  0.000000000000E+00  0.000000000000E+00  0.000000000000E+00  0.000000000000E+00  0.000000000000E+00  0.000000000000E+00
  0.000000000000E+00  0.000000000000E+00  0.000000000000E+00  0.000000000000E+00  0.000000000000E+00  0.000000000000E+00  0.000000000000E+00
  0.000000000000E+00  0.000000000000E+00  0.000000000000E+00  0.000000000000E+00  0.000000000000E+00
  0.672985194883E+00  0.675770471402E+00  0.602570109538E+00  0.674155481495E+00  0.674734746486E+00  0.683703664670E+00  0.664505712064E+00
  0.552980322090E+00  0.669895880206E+00  0.683239384507E+00  0.673134977648E+00  0.661278664562E+00  0.961506072157E+00  0.721276046795E+00
  0.544814661293E+00  0.681283859766E+00  0.680017105704E+00  0.633009564702E+00  0.672473489552E+00  0.740784395246E+00  0.101899735636E+01
  0.547221378791E+00  0.679373360308E+00  0.667906237566E+00  0.665876032898E+00  0.683882116037E+00  0.117623680137E+01  0.106814414902E+01
  0.593596559183E+00  0.668106412544E+00  0.667409230738E+00  0.686836020760E+00  0.103462187523E+01
  0.000000000000E+00  0.000000000000E+00  0.000000000000E+00  0.000000000000E+00  0.000000000000E+00  0.000000000000E+00  0.000000000000E+00
  0.000000000000E+00  0.000000000000E+00  0.000000000000E+00  0.000000000000E+00  0.000000000000E+00  0.000000000000E+00  0.000000000000E+00
  0.000000000000E+00  0.000000000000E+00  0.000000000000E+00  0.000000000000E+00  0.000000000000E+00  0.000000000000E+00  0.000000000000E+00
  0.000000000000E+00  0.000000000000E+00  0.000000000000E+00  0.000000000000E+00  0.000000000000E+00  0.000000000000E+00  0.000000000000E+00
  0.000000000000E+00  0.000000000000E+00  0.000000000000E+00  0.000000000000E+00  0.000000000000E+00
  0.999989330290E+00  0.999989399752E+00  0.999989617686E+00  0.999989588493E+00  0.999989608306E+00  0.999989818410E+00  0.999989787614E+00
  0.999990270969E+00  0.999990673659E+00  0.999990479214E+00  0.999991220323E+00  0.999990571166E+00  0.999990286510E+00  0.999990361129E+00
  0.999991480906E+00  0.999992131222E+00  0.999992679945E+00  0.999992308583E+00  0.999991635261E+00  0.999990908557E+00  0.999990749419E+00
  0.999992812211E+00  0.999993386903E+00  0.999993470500E+00  0.999993144508E+00  0.999992510077E+00  0.999991408287E+00  0.999992159855E+00
  0.999993479017E+00  0.999993681788E+00  0.999993534914E+00  0.999993129186E+00  0.999992713749E+00
        19        18        11        11
        17        10        11        11
        12        11         5         5
        18        25        17        17
        31        24        25        25
        11        10         5         5
         2         7         5         5
        11        18        17        17
        11        12        19        19
        27        19        20        20
        17        16        10        10
        15         9        16        16
        23        17        24        24
         4        10         9         9
        23        22        16        16
        26        18        19        19
        14        21        20        20
        14        12         7         7
         5         7        12        12
         4         1         5         5
        26        32        25        25
         5        10         4         4
         9         8         4         4
        25        18        26        26
        19        28        26        26
        24        30        23        23
        29        22        23        23
        20        12        14        14
         7         6        14        14
         8         9        15        15
         5         1         2         2
         6         7         2         2
        30        24        31        31
        20        21        27        27
        28        19        27        27
        16         9        10        10
         1         4         3         3
        32        26        33        33
        21        14        13        13
        25        24        17        17
        22        15        16        16
        17        23        16        16
        32        31        25        25
        12        20        19        19
        28        33        26        26
         8         3         4         4
        30        29        23        23
         6        13        14        14
