title="tecplot geometry and solution file"
variables = x y z rho u v w p mach temperature
zone t="boundary 1 bc-1", solutiontime= 0.3000000E+02, strandid=1001, i=32, j=46, f=feblock
 -0.547468543822E-02  0.228895752089-127 -0.567606030906E-02  0.228895752089-127  0.228895752089-127  0.228895752089-127 -0.525159244577E-02
 -0.425776897792E-02  0.228895752089-127  0.228895752089-127  0.228895752089-127  0.228895752089-127  0.228895752089-127  0.228895752089-127
  0.228895752089-127  0.228895752089-127 -0.338395986465E-02  0.228895752089-127  0.228895752089-127  0.228895752089-127  0.228895752089-127
  0.228895752089-127  0.228895752089-127  0.228895752089-127  0.228895752089-127  0.228895752089-127  0.228895752089-127  0.228895752089-127
  0.228895752089-127  0.228895752089-127  0.228895752089-127  0.228895752089-127
  0.250494197117E+01  0.250494197117E+01  0.127822156906E+01  0.146289271009E+01  0.157686156160E+01  0.308372018325E+00  0.261948602361E-01
 -0.122573481165E+01 -0.600232012419E+00  0.250494197117E+01  0.477386199275E+00  0.742988685424E+00 -0.739814786992E+00  0.177790177481E+01
  0.155830813274E+01  0.250494197117E+01 -0.249658903664E+01 -0.154800130438E+01 -0.487811078581E+00  0.250494197117E+01  0.627766083140E+00
 -0.345533899378E+00 -0.178862290564E+01 -0.158811787973E+01  0.125000000000E+01 -0.249658903664E+01 -0.144524380962E+01  0.228895752089-127
 -0.125000000000E+01 -0.249658903664E+01 -0.249658903664E+01 -0.249658903664E+01
  0.803813942276E-04  0.125000000000E+01  0.822460231887E-04  0.103724302461E+01  0.219251206392E+01  0.922061490191E+00  0.103872442795E-03
  0.341545894631E-04  0.715990576545E+00  0.250000000000E+01  0.202479342020E+01  0.324151231464E+01  0.175434191980E+01  0.310152362409E+01
  0.404200324774E+01  0.375000000000E+01  0.810725962829E-04  0.930412228790E+00  0.299062775774E+01  0.500000000000E+01  0.429310310915E+01
  0.409252726285E+01  0.187029682677E+01  0.284428995242E+01  0.500000000000E+01  0.125000000000E+01  0.394624082883E+01  0.500000000000E+01
  0.500000000000E+01  0.250000000000E+01  0.375000000000E+01  0.500000000000E+01
  0.134612545436E+01  0.106375129916E+01  0.142660783987E+01  0.108602564866E+01  0.103229477399E+01  0.120170275228E+01  0.164675452167E+01
  0.149542133610E+01  0.123514352249E+01  0.102386697850E+01  0.102822159094E+01  0.101305314858E+01  0.103253597547E+01  0.101467067934E+01
  0.100662641013E+01  0.100826746613E+01  0.144847978710E+01  0.116397899345E+01  0.101464092711E+01  0.100424948130E+01  0.100679643838E+01
  0.100725222869E+01  0.104656712675E+01  0.101934208953E+01  0.100423962263E+01  0.106449058804E+01  0.100790799062E+01  0.100288606320E+01
  0.100335058991E+01  0.102844528898E+01  0.100960727568E+01  0.100399911971E+01
  0.000000000000E+00  0.444893281069E+00  0.000000000000E+00  0.468179859877E+00  0.462189118877E+00  0.443239014093E+00  0.000000000000E+00
  0.000000000000E+00  0.379430602837E+00  0.471810188449E+00  0.466360978524E+00  0.479395193302E+00  0.490369836772E+00  0.484573387736E+00
  0.488597714441E+00  0.489902260052E+00  0.000000000000E+00  0.451029574681E+00  0.474778134849E+00  0.495801786796E+00  0.490926665261E+00
  0.486825567765E+00  0.448793499324E+00  0.465789193776E+00  0.496536251997E+00  0.444901946046E+00  0.487664958608E+00  0.497536416438E+00
  0.496380820393E+00  0.470010488597E+00  0.489175937783E+00  0.495514569127E+00
  0.000000000000E+00  0.000000000000E+00  0.000000000000E+00  0.182126468355E-01 -0.276659352345E-02  0.330058055334E-01  0.000000000000E+00
  0.000000000000E+00 -0.635757299306E-02  0.000000000000E+00  0.362920953017E-02 -0.561361946596E-02 -0.432728616720E-02  0.439619927124E-04
 -0.103550211726E-02  0.000000000000E+00  0.000000000000E+00 -0.779003020590E-02  0.391101577799E-03  0.000000000000E+00 -0.202826685925E-02
 -0.137714401611E-02  0.151776374720E-02 -0.162046882698E-02 -0.661470711029E-04  0.000000000000E+00 -0.290506584578E-04 -0.202445919409E-03
  0.805318860450E-03  0.000000000000E+00  0.000000000000E+00  0.000000000000E+00
  0.000000000000E+00  0.453336414194E-01  0.000000000000E+00  0.123662335932E+00  0.245707664396E-01  0.166131237468E+00  0.000000000000E+00
  0.000000000000E+00  0.155939326679E+00  0.352835659766E-02  0.259088741894E-01 -0.647785663326E-02  0.752859528334E-01  0.371611794953E-02
 -0.127529487512E-03  0.471693375743E-03  0.000000000000E+00  0.141090316012E+00 -0.806992859326E-02  0.236412520885E-02 -0.280234496973E-03
 -0.438308114891E-02  0.256756166647E-01 -0.189557711018E-02  0.307385853516E-02  0.838624873066E-01 -0.122885918909E-02  0.268491831883E-02
  0.264444909342E-02  0.283252491101E-02 -0.847147982918E-03  0.345644868453E-02
  0.961508854802E+00  0.782487625976E+00  0.101899618645E+01  0.808634645778E+00  0.746110572041E+00  0.879958735211E+00  0.117624313761E+01
  0.106814973422E+01  0.916496885118E+00  0.737372727109E+00  0.743650429155E+00  0.725791983614E+00  0.757479911255E+00  0.729143043778E+00
  0.720776928740E+00  0.722746363968E+00  0.103462089119E+01  0.858101868333E+00  0.728073058762E+00  0.718602241213E+00  0.721012246988E+00
  0.721154684452E+00  0.759935996951E+00  0.732620078916E+00  0.718521668590E+00  0.790954289210E+00  0.722119015284E+00  0.717197571340E+00
  0.717642503046E+00  0.741776745751E+00  0.724073188797E+00  0.718407376888E+00
  0.000000000000E+00  0.440672745253E+00  0.000000000000E+00  0.474617901241E+00  0.460125766466E+00  0.468639762765E+00  0.000000000000E+00
  0.000000000000E+00  0.402534961291E+00  0.469887263950E+00  0.464193881051E+00  0.478750347186E+00  0.489555913175E+00  0.483130550484E+00
  0.488002587988E+00  0.489035679251E+00  0.000000000000E+00  0.465238554327E+00  0.473759872777E+00  0.495365242887E+00  0.490293229244E+00
  0.486276860571E+00  0.445850869619E+00  0.464357201533E+00  0.496128311685E+00  0.443891726406E+00  0.486928243189E+00  0.497248645025E+00
  0.496055178979E+00  0.467740965282E+00  0.488187575342E+00  0.495090109277E+00
  0.999990299836E+00  0.102982969537E+01  0.999990762112E+00  0.104241415061E+01  0.101187647868E+01  0.102516385767E+01  0.999991420089E+00
  0.999992170645E+00  0.103882311311E+01  0.100825775186E+01  0.101253524532E+01  0.100301625683E+01  0.102705561932E+01  0.100604095700E+01
  0.100244508795E+01  0.100354810955E+01  0.999992723794E+00  0.103209991110E+01  0.100459409337E+01  0.100178606655E+01  0.100260301616E+01
  0.100234730634E+01  0.101657157819E+01  0.100620598425E+01  0.100168357567E+01  0.104024969064E+01  0.100303463292E+01  0.100118711060E+01
  0.100134440979E+01  0.100976440378E+01  0.100405621942E+01  0.100176415288E+01
        12        19        11        11
        11         5        12        12
        10        14         5         5
        19        13        11        11
        19        24        13        13
        30        23        24        24
        19        12        22        22
        28        22        21        21
        11        13         6         6
         7         6         9         9
        15        12        14        14
        18        13        23        23
        15        25        21        21
        27        19        22        22
        18         8         9         9
        27        31        24        24
         4        11         6         6
         5        14        12        12
         4         2         5         5
        21        12        15        15
        14        16        15        15
        24        19        27        27
        22        29        27        27
        23        26        18        18
        17         8        18        18
         5        11         4         4
         6         3         4         4
        26        23        30        30
         5         2        10        10
        16        14        10        10
         3         6         7         7
        21        25        28        28
        29        22        28        28
         6        13         9         9
         2         4         1         1
        31        27        32        32
        25        15        20        20
        24        23        13        13
         8         7         9         9
        13        18         9         9
        31        30        24        24
        12        21        22        22
        29        32        27        27
         3         1         4         4
        26        17        18        18
        16        20        15        15
zone t="boundary 2 bc-2", solutiontime= 0.3000000E+02, strandid=1002, i=33, j=48, f=feblock
  0.500195253374E+01  0.375034811161E+01  0.249861146300E+01  0.288036674177E+01  0.124717526933E+01  0.190856698521E+01  0.326577190273E+01
  0.201394856120E+01 -0.338395986465E-02  0.962374249381E+00  0.500000000000E+01  0.403430190009E+01  0.423029563807E+01  0.500000000000E+01
  0.385439188940E+01  0.500000000000E+01  0.398133433176E+01  0.315200081417E+01  0.266958028869E+01  0.154798029824E+01  0.218327860466E+01
  0.893688440337E+00  0.228895752089-127  0.699009761767E+00  0.964460899052E+00  0.310303671659E+01  0.228895752089-127  0.228895752089-127
  0.125000000000E+01  0.500000000000E+01  0.375000000000E+01  0.250000000000E+01  0.228895752089-127
 -0.249658903664E+01 -0.249658903664E+01 -0.249658903664E+01 -0.249658903664E+01 -0.249658903664E+01 -0.249658903664E+01 -0.249658903664E+01
 -0.249658903664E+01 -0.249658903664E+01 -0.249658903664E+01 -0.249658903664E+01 -0.249658903664E+01 -0.249658903664E+01 -0.249658903664E+01
 -0.249658903664E+01 -0.249658903664E+01 -0.249658903664E+01 -0.249658903664E+01 -0.249658903664E+01 -0.249658903664E+01 -0.249658903664E+01
 -0.249658903664E+01 -0.249658903664E+01 -0.249658903664E+01 -0.249658903664E+01 -0.249658903664E+01 -0.249658903664E+01 -0.249658903664E+01
 -0.249658903664E+01 -0.249658903664E+01 -0.249658903664E+01 -0.249658903664E+01 -0.249658903664E+01
  0.108225888678E-03  0.145875369418E-03  0.100893326250E-03  0.901663374397E+00  0.110858761825E-03  0.714928318830E+00  0.188140648011E+01
  0.175892165504E+01  0.810725962829E-04  0.957504300332E+00  0.125000000000E+01  0.100596698996E+01  0.191313519090E+01  0.250000000000E+01
  0.292898096716E+01  0.375000000000E+01  0.406883369524E+01  0.363389289944E+01  0.284756860985E+01  0.292582308120E+01  0.395754054931E+01
  0.205027256979E+01  0.125000000000E+01  0.306703272692E+01  0.397155766662E+01  0.433068622168E+01  0.250000000000E+01  0.375000000000E+01
  0.500000000000E+01  0.500000000000E+01  0.500000000000E+01  0.500000000000E+01  0.500000000000E+01
  0.831047832132E+00  0.935360703425E+00  0.934403112008E+00  0.968070902162E+00  0.961589238247E+00  0.964865245529E+00  0.984198082990E+00
  0.991414613887E+00  0.144847978710E+01  0.102900181068E+01  0.956084843486E+00  0.960783730503E+00  0.981506751151E+00  0.100649899306E+01
  0.997931461839E+00  0.100981671874E+01  0.100200331217E+01  0.998067739977E+00  0.991091333186E+00  0.100132647482E+01  0.100093994387E+01
  0.101223685026E+01  0.106449058804E+01  0.101080023543E+01  0.100685911722E+01  0.100119121356E+01  0.102844528898E+01  0.100960727568E+01
  0.100511622282E+01  0.100179104098E+01  0.100266699381E+01  0.100322376898E+01  0.100399911971E+01
  0.000000000000E+00  0.000000000000E+00  0.000000000000E+00  0.378543079533E+00  0.000000000000E+00  0.340245470007E+00  0.582137090283E+00
  0.575309426999E+00  0.000000000000E+00  0.489361648074E+00  0.495120429763E+00  0.430490261694E+00  0.569149447485E+00  0.536358984717E+00
  0.569064518131E+00  0.516262277116E+00  0.508573443166E+00  0.527506630198E+00  0.566855217112E+00  0.532032308327E+00  0.506134389823E+00
  0.520940768904E+00  0.444901946046E+00  0.491383326454E+00  0.492728782630E+00  0.501508055696E+00  0.470010488597E+00  0.489175937783E+00
  0.490415813360E+00  0.491398119681E+00  0.486160158174E+00  0.490250487453E+00  0.495514569127E+00
  0.000000000000E+00  0.000000000000E+00  0.000000000000E+00  0.000000000000E+00  0.000000000000E+00  0.000000000000E+00  0.000000000000E+00
  0.000000000000E+00  0.000000000000E+00  0.000000000000E+00  0.000000000000E+00  0.000000000000E+00  0.000000000000E+00  0.000000000000E+00
  0.000000000000E+00  0.000000000000E+00  0.000000000000E+00  0.000000000000E+00  0.000000000000E+00  0.000000000000E+00  0.000000000000E+00
  0.000000000000E+00  0.000000000000E+00  0.000000000000E+00  0.000000000000E+00  0.000000000000E+00  0.000000000000E+00  0.000000000000E+00
  0.000000000000E+00  0.000000000000E+00  0.000000000000E+00  0.000000000000E+00  0.000000000000E+00
  0.000000000000E+00  0.000000000000E+00  0.000000000000E+00 -0.231448091016E-02  0.000000000000E+00  0.182379962364E-01  0.121296769518E-01
  0.454079049580E-01  0.000000000000E+00  0.867522937718E-01 -0.992703400381E-01 -0.210115111782E-01 -0.304761179464E-01 -0.412774680967E-01
 -0.131832527212E-02  0.269707033300E-02  0.639119034696E-03  0.541292256323E-03  0.151261797813E-01  0.284081313130E-01  0.565454007973E-02
  0.554044351682E-01  0.838624873066E-01  0.110587564723E-01  0.679281568831E-02 -0.738344456456E-03  0.283252491101E-02 -0.847147982918E-03
  0.399749644956E-02  0.605909534146E-02 -0.134819995853E-03  0.119898024881E-02  0.345644868453E-02
  0.593601728896E+00  0.668110572756E+00  0.667426485286E+00  0.684285552364E+00  0.686844743199E+00  0.679267693853E+00  0.695855828357E+00
  0.702297044513E+00  0.103462089119E+01  0.723403202976E+00  0.672769476345E+00  0.675854266984E+00  0.694112108044E+00  0.721029861061E+00
  0.712706727073E+00  0.724812063877E+00  0.716594101099E+00  0.713311408729E+00  0.706427233566E+00  0.717743147416E+00  0.715381196351E+00
  0.730912269658E+00  0.790954289210E+00  0.724367934197E+00  0.721018511635E+00  0.715470760979E+00  0.741776745751E+00  0.724073188797E+00
  0.719322931121E+00  0.715892871306E+00  0.716613160149E+00  0.717377223697E+00  0.718407376888E+00
  0.000000000000E+00  0.000000000000E+00  0.000000000000E+00  0.380534737988E+00  0.000000000000E+00  0.343213374888E+00  0.585244217784E+00
  0.579499751465E+00  0.000000000000E+00  0.500959945521E+00  0.508768438568E+00  0.434312459315E+00  0.572816952330E+00  0.537160264899E+00
  0.569106549471E+00  0.515016179656E+00  0.508262382114E+00  0.527356808635E+00  0.567656766052E+00  0.531857800931E+00  0.506015919776E+00
  0.521044965111E+00  0.443891726406E+00  0.490703789775E+00  0.492148682449E+00  0.501391463990E+00  0.467740965282E+00  0.488187575342E+00
  0.489960493825E+00  0.491322934606E+00  0.486016857714E+00  0.489982342593E+00  0.495090109277E+00
  0.999993488128E+00  0.999993690599E+00  0.999993543892E+00  0.989596703269E+00  0.999993138683E+00  0.985603715960E+00  0.989839521674E+00
  0.991730249430E+00  0.999992723794E+00  0.984220312980E+00  0.985139837015E+00  0.984816815417E+00  0.990066497375E+00  0.100292381060E+01
  0.999857661631E+00  0.100487234029E+01  0.100122597337E+01  0.100056933234E+01  0.997887978511E+00  0.100350927659E+01  0.100059317347E+01
  0.101090686163E+01  0.104024969064E+01  0.100327945357E+01  0.100254931304E+01  0.100046729516E+01  0.100976440378E+01  0.100405621942E+01
  0.100192602677E+01  0.100045815827E+01  0.100058985725E+01  0.100110079549E+01  0.100176415288E+01
        15         7        19        19
         8        20        19        19
        18        19        21        21
         7         4         8         8
         3         6         4         4
        19         7         8         8
        19        18        15        15
        14        13        15        15
         8        22        20        20
        27        24        22        22
        19        20        21        21
        32        26        21        21
        17        18        26        26
        17        16        15        15
        25        29        21        21
        12         7        13        13
        10         8         6         6
        25        20        24        24
         4         6         8         8
        12         2         4         4
        10        23        22        22
        26        31        17        17
        30        16        17        17
         4         7        12        12
        13        11        12        12
        21        20        25        25
        24        28        25        25
        22         8        10        10
         6         5        10        10
        31        26        32        32
         4         2         3         3
         5         6         3         3
        11        13        14        14
        22        23        27        27
        28        24        27        27
        15        13         7         7
         2        12         1         1
        29        25        33        33
        23        10         9         9
        21        26        18        18
        16        14        15        15
        18        17        15        15
        29        32        21        21
        22        24        20        20
        28        33        25        25
        11         1        12        12
        31        30        17        17
         5         9        10        10
zone t="boundary 3 bc-3", solutiontime= 0.3000000E+02, strandid=1003, i=33, j=48, f=feblock
  0.375059096892E+01  0.249769609313E+01  0.500322133174E+01  0.403612218725E+01  0.287976772365E+01  0.124541910519E+01  0.190552237404E+01
  0.500000000000E+01  0.326671104552E+01  0.423253755449E+01  0.201271136507E+01 -0.547468543822E-02  0.958895643490E+00  0.500000000000E+01
  0.266968147299E+01  0.385584487271E+01  0.890374214836E+00  0.154654013699E+01  0.228895752089-127  0.500000000000E+01  0.315261136744E+01
  0.218304199515E+01  0.398195307895E+01  0.228895752089-127  0.697379952125E+00  0.963757277315E+00  0.125000000000E+01  0.228895752089-127
  0.500000000000E+01  0.310330738524E+01  0.250000000000E+01  0.375000000000E+01  0.228895752089-127
  0.250494197117E+01  0.250494197117E+01  0.250494197117E+01  0.250494197117E+01  0.250494197117E+01  0.250494197117E+01  0.250494197117E+01
  0.250494197117E+01  0.250494197117E+01  0.250494197117E+01  0.250494197117E+01  0.250494197117E+01  0.250494197117E+01  0.250494197117E+01
  0.250494197117E+01  0.250494197117E+01  0.250494197117E+01  0.250494197117E+01  0.250494197117E+01  0.250494197117E+01  0.250494197117E+01
  0.250494197117E+01  0.250494197117E+01  0.250494197117E+01  0.250494197117E+01  0.250494197117E+01  0.250494197117E+01  0.250494197117E+01
  0.250494197117E+01  0.250494197117E+01  0.250494197117E+01  0.250494197117E+01  0.250494197117E+01
  0.135649908112E-03  0.110129824337E-03  0.966887377922E-04  0.101756752010E+01  0.908094589224E+00  0.103942513864E-03  0.722629083219E+00
  0.125000000000E+01  0.188965661747E+01  0.191862696980E+01  0.176708239098E+01  0.803813942276E-04  0.969652551958E+00  0.250000000000E+01
  0.285339433501E+01  0.293325058812E+01  0.205656223819E+01  0.293157016932E+01  0.125000000000E+01  0.375000000000E+01  0.363766838842E+01
  0.396069444983E+01  0.407056385475E+01  0.250000000000E+01  0.307031995245E+01  0.397359820314E+01  0.500000000000E+01  0.375000000000E+01
  0.500000000000E+01  0.433260781310E+01  0.500000000000E+01  0.500000000000E+01  0.500000000000E+01
  0.942182773698E+00  0.946101473628E+00  0.843609999211E+00  0.964603486410E+00  0.979044471862E+00  0.957207920553E+00  0.983428759322E+00
  0.963726301956E+00  0.982810282842E+00  0.984401554081E+00  0.990479173050E+00  0.134612545436E+01  0.101938586503E+01  0.100836109334E+01
  0.993521955410E+00  0.998021429663E+00  0.100803200199E+01  0.100074500269E+01  0.106375129916E+01  0.100671460174E+01  0.100059367778E+01
  0.100235391709E+01  0.100177999048E+01  0.102386697850E+01  0.100869463951E+01  0.100526261707E+01  0.100520739475E+01  0.100826746613E+01
  0.100195722713E+01  0.100162110276E+01  0.100411999183E+01  0.100321626735E+01  0.100424948130E+01
  0.000000000000E+00  0.000000000000E+00  0.000000000000E+00  0.440213274464E+00  0.400392575803E+00  0.000000000000E+00  0.375212969119E+00
  0.494601774401E+00  0.572938577068E+00  0.569370214530E+00  0.559962953950E+00  0.000000000000E+00  0.484442867809E+00  0.533630022234E+00
  0.556228124703E+00  0.564435257900E+00  0.522388321843E+00  0.522298790738E+00  0.444893281069E+00  0.518274014877E+00  0.524587013296E+00
  0.503814232921E+00  0.509772300129E+00  0.471810188449E+00  0.496276743229E+00  0.494958735166E+00  0.489144705233E+00  0.489902260052E+00
  0.493071602837E+00  0.499098431856E+00  0.486815081412E+00  0.484775555277E+00  0.495801786796E+00
  0.000000000000E+00  0.000000000000E+00  0.000000000000E+00  0.000000000000E+00  0.000000000000E+00  0.000000000000E+00  0.000000000000E+00
  0.000000000000E+00  0.000000000000E+00  0.000000000000E+00  0.000000000000E+00  0.000000000000E+00  0.000000000000E+00  0.000000000000E+00
  0.000000000000E+00  0.000000000000E+00  0.000000000000E+00  0.000000000000E+00  0.000000000000E+00  0.000000000000E+00  0.000000000000E+00
  0.000000000000E+00  0.000000000000E+00  0.000000000000E+00  0.000000000000E+00  0.000000000000E+00  0.000000000000E+00  0.000000000000E+00
  0.000000000000E+00  0.000000000000E+00  0.000000000000E+00  0.000000000000E+00  0.000000000000E+00
  0.000000000000E+00  0.000000000000E+00  0.000000000000E+00 -0.226614451419E-01  0.112045081451E-01  0.000000000000E+00  0.182027634383E-01
 -0.100722866739E+00  0.384740256176E-02 -0.389349055340E-01  0.339578375858E-01  0.000000000000E+00  0.656340153987E-01 -0.424543330735E-01
  0.838077224697E-02 -0.653349612993E-02  0.487082958554E-01  0.134195423747E-01  0.453336414194E-01  0.717255882043E-03 -0.735715847489E-03
  0.238184364512E-02  0.839078855529E-03  0.352835659766E-02  0.102972653960E-01  0.427088765040E-02  0.337161103473E-02  0.471693375743E-03
  0.570998571118E-02  0.305813976536E-03  0.160462505342E-02  0.568787073894E-03  0.236412520885E-02
  0.672980524804E+00  0.675779613210E+00  0.602572323343E+00  0.676165826624E+00  0.691394186592E+00  0.683712991448E+00  0.689996115692E+00
  0.677412329246E+00  0.695272397327E+00  0.696337235782E+00  0.703516471860E+00  0.961508854802E+00  0.719936288834E+00  0.722889830356E+00
  0.709498401938E+00  0.713710829377E+00  0.725999470958E+00  0.716614038731E+00  0.782487625976E+00  0.722260269827E+00  0.716133878510E+00
  0.716554007224E+00  0.716542806305E+00  0.737372727109E+00  0.722638616394E+00  0.719421171489E+00  0.719547207574E+00  0.722746363968E+00
  0.716024752017E+00  0.715847669785E+00  0.718137015789E+00  0.717061910487E+00  0.718602241213E+00
  0.000000000000E+00  0.000000000000E+00  0.000000000000E+00  0.444960648459E+00  0.402837902702E+00  0.000000000000E+00  0.379028977526E+00
  0.508821620344E+00  0.575719833295E+00  0.573482419916E+00  0.562571759430E+00  0.000000000000E+00  0.491643821592E+00  0.534340759664E+00
  0.556354033730E+00  0.564141436003E+00  0.522490219604E+00  0.521815965084E+00  0.440672745253E+00  0.517132882623E+00  0.524065670481E+00
  0.503613483463E+00  0.509422250310E+00  0.469887263950E+00  0.495647187284E+00  0.494503422572E+00  0.488631934824E+00  0.489035679251E+00
  0.492987225285E+00  0.498957659880E+00  0.486509713982E+00  0.484613992402E+00  0.495365242887E+00
  0.999989344984E+00  0.999989414314E+00  0.999989632022E+00  0.981369205699E+00  0.988669962445E+00  0.999989832380E+00  0.982272028159E+00
  0.984073236374E+00  0.990406157985E+00  0.990319576452E+00  0.994390480288E+00  0.999990299836E+00  0.988743162863E+00  0.100365411675E+01
  0.999774345503E+00  0.100117605838E+01  0.100830058702E+01  0.100251277950E+01  0.102982969537E+01  0.100442009683E+01  0.100199256919E+01
  0.100081976337E+01  0.100137748643E+01  0.100825775186E+01  0.100297356933E+01  0.100191693492E+01  0.100214751290E+01  0.100354810955E+01
  0.100047649309E+01  0.100056471947E+01  0.100126661184E+01  0.100066825803E+01  0.100178606655E+01
        15         9        16        16
        15        18        11        11
        22        15        21        21
        11         5         9         9
         5         7         2         2
        11         9        15        15
        16        21        15        15
        16        10        14        14
        18        17        11        11
        17        25        24        24
        22        18        15        15
        22        30        31        31
        30        21        23        23
        16        20        23        23
        22        27        26        26
        10         9         4         4
         7        11        13        13
        25        18        26        26
        11         7         5         5
         5         1         4         4
        17        19        13        13
        23        32        30        30
        23        20        29        29
         4         9         5         5
         4         8        10        10
        26        18        22        22
        26        28        25        25
        13        11        17        17
        13         6         7         7
        31        30        32        32
         2         1         5         5
         2         7         6         6
        14        10         8         8
        24        19        17        17
        24        25        28        28
         9        10        16        16
         3         4         1         1
        33        26        27        27
        12        13        19        19
        21        30        22        22
        16        14        20        20
        16        23        21        21
        22        31        27        27
        18        25        17        17
        26        33        28        28
         4         3         8         8
        23        29        32        32
        13        12         6         6
zone t="boundary 4 bc-4", solutiontime= 0.3000000E+02, strandid=1004, i=32, j=46, f=feblock
  0.125000000000E+01  0.219251206392E+01  0.103724302461E+01  0.500000000000E+01  0.250000000000E+01  0.375000000000E+01  0.404200324774E+01
  0.500000000000E+01  0.228895752089-127  0.310152362409E+01  0.202479342020E+01  0.324151231464E+01  0.922061490191E+00  0.228895752089-127
  0.299062775774E+01  0.394624082883E+01  0.500000000000E+01  0.409252726285E+01  0.500000000000E+01  0.429310310915E+01  0.175434191980E+01
  0.284428995242E+01  0.228895752089-127  0.228895752089-127  0.715990576545E+00  0.930412228790E+00  0.125000000000E+01  0.187029682677E+01
  0.500000000000E+01  0.375000000000E+01  0.250000000000E+01  0.228895752089-127
  0.250494197117E+01  0.157686156160E+01  0.146289271009E+01  0.250494197117E+01  0.250494197117E+01  0.250494197117E+01  0.155830813274E+01
  0.125000000000E+01  0.250494197117E+01  0.177790177481E+01  0.477386199275E+00  0.742988685424E+00  0.308372018325E+00  0.125000000000E+01
 -0.487811078581E+00 -0.144524380962E+01 -0.125000000000E+01 -0.345533899378E+00  0.228895752089-127  0.627766083140E+00 -0.739814786992E+00
 -0.158811787973E+01  0.228895752089-127 -0.125000000000E+01 -0.600232012419E+00 -0.154800130438E+01 -0.249658903664E+01 -0.178862290564E+01
 -0.249658903664E+01 -0.249658903664E+01 -0.249658903664E+01 -0.249658903664E+01
  0.500000000000E+01  0.500000000000E+01  0.500000000000E+01  0.500000000000E+01  0.500000000000E+01  0.500000000000E+01  0.500000000000E+01
  0.500000000000E+01  0.500000000000E+01  0.500000000000E+01  0.500000000000E+01  0.500000000000E+01  0.500000000000E+01  0.500000000000E+01
  0.500000000000E+01  0.500000000000E+01  0.500000000000E+01  0.500000000000E+01  0.500000000000E+01  0.500000000000E+01  0.500000000000E+01
  0.500000000000E+01  0.500000000000E+01  0.500000000000E+01  0.500000000000E+01  0.500000000000E+01  0.500000000000E+01  0.500000000000E+01
  0.500000000000E+01  0.500000000000E+01  0.500000000000E+01  0.500000000000E+01
  0.100520739475E+01  0.100431849497E+01  0.100430432984E+01  0.100195722713E+01  0.100411999183E+01  0.100321626735E+01  0.100258636800E+01
  0.100200591228E+01  0.100424948130E+01  0.100371852145E+01  0.100446231402E+01  0.100347097773E+01  0.100365309507E+01  0.100423962263E+01
  0.100362884604E+01  0.100164090791E+01  0.100227057662E+01  0.100227613591E+01  0.100212976284E+01  0.100254345051E+01  0.100443034117E+01
  0.100338002891E+01  0.100288606320E+01  0.100335058991E+01  0.100323337768E+01  0.100406960728E+01  0.100511622282E+01  0.100432506683E+01
  0.100179104098E+01  0.100266699381E+01  0.100322376898E+01  0.100399911971E+01
  0.489144705233E+00  0.489274395690E+00  0.491034058408E+00  0.493071602837E+00  0.486815081412E+00  0.484775555277E+00  0.485406076593E+00
  0.494264999152E+00  0.495801786796E+00  0.486820804705E+00  0.488146757848E+00  0.487232529744E+00  0.494435376556E+00  0.496536251997E+00
  0.487825139053E+00  0.483166823836E+00  0.492562145957E+00  0.487247260875E+00  0.494866422835E+00  0.488003398107E+00  0.490071481947E+00
  0.488215351355E+00  0.497536416438E+00  0.496380820393E+00  0.495257235610E+00  0.493194937170E+00  0.490415813360E+00  0.490359013671E+00
  0.491398119681E+00  0.486160158174E+00  0.490250487453E+00  0.495514569127E+00
  0.000000000000E+00 -0.574691064587E-04 -0.127280382844E-02  0.000000000000E+00  0.000000000000E+00  0.000000000000E+00  0.474137960225E-03
  0.852268069879E-03  0.000000000000E+00  0.313650623542E-03 -0.888667467360E-03 -0.750222806750E-03 -0.172978055304E-02 -0.661470711029E-04
 -0.104999545435E-02 -0.995871808964E-03 -0.129236344054E-02 -0.207475373290E-02 -0.126174985287E-02 -0.995602884769E-03 -0.595932694018E-03
 -0.740646028515E-03 -0.202445919409E-03  0.805318860450E-03  0.605232596289E-04  0.162423992658E-02  0.000000000000E+00  0.804187782439E-03
  0.000000000000E+00  0.000000000000E+00  0.000000000000E+00  0.000000000000E+00
  0.337161103473E-02  0.270635852826E-02  0.386392340282E-02  0.570998571118E-02  0.160462505342E-02  0.568787073894E-03  0.203253130847E-02
  0.493049876353E-02  0.236412520885E-02  0.106806358005E-02  0.201015126857E-02 -0.223807051738E-04  0.500628076219E-02  0.307385853516E-02
  0.337873182721E-04  0.112778448076E-02  0.490341722561E-02  0.119107900247E-02  0.497803784013E-02  0.146403648765E-02  0.271185920105E-02
  0.906248939211E-04  0.268491831883E-02  0.264444909342E-02  0.438672316132E-02  0.489359201439E-02  0.399749644956E-02  0.231613714349E-02
  0.605909534146E-02 -0.134819995853E-03  0.119898024881E-02  0.345644868453E-02
  0.719547207574E+00  0.718463303315E+00  0.718636473163E+00  0.716024752017E+00  0.718137015789E+00  0.717061910487E+00  0.716316696155E+00
  0.716079488028E+00  0.718602241213E+00  0.717747482371E+00  0.718426317930E+00  0.717283500906E+00  0.718071275272E+00  0.718521668590E+00
  0.717568910188E+00  0.715466235450E+00  0.716503601799E+00  0.716072372694E+00  0.716252342734E+00  0.716270806477E+00  0.718703777459E+00
  0.717409918900E+00  0.717197571340E+00  0.717642503046E+00  0.717546273519E+00  0.718483210879E+00  0.719322931121E+00  0.718550046345E+00
  0.715892871306E+00  0.716613160149E+00  0.717377223697E+00  0.718407376888E+00
  0.488631934824E+00  0.488909586540E+00  0.490614684051E+00  0.492987225285E+00  0.486509713982E+00  0.484613992402E+00  0.485348359536E+00
  0.494165722359E+00  0.495365242887E+00  0.486548768456E+00  0.487827748553E+00  0.487056968119E+00  0.494058612416E+00  0.496128311685E+00
  0.487591276278E+00  0.483166315112E+00  0.492383316764E+00  0.487198406457E+00  0.494739181160E+00  0.487949259442E+00  0.489651772676E+00
  0.487974309761E+00  0.497248645025E+00  0.496055178979E+00  0.494948348954E+00  0.492778694449E+00  0.489960493825E+00  0.489964047724E+00
  0.491322934606E+00  0.486016857714E+00  0.489982342593E+00  0.495090109277E+00
  0.100214751290E+01  0.100152355022E+01  0.100177907486E+01  0.100047649309E+01  0.100126661184E+01  0.100066825803E+01  0.100025634362E+01
  0.100050435926E+01  0.100178606655E+01  0.100112377509E+01  0.100132860244E+01  0.100072341259E+01  0.100164069669E+01  0.100168357567E+01
  0.100096412954E+01  0.100001180235E+01  0.100083257547E+01  0.100022467448E+01  0.100062219187E+01  0.100023508064E+01  0.100174720655E+01
  0.100099050960E+01  0.100118711060E+01  0.100134440979E+01  0.100132711418E+01  0.100179956443E+01  0.100192602677E+01  0.100163791396E+01
  0.100045815827E+01  0.100058985725E+01  0.100110079549E+01  0.100176415288E+01
        12        15        11        11
        11         2        12        12
         5        10         2         2
        15        21        11        11
        15        22        21        21
        31        28        22        22
        15        12        18        18
        19        18        20        20
        11        21        13        13
        23        13        25        25
         7        12        10        10
        26        21        28        28
         7         8        20        20
        16        15        18        18
        26        24        25        25
        16        30        22        22
         3        11        13        13
         2        10        12        12
         3         1         2         2
        20        12         7         7
        10         6         7         7
        22        15        16        16
        18        17        16        16
        28        27        26        26
        32        24        26        26
         2        11         3         3
        13        14         3         3
        27        28        31        31
         2         1         5         5
         6        10         5         5
        14        13        23        23
        20         8        19        19
        17        18        19        19
        13        21        25        25
         1         3         9         9
        30        16        29        29
         8         7         4         4
        22        28        21        21
        24        23        25        25
        21        26        25        25
        30        31        22        22
        12        20        18        18
        17        29        16        16
        14         9         3         3
        27        32        26        26
         6         4         7         7
zone t="boundary 5 bc-5", solutiontime= 0.3000000E+02, strandid=1005, i=33, j=48, f=feblock
  0.500322133174E+01  0.500467668798E+01  0.500000000000E+01  0.500000000000E+01  0.500477267378E+01  0.500000000000E+01  0.500000000000E+01
  0.500000000000E+01  0.500000000000E+01  0.500000000000E+01  0.500358118334E+01  0.500000000000E+01  0.500000000000E+01  0.500000000000E+01
  0.500000000000E+01  0.500000000000E+01  0.500000000000E+01  0.500195253374E+01  0.500000000000E+01  0.500000000000E+01  0.500000000000E+01
  0.500000000000E+01  0.500000000000E+01  0.500000000000E+01  0.500000000000E+01  0.500000000000E+01  0.500000000000E+01  0.500000000000E+01
  0.500000000000E+01  0.500000000000E+01  0.500000000000E+01  0.500000000000E+01  0.500000000000E+01
  0.250494197117E+01  0.128129120216E+01  0.250494197117E+01  0.157899473280E+01  0.277507990553E-01  0.659350882208E+00  0.250494197117E+01
  0.173899611320E+01  0.825621401394E+00  0.132549389334E+01 -0.122585350889E+01 -0.322732261638E+00  0.250494197117E+01  0.490615021923E-01
 -0.873141960959E+00  0.350800286361E+00  0.145332269920E+01 -0.249658903664E+01 -0.147959633950E+01  0.250494197117E+01 -0.857924212153E+00
 -0.165007033378E+01  0.518568023061E+00 -0.461282870254E+00  0.125000000000E+01 -0.249658903664E+01 -0.183684615440E+01 -0.158398995423E+01
 -0.249658903664E+01 -0.249658903664E+01 -0.125000000000E+01  0.228895752089-127 -0.249658903664E+01
  0.966887377922E-04  0.163805307289E-03  0.125000000000E+01  0.905837536509E+00  0.190347804235E-03  0.735450417037E+00  0.250000000000E+01
  0.182727219356E+01  0.162230260845E+01  0.280856328277E+01  0.160776521961E-03  0.109945440014E+01  0.375000000000E+01  0.227317933631E+01
  0.189599568386E+01  0.342819755379E+01  0.403384942830E+01  0.108225888678E-03  0.104050588738E+01  0.500000000000E+01  0.297954017413E+01
  0.214587157439E+01  0.430969386006E+01  0.408642231822E+01  0.500000000000E+01  0.125000000000E+01  0.304506426164E+01  0.398205049073E+01
  0.250000000000E+01  0.375000000000E+01  0.500000000000E+01  0.500000000000E+01  0.500000000000E+01
  0.843609999211E+00  0.774202024762E+00  0.963726301956E+00  0.925301201680E+00  0.762762701112E+00  0.875250371020E+00  0.100836109334E+01
  0.990925495809E+00  0.976803024099E+00  0.100515146959E+01  0.766148459312E+00  0.909148322678E+00  0.100671460174E+01  0.100559164723E+01
  0.986079764969E+00  0.101041699656E+01  0.100449332314E+01  0.831047832132E+00  0.914488944978E+00  0.100195722713E+01  0.101289534848E+01
  0.100052947815E+01  0.100545812251E+01  0.100582757427E+01  0.100200591228E+01  0.956084843486E+00  0.101167761913E+01  0.100705417797E+01
  0.100649899306E+01  0.100981671874E+01  0.100227057662E+01  0.100212976284E+01  0.100179104098E+01
  0.000000000000E+00  0.000000000000E+00  0.494601774401E+00  0.452050765046E+00  0.000000000000E+00  0.460030068362E+00  0.533630022234E+00
  0.527959769813E+00  0.524262948025E+00  0.540925638337E+00  0.000000000000E+00  0.493114471317E+00  0.518274014877E+00  0.537419537506E+00
  0.536367484793E+00  0.530976603778E+00  0.511769276772E+00  0.000000000000E+00  0.478624059462E+00  0.493071602837E+00  0.532893751126E+00
  0.529986813309E+00  0.506365152834E+00  0.512970991011E+00  0.494264999152E+00  0.495120429763E+00  0.530977657513E+00  0.512903196761E+00
  0.536358984717E+00  0.516262277116E+00  0.492562145957E+00  0.494866422835E+00  0.491398119681E+00
  0.000000000000E+00  0.000000000000E+00  0.000000000000E+00 -0.193389614843E-01  0.000000000000E+00 -0.817151439040E-02  0.000000000000E+00
 -0.729613216698E-02 -0.132582494541E-01 -0.688503418678E-04  0.000000000000E+00 -0.675421329134E-02  0.000000000000E+00 -0.416582990967E-03
  0.455182709825E-02  0.316833520236E-02  0.221331549558E-02  0.000000000000E+00  0.141924891573E-01  0.000000000000E+00  0.347825858501E-02
  0.499376225508E-02  0.175600818689E-02  0.736282423292E-03  0.852268069879E-03  0.000000000000E+00  0.194701151679E-02  0.504380883820E-03
  0.000000000000E+00  0.000000000000E+00 -0.129236344054E-02 -0.126174985287E-02  0.000000000000E+00
  0.000000000000E+00  0.000000000000E+00 -0.100722866739E+00 -0.112035779927E+00  0.000000000000E+00 -0.983543022982E-01 -0.424543330735E-01
 -0.799980297776E-01 -0.944383272274E-01 -0.277638500211E-01  0.000000000000E+00 -0.989249059134E-01  0.717255882043E-03 -0.586327077893E-01
 -0.808643425921E-01 -0.596378058704E-02  0.421939271361E-02  0.000000000000E+00 -0.100258974731E+00  0.570998571118E-02 -0.192727115508E-01
 -0.679091528926E-01  0.682629481972E-02  0.519909789843E-02  0.493049876353E-02 -0.992703400381E-01 -0.156345760925E-01  0.514670820265E-02
 -0.412774680967E-01  0.269707033300E-02  0.490341722561E-02  0.497803784013E-02  0.605909534146E-02
  0.602572323343E+00  0.552996073543E+00  0.677412329246E+00  0.645376347392E+00  0.544825865791E+00  0.599604116436E+00  0.722889830356E+00
  0.703843784743E+00  0.691593955128E+00  0.720508052520E+00  0.547244971493E+00  0.630966920299E+00  0.722260269827E+00  0.722086497472E+00
  0.702391732979E+00  0.726513753866E+00  0.719682627464E+00  0.593601728896E+00  0.635930304608E+00  0.716024752017E+00  0.729038278635E+00
  0.715606098348E+00  0.720439863252E+00  0.721207851908E+00  0.716079488028E+00  0.672769476345E+00  0.726956841943E+00  0.722126076124E+00
  0.721029861061E+00  0.724812063877E+00  0.716503601799E+00  0.716252342734E+00  0.715892871306E+00
  0.000000000000E+00  0.000000000000E+00  0.508821620344E+00  0.471711872612E+00  0.000000000000E+00  0.480426835256E+00  0.534340759664E+00
  0.535536244036E+00  0.535219313298E+00  0.540681104462E+00  0.000000000000E+00  0.510275665523E+00  0.517132882623E+00  0.539181770069E+00
  0.543200833211E+00  0.529267090821E+00  0.511013097278E+00  0.000000000000E+00  0.495818702128E+00  0.492987225285E+00  0.531222928795E+00
  0.533991279495E+00  0.505620867765E+00  0.512015473733E+00  0.494165722359E+00  0.508768438568E+00  0.529626965726E+00  0.511933282587E+00
  0.537160264899E+00  0.515016179656E+00  0.492383316764E+00  0.494739181160E+00  0.491322934606E+00
  0.999989632022E+00  0.999990284446E+00  0.984073236374E+00  0.976467862257E+00  0.999991492762E+00  0.959092153291E+00  0.100365411675E+01
  0.994405031264E+00  0.991224958658E+00  0.100354155970E+01  0.999992822251E+00  0.971627694166E+00  0.100442009683E+01  0.100529981453E+01
  0.997230103592E+00  0.100663316124E+01  0.100304865671E+01  0.999993488128E+00  0.973551874346E+00  0.100047649309E+01  0.100765947008E+01
  0.100131836150E+01  0.100314054457E+01  0.100384103449E+01  0.100050435926E+01  0.985139837015E+00  0.100599198745E+01  0.100389485361E+01
  0.100292381060E+01  0.100487234029E+01  0.100083257547E+01  0.100062219187E+01  0.100045815827E+01
        12        15        14        14
        21        16        14        14
         9        14        10        10
        15        22        21        21
        29        27        22        22
        14        16        10        10
         7         8        10        10
        14        15        21        21
        14         9        12        12
         5        12         6         6
        21        24        16        16
        32        23        24        24
        28        21        27        27
        17        16        23        23
        28        31        24        24
        19        15        12        12
         4         2         6         6
         4         9         8         8
        10         8         9         9
        17        13        10        10
        19        26        22        22
        10        16        17        17
        23        25        17        17
        22        15        19        19
        12        11        19        19
        27        30        28        28
        33        31        28        28
         6         9         4         4
         8         3         4         4
        25        23        32        32
        10        13         7         7
         3         8         7         7
        30        27        29        29
         6         2         5         5
        11        12         5         5
        24        23        16        16
        13        17        20        20
        26        19        18        18
         2         4         1         1
        22        27        21        21
        31        32        24        24
        21        28        24        24
        26        29        22        22
         9         6        12        12
        11        18        19        19
        25        20        17        17
        30        33        28        28
         3         1         4         4
zone t="boundary 6 bc-6", solutiontime= 0.3000000E+02, strandid=1006, i=33, j=48, f=feblock
  0.375059096892E+01  0.249769609313E+01  0.500322133174E+01  0.403560203922E+01  0.280631115217E+01  0.124541910519E+01  0.182303273760E+01
  0.500467668798E+01  0.431322535535E+01  0.342786661481E+01  0.226876920017E+01  0.161701865931E+01 -0.547468543822E-02  0.900320961799E+00
  0.500477267378E+01  0.408884044540E+01  0.297791651125E+01  0.189186087594E+01  0.109435348063E+01  0.729840026751E+00 -0.567606030906E-02
  0.500358118334E+01  0.398317221069E+01  0.304409324138E+01  0.214319966288E+01  0.103661372330E+01 -0.525159244577E-02 -0.425776897792E-02
  0.500195253374E+01  0.375034811161E+01  0.249861146300E+01  0.124717526933E+01 -0.338395986465E-02
  0.250494197117E+01  0.250494197117E+01  0.250494197117E+01  0.148676003040E+01  0.135862937359E+01  0.250494197117E+01  0.177126519353E+01
  0.128129120216E+01  0.548913337623E+00  0.381390483986E+00  0.772369181821E-01  0.855320802484E+00  0.250494197117E+01  0.160897911227E+01
  0.277507990553E-01 -0.435104782603E+00 -0.833499148318E+00 -0.848131036569E+00 -0.296462201076E+00  0.687468474663E+00  0.127822156906E+01
 -0.122585350889E+01 -0.156121190485E+01 -0.181436122512E+01 -0.162712850922E+01 -0.145562642992E+01  0.261948602361E-01 -0.122573481165E+01
 -0.249658903664E+01 -0.249658903664E+01 -0.249658903664E+01 -0.249658903664E+01 -0.249658903664E+01
  0.135649908112E-03  0.110129824337E-03  0.966887377922E-04  0.171331292051E-03  0.194349222228E-03  0.103942513864E-03  0.183620295397E-03
  0.163805307289E-03  0.231300961636E-03  0.293695552449E-03  0.207230782128E-03  0.152981095699E-03  0.803813942276E-04  0.870414138654E-04
  0.190347804235E-03  0.271993332161E-03  0.224559695462E-03  0.167064552575E-03  0.126059027085E-03  0.104459869130E-03  0.822460231887E-04
  0.160776521961E-03  0.175711673132E-03  0.161700012031E-03  0.160617043669E-03  0.104718931691E-03  0.103872442795E-03  0.341545894631E-04
  0.108225888678E-03  0.145875369418E-03  0.100893326250E-03  0.110858761825E-03  0.810725962829E-04
  0.942182773698E+00  0.946101473628E+00  0.843609999211E+00  0.943828871165E+00  0.944651101012E+00  0.957207920553E+00  0.930331305101E+00
  0.774202024762E+00  0.937869804911E+00  0.956553553157E+00  0.942404295695E+00  0.925814154040E+00  0.134612545436E+01  0.100980757382E+01
  0.762762701112E+00  0.953813871920E+00  0.952043550449E+00  0.886234632988E+00  0.941482725532E+00  0.103711779087E+01  0.142660783987E+01
  0.766148459312E+00  0.951145282553E+00  0.935096794450E+00  0.932249100318E+00  0.957448473950E+00  0.164675452167E+01  0.149542133610E+01
  0.831047832132E+00  0.935360703425E+00  0.934403112008E+00  0.961589238247E+00  0.144847978710E+01
  0.000000000000E+00  0.000000000000E+00  0.000000000000E+00  0.000000000000E+00  0.000000000000E+00  0.000000000000E+00  0.000000000000E+00
  0.000000000000E+00  0.000000000000E+00  0.000000000000E+00  0.000000000000E+00  0.000000000000E+00  0.000000000000E+00  0.000000000000E+00
  0.000000000000E+00  0.000000000000E+00  0.000000000000E+00  0.000000000000E+00  0.000000000000E+00  0.000000000000E+00  0.000000000000E+00
  0.000000000000E+00  0.000000000000E+00  0.000000000000E+00  0.000000000000E+00  0.000000000000E+00  0.000000000000E+00  0.000000000000E+00
  0.000000000000E+00  0.000000000000E+00  0.000000000000E+00  0.000000000000E+00  0.000000000000E+00
  0.000000000000E+00  0.000000000000E+00  0.000000000000E+00  0.000000000000E+00  0.000000000000E+00  0.000000000000E+00  0.000000000000E+00
  0.000000000000E+00  0.000000000000E+00  0.000000000000E+00  0.000000000000E+00  0.000000000000E+00  0.000000000000E+00  0.000000000000E+00
  0.000000000000E+00  0.000000000000E+00  0.000000000000E+00  0.000000000000E+00  0.000000000000E+00  0.000000000000E+00  0.000000000000E+00
  0.000000000000E+00  0.000000000000E+00  0.000000000000E+00  0.000000000000E+00  0.000000000000E+00  0.000000000000E+00  0.000000000000E+00
  0.000000000000E+00  0.000000000000E+00  0.000000000000E+00  0.000000000000E+00  0.000000000000E+00
  0.000000000000E+00  0.000000000000E+00  0.000000000000E+00  0.000000000000E+00  0.000000000000E+00  0.000000000000E+00  0.000000000000E+00
  0.000000000000E+00  0.000000000000E+00  0.000000000000E+00  0.000000000000E+00  0.000000000000E+00  0.000000000000E+00  0.000000000000E+00
  0.000000000000E+00  0.000000000000E+00  0.000000000000E+00  0.000000000000E+00  0.000000000000E+00  0.000000000000E+00  0.000000000000E+00
  0.000000000000E+00  0.000000000000E+00  0.000000000000E+00  0.000000000000E+00  0.000000000000E+00  0.000000000000E+00  0.000000000000E+00
  0.000000000000E+00  0.000000000000E+00  0.000000000000E+00  0.000000000000E+00  0.000000000000E+00
  0.672980524804E+00  0.675779613210E+00  0.602572323343E+00  0.674156470032E+00  0.674743784275E+00  0.683712991448E+00  0.664515583740E+00
  0.552996073543E+00  0.669900764391E+00  0.683246041858E+00  0.673140023627E+00  0.661289597625E+00  0.961508854802E+00  0.721284181259E+00
  0.544825865791E+00  0.681290269300E+00  0.680026136504E+00  0.633019875706E+00  0.672482043645E+00  0.740791696366E+00  0.101899618645E+01
  0.547244971493E+00  0.679385000939E+00  0.667921926590E+00  0.665887655816E+00  0.683886651871E+00  0.117624313761E+01  0.106814973422E+01
  0.593601728896E+00  0.668110572756E+00  0.667426485286E+00  0.686844743199E+00  0.103462089119E+01
  0.000000000000E+00  0.000000000000E+00  0.000000000000E+00  0.000000000000E+00  0.000000000000E+00  0.000000000000E+00  0.000000000000E+00
  0.000000000000E+00  0.000000000000E+00  0.000000000000E+00  0.000000000000E+00  0.000000000000E+00  0.000000000000E+00  0.000000000000E+00
  0.000000000000E+00  0.000000000000E+00  0.000000000000E+00  0.000000000000E+00  0.000000000000E+00  0.000000000000E+00  0.000000000000E+00
  0.000000000000E+00  0.000000000000E+00  0.000000000000E+00  0.000000000000E+00  0.000000000000E+00  0.000000000000E+00  0.000000000000E+00
  0.000000000000E+00  0.000000000000E+00  0.000000000000E+00  0.000000000000E+00  0.000000000000E+00
  0.999989344984E+00  0.999989414314E+00  0.999989632022E+00  0.999989602862E+00  0.999989622595E+00  0.999989832380E+00  0.999989801628E+00
  0.999990284446E+00  0.999990686593E+00  0.999990492372E+00  0.999991232408E+00  0.999990584109E+00  0.999990299836E+00  0.999990374351E+00
  0.999991492762E+00  0.999992142177E+00  0.999992690101E+00  0.999992319190E+00  0.999991646762E+00  0.999990921036E+00  0.999990762112E+00
  0.999992822251E+00  0.999993396132E+00  0.999993479580E+00  0.999993154002E+00  0.999992520401E+00  0.999991420089E+00  0.999992170645E+00
  0.999993488128E+00  0.999993690599E+00  0.999993543892E+00  0.999993138683E+00  0.999992723794E+00
        19        18        11        11
        17        10        11        11
        12        11         5         5
        18        25        17        17
        31        24        25        25
        11        10         5         5
         2         7         5         5
        11        18        17        17
        11        12        19        19
        27        19        20        20
        17        16        10        10
        15         9        16        16
        23        17        24        24
         4        10         9         9
        23        22        16        16
        26        18        19        19
        14        21        20        20
        14        12         7         7
         5         7        12        12
         4         1         5         5
        26        32        25        25
         5        10         4         4
         9         8         4         4
        25        18        26        26
        19        28        26        26
        24        30        23        23
        29        22        23        23
        20        12        14        14
         7         6        14        14
         8         9        15        15
         5         1         2         2
         6         7         2         2
        30        24        31        31
        20        21        27        27
        28        19        27        27
        16         9        10        10
         1         4         3         3
        32        26        33        33
        21        14        13        13
        25        24        17        17
        22        15        16        16
        17        23        16        16
        32        31        25        25
        12        20        19        19
        28        33        26        26
         8         3         4         4
        30        29        23        23
         6        13        14        14
