title="tecplot geometry and solution file"
variables = x y z mach temperature lambda1 lambda2 lambda3 lambda4 lambda5 lambda6
zone t="boundary 1 bc-1", solutiontime= 0.6000000E+02, strandid=1001, i=32, j=46, f=feblock
  0.000000000000E+00  0.000000000000E+00  0.000000000000E+00  0.000000000000E+00  0.000000000000E+00  0.000000000000E+00  0.000000000000E+00
  0.000000000000E+00  0.000000000000E+00  0.000000000000E+00  0.000000000000E+00  0.000000000000E+00  0.000000000000E+00  0.000000000000E+00
  0.000000000000E+00  0.000000000000E+00  0.000000000000E+00  0.000000000000E+00  0.000000000000E+00  0.000000000000E+00  0.000000000000E+00
  0.000000000000E+00  0.000000000000E+00  0.000000000000E+00  0.000000000000E+00  0.000000000000E+00  0.000000000000E+00  0.000000000000E+00
  0.000000000000E+00  0.000000000000E+00  0.000000000000E+00  0.000000000000E+00
  0.250000000000E+01  0.250000000000E+01  0.125000000000E+01  0.146289271009E+01  0.157686156160E+01  0.308372018325E+00  0.000000000000E+00
 -0.125000000000E+01 -0.600232012419E+00  0.250000000000E+01  0.477386199275E+00  0.742988685424E+00 -0.739814786992E+00  0.177790177481E+01
  0.155830813274E+01  0.250000000000E+01 -0.250000000000E+01 -0.154800130438E+01 -0.487811078581E+00  0.250000000000E+01  0.627766083140E+00
 -0.345533899378E+00 -0.178862290564E+01 -0.158811787973E+01  0.125000000000E+01 -0.250000000000E+01 -0.144524380962E+01  0.000000000000E+00
 -0.125000000000E+01 -0.250000000000E+01 -0.250000000000E+01 -0.250000000000E+01
  0.000000000000E+00  0.125000000000E+01  0.000000000000E+00  0.103724302461E+01  0.219251206392E+01  0.922061490191E+00  0.000000000000E+00
  0.000000000000E+00  0.715990576545E+00  0.250000000000E+01  0.202479342020E+01  0.324151231464E+01  0.175434191980E+01  0.310152362409E+01
  0.404200324774E+01  0.375000000000E+01  0.000000000000E+00  0.930412228790E+00  0.299062775774E+01  0.500000000000E+01  0.429310310915E+01
  0.409252726285E+01  0.187029682677E+01  0.284428995242E+01  0.500000000000E+01  0.125000000000E+01  0.394624082883E+01  0.500000000000E+01
  0.500000000000E+01  0.250000000000E+01  0.375000000000E+01  0.500000000000E+01
  0.000000000000E+00  0.441238864710E+00  0.000000000000E+00  0.475212333418E+00  0.460125600047E+00  0.468825459916E+00  0.000000000000E+00
  0.000000000000E+00  0.402299647307E+00  0.469815278546E+00  0.464413480260E+00  0.478714152972E+00  0.489298547802E+00  0.483067971662E+00
  0.487929224832E+00  0.488960767301E+00  0.000000000000E+00  0.464773408827E+00  0.473796242669E+00  0.495345969094E+00  0.490265403772E+00
  0.486285557293E+00  0.445720648663E+00  0.464383522981E+00  0.496127006189E+00  0.443623519427E+00  0.486963956588E+00  0.497245800655E+00
  0.496058644718E+00  0.467732961393E+00  0.488211579388E+00  0.495097551278E+00
  0.999990335442E+00  0.102982730935E+01  0.999990797222E+00  0.104247144519E+01  0.101190167613E+01  0.102520600953E+01  0.999991453848E+00
  0.999992202332E+00  0.103891124272E+01  0.100826302705E+01  0.101252909219E+01  0.100300571845E+01  0.102702848665E+01  0.100605562865E+01
  0.100244399774E+01  0.100355656280E+01  0.999992753610E+00  0.103239691667E+01  0.100459561267E+01  0.100179353455E+01  0.100260307775E+01
  0.100234974224E+01  0.101657231252E+01  0.100617628259E+01  0.100168864675E+01  0.104043187424E+01  0.100303393289E+01  0.100118748788E+01
  0.100134189338E+01  0.100976788455E+01  0.100405369623E+01  0.100176128351E+01
  0.589609626840E-03  0.340831508681E-02  0.791814364197E-03  0.574390899089E-02  0.346406486979E-03  0.798187494366E-02  0.658756873483E-03
  0.398076854804E-03  0.815370446534E-02 -0.254370069395E-03  0.623779090068E-03 -0.957059220676E-03  0.832002469833E-03 -0.516931920777E-03
 -0.132134182714E-02 -0.127156653575E-02  0.721717092161E-03  0.854871643791E-02 -0.743490336464E-03 -0.488127559701E-02 -0.176750082381E-02
 -0.121735426744E-02  0.253911812945E-03 -0.770097250696E-03 -0.508140540043E-02  0.502422742901E-02 -0.969942611421E-03 -0.569374785943E-02
 -0.511278719995E-02 -0.667006184169E-03 -0.107842626906E-02 -0.482625613785E-02
  0.279227645622E-04  0.476660721628E-03  0.500696005419E-04  0.726495572001E-03 -0.580073118024E-06  0.119048119849E-02  0.609773138397E-04
  0.663303168105E-04  0.118944631229E-02 -0.112553074611E-03  0.560416335445E-04 -0.203332717900E-03  0.320555721120E-04 -0.151041606071E-03
 -0.259410733483E-03 -0.276876414231E-03  0.524023684463E-04  0.135353290874E-02 -0.146668529802E-03 -0.100455286692E-02 -0.352094172855E-03
 -0.233910706207E-03 -0.402910026278E-04 -0.141631881952E-03 -0.106457397364E-02  0.636495306870E-03 -0.190149913559E-03 -0.119619909416E-02
 -0.106947081183E-02 -0.153294915075E-03 -0.227932195092E-03 -0.100441797915E-02
  0.285309484376E-04  0.128828325256E-04  0.389438930025E-04  0.138592366518E-03  0.298654703414E-04  0.865726349316E-04  0.423596337295E-04
 -0.410054166928E-04  0.791518412403E-04 -0.146203748733E-05  0.523556437803E-04  0.433141374729E-04  0.610482283337E-04  0.176225702966E-04
  0.590266410865E-05 -0.715254448440E-06 -0.574876169150E-04 -0.770858258615E-04  0.362027160449E-04  0.128024707397E-07  0.141296913799E-04
  0.133892910598E-04  0.299859862433E-04  0.858954639877E-05  0.233796296146E-04 -0.260784993817E-04 -0.138484048546E-05  0.111488490361E-04
 -0.258594163093E-05 -0.298316079025E-05 -0.235543716648E-05  0.477355383704E-06
 -0.164929291217E-03 -0.130152668962E-03 -0.195225236380E-03  0.319892240766E-05  0.172356230370E-03  0.184043373726E-03 -0.113068456394E-03
 -0.148108014837E-03  0.420119046319E-04  0.189981785795E-03  0.378560233820E-03  0.223253152698E-03  0.480640120375E-03  0.189682422172E-03
  0.145176870788E-03  0.163172103663E-03 -0.129038422941E-03  0.205622914114E-03  0.279801487729E-03  0.650356534317E-04  0.145042498370E-03
  0.182943948643E-03  0.425524287271E-03  0.244654173407E-03  0.636328723789E-04  0.241033743184E-03  0.176492832330E-03  0.611382835689E-04
  0.754797067222E-04  0.297936196664E-03  0.182574487048E-03  0.743907300089E-04
 -0.466987846634E-03 -0.141025468028E-02 -0.759309961932E-03 -0.230735119826E-02 -0.150069585685E-03 -0.329765011560E-02 -0.376869576353E-04
  0.147528008862E-03 -0.334790415169E-02  0.976949098397E-04 -0.274276521326E-03  0.373629183457E-03 -0.348788699348E-03  0.201705211723E-03
  0.527491831056E-03  0.511382978312E-03 -0.191730849333E-03 -0.356748395830E-02  0.274265877462E-03  0.202687480650E-02  0.714246894580E-03
  0.482266739890E-03 -0.122529721234E-03  0.279376794236E-03  0.211351091624E-02 -0.203275864428E-02  0.378837144099E-03  0.237506173600E-02
  0.212765571329E-02  0.247565963228E-03  0.429715616832E-03  0.200325727944E-02
 -0.287478836102E-09 -0.373615434040E-09 -0.373724644462E-09 -0.990806643008E-09 -0.299869058952E-09 -0.806125253253E-09  0.175979521767E-09
  0.802293747960E-10  0.608600058056E-08 -0.246003701823E-09 -0.126489168397E-08 -0.529268016581E-09 -0.113597018510E-08 -0.347195078420E-09
 -0.117821238670E-09 -0.213779054080E-09 -0.483451602441E-10  0.213252709662E-08 -0.665383219790E-09 -0.295414173939E-10 -0.617234088747E-10
 -0.127208550903E-09 -0.568302462737E-09 -0.664977847441E-09  0.116193038527E-10 -0.944633747965E-09 -0.176807743465E-09  0.348029913586E-10
 -0.788560668833E-11 -0.520756795084E-09 -0.259958263961E-09 -0.551417085087E-10
        12        19        11        11
        11         5        12        12
        10        14         5         5
        19        13        11        11
        19        24        13        13
        30        23        24        24
        19        12        22        22
        28        22        21        21
        11        13         6         6
         7         6         9         9
        15        12        14        14
        18        13        23        23
        15        25        21        21
        27        19        22        22
        18         8         9         9
        27        31        24        24
         4        11         6         6
         5        14        12        12
         4         2         5         5
        21        12        15        15
        14        16        15        15
        24        19        27        27
        22        29        27        27
        23        26        18        18
        17         8        18        18
         5        11         4         4
         6         3         4         4
        26        23        30        30
         5         2        10        10
        16        14        10        10
         3         6         7         7
        21        25        28        28
        29        22        28        28
         6        13         9         9
         2         4         1         1
        31        27        32        32
        25        15        20        20
        24        23        13        13
         8         7         9         9
        13        18         9         9
        31        30        24        24
        12        21        22        22
        29        32        27        27
         3         1         4         4
        26        17        18        18
        16        20        15        15
zone t="boundary 2 bc-2", solutiontime= 0.6000000E+02, strandid=1002, i=33, j=48, f=feblock
  0.500000000000E+01  0.375000000000E+01  0.250000000000E+01  0.288078410721E+01  0.125000000000E+01  0.190974100652E+01  0.326683758169E+01
  0.201431602454E+01  0.000000000000E+00  0.963108083381E+00  0.500000000000E+01  0.403552511878E+01  0.423153924130E+01  0.500000000000E+01
  0.385533350601E+01  0.500000000000E+01  0.398173246726E+01  0.315249557942E+01  0.267000324704E+01  0.154774304040E+01  0.218329375016E+01
  0.893127759452E+00  0.000000000000E+00  0.698517061619E+00  0.964171764089E+00  0.310324758057E+01  0.000000000000E+00  0.000000000000E+00
  0.125000000000E+01  0.500000000000E+01  0.375000000000E+01  0.250000000000E+01  0.000000000000E+00
 -0.250000000000E+01 -0.250000000000E+01 -0.250000000000E+01 -0.250000000000E+01 -0.250000000000E+01 -0.250000000000E+01 -0.250000000000E+01
 -0.250000000000E+01 -0.250000000000E+01 -0.250000000000E+01 -0.250000000000E+01 -0.250000000000E+01 -0.250000000000E+01 -0.250000000000E+01
 -0.250000000000E+01 -0.250000000000E+01 -0.250000000000E+01 -0.250000000000E+01 -0.250000000000E+01 -0.250000000000E+01 -0.250000000000E+01
 -0.250000000000E+01 -0.250000000000E+01 -0.250000000000E+01 -0.250000000000E+01 -0.250000000000E+01 -0.250000000000E+01 -0.250000000000E+01
 -0.250000000000E+01 -0.250000000000E+01 -0.250000000000E+01 -0.250000000000E+01 -0.250000000000E+01
  0.000000000000E+00  0.000000000000E+00  0.000000000000E+00  0.904659890645E+00  0.000000000000E+00  0.717002441913E+00  0.188609243358E+01
  0.176246431481E+01  0.000000000000E+00  0.961328577125E+00  0.125000000000E+01  0.101201586758E+01  0.191586535653E+01  0.250000000000E+01
  0.293121848150E+01  0.375000000000E+01  0.406975391361E+01  0.363585050272E+01  0.285047954584E+01  0.292817774674E+01  0.395907379566E+01
  0.205246550326E+01  0.125000000000E+01  0.306828197606E+01  0.397245519226E+01  0.433168271247E+01  0.250000000000E+01  0.375000000000E+01
  0.500000000000E+01  0.500000000000E+01  0.500000000000E+01  0.500000000000E+01  0.500000000000E+01
  0.000000000000E+00  0.000000000000E+00  0.000000000000E+00  0.380991677071E+00  0.000000000000E+00  0.343629846333E+00  0.585283712637E+00
  0.579371274939E+00  0.000000000000E+00  0.501053781697E+00  0.508459764195E+00  0.435372705232E+00  0.572637650783E+00  0.537001621764E+00
  0.568921604272E+00  0.514994863512E+00  0.508249384174E+00  0.527254272376E+00  0.567446148296E+00  0.531657889979E+00  0.505982349932E+00
  0.520795557933E+00  0.443623519427E+00  0.490664279058E+00  0.492156105736E+00  0.501392667577E+00  0.467732961393E+00  0.488211579388E+00
  0.490002415326E+00  0.491354393416E+00  0.486078174930E+00  0.490037677861E+00  0.495097551278E+00
  0.999993511960E+00  0.999993715260E+00  0.999993570321E+00  0.989539101465E+00  0.999993167142E+00  0.985524838689E+00  0.989838839696E+00
  0.991798259717E+00  0.999992753610E+00  0.984411184056E+00  0.985091609572E+00  0.984689131748E+00  0.990058406085E+00  0.100289567776E+01
  0.999855182158E+00  0.100485299288E+01  0.100121572260E+01  0.100055639449E+01  0.997896752171E+00  0.100350023825E+01  0.100058089063E+01
  0.101093252220E+01  0.104043187424E+01  0.100326541074E+01  0.100254508116E+01  0.100045601675E+01  0.100976788455E+01  0.100405369623E+01
  0.100192661355E+01  0.100045469615E+01  0.100058772260E+01  0.100109988203E+01  0.100176128351E+01
 -0.350897066169E-03 -0.303322287652E-03 -0.325548153498E-03  0.259355298769E-02  0.439704619649E-03  0.141392160858E-01 -0.749167622969E-03
 -0.166637625941E-03  0.721717092161E-03  0.721749005451E-02 -0.102587098033E-02 -0.939534501794E-03 -0.809040663290E-03 -0.671336430369E-03
 -0.496990626154E-03 -0.446979767681E-03 -0.330118364251E-03 -0.388653988728E-03 -0.595274674920E-03 -0.780059761654E-03 -0.501578845908E-03
  0.227127203309E-03  0.502422742901E-02 -0.544184952721E-03 -0.918323264251E-03 -0.601616980290E-03 -0.667006184169E-03 -0.107842626906E-02
 -0.434745651376E-02 -0.521788092026E-03 -0.198696265617E-02 -0.381264257196E-02 -0.482625613785E-02
  0.864339355135E-04 -0.108223369930E-04  0.109991390744E-04  0.597668076962E-03 -0.102446296762E-03  0.190274829634E-02  0.293037672867E-04
 -0.800084080638E-04  0.524023684463E-04  0.942521760015E-03  0.224952923771E-03  0.358310906250E-04  0.105245839642E-03  0.172269148478E-03
  0.110651323596E-03  0.105185541494E-03  0.125327884193E-03  0.103154601455E-03  0.531616368314E-04 -0.613908882134E-04  0.443997863892E-04
 -0.631988560201E-04  0.636495306870E-03 -0.323314321398E-04 -0.103866524917E-03  0.612033835207E-04 -0.153294915075E-03 -0.227932195092E-03
 -0.782682633663E-03  0.258242692966E-04 -0.199538228024E-03 -0.593864458119E-03 -0.100441797915E-02
 -0.237480976260E-04  0.977440800414E-05  0.379491600064E-04  0.942357962852E-04  0.172499150429E-04  0.193274396937E-03 -0.393424798820E-05
  0.615335039655E-05 -0.574876169150E-04  0.985628004953E-04 -0.187691626402E-04 -0.361816354204E-04 -0.461409371459E-06  0.138576007496E-05
  0.416110755763E-06 -0.210886339749E-05  0.258669867229E-06 -0.193267888465E-05  0.911404736075E-06  0.487903789296E-05 -0.276474048645E-05
  0.962970415085E-05 -0.260784993817E-04  0.770111586129E-07 -0.926454459179E-06 -0.983517925435E-06 -0.298316079025E-05 -0.235543716648E-05
 -0.429013357746E-06 -0.485324384768E-06 -0.623218925540E-07  0.383515214887E-06  0.477355383704E-06
 -0.375879647341E-04 -0.190862672842E-04 -0.457288382074E-04  0.195303512962E-03 -0.136286395435E-03  0.107835051048E-03  0.223084679113E-03
  0.357513743273E-03 -0.129038422941E-03  0.236376901439E-03  0.464838679286E-04  0.131896260568E-03  0.974241509365E-04  0.454770684158E-04
  0.998060256589E-04  0.361871560990E-04  0.950702636565E-04  0.138177210115E-03  0.167536971865E-03  0.175447132913E-03  0.159778362086E-03
  0.317847310193E-03  0.241033743184E-03  0.193241185099E-03  0.162313109454E-03  0.136043926945E-03  0.297936196664E-03  0.182574487048E-03
  0.104846232438E-03  0.555149186483E-04  0.120263019531E-03  0.130423418370E-03  0.743907300089E-04
  0.120222921270E-03  0.199831600336E-03  0.542340588592E-03 -0.125572701826E-02  0.106185525299E-02 -0.611372354728E-02  0.207418596564E-03
  0.473277168107E-04 -0.191730849333E-03 -0.302020529481E-02  0.223883299020E-03  0.261874988973E-03  0.205065543728E-03  0.128352448459E-03
  0.990817478576E-04  0.901642673129E-04  0.457094698002E-04  0.723732100631E-04  0.155116668336E-03  0.264711071271E-03  0.134770733067E-03
 -0.970017313416E-04 -0.203275864428E-02  0.175581651441E-03  0.334463098620E-03  0.164648468029E-03  0.247565963228E-03  0.429715616832E-03
  0.176659172413E-02  0.157848356289E-03  0.745681089042E-03  0.151636966779E-02  0.200325727944E-02
 -0.341891150959E-12 -0.359165682814E-11 -0.437183100139E-11 -0.231751976341E-09 -0.181244609201E-10 -0.573956027444E-09 -0.123667321827E-09
 -0.127973044910E-08 -0.483451602441E-10 -0.113979234218E-08 -0.422332027631E-10 -0.110727337969E-09  0.642245762218E-10  0.416402578123E-10
  0.494002781210E-11 -0.166515354773E-10 -0.267002142571E-10 -0.490030643177E-10 -0.887657592534E-10 -0.273500919959E-09 -0.917343823945E-10
 -0.110910035164E-08 -0.944633747965E-09 -0.403973293787E-09 -0.117458940957E-09 -0.535476504312E-10 -0.520756795084E-09 -0.259958263961E-09
 -0.123747219022E-09 -0.149334075825E-11 -0.286844607563E-10 -0.100379806937E-09 -0.551417085087E-10
        15         7        19        19
         8        20        19        19
        18        19        21        21
         7         4         8         8
         3         6         4         4
        19         7         8         8
        19        18        15        15
        14        13        15        15
         8        22        20        20
        27        24        22        22
        19        20        21        21
        32        26        21        21
        17        18        26        26
        17        16        15        15
        25        29        21        21
        12         7        13        13
        10         8         6         6
        25        20        24        24
         4         6         8         8
        12         2         4         4
        10        23        22        22
        26        31        17        17
        30        16        17        17
         4         7        12        12
        13        11        12        12
        21        20        25        25
        24        28        25        25
        22         8        10        10
         6         5        10        10
        31        26        32        32
         4         2         3         3
         5         6         3         3
        11        13        14        14
        22        23        27        27
        28        24        27        27
        15        13         7         7
         2        12         1         1
        29        25        33        33
        23        10         9         9
        21        26        18        18
        16        14        15        15
        18        17        15        15
        29        32        21        21
        22        24        20        20
        28        33        25        25
        11         1        12        12
        31        30        17        17
         5         9        10        10
zone t="boundary 3 bc-3", solutiontime= 0.6000000E+02, strandid=1003, i=33, j=48, f=feblock
  0.375000000000E+01  0.250000000000E+01  0.500000000000E+01  0.403552511878E+01  0.288078410721E+01  0.125000000000E+01  0.190974100652E+01
  0.500000000000E+01  0.326683758169E+01  0.423153924130E+01  0.201431602454E+01  0.000000000000E+00  0.963108083381E+00  0.500000000000E+01
  0.267000324704E+01  0.385533350601E+01  0.893127759452E+00  0.154774304040E+01  0.000000000000E+00  0.500000000000E+01  0.315249557942E+01
  0.218329375016E+01  0.398173246726E+01  0.000000000000E+00  0.698517061619E+00  0.964171764089E+00  0.125000000000E+01  0.000000000000E+00
  0.500000000000E+01  0.310324758057E+01  0.250000000000E+01  0.375000000000E+01  0.000000000000E+00
  0.250000000000E+01  0.250000000000E+01  0.250000000000E+01  0.250000000000E+01  0.250000000000E+01  0.250000000000E+01  0.250000000000E+01
  0.250000000000E+01  0.250000000000E+01  0.250000000000E+01  0.250000000000E+01  0.250000000000E+01  0.250000000000E+01  0.250000000000E+01
  0.250000000000E+01  0.250000000000E+01  0.250000000000E+01  0.250000000000E+01  0.250000000000E+01  0.250000000000E+01  0.250000000000E+01
  0.250000000000E+01  0.250000000000E+01  0.250000000000E+01  0.250000000000E+01  0.250000000000E+01  0.250000000000E+01  0.250000000000E+01
  0.250000000000E+01  0.250000000000E+01  0.250000000000E+01  0.250000000000E+01  0.250000000000E+01
  0.000000000000E+00  0.000000000000E+00  0.000000000000E+00  0.101201586758E+01  0.904659890645E+00  0.000000000000E+00  0.717002441913E+00
  0.125000000000E+01  0.188609243358E+01  0.191586535653E+01  0.176246431481E+01  0.000000000000E+00  0.961328577125E+00  0.250000000000E+01
  0.285047954584E+01  0.293121848150E+01  0.205246550326E+01  0.292817774674E+01  0.125000000000E+01  0.375000000000E+01  0.363585050272E+01
  0.395907379566E+01  0.406975391361E+01  0.250000000000E+01  0.306828197606E+01  0.397245519226E+01  0.500000000000E+01  0.375000000000E+01
  0.500000000000E+01  0.433168271247E+01  0.500000000000E+01  0.500000000000E+01  0.500000000000E+01
  0.000000000000E+00  0.000000000000E+00  0.000000000000E+00  0.443768049813E+00  0.402287063289E+00  0.000000000000E+00  0.377550015530E+00
  0.509231651017E+00  0.575830373842E+00  0.573705119893E+00  0.562552484917E+00  0.000000000000E+00  0.490560996922E+00  0.534526640478E+00
  0.556587161529E+00  0.564391003890E+00  0.522730520214E+00  0.522053035057E+00  0.441238864710E+00  0.517182885172E+00  0.524230081365E+00
  0.503688666615E+00  0.509490322369E+00  0.469815278546E+00  0.495614921017E+00  0.494483812152E+00  0.488562139423E+00  0.488960767301E+00
  0.492982637025E+00  0.499007441401E+00  0.486462299176E+00  0.484599832491E+00  0.495345969094E+00
  0.999989380190E+00  0.999989451040E+00  0.999989665041E+00  0.981541820811E+00  0.988773959065E+00  0.999989868921E+00  0.982469495615E+00
  0.984104107106E+00  0.990427340160E+00  0.990355127069E+00  0.994362617112E+00  0.999990335442E+00  0.988651707786E+00  0.100368299998E+01
  0.999769041194E+00  0.100118460274E+01  0.100834871539E+01  0.100252122579E+01  0.102982730935E+01  0.100443305346E+01  0.100199527495E+01
  0.100082072308E+01  0.100138208455E+01  0.100826302705E+01  0.100298818591E+01  0.100192398684E+01  0.100215265586E+01  0.100355656280E+01
  0.100047708080E+01  0.100056610141E+01  0.100126814609E+01  0.100066576236E+01  0.100179353455E+01
 -0.224286309327E-03  0.188908906712E-03 -0.382210929794E-03  0.159225826140E-02  0.761055451855E-02  0.423925219802E-03  0.694016309119E-02
 -0.129340191858E-02 -0.754901260776E-03 -0.836768920084E-03  0.117408044819E-02  0.589609626840E-03  0.457450397858E-02 -0.654980174368E-03
 -0.737524699134E-03 -0.535495058844E-03  0.884245689427E-04 -0.721006808182E-03  0.340831508681E-02 -0.450626029996E-03 -0.327425087923E-03
 -0.442682387456E-03 -0.344858179593E-03 -0.254370069395E-03 -0.587810053341E-03 -0.118491294158E-02 -0.367688992511E-02 -0.127156653575E-02
 -0.429836085557E-03 -0.527440286737E-03 -0.344122169922E-02 -0.186771385693E-02 -0.488127559701E-02
 -0.564647327329E-04 -0.638693149284E-04  0.925710421609E-04  0.472324182427E-03  0.981889282789E-03 -0.704496038795E-04  0.715131259606E-03
  0.223799099015E-03 -0.268568315254E-04  0.116373012995E-03 -0.358906472322E-04  0.279227645622E-04  0.319295438183E-03  0.171076692824E-03
 -0.103763809711E-04  0.890182823960E-04 -0.160737300862E-03 -0.817356268763E-04  0.476660721628E-03  0.110415696261E-03  0.955763504359E-04
  0.495439656090E-04  0.111781473636E-03 -0.112553074611E-03 -0.134122572090E-03 -0.153616273809E-03 -0.652434572697E-03 -0.276876414231E-03
  0.391470464695E-04  0.608648389599E-04 -0.532075376704E-03 -0.185604292283E-03 -0.100455286692E-02
 -0.109320822356E-04  0.804437559500E-06  0.156102497073E-04 -0.206702811662E-04 -0.967895945073E-04  0.239970412776E-04  0.413588527199E-05
  0.153217728198E-05 -0.122861833306E-04  0.319889894706E-05 -0.100639447779E-04  0.285309484376E-04  0.363031589389E-04  0.507255852495E-05
 -0.258488435172E-06  0.122640520497E-05 -0.152714259069E-04 -0.782332182902E-05  0.128828325256E-04  0.268315338899E-05  0.554863002956E-06
  0.631578638870E-05  0.277428214593E-06 -0.146203748733E-05 -0.396819368441E-05  0.221970666198E-05  0.183616874822E-05 -0.715254448440E-06
  0.863185188627E-06  0.501083925234E-07  0.517277470956E-06 -0.189451337558E-06  0.128024707397E-07
 -0.562100648658E-04 -0.107410215735E-03 -0.330314300600E-04  0.840866121245E-04  0.125228254448E-03 -0.919823573694E-04  0.447161016637E-05
  0.437123910372E-04  0.244008526154E-03  0.121291448886E-03  0.336323854962E-03 -0.164929291217E-03  0.719180843189E-04  0.512952785290E-04
  0.129680595430E-03  0.112135686762E-03  0.259070552736E-03  0.133033498805E-03 -0.130152668962E-03  0.466794380805E-04  0.129350956293E-03
  0.133219529922E-03  0.100164964859E-03  0.189981785795E-03  0.183469625833E-03  0.133787638039E-03  0.103242957234E-03  0.163172103663E-03
  0.505375136205E-04  0.129245217988E-03  0.126130391426E-03  0.115347703547E-03  0.650356534317E-04
  0.931647318443E-03  0.284833659420E-03  0.167836251999E-03 -0.863132466533E-03 -0.328931949391E-02 -0.369605823821E-05 -0.286817935375E-02
  0.321851618190E-03  0.240538597388E-03  0.214035829802E-03 -0.451292177148E-03 -0.466987846634E-03 -0.180329345612E-02  0.123494595515E-03
  0.232270721563E-03  0.121292307599E-03 -0.235904415733E-04  0.251498216092E-03 -0.141025468028E-02  0.884335420106E-04  0.537917656037E-04
  0.113783728895E-03  0.563749699784E-04  0.976949098397E-04  0.213656159150E-03  0.446731391421E-03  0.148649003382E-02  0.511382978312E-03
  0.121793459800E-03  0.139755109139E-03  0.136509445546E-02  0.699152760450E-03  0.202687480650E-02
 -0.356168200434E-11 -0.111758259991E-10 -0.120650264412E-11 -0.116870678642E-09 -0.186001536732E-09 -0.721071409629E-10 -0.137250059860E-08
 -0.219740924753E-10 -0.336935748800E-09  0.112148669561E-09 -0.116131706187E-08 -0.287478836102E-09 -0.150298558924E-08  0.299606162113E-10
 -0.732310879963E-10  0.220493688581E-10 -0.620901287138E-09 -0.247100475224E-09 -0.373615434040E-09 -0.156442029915E-10 -0.761047436304E-11
 -0.396601378314E-10 -0.170174399157E-10 -0.246003701823E-09 -0.328932295930E-09 -0.808346576135E-10 -0.480786647527E-10 -0.213779054080E-09
 -0.388952332034E-11 -0.193304333292E-10 -0.331382982141E-10 -0.557206149543E-11 -0.295414173939E-10
        15         9        16        16
        15        18        11        11
        22        15        21        21
        11         5         9         9
         5         7         2         2
        11         9        15        15
        16        21        15        15
        16        10        14        14
        18        17        11        11
        17        25        24        24
        22        18        15        15
        22        30        31        31
        30        21        23        23
        16        20        23        23
        22        27        26        26
        10         9         4         4
         7        11        13        13
        25        18        26        26
        11         7         5         5
         5         1         4         4
        17        19        13        13
        23        32        30        30
        23        20        29        29
         4         9         5         5
         4         8        10        10
        26        18        22        22
        26        28        25        25
        13        11        17        17
        13         6         7         7
        31        30        32        32
         2         1         5         5
         2         7         6         6
        14        10         8         8
        24        19        17        17
        24        25        28        28
         9        10        16        16
         3         4         1         1
        33        26        27        27
        12        13        19        19
        21        30        22        22
        16        14        20        20
        16        23        21        21
        22        31        27        27
        18        25        17        17
        26        33        28        28
         4         3         8         8
        23        29        32        32
        13        12         6         6
zone t="boundary 4 bc-4", solutiontime= 0.6000000E+02, strandid=1004, i=32, j=46, f=feblock
  0.125000000000E+01  0.219251206392E+01  0.103724302461E+01  0.500000000000E+01  0.250000000000E+01  0.375000000000E+01  0.404200324774E+01
  0.500000000000E+01  0.000000000000E+00  0.310152362409E+01  0.202479342020E+01  0.324151231464E+01  0.922061490191E+00  0.000000000000E+00
  0.299062775774E+01  0.394624082883E+01  0.500000000000E+01  0.409252726285E+01  0.500000000000E+01  0.429310310915E+01  0.175434191980E+01
  0.284428995242E+01  0.000000000000E+00  0.000000000000E+00  0.715990576545E+00  0.930412228790E+00  0.125000000000E+01  0.187029682677E+01
  0.500000000000E+01  0.375000000000E+01  0.250000000000E+01  0.000000000000E+00
  0.250000000000E+01  0.157686156160E+01  0.146289271009E+01  0.250000000000E+01  0.250000000000E+01  0.250000000000E+01  0.155830813274E+01
  0.125000000000E+01  0.250000000000E+01  0.177790177481E+01  0.477386199275E+00  0.742988685424E+00  0.308372018325E+00  0.125000000000E+01
 -0.487811078581E+00 -0.144524380962E+01 -0.125000000000E+01 -0.345533899378E+00  0.000000000000E+00  0.627766083140E+00 -0.739814786992E+00
 -0.158811787973E+01  0.000000000000E+00 -0.125000000000E+01 -0.600232012419E+00 -0.154800130438E+01 -0.250000000000E+01 -0.178862290564E+01
 -0.250000000000E+01 -0.250000000000E+01 -0.250000000000E+01 -0.250000000000E+01
  0.500000000000E+01  0.500000000000E+01  0.500000000000E+01  0.500000000000E+01  0.500000000000E+01  0.500000000000E+01  0.500000000000E+01
  0.500000000000E+01  0.500000000000E+01  0.500000000000E+01  0.500000000000E+01  0.500000000000E+01  0.500000000000E+01  0.500000000000E+01
  0.500000000000E+01  0.500000000000E+01  0.500000000000E+01  0.500000000000E+01  0.500000000000E+01  0.500000000000E+01  0.500000000000E+01
  0.500000000000E+01  0.500000000000E+01  0.500000000000E+01  0.500000000000E+01  0.500000000000E+01  0.500000000000E+01  0.500000000000E+01
  0.500000000000E+01  0.500000000000E+01  0.500000000000E+01  0.500000000000E+01
  0.488562139423E+00  0.488874000561E+00  0.490562525969E+00  0.492982637025E+00  0.486462299176E+00  0.484599832491E+00  0.485351056328E+00
  0.494165297986E+00  0.495345969094E+00  0.486530385273E+00  0.487820868640E+00  0.487071567783E+00  0.494045245745E+00  0.496127006189E+00
  0.487614575024E+00  0.483222914968E+00  0.492397284427E+00  0.487217595138E+00  0.494740878675E+00  0.487962223365E+00  0.489677418309E+00
  0.488030812357E+00  0.497245800655E+00  0.496058644718E+00  0.494950398327E+00  0.492799795685E+00  0.490002415326E+00  0.490005393925E+00
  0.491354393416E+00  0.486078174930E+00  0.490037677861E+00  0.495097551278E+00
  0.100215265586E+01  0.100152650955E+01  0.100178350432E+01  0.100047708080E+01  0.100126814609E+01  0.100066576236E+01  0.100025373712E+01
  0.100050439023E+01  0.100179353455E+01  0.100112362362E+01  0.100133048087E+01  0.100072434148E+01  0.100164373443E+01  0.100168864675E+01
  0.100096273085E+01  0.100000888234E+01  0.100082904662E+01  0.100022284689E+01  0.100062196846E+01  0.100023523420E+01  0.100174639175E+01
  0.100098850056E+01  0.100118748788E+01  0.100134189338E+01  0.100132651061E+01  0.100179882340E+01  0.100192661355E+01  0.100163748303E+01
  0.100045469615E+01  0.100058772260E+01  0.100109988203E+01  0.100176128351E+01
 -0.367688992511E-02 -0.358298188975E-02 -0.368537438092E-02 -0.429836085557E-03 -0.344122169922E-02 -0.186771385693E-02 -0.130272023473E-02
 -0.428995297414E-03 -0.488127559701E-02 -0.286479883149E-02 -0.389907467590E-02 -0.272580207961E-02 -0.455624836059E-02 -0.508140540043E-02
 -0.311991911970E-02 -0.130253837925E-02 -0.504453147881E-03 -0.163654530071E-02 -0.406909913953E-03 -0.161288888040E-02 -0.488870486216E-02
 -0.297645639471E-02 -0.569374785943E-02 -0.511278719995E-02 -0.533372588680E-02 -0.433095728433E-02 -0.434745651376E-02 -0.458828128260E-02
 -0.521788092026E-03 -0.198696265617E-02 -0.381264257196E-02 -0.482625613785E-02
 -0.652434572697E-03 -0.581184338798E-03 -0.663003864113E-03  0.391470464695E-04 -0.532075376704E-03 -0.185604292283E-03 -0.829958975616E-04
  0.301433485413E-04 -0.100455286692E-02 -0.391913106620E-03 -0.639481796475E-03 -0.358884592034E-03 -0.831752518390E-03 -0.106457397364E-02
 -0.438668069741E-03 -0.794053950853E-04  0.320492670483E-04 -0.143766262832E-03  0.315435558622E-04 -0.143388852665E-03 -0.845230662801E-03
 -0.407752555790E-03 -0.119619909416E-02 -0.106947081183E-02 -0.101291495169E-02 -0.803690584748E-03 -0.782682633663E-03 -0.782163252550E-03
  0.258242692966E-04 -0.199538228024E-03 -0.593864458119E-03 -0.100441797915E-02
  0.183616874822E-05  0.116081338743E-04  0.148490240868E-04  0.863185188627E-06  0.517277470956E-06 -0.189451337558E-06  0.305207890153E-05
 -0.251145122700E-05  0.128024707397E-07  0.558552243245E-05  0.168437057086E-04  0.690415027162E-05  0.212321814558E-04  0.233796296146E-04
  0.106080943059E-05 -0.420830414236E-05 -0.208600664265E-05 -0.542484373975E-05 -0.424179999128E-07 -0.630619491576E-06  0.366954347951E-05
 -0.105025713716E-05  0.111488490361E-04 -0.258594163093E-05  0.411748255951E-05 -0.650875600785E-05 -0.429013357746E-06 -0.797649670185E-05
 -0.485324384768E-06 -0.623218925540E-07  0.383515214887E-06  0.477355383704E-06
  0.103242957234E-03  0.125246148005E-03  0.993372366095E-04  0.505375136205E-04  0.126130391426E-03  0.115347703547E-03  0.104858155047E-03
  0.459108194149E-04  0.650356534317E-04  0.128926211747E-03  0.123007967751E-03  0.131513019389E-03  0.975087629248E-04  0.636328723789E-04
  0.132260822133E-03  0.109744981782E-03  0.527809043838E-04  0.108976356045E-03  0.441795005835E-04  0.985068975842E-04  0.119158917116E-03
  0.135373709761E-03  0.611382835689E-04  0.754797067222E-04  0.845234464174E-04  0.996055197226E-04  0.104846232438E-03  0.118624989205E-03
  0.555149186483E-04  0.120263019531E-03  0.130423418370E-03  0.743907300089E-04
  0.148649003382E-02  0.142904591978E-02  0.149557590697E-02  0.121793459800E-03  0.136509445546E-02  0.699152760450E-03  0.465903552853E-03
  0.125538562193E-03  0.202687480650E-02  0.111697894218E-02  0.156102990717E-02  0.105788904982E-02  0.185948100905E-02  0.211351091624E-02
  0.122255337140E-02  0.463951388415E-03  0.149556606664E-03  0.604854275624E-03  0.117460781917E-03  0.599122320190E-03  0.197679955624E-02
  0.116095139102E-02  0.237506173600E-02  0.212765571329E-02  0.219410542220E-02  0.176841004371E-02  0.176659172413E-02  0.185122983483E-02
  0.157848356289E-03  0.745681089042E-03  0.151636966779E-02  0.200325727944E-02
 -0.480786647527E-10 -0.181870179900E-10 -0.211527357176E-10 -0.388952332034E-11 -0.331382982141E-10 -0.557206149543E-11  0.105951446711E-10
  0.218170967278E-11 -0.295414173939E-10 -0.394637523250E-11 -0.268107248638E-10  0.252025550532E-10 -0.176623308320E-11  0.116193038527E-10
 -0.209245219087E-10 -0.204451796295E-10 -0.384995558906E-11  0.156711563594E-10  0.534113863433E-11  0.281770120816E-10 -0.834321079824E-10
 -0.805639688446E-10  0.348029913586E-10 -0.788560668833E-11  0.252323228729E-10 -0.688429833645E-10 -0.123747219022E-09 -0.139052582238E-09
 -0.149334075825E-11 -0.286844607563E-10 -0.100379806937E-09 -0.551417085087E-10
        12        15        11        11
        11         2        12        12
         5        10         2         2
        15        21        11        11
        15        22        21        21
        31        28        22        22
        15        12        18        18
        19        18        20        20
        11        21        13        13
        23        13        25        25
         7        12        10        10
        26        21        28        28
         7         8        20        20
        16        15        18        18
        26        24        25        25
        16        30        22        22
         3        11        13        13
         2        10        12        12
         3         1         2         2
        20        12         7         7
        10         6         7         7
        22        15        16        16
        18        17        16        16
        28        27        26        26
        32        24        26        26
         2        11         3         3
        13        14         3         3
        27        28        31        31
         2         1         5         5
         6        10         5         5
        14        13        23        23
        20         8        19        19
        17        18        19        19
        13        21        25        25
         1         3         9         9
        30        16        29        29
         8         7         4         4
        22        28        21        21
        24        23        25        25
        21        26        25        25
        30        31        22        22
        12        20        18        18
        17        29        16        16
        14         9         3         3
        27        32        26        26
         6         4         7         7
zone t="boundary 5 bc-5", solutiontime= 0.6000000E+02, strandid=1005, i=33, j=48, f=feblock
  0.500000000000E+01  0.500000000000E+01  0.500000000000E+01  0.500000000000E+01  0.500000000000E+01  0.500000000000E+01  0.500000000000E+01
  0.500000000000E+01  0.500000000000E+01  0.500000000000E+01  0.500000000000E+01  0.500000000000E+01  0.500000000000E+01  0.500000000000E+01
  0.500000000000E+01  0.500000000000E+01  0.500000000000E+01  0.500000000000E+01  0.500000000000E+01  0.500000000000E+01  0.500000000000E+01
  0.500000000000E+01  0.500000000000E+01  0.500000000000E+01  0.500000000000E+01  0.500000000000E+01  0.500000000000E+01  0.500000000000E+01
  0.500000000000E+01  0.500000000000E+01  0.500000000000E+01  0.500000000000E+01  0.500000000000E+01
  0.250000000000E+01  0.125000000000E+01  0.250000000000E+01  0.157899473280E+01  0.000000000000E+00  0.659350882208E+00  0.250000000000E+01
  0.173899611320E+01  0.825621401394E+00  0.132549389334E+01 -0.125000000000E+01 -0.322732261638E+00  0.250000000000E+01  0.490615021923E-01
 -0.873141960959E+00  0.350800286361E+00  0.145332269920E+01 -0.250000000000E+01 -0.147959633950E+01  0.250000000000E+01 -0.857924212153E+00
 -0.165007033378E+01  0.518568023061E+00 -0.461282870254E+00  0.125000000000E+01 -0.250000000000E+01 -0.183684615440E+01 -0.158398995423E+01
 -0.250000000000E+01 -0.250000000000E+01 -0.125000000000E+01  0.000000000000E+00 -0.250000000000E+01
  0.000000000000E+00  0.000000000000E+00  0.125000000000E+01  0.905837536509E+00  0.000000000000E+00  0.735450417037E+00  0.250000000000E+01
  0.182727219356E+01  0.162230260845E+01  0.280856328277E+01  0.000000000000E+00  0.109945440014E+01  0.375000000000E+01  0.227317933631E+01
  0.189599568386E+01  0.342819755379E+01  0.403384942830E+01  0.000000000000E+00  0.104050588738E+01  0.500000000000E+01  0.297954017413E+01
  0.214587157439E+01  0.430969386006E+01  0.408642231822E+01  0.500000000000E+01  0.125000000000E+01  0.304506426164E+01  0.398205049073E+01
  0.250000000000E+01  0.375000000000E+01  0.500000000000E+01  0.500000000000E+01  0.500000000000E+01
  0.000000000000E+00  0.000000000000E+00  0.509231651017E+00  0.472098660396E+00  0.000000000000E+00  0.480805603697E+00  0.534526640478E+00
  0.535828440334E+00  0.535478265955E+00  0.540785509946E+00  0.000000000000E+00  0.510355985123E+00  0.517182885172E+00  0.539186899467E+00
  0.542978945344E+00  0.529277295987E+00  0.511037681933E+00  0.000000000000E+00  0.495604512708E+00  0.492982637025E+00  0.531173286457E+00
  0.533777938965E+00  0.505621993934E+00  0.512004958312E+00  0.494165297986E+00  0.508459764195E+00  0.529554163546E+00  0.511911907371E+00
  0.537001621764E+00  0.514994863512E+00  0.492397284427E+00  0.494740878675E+00  0.491354393416E+00
  0.999989665041E+00  0.999990314978E+00  0.984104107106E+00  0.976444065643E+00  0.999991520367E+00  0.959042409169E+00  0.100368299998E+01
  0.994429033358E+00  0.991216031156E+00  0.100355134699E+01  0.999992846899E+00  0.971537364772E+00  0.100443305346E+01  0.100528455762E+01
  0.997216104922E+00  0.100662902149E+01  0.100305335378E+01  0.999993511960E+00  0.973515828385E+00  0.100047708080E+01  0.100763800039E+01
  0.100128566133E+01  0.100314070134E+01  0.100383228369E+01  0.100050439023E+01  0.985091609572E+00  0.100596500390E+01  0.100387955250E+01
  0.100289567776E+01  0.100485299288E+01  0.100082904662E+01  0.100062196846E+01  0.100045469615E+01
 -0.382210929794E-03 -0.357707769434E-03 -0.129340191858E-02 -0.163953563425E-02 -0.516031912960E-03 -0.476269894334E-03 -0.654980174368E-03
 -0.875511822196E-03 -0.989647649312E-03 -0.577146910413E-03 -0.335839698316E-03 -0.701442533775E-03 -0.450626029996E-03 -0.719989292624E-03
 -0.785217938191E-03 -0.477134483353E-03 -0.363648872037E-03 -0.350897066169E-03 -0.380964939413E-03 -0.429836085557E-03 -0.572357513132E-03
 -0.774004732142E-03 -0.294697707897E-03 -0.328482580660E-03 -0.428995297414E-03 -0.102587098033E-02 -0.559528326230E-03 -0.365030061049E-03
 -0.671336430369E-03 -0.446979767681E-03 -0.504453147881E-03 -0.406909913953E-03 -0.521788092026E-03
  0.925710421609E-04  0.978734017304E-04  0.223799099015E-03  0.220762503847E-03  0.159191730508E-03  0.642417138180E-03  0.171076692824E-03
  0.226292648806E-03  0.254228037521E-03  0.158306060007E-03  0.117520698711E-03  0.482860349411E-03  0.110415696261E-03  0.185159691426E-03
  0.220844743508E-03  0.132590754787E-03  0.109670937687E-03  0.864339355135E-04  0.480614262389E-03  0.391470464695E-04  0.148424987997E-03
  0.199229338669E-03  0.978474415204E-04  0.115691693999E-03  0.301433485413E-04  0.224952923771E-03  0.138628375338E-03  0.116040915788E-03
  0.172269148478E-03  0.105185541494E-03  0.320492670483E-04  0.315435558622E-04  0.258242692966E-04
  0.156102497073E-04  0.321432319893E-04  0.153217728198E-05  0.713276631671E-04 -0.285398652146E-04  0.629348869408E-04  0.507255852495E-05
  0.252822969174E-04  0.240426668146E-04  0.531200682984E-05 -0.246786873155E-04 -0.661527040326E-04  0.268315338899E-05 -0.811377344369E-05
 -0.211374176829E-04  0.495153789504E-05  0.140578213701E-05 -0.237480976260E-04 -0.495725591537E-04  0.863185188627E-06 -0.612639659083E-05
 -0.206768686878E-04  0.494280714608E-06  0.256255302606E-06 -0.251145122700E-05 -0.187691626402E-04 -0.128730834747E-05 -0.480122648388E-05
  0.138576007496E-05 -0.210886339749E-05 -0.208600664265E-05 -0.424179999128E-07 -0.485324384768E-06
 -0.330314300600E-04 -0.598257873499E-04  0.437123910372E-04  0.293177001875E-04 -0.819371230365E-04 -0.496385654385E-04  0.512952785290E-04
  0.657499541390E-04  0.133157474762E-03  0.579815042076E-04 -0.599251344836E-04  0.241675174110E-04  0.466794380805E-04  0.613989327119E-04
  0.948697082465E-04  0.347600426891E-04  0.493400280815E-04 -0.375879647341E-04 -0.421739563081E-04  0.505375136205E-04  0.364516991723E-04
  0.670909763670E-04  0.351041529587E-04  0.422052264925E-04  0.459108194149E-04  0.464838679286E-04  0.314579530332E-04  0.400198821657E-04
  0.454770684158E-04  0.361871560990E-04  0.527809043838E-04  0.441795005835E-04  0.555149186483E-04
  0.167836251999E-03  0.632689175739E-03  0.321851618190E-03  0.450896238302E-03  0.697567972367E-03 -0.194058423918E-03  0.123494595515E-03
  0.170890210006E-03  0.201166968347E-03  0.104710328107E-03  0.687080791610E-03 -0.342130891644E-04  0.884335420106E-04  0.134820414774E-03
  0.141982567241E-03  0.863235249301E-04  0.631239602976E-04  0.120222921270E-03 -0.135650613887E-03  0.121793459800E-03  0.107526593520E-03
  0.148165664732E-03  0.461756408761E-04  0.492869331555E-04  0.125538562193E-03  0.223883299020E-03  0.108381353783E-03  0.615537535243E-04
  0.128352448459E-03  0.901642673129E-04  0.149556606664E-03  0.117460781917E-03  0.157848356289E-03
 -0.120650264412E-11 -0.742680057307E-12 -0.219740924753E-10 -0.409934297892E-10  0.505641595540E-14 -0.117454784696E-09  0.299606162113E-10
  0.125042325421E-09 -0.266179569832E-10  0.305798601852E-10 -0.204328227486E-14 -0.549374998252E-10 -0.156442029915E-10  0.541271746790E-10
 -0.198854252950E-10 -0.967591504121E-11 -0.130879629348E-10 -0.341891150959E-12 -0.114159847101E-09 -0.388952332034E-11  0.181153107160E-10
  0.235955466906E-10 -0.113411961492E-10 -0.131712447163E-10  0.218170967278E-11 -0.422332027631E-10  0.129087808101E-10 -0.978744156703E-11
  0.416402578123E-10 -0.166515354773E-10 -0.384995558906E-11  0.534113863433E-11 -0.149334075825E-11
        12        15        14        14
        21        16        14        14
         9        14        10        10
        15        22        21        21
        29        27        22        22
        14        16        10        10
         7         8        10        10
        14        15        21        21
        14         9        12        12
         5        12         6         6
        21        24        16        16
        32        23        24        24
        28        21        27        27
        17        16        23        23
        28        31        24        24
        19        15        12        12
         4         2         6         6
         4         9         8         8
        10         8         9         9
        17        13        10        10
        19        26        22        22
        10        16        17        17
        23        25        17        17
        22        15        19        19
        12        11        19        19
        27        30        28        28
        33        31        28        28
         6         9         4         4
         8         3         4         4
        25        23        32        32
        10        13         7         7
         3         8         7         7
        30        27        29        29
         6         2         5         5
        11        12         5         5
        24        23        16        16
        13        17        20        20
        26        19        18        18
         2         4         1         1
        22        27        21        21
        31        32        24        24
        21        28        24        24
        26        29        22        22
         9         6        12        12
        11        18        19        19
        25        20        17        17
        30        33        28        28
         3         1         4         4
zone t="boundary 6 bc-6", solutiontime= 0.6000000E+02, strandid=1006, i=33, j=48, f=feblock
  0.375000000000E+01  0.250000000000E+01  0.500000000000E+01  0.403384942830E+01  0.280856328277E+01  0.125000000000E+01  0.182727219356E+01
  0.500000000000E+01  0.430969386006E+01  0.342819755379E+01  0.227317933631E+01  0.162230260845E+01  0.000000000000E+00  0.905837536509E+00
  0.500000000000E+01  0.408642231822E+01  0.297954017413E+01  0.189599568386E+01  0.109945440014E+01  0.735450417037E+00  0.000000000000E+00
  0.500000000000E+01  0.398205049073E+01  0.304506426164E+01  0.214587157439E+01  0.104050588738E+01  0.000000000000E+00  0.000000000000E+00
  0.500000000000E+01  0.375000000000E+01  0.250000000000E+01  0.125000000000E+01  0.000000000000E+00
  0.250000000000E+01  0.250000000000E+01  0.250000000000E+01  0.145332269920E+01  0.132549389334E+01  0.250000000000E+01  0.173899611320E+01
  0.125000000000E+01  0.518568023061E+00  0.350800286361E+00  0.490615021923E-01  0.825621401394E+00  0.250000000000E+01  0.157899473280E+01
  0.000000000000E+00 -0.461282870254E+00 -0.857924212153E+00 -0.873141960959E+00 -0.322732261638E+00  0.659350882208E+00  0.125000000000E+01
 -0.125000000000E+01 -0.158398995423E+01 -0.183684615440E+01 -0.165007033378E+01 -0.147959633950E+01  0.000000000000E+00 -0.125000000000E+01
 -0.250000000000E+01 -0.250000000000E+01 -0.250000000000E+01 -0.250000000000E+01 -0.250000000000E+01
  0.000000000000E+00  0.000000000000E+00  0.000000000000E+00  0.000000000000E+00  0.000000000000E+00  0.000000000000E+00  0.000000000000E+00
  0.000000000000E+00  0.000000000000E+00  0.000000000000E+00  0.000000000000E+00  0.000000000000E+00  0.000000000000E+00  0.000000000000E+00
  0.000000000000E+00  0.000000000000E+00  0.000000000000E+00  0.000000000000E+00  0.000000000000E+00  0.000000000000E+00  0.000000000000E+00
  0.000000000000E+00  0.000000000000E+00  0.000000000000E+00  0.000000000000E+00  0.000000000000E+00  0.000000000000E+00  0.000000000000E+00
  0.000000000000E+00  0.000000000000E+00  0.000000000000E+00  0.000000000000E+00  0.000000000000E+00
  0.000000000000E+00  0.000000000000E+00  0.000000000000E+00  0.000000000000E+00  0.000000000000E+00  0.000000000000E+00  0.000000000000E+00
  0.000000000000E+00  0.000000000000E+00  0.000000000000E+00  0.000000000000E+00  0.000000000000E+00  0.000000000000E+00  0.000000000000E+00
  0.000000000000E+00  0.000000000000E+00  0.000000000000E+00  0.000000000000E+00  0.000000000000E+00  0.000000000000E+00  0.000000000000E+00
  0.000000000000E+00  0.000000000000E+00  0.000000000000E+00  0.000000000000E+00  0.000000000000E+00  0.000000000000E+00  0.000000000000E+00
  0.000000000000E+00  0.000000000000E+00  0.000000000000E+00  0.000000000000E+00  0.000000000000E+00
  0.999989380190E+00  0.999989451040E+00  0.999989665041E+00  0.999989636947E+00  0.999989659209E+00  0.999989868921E+00  0.999989838547E+00
  0.999990314978E+00  0.999990717139E+00  0.999990526267E+00  0.999991266627E+00  0.999990619998E+00  0.999990335442E+00  0.999990410387E+00
  0.999991520367E+00  0.999992169986E+00  0.999992719204E+00  0.999992350550E+00  0.999991680168E+00  0.999990956169E+00  0.999990797222E+00
  0.999992846899E+00  0.999993421276E+00  0.999993505912E+00  0.999993182332E+00  0.999992551088E+00  0.999991453848E+00  0.999992202332E+00
  0.999993511960E+00  0.999993715260E+00  0.999993570321E+00  0.999993167142E+00  0.999992753610E+00
 -0.224286309327E-03  0.188908906712E-03 -0.382210929794E-03 -0.323451622566E-03  0.557602679135E-04  0.423925219802E-03  0.245908421889E-03
 -0.357707769434E-03 -0.387548944290E-03 -0.136219033042E-03  0.113704090566E-03  0.261922744741E-03  0.589609626840E-03  0.486703689014E-03
 -0.516031912960E-03 -0.383747009532E-03 -0.549995807250E-04  0.257802412902E-03  0.289122142848E-03  0.490728750073E-03  0.791814364197E-03
 -0.335839698316E-03 -0.325270115970E-03 -0.104306410698E-03 -0.492791015096E-04  0.364724741595E-03  0.658756873483E-03  0.398076854804E-03
 -0.350897066169E-03 -0.303322287652E-03 -0.325548153498E-03  0.439704619649E-03  0.721717092161E-03
 -0.564647327329E-04 -0.638693149284E-04  0.925710421609E-04 -0.569773443228E-04 -0.194900125728E-03 -0.704496038795E-04 -0.386892418215E-04
  0.978734017304E-04 -0.461409543685E-04 -0.126981303694E-03 -0.106567534291E-03 -0.822192663193E-04  0.279227645622E-04 -0.120481306576E-03
  0.159191730508E-03 -0.509506647006E-04 -0.989250417474E-04 -0.121223618318E-03 -0.119460000742E-03 -0.115616373941E-03  0.500696005419E-04
  0.117520698711E-03 -0.242205477746E-04 -0.670353572494E-04 -0.973020868310E-04 -0.169401036037E-03  0.609773138397E-04  0.663303168105E-04
  0.864339355135E-04 -0.108223369930E-04  0.109991390744E-04 -0.102446296762E-03  0.524023684463E-04
 -0.109320822356E-04  0.804437559500E-06  0.156102497073E-04 -0.355661272216E-05  0.256524352962E-04  0.239970412776E-04  0.850280836882E-05
  0.321432319893E-04  0.185153373827E-04  0.575644047603E-05  0.356274134221E-05  0.213008576052E-04  0.285309484376E-04  0.125281286584E-04
 -0.285398652146E-04 -0.409408704373E-04 -0.403353308750E-04 -0.386143282220E-04 -0.981441828121E-04  0.633690454502E-05  0.389438930025E-04
 -0.246786873155E-04 -0.228479742435E-04  0.543476139542E-04  0.174993564719E-03  0.291445524152E-04  0.423596337295E-04 -0.410054166928E-04
 -0.237480976260E-04  0.977440800414E-05  0.379491600064E-04  0.172499150429E-04 -0.574876169150E-04
 -0.562100648658E-04 -0.107410215735E-03 -0.330314300600E-04 -0.136964603903E-03 -0.249805646741E-03 -0.919823573694E-04 -0.116666936555E-03
 -0.598257873499E-04 -0.108446605788E-03 -0.152611113419E-03 -0.222775972679E-03 -0.290591436754E-03 -0.164929291217E-03 -0.108641675191E-03
 -0.819371230365E-04 -0.928412184428E-04 -0.143647544371E-03 -0.207016705998E-03 -0.436297015286E-03 -0.189940967505E-03 -0.195225236380E-03
 -0.599251344836E-04 -0.543467071290E-04 -0.628830644133E-04 -0.152201452291E-03 -0.346334101821E-03 -0.113068456394E-03 -0.148108014837E-03
 -0.375879647341E-04 -0.190862672842E-04 -0.457288382074E-04 -0.136286395435E-03 -0.129038422941E-03
  0.931647318443E-03  0.284833659420E-03  0.167836251999E-03  0.618711434560E-03  0.942380964601E-03 -0.369605823821E-05  0.419764138479E-03
  0.632689175739E-03  0.335483917553E-03  0.762719920690E-03  0.859301328649E-03  0.188216383152E-03 -0.466987846634E-03  0.693019120332E-03
  0.697567972367E-03  0.715349903110E-03  0.106099728050E-02  0.181237649323E-03  0.371625749612E-03  0.523159170226E-03 -0.759309961932E-03
  0.687080791610E-03  0.662794065846E-03 -0.421665191647E-04  0.373468018780E-03 -0.133966515039E-03 -0.376869576353E-04  0.147528008862E-03
  0.120222921270E-03  0.199831600336E-03  0.542340588592E-03  0.106185525299E-02 -0.191730849333E-03
 -0.356168200434E-11 -0.111758259991E-10 -0.120650264412E-11 -0.224198532475E-10 -0.580616854756E-10 -0.721071409629E-10 -0.677560230437E-10
 -0.742680057307E-12 -0.699630904693E-11 -0.302896902238E-10 -0.316216151763E-10 -0.121586038444E-09 -0.287478836102E-09 -0.692612289629E-10
  0.505641595540E-14 -0.421194889412E-11 -0.110414035145E-10 -0.276523664254E-10 -0.421917542488E-09 -0.168951919257E-09 -0.373724644462E-09
 -0.204328227486E-14 -0.699624099616E-11 -0.121961713232E-10 -0.444642191642E-11 -0.114459387673E-09  0.175979521767E-09  0.802293747960E-10
 -0.341891150959E-12 -0.359165682814E-11 -0.437183100139E-11 -0.181244609201E-10 -0.483451602441E-10
        19        18        11        11
        17        10        11        11
        12        11         5         5
        18        25        17        17
        31        24        25        25
        11        10         5         5
         2         7         5         5
        11        18        17        17
        11        12        19        19
        27        19        20        20
        17        16        10        10
        15         9        16        16
        23        17        24        24
         4        10         9         9
        23        22        16        16
        26        18        19        19
        14        21        20        20
        14        12         7         7
         5         7        12        12
         4         1         5         5
        26        32        25        25
         5        10         4         4
         9         8         4         4
        25        18        26        26
        19        28        26        26
        24        30        23        23
        29        22        23        23
        20        12        14        14
         7         6        14        14
         8         9        15        15
         5         1         2         2
         6         7         2         2
        30        24        31        31
        20        21        27        27
        28        19        27        27
        16         9        10        10
         1         4         3         3
        32        26        33        33
        21        14        13        13
        25        24        17        17
        22        15        16        16
        17        23        16        16
        32        31        25        25
        12        20        19        19
        28        33        26        26
         8         3         4         4
        30        29        23        23
         6        13        14        14
