title="tecplot geometry and solution file"
variables = x y z mach temperature lambda1 lambda2 lambda3 lambda4 lambda5 lambda6
zone t="boundary 1 bc-1", solutiontime= 0.8000000E+02, strandid=1001, i=32, j=46, f=feblock
  0.000000000000E+00  0.000000000000E+00  0.000000000000E+00  0.000000000000E+00  0.000000000000E+00  0.000000000000E+00  0.000000000000E+00
  0.000000000000E+00  0.000000000000E+00  0.000000000000E+00  0.000000000000E+00  0.000000000000E+00  0.000000000000E+00  0.000000000000E+00
  0.000000000000E+00  0.000000000000E+00  0.000000000000E+00  0.000000000000E+00  0.000000000000E+00  0.000000000000E+00  0.000000000000E+00
  0.000000000000E+00  0.000000000000E+00  0.000000000000E+00  0.000000000000E+00  0.000000000000E+00  0.000000000000E+00  0.000000000000E+00
  0.000000000000E+00  0.000000000000E+00  0.000000000000E+00  0.000000000000E+00
  0.250000000000E+01  0.250000000000E+01  0.125000000000E+01  0.146289271009E+01  0.157686156160E+01  0.308372018325E+00  0.000000000000E+00
 -0.125000000000E+01 -0.600232012419E+00  0.250000000000E+01  0.477386199275E+00  0.742988685424E+00 -0.739814786992E+00  0.177790177481E+01
  0.155830813274E+01  0.250000000000E+01 -0.250000000000E+01 -0.154800130438E+01 -0.487811078581E+00  0.250000000000E+01  0.627766083140E+00
 -0.345533899378E+00 -0.178862290564E+01 -0.158811787973E+01  0.125000000000E+01 -0.250000000000E+01 -0.144524380962E+01  0.000000000000E+00
 -0.125000000000E+01 -0.250000000000E+01 -0.250000000000E+01 -0.250000000000E+01
  0.000000000000E+00  0.125000000000E+01  0.000000000000E+00  0.103724302461E+01  0.219251206392E+01  0.922061490191E+00  0.000000000000E+00
  0.000000000000E+00  0.715990576545E+00  0.250000000000E+01  0.202479342020E+01  0.324151231464E+01  0.175434191980E+01  0.310152362409E+01
  0.404200324774E+01  0.375000000000E+01  0.000000000000E+00  0.930412228790E+00  0.299062775774E+01  0.500000000000E+01  0.429310310915E+01
  0.409252726285E+01  0.187029682677E+01  0.284428995242E+01  0.500000000000E+01  0.125000000000E+01  0.394624082883E+01  0.500000000000E+01
  0.500000000000E+01  0.250000000000E+01  0.375000000000E+01  0.500000000000E+01
  0.000000000000E+00  0.441238864710E+00  0.000000000000E+00  0.475212333418E+00  0.460125600047E+00  0.468825459916E+00  0.000000000000E+00
  0.000000000000E+00  0.402299647307E+00  0.469815278546E+00  0.464413480260E+00  0.478714152972E+00  0.489298547802E+00  0.483067971662E+00
  0.487929224832E+00  0.488960767301E+00  0.000000000000E+00  0.464773408827E+00  0.473796242669E+00  0.495345969094E+00  0.490265403772E+00
  0.486285557293E+00  0.445720648663E+00  0.464383522981E+00  0.496127006189E+00  0.443623519427E+00  0.486963956588E+00  0.497245800655E+00
  0.496058644718E+00  0.467732961393E+00  0.488211579388E+00  0.495097551278E+00
  0.999990335442E+00  0.102982730935E+01  0.999990797222E+00  0.104247144519E+01  0.101190167613E+01  0.102520600953E+01  0.999991453848E+00
  0.999992202332E+00  0.103891124272E+01  0.100826302705E+01  0.101252909219E+01  0.100300571845E+01  0.102702848665E+01  0.100605562865E+01
  0.100244399774E+01  0.100355656280E+01  0.999992753610E+00  0.103239691667E+01  0.100459561267E+01  0.100179353455E+01  0.100260307775E+01
  0.100234974224E+01  0.101657231252E+01  0.100617628259E+01  0.100168864675E+01  0.104043187424E+01  0.100303393289E+01  0.100118748788E+01
  0.100134189338E+01  0.100976788455E+01  0.100405369623E+01  0.100176128351E+01
  0.589609627095E-03  0.340831508719E-02  0.791814364254E-03  0.574390899206E-02  0.346406484847E-03  0.798187493923E-02  0.658756873155E-03
  0.398076855905E-03  0.815370446334E-02 -0.254370069550E-03  0.623779091090E-03 -0.957059215827E-03  0.832002462705E-03 -0.516931920684E-03
 -0.132134183583E-02 -0.127156653416E-02  0.721717093060E-03  0.854871646613E-02 -0.743490332253E-03 -0.488127558521E-02 -0.176750084232E-02
 -0.121735427373E-02  0.253911811001E-03 -0.770097250906E-03 -0.508140538273E-02  0.502422740053E-02 -0.969942617946E-03 -0.569374783189E-02
 -0.511278719287E-02 -0.667006178813E-03 -0.107842627267E-02 -0.482625613039E-02
  0.279227645927E-04  0.476660722078E-03  0.500696006156E-04  0.726495572434E-03 -0.580073680419E-06  0.119048119729E-02  0.609773139074E-04
  0.663303167787E-04  0.118944631230E-02 -0.112553074713E-03  0.560416336677E-04 -0.203332716893E-03  0.320555707397E-04 -0.151041606292E-03
 -0.259410735479E-03 -0.276876414250E-03  0.524023683451E-04  0.135353291335E-02 -0.146668528801E-03 -0.100455286397E-02 -0.352094177345E-03
 -0.233910708078E-03 -0.402910030875E-04 -0.141631882170E-03 -0.106457396975E-02  0.636495301419E-03 -0.190149914678E-03 -0.119619908850E-02
 -0.106947081086E-02 -0.153294914269E-03 -0.227932195832E-03 -0.100441797783E-02
  0.285309484189E-04  0.128828325403E-04  0.389438930370E-04  0.138592367169E-03  0.298654703156E-04  0.865726356028E-04  0.423596336779E-04
 -0.410054167970E-04  0.791518417097E-04 -0.146203749735E-05  0.523556433806E-04  0.433141375590E-04  0.610482283431E-04  0.176225702954E-04
  0.590266418687E-05 -0.715254495108E-06 -0.574876169702E-04 -0.770858265400E-04  0.362027156504E-04  0.128024275929E-07  0.141296913767E-04
  0.133892913917E-04  0.299859865746E-04  0.858954669213E-05  0.233796293577E-04 -0.260784994876E-04 -0.138484015086E-05  0.111488483167E-04
 -0.258594215618E-05 -0.298316075718E-05 -0.235543713241E-05  0.477355408338E-06
 -0.164929291307E-03 -0.130152669531E-03 -0.195225236405E-03  0.319892232753E-05  0.172356230197E-03  0.184043373876E-03 -0.113068456327E-03
 -0.148108015001E-03  0.420119039069E-04  0.189981785295E-03  0.378560234048E-03  0.223253153233E-03  0.480640119552E-03  0.189682422129E-03
  0.145176870857E-03  0.163172103449E-03 -0.129038422968E-03  0.205622915361E-03  0.279801487893E-03  0.650356533268E-04  0.145042497840E-03
  0.182943948308E-03  0.425524287355E-03  0.244654173464E-03  0.636328719206E-04  0.241033743100E-03  0.176492831979E-03  0.611382829004E-04
  0.754797064772E-04  0.297936196713E-03  0.182574486663E-03  0.743907298650E-04
 -0.466987846841E-03 -0.141025468052E-02 -0.759309961934E-03 -0.230735119878E-02 -0.150069584731E-03 -0.329765011375E-02 -0.376869572746E-04
  0.147528008066E-03 -0.334790415080E-02  0.976949099404E-04 -0.274276521703E-03  0.373629181386E-03 -0.348788696340E-03  0.201705211721E-03
  0.527491834862E-03  0.511382977708E-03 -0.191730849676E-03 -0.356748396982E-02  0.274265875654E-03  0.202687480140E-02  0.714246902739E-03
  0.482266742818E-03 -0.122529720373E-03  0.279376794375E-03  0.211351090874E-02 -0.203275863244E-02  0.378837146886E-03  0.237506172431E-02
  0.212765571033E-02  0.247565961049E-03  0.429715618431E-03  0.200325727627E-02
 -0.287478836534E-09 -0.373615438178E-09 -0.373724644282E-09 -0.990806645379E-09 -0.299869059564E-09 -0.806125252707E-09  0.175979521849E-09
  0.802293756764E-10  0.608600058150E-08 -0.246003702551E-09 -0.126489168499E-08 -0.529268017410E-09 -0.113597018610E-08 -0.347195079021E-09
 -0.117821239169E-09 -0.213779054358E-09 -0.483451593665E-10  0.213252711145E-08 -0.665383220509E-09 -0.295414177800E-10 -0.617234103099E-10
 -0.127208551535E-09 -0.568302469339E-09 -0.664977846254E-09  0.116193022348E-10 -0.944633771364E-09 -0.176807743305E-09  0.348029893877E-10
 -0.788560719667E-11 -0.520756797953E-09 -0.259958263230E-09 -0.551417086362E-10
        12        19        11        11
        11         5        12        12
        10        14         5         5
        19        13        11        11
        19        24        13        13
        30        23        24        24
        19        12        22        22
        28        22        21        21
        11        13         6         6
         7         6         9         9
        15        12        14        14
        18        13        23        23
        15        25        21        21
        27        19        22        22
        18         8         9         9
        27        31        24        24
         4        11         6         6
         5        14        12        12
         4         2         5         5
        21        12        15        15
        14        16        15        15
        24        19        27        27
        22        29        27        27
        23        26        18        18
        17         8        18        18
         5        11         4         4
         6         3         4         4
        26        23        30        30
         5         2        10        10
        16        14        10        10
         3         6         7         7
        21        25        28        28
        29        22        28        28
         6        13         9         9
         2         4         1         1
        31        27        32        32
        25        15        20        20
        24        23        13        13
         8         7         9         9
        13        18         9         9
        31        30        24        24
        12        21        22        22
        29        32        27        27
         3         1         4         4
        26        17        18        18
        16        20        15        15
zone t="boundary 2 bc-2", solutiontime= 0.8000000E+02, strandid=1002, i=33, j=48, f=feblock
  0.500000000000E+01  0.375000000000E+01  0.250000000000E+01  0.288078410721E+01  0.125000000000E+01  0.190974100652E+01  0.326683758169E+01
  0.201431602454E+01  0.000000000000E+00  0.963108083381E+00  0.500000000000E+01  0.403552511878E+01  0.423153924130E+01  0.500000000000E+01
  0.385533350601E+01  0.500000000000E+01  0.398173246726E+01  0.315249557942E+01  0.267000324704E+01  0.154774304040E+01  0.218329375016E+01
  0.893127759452E+00  0.000000000000E+00  0.698517061619E+00  0.964171764089E+00  0.310324758057E+01  0.000000000000E+00  0.000000000000E+00
  0.125000000000E+01  0.500000000000E+01  0.375000000000E+01  0.250000000000E+01  0.000000000000E+00
 -0.250000000000E+01 -0.250000000000E+01 -0.250000000000E+01 -0.250000000000E+01 -0.250000000000E+01 -0.250000000000E+01 -0.250000000000E+01
 -0.250000000000E+01 -0.250000000000E+01 -0.250000000000E+01 -0.250000000000E+01 -0.250000000000E+01 -0.250000000000E+01 -0.250000000000E+01
 -0.250000000000E+01 -0.250000000000E+01 -0.250000000000E+01 -0.250000000000E+01 -0.250000000000E+01 -0.250000000000E+01 -0.250000000000E+01
 -0.250000000000E+01 -0.250000000000E+01 -0.250000000000E+01 -0.250000000000E+01 -0.250000000000E+01 -0.250000000000E+01 -0.250000000000E+01
 -0.250000000000E+01 -0.250000000000E+01 -0.250000000000E+01 -0.250000000000E+01 -0.250000000000E+01
  0.000000000000E+00  0.000000000000E+00  0.000000000000E+00  0.904659890645E+00  0.000000000000E+00  0.717002441913E+00  0.188609243358E+01
  0.176246431481E+01  0.000000000000E+00  0.961328577125E+00  0.125000000000E+01  0.101201586758E+01  0.191586535653E+01  0.250000000000E+01
  0.293121848150E+01  0.375000000000E+01  0.406975391361E+01  0.363585050272E+01  0.285047954584E+01  0.292817774674E+01  0.395907379566E+01
  0.205246550326E+01  0.125000000000E+01  0.306828197606E+01  0.397245519226E+01  0.433168271247E+01  0.250000000000E+01  0.375000000000E+01
  0.500000000000E+01  0.500000000000E+01  0.500000000000E+01  0.500000000000E+01  0.500000000000E+01
  0.000000000000E+00  0.000000000000E+00  0.000000000000E+00  0.380991677071E+00  0.000000000000E+00  0.343629846333E+00  0.585283712637E+00
  0.579371274939E+00  0.000000000000E+00  0.501053781697E+00  0.508459764195E+00  0.435372705232E+00  0.572637650783E+00  0.537001621764E+00
  0.568921604272E+00  0.514994863512E+00  0.508249384174E+00  0.527254272376E+00  0.567446148296E+00  0.531657889979E+00  0.505982349932E+00
  0.520795557933E+00  0.443623519427E+00  0.490664279058E+00  0.492156105736E+00  0.501392667577E+00  0.467732961393E+00  0.488211579388E+00
  0.490002415326E+00  0.491354393416E+00  0.486078174930E+00  0.490037677861E+00  0.495097551278E+00
  0.999993511960E+00  0.999993715260E+00  0.999993570321E+00  0.989539101465E+00  0.999993167142E+00  0.985524838689E+00  0.989838839696E+00
  0.991798259717E+00  0.999992753610E+00  0.984411184056E+00  0.985091609572E+00  0.984689131748E+00  0.990058406085E+00  0.100289567776E+01
  0.999855182158E+00  0.100485299288E+01  0.100121572260E+01  0.100055639449E+01  0.997896752171E+00  0.100350023825E+01  0.100058089063E+01
  0.101093252220E+01  0.104043187424E+01  0.100326541074E+01  0.100254508116E+01  0.100045601675E+01  0.100976788455E+01  0.100405369623E+01
  0.100192661355E+01  0.100045469615E+01  0.100058772260E+01  0.100109988203E+01  0.100176128351E+01
 -0.350897066605E-03 -0.303322287736E-03 -0.325548153186E-03  0.259355298770E-02  0.439704619650E-03  0.141392160875E-01 -0.749167625973E-03
 -0.166637627769E-03  0.721717093060E-03  0.721749005152E-02 -0.102587097885E-02 -0.939534516531E-03 -0.809040660161E-03 -0.671336430937E-03
 -0.496990625822E-03 -0.446979767866E-03 -0.330118363963E-03 -0.388653988445E-03 -0.595274674280E-03 -0.780059763733E-03 -0.501578846398E-03
  0.227127211726E-03  0.502422740053E-02 -0.544184952203E-03 -0.918323265579E-03 -0.601616980573E-03 -0.667006178813E-03 -0.107842627267E-02
 -0.434745651652E-02 -0.521788091882E-03 -0.198696265619E-02 -0.381264257215E-02 -0.482625613039E-02
  0.864339356024E-04 -0.108223371451E-04  0.109991391013E-04  0.597668076841E-03 -0.102446296813E-03  0.190274829696E-02  0.293037665354E-04
 -0.800084086133E-04  0.524023683451E-04  0.942521759244E-03  0.224952924228E-03  0.358310874437E-04  0.105245840559E-03  0.172269148391E-03
  0.110651323649E-03  0.105185541466E-03  0.125327884308E-03  0.103154601522E-03  0.531616368791E-04 -0.613908891657E-04  0.443997863084E-04
 -0.631988540329E-04  0.636495301419E-03 -0.323314325022E-04 -0.103866525297E-03  0.612033835161E-04 -0.153294914269E-03 -0.227932195832E-03
 -0.782682633996E-03  0.258242693071E-04 -0.199538228082E-03 -0.593864458340E-03 -0.100441797783E-02
 -0.237480975905E-04  0.977440806298E-05  0.379491600551E-04  0.942357962496E-04  0.172499149296E-04  0.193274396856E-03 -0.393424804517E-05
  0.615335036133E-05 -0.574876169702E-04  0.985628003490E-04 -0.187691626348E-04 -0.361816355548E-04 -0.461409339520E-06  0.138576007473E-05
  0.416110765651E-06 -0.210886340264E-05  0.258669876865E-06 -0.193267887650E-05  0.911404754083E-06  0.487903787401E-05 -0.276474049755E-05
  0.962970414657E-05 -0.260784994876E-04  0.770111130099E-07 -0.926454464484E-06 -0.983517917477E-06 -0.298316075718E-05 -0.235543713241E-05
 -0.429013362343E-06 -0.485324383070E-06 -0.623218866306E-07  0.383515207007E-06  0.477355408338E-06
 -0.375879647256E-04 -0.190862672751E-04 -0.457288382510E-04  0.195303513044E-03 -0.136286395435E-03  0.107835051310E-03  0.223084679406E-03
  0.357513743463E-03 -0.129038422968E-03  0.236376901513E-03  0.464838679427E-04  0.131896261677E-03  0.974241509719E-04  0.454770684365E-04
  0.998060257055E-04  0.361871560892E-04  0.950702636808E-04  0.138177210151E-03  0.167536971958E-03  0.175447132945E-03  0.159778362048E-03
  0.317847309944E-03  0.241033743100E-03  0.193241185173E-03  0.162313109334E-03  0.136043926954E-03  0.297936196713E-03  0.182574486663E-03
  0.104846232442E-03  0.555149186470E-04  0.120263019526E-03  0.130423418375E-03  0.743907298650E-04
  0.120222921573E-03  0.199831600517E-03  0.542340588588E-03 -0.125572701823E-02  0.106185525296E-02 -0.611372354800E-02  0.207418597888E-03
  0.473277176553E-04 -0.191730849676E-03 -0.302020529342E-02  0.223883298323E-03  0.261874995426E-03  0.205065542296E-03  0.128352448684E-03
  0.990817477271E-04  0.901642673859E-04  0.457094696632E-04  0.723732099490E-04  0.155116668085E-03  0.264711072295E-03  0.134770733286E-03
 -0.970017349443E-04 -0.203275863244E-02  0.175581651328E-03  0.334463099219E-03  0.164648468141E-03  0.247565961049E-03  0.429715618431E-03
  0.176659172523E-02  0.157848356236E-03  0.745681089058E-03  0.151636966790E-02  0.200325727627E-02
 -0.341891147970E-12 -0.359165675934E-11 -0.437183096924E-11 -0.231751974636E-09 -0.181244608837E-10 -0.573956026291E-09 -0.123667321322E-09
 -0.127973044794E-08 -0.483451593665E-10 -0.113979233840E-08 -0.422332023908E-10 -0.110727335504E-09  0.642245764393E-10  0.416402575456E-10
  0.494002771928E-11 -0.166515354964E-10 -0.267002143214E-10 -0.490030642591E-10 -0.887657590219E-10 -0.273500919065E-09 -0.917343823975E-10
 -0.110910035309E-08 -0.944633771364E-09 -0.403973292220E-09 -0.117458940854E-09 -0.535476505166E-10 -0.520756797953E-09 -0.259958263230E-09
 -0.123747219089E-09 -0.149334080211E-11 -0.286844608722E-10 -0.100379807153E-09 -0.551417086362E-10
        15         7        19        19
         8        20        19        19
        18        19        21        21
         7         4         8         8
         3         6         4         4
        19         7         8         8
        19        18        15        15
        14        13        15        15
         8        22        20        20
        27        24        22        22
        19        20        21        21
        32        26        21        21
        17        18        26        26
        17        16        15        15
        25        29        21        21
        12         7        13        13
        10         8         6         6
        25        20        24        24
         4         6         8         8
        12         2         4         4
        10        23        22        22
        26        31        17        17
        30        16        17        17
         4         7        12        12
        13        11        12        12
        21        20        25        25
        24        28        25        25
        22         8        10        10
         6         5        10        10
        31        26        32        32
         4         2         3         3
         5         6         3         3
        11        13        14        14
        22        23        27        27
        28        24        27        27
        15        13         7         7
         2        12         1         1
        29        25        33        33
        23        10         9         9
        21        26        18        18
        16        14        15        15
        18        17        15        15
        29        32        21        21
        22        24        20        20
        28        33        25        25
        11         1        12        12
        31        30        17        17
         5         9        10        10
zone t="boundary 3 bc-3", solutiontime= 0.8000000E+02, strandid=1003, i=33, j=48, f=feblock
  0.375000000000E+01  0.250000000000E+01  0.500000000000E+01  0.403552511878E+01  0.288078410721E+01  0.125000000000E+01  0.190974100652E+01
  0.500000000000E+01  0.326683758169E+01  0.423153924130E+01  0.201431602454E+01  0.000000000000E+00  0.963108083381E+00  0.500000000000E+01
  0.267000324704E+01  0.385533350601E+01  0.893127759452E+00  0.154774304040E+01  0.000000000000E+00  0.500000000000E+01  0.315249557942E+01
  0.218329375016E+01  0.398173246726E+01  0.000000000000E+00  0.698517061619E+00  0.964171764089E+00  0.125000000000E+01  0.000000000000E+00
  0.500000000000E+01  0.310324758057E+01  0.250000000000E+01  0.375000000000E+01  0.000000000000E+00
  0.250000000000E+01  0.250000000000E+01  0.250000000000E+01  0.250000000000E+01  0.250000000000E+01  0.250000000000E+01  0.250000000000E+01
  0.250000000000E+01  0.250000000000E+01  0.250000000000E+01  0.250000000000E+01  0.250000000000E+01  0.250000000000E+01  0.250000000000E+01
  0.250000000000E+01  0.250000000000E+01  0.250000000000E+01  0.250000000000E+01  0.250000000000E+01  0.250000000000E+01  0.250000000000E+01
  0.250000000000E+01  0.250000000000E+01  0.250000000000E+01  0.250000000000E+01  0.250000000000E+01  0.250000000000E+01  0.250000000000E+01
  0.250000000000E+01  0.250000000000E+01  0.250000000000E+01  0.250000000000E+01  0.250000000000E+01
  0.000000000000E+00  0.000000000000E+00  0.000000000000E+00  0.101201586758E+01  0.904659890645E+00  0.000000000000E+00  0.717002441913E+00
  0.125000000000E+01  0.188609243358E+01  0.191586535653E+01  0.176246431481E+01  0.000000000000E+00  0.961328577125E+00  0.250000000000E+01
  0.285047954584E+01  0.293121848150E+01  0.205246550326E+01  0.292817774674E+01  0.125000000000E+01  0.375000000000E+01  0.363585050272E+01
  0.395907379566E+01  0.406975391361E+01  0.250000000000E+01  0.306828197606E+01  0.397245519226E+01  0.500000000000E+01  0.375000000000E+01
  0.500000000000E+01  0.433168271247E+01  0.500000000000E+01  0.500000000000E+01  0.500000000000E+01
  0.000000000000E+00  0.000000000000E+00  0.000000000000E+00  0.443768049813E+00  0.402287063289E+00  0.000000000000E+00  0.377550015530E+00
  0.509231651017E+00  0.575830373842E+00  0.573705119893E+00  0.562552484917E+00  0.000000000000E+00  0.490560996922E+00  0.534526640478E+00
  0.556587161529E+00  0.564391003890E+00  0.522730520214E+00  0.522053035057E+00  0.441238864710E+00  0.517182885172E+00  0.524230081365E+00
  0.503688666615E+00  0.509490322369E+00  0.469815278546E+00  0.495614921017E+00  0.494483812152E+00  0.488562139423E+00  0.488960767301E+00
  0.492982637025E+00  0.499007441401E+00  0.486462299176E+00  0.484599832491E+00  0.495345969094E+00
  0.999989380190E+00  0.999989451040E+00  0.999989665041E+00  0.981541820811E+00  0.988773959065E+00  0.999989868921E+00  0.982469495615E+00
  0.984104107106E+00  0.990427340160E+00  0.990355127069E+00  0.994362617112E+00  0.999990335442E+00  0.988651707786E+00  0.100368299998E+01
  0.999769041194E+00  0.100118460274E+01  0.100834871539E+01  0.100252122579E+01  0.102982730935E+01  0.100443305346E+01  0.100199527495E+01
  0.100082072308E+01  0.100138208455E+01  0.100826302705E+01  0.100298818591E+01  0.100192398684E+01  0.100215265586E+01  0.100355656280E+01
  0.100047708080E+01  0.100056610141E+01  0.100126814609E+01  0.100066576236E+01  0.100179353455E+01
 -0.224286309803E-03  0.188908906357E-03 -0.382210929776E-03  0.159225825426E-02  0.761055451570E-02  0.423925219792E-03  0.694016308958E-02
 -0.129340191771E-02 -0.754901261703E-03 -0.836768918997E-03  0.117408044608E-02  0.589609627095E-03  0.457450397883E-02 -0.654980174466E-03
 -0.737524698505E-03 -0.535495058768E-03  0.884245683283E-04 -0.721006808792E-03  0.340831508719E-02 -0.450626030022E-03 -0.327425087880E-03
 -0.442682387340E-03 -0.344858178947E-03 -0.254370069550E-03 -0.587810050397E-03 -0.118491294151E-02 -0.367688992719E-02 -0.127156653416E-02
 -0.429836085368E-03 -0.527440286649E-03 -0.344122169925E-02 -0.186771385765E-02 -0.488127558521E-02
 -0.564647327091E-04 -0.638693148781E-04  0.925710422105E-04  0.472324182236E-03  0.981889284076E-03 -0.704496039917E-04  0.715131260605E-03
  0.223799099297E-03 -0.268568318774E-04  0.116373013342E-03 -0.358906471160E-04  0.279227645927E-04  0.319295439556E-03  0.171076692762E-03
 -0.103763809984E-04  0.890182823720E-04 -0.160737300571E-03 -0.817356273273E-04  0.476660722078E-03  0.110415696250E-03  0.955763504503E-04
  0.495439652918E-04  0.111781473781E-03 -0.112553074713E-03 -0.134122571773E-03 -0.153616274179E-03 -0.652434572520E-03 -0.276876414250E-03
  0.391470464974E-04  0.608648388601E-04 -0.532075376822E-03 -0.185604292512E-03 -0.100455286397E-02
 -0.109320822483E-04  0.804437536718E-06  0.156102497250E-04 -0.206702811997E-04 -0.967895945827E-04  0.239970412553E-04  0.413588526694E-05
  0.153217728192E-05 -0.122861832947E-04  0.319889893303E-05 -0.100639447402E-04  0.285309484189E-04  0.363031588607E-04  0.507255852321E-05
 -0.258488430605E-06  0.122640520283E-05 -0.152714259937E-04 -0.782332184488E-05  0.128828325403E-04  0.268315339186E-05  0.554862997794E-06
  0.631578640443E-05  0.277428207839E-06 -0.146203749735E-05 -0.396819369391E-05  0.221970664795E-05  0.183616876763E-05 -0.715254495108E-06
  0.863185187938E-06  0.501083937097E-07  0.517277495224E-06 -0.189451338152E-06  0.128024275929E-07
 -0.562100647878E-04 -0.107410215742E-03 -0.330314300958E-04  0.840866122635E-04  0.125228253905E-03 -0.919823573871E-04  0.447160979148E-05
  0.437123909165E-04  0.244008526121E-03  0.121291448905E-03  0.336323854560E-03 -0.164929291307E-03  0.719180838426E-04  0.512952785300E-04
  0.129680595477E-03  0.112135686785E-03  0.259070552470E-03  0.133033498669E-03 -0.130152669531E-03  0.466794380667E-04  0.129350956325E-03
  0.133219529814E-03  0.100164964873E-03  0.189981785295E-03  0.183469625406E-03  0.133787637797E-03  0.103242957081E-03  0.163172103449E-03
  0.505375136268E-04  0.129245217933E-03  0.126130391427E-03  0.115347703520E-03  0.650356533268E-04
  0.931647318483E-03  0.284833659468E-03  0.167836251830E-03 -0.863132463730E-03 -0.328931949298E-02 -0.369605815898E-05 -0.286817935332E-02
  0.321851617758E-03  0.240538597862E-03  0.214035829302E-03 -0.451292176317E-03 -0.466987846841E-03 -0.180329345645E-02  0.123494595574E-03
  0.232270721338E-03  0.121292307585E-03 -0.235904413699E-04  0.251498216424E-03 -0.141025468052E-02  0.884335420242E-04  0.537917655887E-04
  0.113783728933E-03  0.563749697046E-04  0.976949099404E-04  0.213656157940E-03  0.446731391496E-03  0.148649003459E-02  0.511382977708E-03
  0.121793459726E-03  0.139755109145E-03  0.136509445547E-02  0.699152760781E-03  0.202687480140E-02
 -0.356168200676E-11 -0.111758260183E-10 -0.120650264078E-11 -0.116870678722E-09 -0.186001537052E-09 -0.721071410227E-10 -0.137250059973E-08
 -0.219740922437E-10 -0.336935747318E-09  0.112148669661E-09 -0.116131705972E-08 -0.287478836534E-09 -0.150298559332E-08  0.299606160170E-10
 -0.732310876020E-10  0.220493686849E-10 -0.620901287440E-09 -0.247100474730E-09 -0.373615438178E-09 -0.156442030141E-10 -0.761047448768E-11
 -0.396601378925E-10 -0.170174399734E-10 -0.246003702551E-09 -0.328932296415E-09 -0.808346576395E-10 -0.480786646540E-10 -0.213779054358E-09
 -0.388952333828E-11 -0.193304333649E-10 -0.331382981753E-10 -0.557206150629E-11 -0.295414177800E-10
        15         9        16        16
        15        18        11        11
        22        15        21        21
        11         5         9         9
         5         7         2         2
        11         9        15        15
        16        21        15        15
        16        10        14        14
        18        17        11        11
        17        25        24        24
        22        18        15        15
        22        30        31        31
        30        21        23        23
        16        20        23        23
        22        27        26        26
        10         9         4         4
         7        11        13        13
        25        18        26        26
        11         7         5         5
         5         1         4         4
        17        19        13        13
        23        32        30        30
        23        20        29        29
         4         9         5         5
         4         8        10        10
        26        18        22        22
        26        28        25        25
        13        11        17        17
        13         6         7         7
        31        30        32        32
         2         1         5         5
         2         7         6         6
        14        10         8         8
        24        19        17        17
        24        25        28        28
         9        10        16        16
         3         4         1         1
        33        26        27        27
        12        13        19        19
        21        30        22        22
        16        14        20        20
        16        23        21        21
        22        31        27        27
        18        25        17        17
        26        33        28        28
         4         3         8         8
        23        29        32        32
        13        12         6         6
zone t="boundary 4 bc-4", solutiontime= 0.8000000E+02, strandid=1004, i=32, j=46, f=feblock
  0.125000000000E+01  0.219251206392E+01  0.103724302461E+01  0.500000000000E+01  0.250000000000E+01  0.375000000000E+01  0.404200324774E+01
  0.500000000000E+01  0.000000000000E+00  0.310152362409E+01  0.202479342020E+01  0.324151231464E+01  0.922061490191E+00  0.000000000000E+00
  0.299062775774E+01  0.394624082883E+01  0.500000000000E+01  0.409252726285E+01  0.500000000000E+01  0.429310310915E+01  0.175434191980E+01
  0.284428995242E+01  0.000000000000E+00  0.000000000000E+00  0.715990576545E+00  0.930412228790E+00  0.125000000000E+01  0.187029682677E+01
  0.500000000000E+01  0.375000000000E+01  0.250000000000E+01  0.000000000000E+00
  0.250000000000E+01  0.157686156160E+01  0.146289271009E+01  0.250000000000E+01  0.250000000000E+01  0.250000000000E+01  0.155830813274E+01
  0.125000000000E+01  0.250000000000E+01  0.177790177481E+01  0.477386199275E+00  0.742988685424E+00  0.308372018325E+00  0.125000000000E+01
 -0.487811078581E+00 -0.144524380962E+01 -0.125000000000E+01 -0.345533899378E+00  0.000000000000E+00  0.627766083140E+00 -0.739814786992E+00
 -0.158811787973E+01  0.000000000000E+00 -0.125000000000E+01 -0.600232012419E+00 -0.154800130438E+01 -0.250000000000E+01 -0.178862290564E+01
 -0.250000000000E+01 -0.250000000000E+01 -0.250000000000E+01 -0.250000000000E+01
  0.500000000000E+01  0.500000000000E+01  0.500000000000E+01  0.500000000000E+01  0.500000000000E+01  0.500000000000E+01  0.500000000000E+01
  0.500000000000E+01  0.500000000000E+01  0.500000000000E+01  0.500000000000E+01  0.500000000000E+01  0.500000000000E+01  0.500000000000E+01
  0.500000000000E+01  0.500000000000E+01  0.500000000000E+01  0.500000000000E+01  0.500000000000E+01  0.500000000000E+01  0.500000000000E+01
  0.500000000000E+01  0.500000000000E+01  0.500000000000E+01  0.500000000000E+01  0.500000000000E+01  0.500000000000E+01  0.500000000000E+01
  0.500000000000E+01  0.500000000000E+01  0.500000000000E+01  0.500000000000E+01
  0.488562139423E+00  0.488874000561E+00  0.490562525969E+00  0.492982637025E+00  0.486462299176E+00  0.484599832491E+00  0.485351056328E+00
  0.494165297986E+00  0.495345969094E+00  0.486530385273E+00  0.487820868640E+00  0.487071567783E+00  0.494045245745E+00  0.496127006189E+00
  0.487614575024E+00  0.483222914968E+00  0.492397284427E+00  0.487217595138E+00  0.494740878675E+00  0.487962223365E+00  0.489677418309E+00
  0.488030812357E+00  0.497245800655E+00  0.496058644718E+00  0.494950398327E+00  0.492799795685E+00  0.490002415326E+00  0.490005393925E+00
  0.491354393416E+00  0.486078174930E+00  0.490037677861E+00  0.495097551278E+00
  0.100215265586E+01  0.100152650955E+01  0.100178350432E+01  0.100047708080E+01  0.100126814609E+01  0.100066576236E+01  0.100025373712E+01
  0.100050439023E+01  0.100179353455E+01  0.100112362362E+01  0.100133048087E+01  0.100072434148E+01  0.100164373443E+01  0.100168864675E+01
  0.100096273085E+01  0.100000888234E+01  0.100082904662E+01  0.100022284689E+01  0.100062196846E+01  0.100023523420E+01  0.100174639175E+01
  0.100098850056E+01  0.100118748788E+01  0.100134189338E+01  0.100132651061E+01  0.100179882340E+01  0.100192661355E+01  0.100163748303E+01
  0.100045469615E+01  0.100058772260E+01  0.100109988203E+01  0.100176128351E+01
 -0.367688992719E-02 -0.358298188773E-02 -0.368537438060E-02 -0.429836085368E-03 -0.344122169925E-02 -0.186771385765E-02 -0.130272023525E-02
 -0.428995297237E-03 -0.488127558521E-02 -0.286479883069E-02 -0.389907467749E-02 -0.272580207811E-02 -0.455624835428E-02 -0.508140538273E-02
 -0.311991911734E-02 -0.130253837937E-02 -0.504453147761E-03 -0.163654530131E-02 -0.406909913781E-03 -0.161288888004E-02 -0.488870485320E-02
 -0.297645639384E-02 -0.569374783189E-02 -0.511278719287E-02 -0.533372588648E-02 -0.433095728281E-02 -0.434745651652E-02 -0.458828128088E-02
 -0.521788091882E-03 -0.198696265619E-02 -0.381264257215E-02 -0.482625613039E-02
 -0.652434572520E-03 -0.581184338089E-03 -0.663003863770E-03  0.391470464974E-04 -0.532075376822E-03 -0.185604292512E-03 -0.829958977454E-04
  0.301433485788E-04 -0.100455286397E-02 -0.391913106363E-03 -0.639481797052E-03 -0.358884591691E-03 -0.831752517738E-03 -0.106457396975E-02
 -0.438668069289E-03 -0.794053952340E-04  0.320492670636E-04 -0.143766262985E-03  0.315435558855E-04 -0.143388852644E-03 -0.845230661031E-03
 -0.407752555817E-03 -0.119619908850E-02 -0.106947081086E-02 -0.101291495269E-02 -0.803690584764E-03 -0.782682633996E-03 -0.782163252387E-03
  0.258242693071E-04 -0.199538228082E-03 -0.593864458340E-03 -0.100441797783E-02
  0.183616876763E-05  0.116081337030E-04  0.148490240905E-04  0.863185187938E-06  0.517277495224E-06 -0.189451338152E-06  0.305207892273E-05
 -0.251145122720E-05  0.128024275929E-07  0.558552249063E-05  0.168437054716E-04  0.690415024168E-05  0.212321809612E-04  0.233796293577E-04
  0.106080940358E-05 -0.420830418298E-05 -0.208600664401E-05 -0.542484380656E-05 -0.424179960086E-07 -0.630619475559E-06  0.366954347445E-05
 -0.105025720314E-05  0.111488483167E-04 -0.258594215618E-05  0.411748129805E-05 -0.650875637214E-05 -0.429013362343E-06 -0.797649661997E-05
 -0.485324383070E-06 -0.623218866306E-07  0.383515207007E-06  0.477355408338E-06
  0.103242957081E-03  0.125246148032E-03  0.993372367221E-04  0.505375136268E-04  0.126130391427E-03  0.115347703520E-03  0.104858155035E-03
  0.459108194192E-04  0.650356533268E-04  0.128926211709E-03  0.123007967597E-03  0.131513019387E-03  0.975087632051E-04  0.636328719206E-04
  0.132260822121E-03  0.109744981760E-03  0.527809043991E-04  0.108976356023E-03  0.441795005843E-04  0.985068975678E-04  0.119158917084E-03
  0.135373709706E-03  0.611382829004E-04  0.754797064772E-04  0.845234465835E-04  0.996055196775E-04  0.104846232442E-03  0.118624989249E-03
  0.555149186470E-04  0.120263019526E-03  0.130423418375E-03  0.743907298650E-04
  0.148649003459E-02  0.142904591883E-02  0.149557590677E-02  0.121793459726E-03  0.136509445547E-02  0.699152760781E-03  0.465903553095E-03
  0.125538562119E-03  0.202687480140E-02  0.111697894182E-02  0.156102990793E-02  0.105788904917E-02  0.185948100649E-02  0.211351090874E-02
  0.122255337040E-02  0.463951388503E-03  0.149556606617E-03  0.604854275895E-03  0.117460781849E-03  0.599122320058E-03  0.197679955245E-02
  0.116095139069E-02  0.237506172431E-02  0.212765571033E-02  0.219410542228E-02  0.176841004312E-02  0.176659172523E-02  0.185122983412E-02
  0.157848356236E-03  0.745681089058E-03  0.151636966790E-02  0.200325727627E-02
 -0.480786646540E-10 -0.181870179488E-10 -0.211527362910E-10 -0.388952333828E-11 -0.331382981753E-10 -0.557206150629E-11  0.105951446476E-10
  0.218170965404E-11 -0.295414177800E-10 -0.394637520248E-11 -0.268107250704E-10  0.252025550025E-10 -0.176623424711E-11  0.116193022348E-10
 -0.209245219366E-10 -0.204451796975E-10 -0.384995561002E-11  0.156711563422E-10  0.534113862587E-11  0.281770120250E-10 -0.834321078656E-10
 -0.805639689417E-10  0.348029893877E-10 -0.788560719667E-11  0.252323221178E-10 -0.688429834337E-10 -0.123747219089E-09 -0.139052582350E-09
 -0.149334080211E-11 -0.286844608722E-10 -0.100379807153E-09 -0.551417086362E-10
        12        15        11        11
        11         2        12        12
         5        10         2         2
        15        21        11        11
        15        22        21        21
        31        28        22        22
        15        12        18        18
        19        18        20        20
        11        21        13        13
        23        13        25        25
         7        12        10        10
        26        21        28        28
         7         8        20        20
        16        15        18        18
        26        24        25        25
        16        30        22        22
         3        11        13        13
         2        10        12        12
         3         1         2         2
        20        12         7         7
        10         6         7         7
        22        15        16        16
        18        17        16        16
        28        27        26        26
        32        24        26        26
         2        11         3         3
        13        14         3         3
        27        28        31        31
         2         1         5         5
         6        10         5         5
        14        13        23        23
        20         8        19        19
        17        18        19        19
        13        21        25        25
         1         3         9         9
        30        16        29        29
         8         7         4         4
        22        28        21        21
        24        23        25        25
        21        26        25        25
        30        31        22        22
        12        20        18        18
        17        29        16        16
        14         9         3         3
        27        32        26        26
         6         4         7         7
zone t="boundary 5 bc-5", solutiontime= 0.8000000E+02, strandid=1005, i=33, j=48, f=feblock
  0.500000000000E+01  0.500000000000E+01  0.500000000000E+01  0.500000000000E+01  0.500000000000E+01  0.500000000000E+01  0.500000000000E+01
  0.500000000000E+01  0.500000000000E+01  0.500000000000E+01  0.500000000000E+01  0.500000000000E+01  0.500000000000E+01  0.500000000000E+01
  0.500000000000E+01  0.500000000000E+01  0.500000000000E+01  0.500000000000E+01  0.500000000000E+01  0.500000000000E+01  0.500000000000E+01
  0.500000000000E+01  0.500000000000E+01  0.500000000000E+01  0.500000000000E+01  0.500000000000E+01  0.500000000000E+01  0.500000000000E+01
  0.500000000000E+01  0.500000000000E+01  0.500000000000E+01  0.500000000000E+01  0.500000000000E+01
  0.250000000000E+01  0.125000000000E+01  0.250000000000E+01  0.157899473280E+01  0.000000000000E+00  0.659350882208E+00  0.250000000000E+01
  0.173899611320E+01  0.825621401394E+00  0.132549389334E+01 -0.125000000000E+01 -0.322732261638E+00  0.250000000000E+01  0.490615021923E-01
 -0.873141960959E+00  0.350800286361E+00  0.145332269920E+01 -0.250000000000E+01 -0.147959633950E+01  0.250000000000E+01 -0.857924212153E+00
 -0.165007033378E+01  0.518568023061E+00 -0.461282870254E+00  0.125000000000E+01 -0.250000000000E+01 -0.183684615440E+01 -0.158398995423E+01
 -0.250000000000E+01 -0.250000000000E+01 -0.125000000000E+01  0.000000000000E+00 -0.250000000000E+01
  0.000000000000E+00  0.000000000000E+00  0.125000000000E+01  0.905837536509E+00  0.000000000000E+00  0.735450417037E+00  0.250000000000E+01
  0.182727219356E+01  0.162230260845E+01  0.280856328277E+01  0.000000000000E+00  0.109945440014E+01  0.375000000000E+01  0.227317933631E+01
  0.189599568386E+01  0.342819755379E+01  0.403384942830E+01  0.000000000000E+00  0.104050588738E+01  0.500000000000E+01  0.297954017413E+01
  0.214587157439E+01  0.430969386006E+01  0.408642231822E+01  0.500000000000E+01  0.125000000000E+01  0.304506426164E+01  0.398205049073E+01
  0.250000000000E+01  0.375000000000E+01  0.500000000000E+01  0.500000000000E+01  0.500000000000E+01
  0.000000000000E+00  0.000000000000E+00  0.509231651017E+00  0.472098660396E+00  0.000000000000E+00  0.480805603697E+00  0.534526640478E+00
  0.535828440334E+00  0.535478265955E+00  0.540785509946E+00  0.000000000000E+00  0.510355985123E+00  0.517182885172E+00  0.539186899467E+00
  0.542978945344E+00  0.529277295987E+00  0.511037681933E+00  0.000000000000E+00  0.495604512708E+00  0.492982637025E+00  0.531173286457E+00
  0.533777938965E+00  0.505621993934E+00  0.512004958312E+00  0.494165297986E+00  0.508459764195E+00  0.529554163546E+00  0.511911907371E+00
  0.537001621764E+00  0.514994863512E+00  0.492397284427E+00  0.494740878675E+00  0.491354393416E+00
  0.999989665041E+00  0.999990314978E+00  0.984104107106E+00  0.976444065643E+00  0.999991520367E+00  0.959042409169E+00  0.100368299998E+01
  0.994429033358E+00  0.991216031156E+00  0.100355134699E+01  0.999992846899E+00  0.971537364772E+00  0.100443305346E+01  0.100528455762E+01
  0.997216104922E+00  0.100662902149E+01  0.100305335378E+01  0.999993511960E+00  0.973515828385E+00  0.100047708080E+01  0.100763800039E+01
  0.100128566133E+01  0.100314070134E+01  0.100383228369E+01  0.100050439023E+01  0.985091609572E+00  0.100596500390E+01  0.100387955250E+01
  0.100289567776E+01  0.100485299288E+01  0.100082904662E+01  0.100062196846E+01  0.100045469615E+01
 -0.382210929776E-03 -0.357707769354E-03 -0.129340191771E-02 -0.163953563283E-02 -0.516031912950E-03 -0.476269893912E-03 -0.654980174466E-03
 -0.875511822459E-03 -0.989647649166E-03 -0.577146910622E-03 -0.335839698325E-03 -0.701442533618E-03 -0.450626030022E-03 -0.719989292627E-03
 -0.785217938202E-03 -0.477134483287E-03 -0.363648872009E-03 -0.350897066605E-03 -0.380964939306E-03 -0.429836085368E-03 -0.572357513168E-03
 -0.774004732492E-03 -0.294697707913E-03 -0.328482580599E-03 -0.428995297237E-03 -0.102587097885E-02 -0.559528326275E-03 -0.365030061180E-03
 -0.671336430937E-03 -0.446979767866E-03 -0.504453147761E-03 -0.406909913781E-03 -0.521788091882E-03
  0.925710422105E-04  0.978734016983E-04  0.223799099297E-03  0.220762504060E-03  0.159191730519E-03  0.642417138135E-03  0.171076692762E-03
  0.226292648754E-03  0.254228037576E-03  0.158306059965E-03  0.117520698741E-03  0.482860349429E-03  0.110415696250E-03  0.185159691439E-03
  0.220844743602E-03  0.132590754788E-03  0.109670937710E-03  0.864339356024E-04  0.480614262449E-03  0.391470464974E-04  0.148424988009E-03
  0.199229338655E-03  0.978474415282E-04  0.115691694014E-03  0.301433485788E-04  0.224952924228E-03  0.138628375361E-03  0.116040915801E-03
  0.172269148391E-03  0.105185541466E-03  0.320492670636E-04  0.315435558855E-04  0.258242693071E-04
  0.156102497250E-04  0.321432319877E-04  0.153217728192E-05  0.713276631018E-04 -0.285398652096E-04  0.629348869514E-04  0.507255852321E-05
  0.252822968863E-04  0.240426668356E-04  0.531200682340E-05 -0.246786872784E-04 -0.661527040346E-04  0.268315339186E-05 -0.811377343212E-05
 -0.211374176788E-04  0.495153790337E-05  0.140578213255E-05 -0.237480975905E-04 -0.495725590650E-04  0.863185187938E-06 -0.612639659209E-05
 -0.206768686699E-04  0.494280709997E-06  0.256255322232E-06 -0.251145122720E-05 -0.187691626348E-04 -0.128730834679E-05 -0.480122647298E-05
  0.138576007473E-05 -0.210886340264E-05 -0.208600664401E-05 -0.424179960086E-07 -0.485324383070E-06
 -0.330314300958E-04 -0.598257873367E-04  0.437123909165E-04  0.293176999712E-04 -0.819371230404E-04 -0.496385655113E-04  0.512952785300E-04
  0.657499541327E-04  0.133157474699E-03  0.579815041976E-04 -0.599251344797E-04  0.241675174088E-04  0.466794380667E-04  0.613989327097E-04
  0.948697082505E-04  0.347600426805E-04  0.493400280861E-04 -0.375879647256E-04 -0.421739561606E-04  0.505375136268E-04  0.364516991750E-04
  0.670909763948E-04  0.351041529719E-04  0.422052265122E-04  0.459108194192E-04  0.464838679427E-04  0.314579530124E-04  0.400198821815E-04
  0.454770684365E-04  0.361871560892E-04  0.527809043991E-04  0.441795005843E-04  0.555149186470E-04
  0.167836251830E-03  0.632689175752E-03  0.321851617758E-03  0.450896237685E-03  0.697567972364E-03 -0.194058424060E-03  0.123494595574E-03
  0.170890210126E-03  0.201166968278E-03  0.104710328196E-03  0.687080791572E-03 -0.342130892249E-04  0.884335420242E-04  0.134820414770E-03
  0.141982567202E-03  0.863235249078E-04  0.631239602814E-04  0.120222921573E-03 -0.135650613935E-03  0.121793459726E-03  0.107526593526E-03
  0.148165664852E-03  0.461756408787E-04  0.492869331275E-04  0.125538562119E-03  0.223883298323E-03  0.108381353787E-03  0.615537535658E-04
  0.128352448684E-03  0.901642673859E-04  0.149556606617E-03  0.117460781849E-03  0.157848356236E-03
 -0.120650264078E-11 -0.742680056131E-12 -0.219740922437E-10 -0.409934297241E-10  0.505641594369E-14 -0.117454784639E-09  0.299606160170E-10
  0.125042325280E-09 -0.266179571057E-10  0.305798600924E-10 -0.204328226959E-14 -0.549374998680E-10 -0.156442030141E-10  0.541271746717E-10
 -0.198854252194E-10 -0.967591504426E-11 -0.130879629514E-10 -0.341891147970E-12 -0.114159846636E-09 -0.388952333828E-11  0.181153107641E-10
  0.235955466792E-10 -0.113411961545E-10 -0.131712447226E-10  0.218170965404E-11 -0.422332023908E-10  0.129087808981E-10 -0.978744158746E-11
  0.416402575456E-10 -0.166515354964E-10 -0.384995561002E-11  0.534113862587E-11 -0.149334080211E-11
        12        15        14        14
        21        16        14        14
         9        14        10        10
        15        22        21        21
        29        27        22        22
        14        16        10        10
         7         8        10        10
        14        15        21        21
        14         9        12        12
         5        12         6         6
        21        24        16        16
        32        23        24        24
        28        21        27        27
        17        16        23        23
        28        31        24        24
        19        15        12        12
         4         2         6         6
         4         9         8         8
        10         8         9         9
        17        13        10        10
        19        26        22        22
        10        16        17        17
        23        25        17        17
        22        15        19        19
        12        11        19        19
        27        30        28        28
        33        31        28        28
         6         9         4         4
         8         3         4         4
        25        23        32        32
        10        13         7         7
         3         8         7         7
        30        27        29        29
         6         2         5         5
        11        12         5         5
        24        23        16        16
        13        17        20        20
        26        19        18        18
         2         4         1         1
        22        27        21        21
        31        32        24        24
        21        28        24        24
        26        29        22        22
         9         6        12        12
        11        18        19        19
        25        20        17        17
        30        33        28        28
         3         1         4         4
zone t="boundary 6 bc-6", solutiontime= 0.8000000E+02, strandid=1006, i=33, j=48, f=feblock
  0.375000000000E+01  0.250000000000E+01  0.500000000000E+01  0.403384942830E+01  0.280856328277E+01  0.125000000000E+01  0.182727219356E+01
  0.500000000000E+01  0.430969386006E+01  0.342819755379E+01  0.227317933631E+01  0.162230260845E+01  0.000000000000E+00  0.905837536509E+00
  0.500000000000E+01  0.408642231822E+01  0.297954017413E+01  0.189599568386E+01  0.109945440014E+01  0.735450417037E+00  0.000000000000E+00
  0.500000000000E+01  0.398205049073E+01  0.304506426164E+01  0.214587157439E+01  0.104050588738E+01  0.000000000000E+00  0.000000000000E+00
  0.500000000000E+01  0.375000000000E+01  0.250000000000E+01  0.125000000000E+01  0.000000000000E+00
  0.250000000000E+01  0.250000000000E+01  0.250000000000E+01  0.145332269920E+01  0.132549389334E+01  0.250000000000E+01  0.173899611320E+01
  0.125000000000E+01  0.518568023061E+00  0.350800286361E+00  0.490615021923E-01  0.825621401394E+00  0.250000000000E+01  0.157899473280E+01
  0.000000000000E+00 -0.461282870254E+00 -0.857924212153E+00 -0.873141960959E+00 -0.322732261638E+00  0.659350882208E+00  0.125000000000E+01
 -0.125000000000E+01 -0.158398995423E+01 -0.183684615440E+01 -0.165007033378E+01 -0.147959633950E+01  0.000000000000E+00 -0.125000000000E+01
 -0.250000000000E+01 -0.250000000000E+01 -0.250000000000E+01 -0.250000000000E+01 -0.250000000000E+01
  0.000000000000E+00  0.000000000000E+00  0.000000000000E+00  0.000000000000E+00  0.000000000000E+00  0.000000000000E+00  0.000000000000E+00
  0.000000000000E+00  0.000000000000E+00  0.000000000000E+00  0.000000000000E+00  0.000000000000E+00  0.000000000000E+00  0.000000000000E+00
  0.000000000000E+00  0.000000000000E+00  0.000000000000E+00  0.000000000000E+00  0.000000000000E+00  0.000000000000E+00  0.000000000000E+00
  0.000000000000E+00  0.000000000000E+00  0.000000000000E+00  0.000000000000E+00  0.000000000000E+00  0.000000000000E+00  0.000000000000E+00
  0.000000000000E+00  0.000000000000E+00  0.000000000000E+00  0.000000000000E+00  0.000000000000E+00
  0.000000000000E+00  0.000000000000E+00  0.000000000000E+00  0.000000000000E+00  0.000000000000E+00  0.000000000000E+00  0.000000000000E+00
  0.000000000000E+00  0.000000000000E+00  0.000000000000E+00  0.000000000000E+00  0.000000000000E+00  0.000000000000E+00  0.000000000000E+00
  0.000000000000E+00  0.000000000000E+00  0.000000000000E+00  0.000000000000E+00  0.000000000000E+00  0.000000000000E+00  0.000000000000E+00
  0.000000000000E+00  0.000000000000E+00  0.000000000000E+00  0.000000000000E+00  0.000000000000E+00  0.000000000000E+00  0.000000000000E+00
  0.000000000000E+00  0.000000000000E+00  0.000000000000E+00  0.000000000000E+00  0.000000000000E+00
  0.999989380190E+00  0.999989451040E+00  0.999989665041E+00  0.999989636947E+00  0.999989659209E+00  0.999989868921E+00  0.999989838547E+00
  0.999990314978E+00  0.999990717139E+00  0.999990526267E+00  0.999991266627E+00  0.999990619998E+00  0.999990335442E+00  0.999990410387E+00
  0.999991520367E+00  0.999992169986E+00  0.999992719204E+00  0.999992350550E+00  0.999991680168E+00  0.999990956169E+00  0.999990797222E+00
  0.999992846899E+00  0.999993421276E+00  0.999993505912E+00  0.999993182332E+00  0.999992551088E+00  0.999991453848E+00  0.999992202332E+00
  0.999993511960E+00  0.999993715260E+00  0.999993570321E+00  0.999993167142E+00  0.999992753610E+00
 -0.224286309803E-03  0.188908906357E-03 -0.382210929776E-03 -0.323451622706E-03  0.557602679490E-04  0.423925219792E-03  0.245908421797E-03
 -0.357707769354E-03 -0.387548944211E-03 -0.136219032864E-03  0.113704090638E-03  0.261922744920E-03  0.589609627095E-03  0.486703689262E-03
 -0.516031912950E-03 -0.383747009550E-03 -0.549995808027E-04  0.257802412879E-03  0.289122143275E-03  0.490728750527E-03  0.791814364254E-03
 -0.335839698325E-03 -0.325270115987E-03 -0.104306410127E-03 -0.492791014054E-04  0.364724741054E-03  0.658756873155E-03  0.398076855905E-03
 -0.350897066605E-03 -0.303322287736E-03 -0.325548153186E-03  0.439704619650E-03  0.721717093060E-03
 -0.564647327091E-04 -0.638693148781E-04  0.925710422105E-04 -0.569773443773E-04 -0.194900125763E-03 -0.704496039917E-04 -0.386892418970E-04
  0.978734016983E-04 -0.461409543793E-04 -0.126981303690E-03 -0.106567534357E-03 -0.822192664270E-04  0.279227645927E-04 -0.120481306597E-03
  0.159191730519E-03 -0.509506646707E-04 -0.989250417536E-04 -0.121223618329E-03 -0.119460000757E-03 -0.115616373690E-03  0.500696006156E-04
  0.117520698741E-03 -0.242205479950E-04 -0.670353573941E-04 -0.973020866738E-04 -0.169401036761E-03  0.609773139074E-04  0.663303167787E-04
  0.864339356024E-04 -0.108223371451E-04  0.109991391013E-04 -0.102446296813E-03  0.524023683451E-04
 -0.109320822483E-04  0.804437536718E-06  0.156102497250E-04 -0.355661291910E-05  0.256524350866E-04  0.239970412553E-04  0.850280827114E-05
  0.321432319877E-04  0.185153373677E-04  0.575644048634E-05  0.356274143691E-05  0.213008575954E-04  0.285309484189E-04  0.125281286099E-04
 -0.285398652096E-04 -0.409408704395E-04 -0.403353310133E-04 -0.386143280508E-04 -0.981441827644E-04  0.633690445986E-05  0.389438930370E-04
 -0.246786872784E-04 -0.228479741754E-04  0.543476139405E-04  0.174993564564E-03  0.291445525783E-04  0.423596336779E-04 -0.410054167970E-04
 -0.237480975905E-04  0.977440806298E-05  0.379491600551E-04  0.172499149296E-04 -0.574876169702E-04
 -0.562100647878E-04 -0.107410215742E-03 -0.330314300958E-04 -0.136964603744E-03 -0.249805646705E-03 -0.919823573871E-04 -0.116666936553E-03
 -0.598257873367E-04 -0.108446605786E-03 -0.152611113489E-03 -0.222775972717E-03 -0.290591436687E-03 -0.164929291307E-03 -0.108641675254E-03
 -0.819371230404E-04 -0.928412184337E-04 -0.143647544392E-03 -0.207016706013E-03 -0.436297015469E-03 -0.189940967494E-03 -0.195225236405E-03
 -0.599251344797E-04 -0.543467071040E-04 -0.628830645482E-04 -0.152201452397E-03 -0.346334101741E-03 -0.113068456327E-03 -0.148108015001E-03
 -0.375879647256E-04 -0.190862672751E-04 -0.457288382510E-04 -0.136286395435E-03 -0.129038422968E-03
  0.931647318483E-03  0.284833659468E-03  0.167836251830E-03  0.618711434555E-03  0.942380964482E-03 -0.369605815898E-05  0.419764138563E-03
  0.632689175752E-03  0.335483917585E-03  0.762719920605E-03  0.859301328683E-03  0.188216383130E-03 -0.466987846841E-03  0.693019120323E-03
  0.697567972364E-03  0.715349903118E-03  0.106099728061E-02  0.181237649311E-03  0.371625748913E-03  0.523159170054E-03 -0.759309961934E-03
  0.687080791572E-03  0.662794066050E-03 -0.421665196204E-04  0.373468018744E-03 -0.133966513451E-03 -0.376869572746E-04  0.147528008066E-03
  0.120222921573E-03  0.199831600517E-03  0.542340588588E-03  0.106185525296E-02 -0.191730849676E-03
 -0.356168200676E-11 -0.111758260183E-10 -0.120650264078E-11 -0.224198532290E-10 -0.580616853881E-10 -0.721071410227E-10 -0.677560229742E-10
 -0.742680056131E-12 -0.699630904334E-11 -0.302896901754E-10 -0.316216151343E-10 -0.121586038236E-09 -0.287478836534E-09 -0.692612290128E-10
  0.505641594369E-14 -0.421194889740E-11 -0.110414035173E-10 -0.276523664638E-10 -0.421917542182E-09 -0.168951918996E-09 -0.373724644282E-09
 -0.204328226959E-14 -0.699624097072E-11 -0.121961711813E-10 -0.444642183695E-11 -0.114459387547E-09  0.175979521849E-09  0.802293756764E-10
 -0.341891147970E-12 -0.359165675934E-11 -0.437183096924E-11 -0.181244608837E-10 -0.483451593665E-10
        19        18        11        11
        17        10        11        11
        12        11         5         5
        18        25        17        17
        31        24        25        25
        11        10         5         5
         2         7         5         5
        11        18        17        17
        11        12        19        19
        27        19        20        20
        17        16        10        10
        15         9        16        16
        23        17        24        24
         4        10         9         9
        23        22        16        16
        26        18        19        19
        14        21        20        20
        14        12         7         7
         5         7        12        12
         4         1         5         5
        26        32        25        25
         5        10         4         4
         9         8         4         4
        25        18        26        26
        19        28        26        26
        24        30        23        23
        29        22        23        23
        20        12        14        14
         7         6        14        14
         8         9        15        15
         5         1         2         2
         6         7         2         2
        30        24        31        31
        20        21        27        27
        28        19        27        27
        16         9        10        10
         1         4         3         3
        32        26        33        33
        21        14        13        13
        25        24        17        17
        22        15        16        16
        17        23        16        16
        32        31        25        25
        12        20        19        19
        28        33        26        26
         8         3         4         4
        30        29        23        23
         6        13        14        14
