title="tecplot geometry and solution file"
variables = x y z mach temperature lambda1 lambda2 lambda3 lambda4 lambda5 lambda6
zone t="boundary 1 bc-1", solutiontime= 0.3000000E+02, strandid=1001, i=32, j=46, f=feblock
  0.000000000000E+00  0.000000000000E+00  0.000000000000E+00  0.000000000000E+00  0.000000000000E+00  0.000000000000E+00  0.000000000000E+00
  0.000000000000E+00  0.000000000000E+00  0.000000000000E+00  0.000000000000E+00  0.000000000000E+00  0.000000000000E+00  0.000000000000E+00
  0.000000000000E+00  0.000000000000E+00  0.000000000000E+00  0.000000000000E+00  0.000000000000E+00  0.000000000000E+00  0.000000000000E+00
  0.000000000000E+00  0.000000000000E+00  0.000000000000E+00  0.000000000000E+00  0.000000000000E+00  0.000000000000E+00  0.000000000000E+00
  0.000000000000E+00  0.000000000000E+00  0.000000000000E+00  0.000000000000E+00
  0.250000000000E+01  0.250000000000E+01  0.125000000000E+01  0.146289271009E+01  0.157686156160E+01  0.308372018325E+00  0.000000000000E+00
 -0.125000000000E+01 -0.600232012419E+00  0.250000000000E+01  0.477386199275E+00  0.742988685424E+00 -0.739814786992E+00  0.177790177481E+01
  0.155830813274E+01  0.250000000000E+01 -0.250000000000E+01 -0.154800130438E+01 -0.487811078581E+00  0.250000000000E+01  0.627766083140E+00
 -0.345533899378E+00 -0.178862290564E+01 -0.158811787973E+01  0.125000000000E+01 -0.250000000000E+01 -0.144524380962E+01  0.000000000000E+00
 -0.125000000000E+01 -0.250000000000E+01 -0.250000000000E+01 -0.250000000000E+01
  0.000000000000E+00  0.125000000000E+01  0.000000000000E+00  0.103724302461E+01  0.219251206392E+01  0.922061490191E+00  0.000000000000E+00
  0.000000000000E+00  0.715990576545E+00  0.250000000000E+01  0.202479342020E+01  0.324151231464E+01  0.175434191980E+01  0.310152362409E+01
  0.404200324774E+01  0.375000000000E+01  0.000000000000E+00  0.930412228790E+00  0.299062775774E+01  0.500000000000E+01  0.429310310915E+01
  0.409252726285E+01  0.187029682677E+01  0.284428995242E+01  0.500000000000E+01  0.125000000000E+01  0.394624082883E+01  0.500000000000E+01
  0.500000000000E+01  0.250000000000E+01  0.375000000000E+01  0.500000000000E+01
  0.000000000000E+00  0.441238864710E+00  0.000000000000E+00  0.475212333418E+00  0.460125600047E+00  0.468825459916E+00  0.000000000000E+00
  0.000000000000E+00  0.402299647307E+00  0.469815278546E+00  0.464413480260E+00  0.478714152972E+00  0.489298547802E+00  0.483067971662E+00
  0.487929224832E+00  0.488960767301E+00  0.000000000000E+00  0.464773408827E+00  0.473796242669E+00  0.495345969094E+00  0.490265403772E+00
  0.486285557293E+00  0.445720648663E+00  0.464383522981E+00  0.496127006189E+00  0.443623519427E+00  0.486963956588E+00  0.497245800655E+00
  0.496058644718E+00  0.467732961393E+00  0.488211579388E+00  0.495097551278E+00
  0.999990335442E+00  0.102982730935E+01  0.999990797222E+00  0.104247144519E+01  0.101190167613E+01  0.102520600953E+01  0.999991453848E+00
  0.999992202332E+00  0.103891124272E+01  0.100826302705E+01  0.101252909219E+01  0.100300571845E+01  0.102702848665E+01  0.100605562865E+01
  0.100244399774E+01  0.100355656280E+01  0.999992753610E+00  0.103239691667E+01  0.100459561267E+01  0.100179353455E+01  0.100260307775E+01
  0.100234974224E+01  0.101657231252E+01  0.100617628259E+01  0.100168864675E+01  0.104043187424E+01  0.100303393289E+01  0.100118748788E+01
  0.100134189338E+01  0.100976788455E+01  0.100405369623E+01  0.100176128351E+01
 -0.154109498513E+00 -0.780400144453E+00 -0.175117847819E+00 -0.124638429474E+01 -0.854289964262E-01 -0.149105309137E+01 -0.129693313837E+00
 -0.429982695012E-01 -0.149780188759E+01  0.435343434062E-01 -0.963818915327E-01  0.177565473836E+00 -0.777392885575E-01  0.989078772540E-01
  0.236466298762E+00  0.235807983753E+00 -0.762518909333E-01 -0.964134028295E+00  0.129940054831E+00  0.861090614051E+00  0.306909372279E+00
  0.204645286951E+00 -0.446317140140E-01  0.109750731453E+00  0.890730439118E+00 -0.609124194822E+00  0.159192560954E+00  0.981461810276E+00
  0.865886477342E+00  0.887429870399E-01  0.174936215498E+00  0.813556575269E+00
 -0.595547278954E-02 -0.113287006898E+00 -0.833066595683E-02 -0.159748414365E+00 -0.387794393864E-02 -0.226620842220E+00 -0.901481463076E-02
 -0.780551148633E-02 -0.223566046843E+00  0.200813093048E-01 -0.861542149886E-02  0.373933365901E-01  0.312748387491E-02  0.289413166919E-01
  0.463087394052E-01  0.518282188625E-01 -0.688079341921E-02 -0.150439713356E+00  0.260148634541E-01  0.176794428332E+00  0.608411494093E-01
  0.391585699747E-01  0.549609591733E-02  0.210958290200E-01  0.186478843359E+00 -0.746856645253E-01  0.313814888741E-01  0.206186368204E+00
  0.181167570247E+00  0.224069753270E-01  0.372967850845E-01  0.169228358446E+00
 -0.104709769329E-01 -0.321881083615E-02 -0.141021358890E-01 -0.322507457637E-01 -0.365675171473E-02 -0.166675648593E-01 -0.116230814400E-01
  0.448481337794E-02  0.789764050332E-03  0.343601745210E-03 -0.346391575466E-02 -0.322173785908E-02  0.382788127404E-02 -0.495891163815E-03
  0.139456222303E-02  0.712888201195E-04  0.600421902033E-02  0.204623792981E-01 -0.283693605685E-03 -0.883064431741E-04  0.987220062920E-03
  0.114159517338E-02  0.758445015002E-03  0.368222271119E-02 -0.219123751094E-02  0.265391685959E-02  0.209904658648E-02  0.547088755551E-03
  0.198677534772E-02  0.559554404841E-03  0.194458556320E-03 -0.172732063424E-03
  0.374068988946E-01  0.332899614444E-01  0.406930985175E-01 -0.207944112576E-03 -0.366156525961E-01 -0.400244268641E-01  0.232573761933E-01
  0.198810840715E-01 -0.298751650028E-01 -0.401294370948E-01 -0.738158640998E-01 -0.404867570944E-01 -0.817962204996E-01 -0.379472104883E-01
 -0.278819401549E-01 -0.328643549819E-01  0.149191569944E-01 -0.243966813463E-01 -0.465191754177E-01 -0.116713808960E-01 -0.257836898432E-01
 -0.306683674406E-01 -0.550667539391E-01 -0.376648806650E-01 -0.112166447152E-01 -0.284918060809E-01 -0.280663211911E-01 -0.106179215820E-01
 -0.126804768869E-01 -0.424986043339E-01 -0.287358880149E-01 -0.124590636973E-01
  0.123592526768E+00  0.321546655770E+00  0.167309010273E+00  0.498960438472E+00  0.355784500359E-01  0.619563757104E+00 -0.111800175249E-01
 -0.280777876101E-01  0.622888038830E+00 -0.175030982592E-01  0.422389113496E-01 -0.693769044901E-01  0.337365172144E-01 -0.389528707178E-01
 -0.944319399599E-01 -0.950963154584E-01  0.249388881476E-01  0.403285761983E+00 -0.480983440680E-01 -0.357466279199E+00 -0.123942132157E+00
 -0.809039472545E-01  0.217320143620E-01 -0.391892254000E-01 -0.370434029138E+00  0.248473233594E+00 -0.620508074426E-01 -0.409366534366E+00
 -0.360329672967E+00 -0.321223513901E-01 -0.694656865629E-01 -0.337665695409E+00
  0.714354308760E-07  0.152577051853E-06  0.758663442805E-07  0.276234455309E-06  0.795371465546E-07  0.581119677963E-07 -0.452845088619E-07
 -0.139964984011E-07 -0.125987045736E-05  0.678026278092E-07  0.224006853407E-06  0.106437440079E-06  0.153544864513E-06  0.794479763631E-07
  0.251178042133E-07  0.483240144282E-07  0.798560125671E-08 -0.268338968440E-06  0.105949985357E-06  0.730064992200E-08  0.109645728586E-07
  0.196028711277E-07  0.938833177551E-07  0.948711811305E-07 -0.784274479541E-09  0.131952935734E-06  0.255815657194E-07 -0.673521755041E-08
 -0.308350197670E-09  0.746350738923E-07  0.369694297207E-07  0.754322553069E-08
        12        19        11        11
        11         5        12        12
        10        14         5         5
        19        13        11        11
        19        24        13        13
        30        23        24        24
        19        12        22        22
        28        22        21        21
        11        13         6         6
         7         6         9         9
        15        12        14        14
        18        13        23        23
        15        25        21        21
        27        19        22        22
        18         8         9         9
        27        31        24        24
         4        11         6         6
         5        14        12        12
         4         2         5         5
        21        12        15        15
        14        16        15        15
        24        19        27        27
        22        29        27        27
        23        26        18        18
        17         8        18        18
         5        11         4         4
         6         3         4         4
        26        23        30        30
         5         2        10        10
        16        14        10        10
         3         6         7         7
        21        25        28        28
        29        22        28        28
         6        13         9         9
         2         4         1         1
        31        27        32        32
        25        15        20        20
        24        23        13        13
         8         7         9         9
        13        18         9         9
        31        30        24        24
        12        21        22        22
        29        32        27        27
         3         1         4         4
        26        17        18        18
        16        20        15        15
zone t="boundary 2 bc-2", solutiontime= 0.3000000E+02, strandid=1002, i=33, j=48, f=feblock
  0.500000000000E+01  0.375000000000E+01  0.250000000000E+01  0.288078410721E+01  0.125000000000E+01  0.190974100652E+01  0.326683758169E+01
  0.201431602454E+01  0.000000000000E+00  0.963108083381E+00  0.500000000000E+01  0.403552511878E+01  0.423153924130E+01  0.500000000000E+01
  0.385533350601E+01  0.500000000000E+01  0.398173246726E+01  0.315249557942E+01  0.267000324704E+01  0.154774304040E+01  0.218329375016E+01
  0.893127759452E+00  0.000000000000E+00  0.698517061619E+00  0.964171764089E+00  0.310324758057E+01  0.000000000000E+00  0.000000000000E+00
  0.125000000000E+01  0.500000000000E+01  0.375000000000E+01  0.250000000000E+01  0.000000000000E+00
 -0.250000000000E+01 -0.250000000000E+01 -0.250000000000E+01 -0.250000000000E+01 -0.250000000000E+01 -0.250000000000E+01 -0.250000000000E+01
 -0.250000000000E+01 -0.250000000000E+01 -0.250000000000E+01 -0.250000000000E+01 -0.250000000000E+01 -0.250000000000E+01 -0.250000000000E+01
 -0.250000000000E+01 -0.250000000000E+01 -0.250000000000E+01 -0.250000000000E+01 -0.250000000000E+01 -0.250000000000E+01 -0.250000000000E+01
 -0.250000000000E+01 -0.250000000000E+01 -0.250000000000E+01 -0.250000000000E+01 -0.250000000000E+01 -0.250000000000E+01 -0.250000000000E+01
 -0.250000000000E+01 -0.250000000000E+01 -0.250000000000E+01 -0.250000000000E+01 -0.250000000000E+01
  0.000000000000E+00  0.000000000000E+00  0.000000000000E+00  0.904659890645E+00  0.000000000000E+00  0.717002441913E+00  0.188609243358E+01
  0.176246431481E+01  0.000000000000E+00  0.961328577125E+00  0.125000000000E+01  0.101201586758E+01  0.191586535653E+01  0.250000000000E+01
  0.293121848150E+01  0.375000000000E+01  0.406975391361E+01  0.363585050272E+01  0.285047954584E+01  0.292817774674E+01  0.395907379566E+01
  0.205246550326E+01  0.125000000000E+01  0.306828197606E+01  0.397245519226E+01  0.433168271247E+01  0.250000000000E+01  0.375000000000E+01
  0.500000000000E+01  0.500000000000E+01  0.500000000000E+01  0.500000000000E+01  0.500000000000E+01
  0.000000000000E+00  0.000000000000E+00  0.000000000000E+00  0.380991677071E+00  0.000000000000E+00  0.343629846333E+00  0.585283712637E+00
  0.579371274939E+00  0.000000000000E+00  0.501053781697E+00  0.508459764195E+00  0.435372705232E+00  0.572637650783E+00  0.537001621764E+00
  0.568921604272E+00  0.514994863512E+00  0.508249384174E+00  0.527254272376E+00  0.567446148296E+00  0.531657889979E+00  0.505982349932E+00
  0.520795557933E+00  0.443623519427E+00  0.490664279058E+00  0.492156105736E+00  0.501392667577E+00  0.467732961393E+00  0.488211579388E+00
  0.490002415326E+00  0.491354393416E+00  0.486078174930E+00  0.490037677861E+00  0.495097551278E+00
  0.999993511960E+00  0.999993715260E+00  0.999993570321E+00  0.989539101465E+00  0.999993167142E+00  0.985524838689E+00  0.989838839696E+00
  0.991798259717E+00  0.999992753610E+00  0.984411184056E+00  0.985091609572E+00  0.984689131748E+00  0.990058406085E+00  0.100289567776E+01
  0.999855182158E+00  0.100485299288E+01  0.100121572260E+01  0.100055639449E+01  0.997896752171E+00  0.100350023825E+01  0.100058089063E+01
  0.101093252220E+01  0.104043187424E+01  0.100326541074E+01  0.100254508116E+01  0.100045601675E+01  0.100976788455E+01  0.100405369623E+01
  0.100192661355E+01  0.100045469615E+01  0.100058772260E+01  0.100109988203E+01  0.100176128351E+01
  0.631321369861E-01  0.497921163913E-01  0.303279694526E-01 -0.582062857341E+00 -0.593138225367E-01 -0.192680279654E+01  0.129410998784E+00
 -0.193834681199E-01 -0.762518909333E-01 -0.893570405941E+00  0.166021616651E+00  0.190802343728E+00  0.130506305350E+00  0.111423685796E+00
  0.819963822552E-01  0.749336298314E-01  0.552034408933E-01  0.638367383473E-01  0.104810353495E+00  0.124749950957E+00  0.832523042409E-01
 -0.313755109250E-01 -0.609124194822E+00  0.844388269239E-01  0.153632134629E+00  0.100304637119E+00  0.887429870399E-01  0.174936215498E+00
  0.731980580891E+00  0.872342190584E-01  0.334356280011E+00  0.643067563993E+00  0.813556575269E+00
 -0.171109245923E-01  0.472898477856E-02 -0.443244229767E-03 -0.100523928853E+00  0.109534948976E-01 -0.239843266713E+00  0.106330681290E-03
  0.977082956816E-02 -0.688079341921E-02 -0.105674623991E+00 -0.374849477223E-01 -0.186602927342E-02 -0.192557530874E-01 -0.285016528685E-01
 -0.190923170905E-01 -0.175713517937E-01 -0.210991229881E-01 -0.176392274043E-01 -0.673590824100E-02  0.101735841605E-01 -0.758365769360E-02
  0.858970693277E-02 -0.746856645253E-01  0.553137380001E-02  0.176661668758E-01 -0.104284743448E-01  0.224069753270E-01  0.372967850845E-01
  0.131640471730E+00 -0.440822048491E-02  0.335863874858E-01  0.999404654430E-01  0.169228358446E+00
  0.380326643381E-02 -0.100770917046E-02 -0.590725211708E-02 -0.135950783334E-01 -0.314172996068E-02 -0.239145008130E-01  0.189449835132E-02
 -0.151959481586E-03  0.600421902033E-02 -0.919793354073E-02  0.220242822424E-02  0.707370492569E-02 -0.135959543979E-03 -0.211591205236E-03
 -0.168962832800E-03  0.332934038857E-03 -0.440207320850E-04  0.176719400876E-03 -0.268399298319E-03 -0.648185921680E-03  0.425245479252E-03
 -0.693227716135E-03  0.265391685959E-02 -0.117320097926E-03  0.680517347998E-04  0.148334083421E-03  0.559554404841E-03  0.194458556320E-03
  0.623451483951E-04  0.574197816348E-04 -0.140282052234E-04 -0.429114762374E-04 -0.172732063424E-03
  0.496481428084E-02  0.497875550205E-02  0.754140831060E-02 -0.256690882713E-01  0.174398415874E-01 -0.540807874314E-02 -0.387128803952E-01
 -0.516711286725E-01  0.149191569944E-01 -0.243589720881E-01 -0.736010908552E-02 -0.270602618532E-01 -0.156430842693E-01 -0.708480081627E-02
 -0.162600024664E-01 -0.596593652158E-02 -0.158573680634E-01 -0.223985021647E-01 -0.264937618377E-01 -0.275955581636E-01 -0.258860572499E-01
 -0.412498470071E-01 -0.284918060809E-01 -0.293805546947E-01 -0.259599222509E-01 -0.223787629297E-01 -0.424986043339E-01 -0.287358880149E-01
 -0.174862135727E-01 -0.930242353625E-02 -0.202543009784E-01 -0.219807348089E-01 -0.124590636973E-01
 -0.169936482514E-01 -0.478785108303E-01 -0.834041985588E-01  0.265852080476E+00 -0.100535367945E+00  0.825634035191E+00 -0.382799983284E-01
  0.106593416191E-01  0.249388881476E-01  0.370511442172E+00 -0.359560915304E-01 -0.576602180133E-01 -0.320205413718E-01 -0.213619742101E-01
 -0.159816163441E-01 -0.151532943813E-01 -0.757676258524E-02 -0.115775879106E-01 -0.285941292198E-01 -0.422128204606E-01 -0.222403590114E-01
  0.146108300237E-01  0.248473233594E+00 -0.271074809701E-01 -0.560271785417E-01 -0.273737573731E-01 -0.321223513901E-01 -0.694656865629E-01
 -0.297398077420E+00 -0.263610046961E-01 -0.125468307294E+00 -0.255684039928E+00 -0.337665695409E+00
  0.296105550259E-10  0.329671558034E-09  0.654474271768E-09  0.346940200471E-07  0.247819527817E-08  0.784803494866E-07  0.335337760010E-07
  0.201845807742E-06  0.798560125671E-08  0.161765814949E-06  0.366380966274E-08  0.903663849981E-08 -0.139624969172E-07 -0.586621719387E-08
 -0.662840979844E-09  0.299443770769E-08  0.449555681537E-08  0.722618640634E-08  0.145817216918E-07  0.415411824654E-07  0.141742361174E-07
  0.147587362402E-06  0.131952935734E-06  0.570824879712E-07  0.173662306903E-07  0.868606323803E-08  0.746350738923E-07  0.369694297207E-07
  0.198689037874E-07  0.246191509944E-09  0.475266864978E-08  0.165002439481E-07  0.754322553069E-08
        15         7        19        19
         8        20        19        19
        18        19        21        21
         7         4         8         8
         3         6         4         4
        19         7         8         8
        19        18        15        15
        14        13        15        15
         8        22        20        20
        27        24        22        22
        19        20        21        21
        32        26        21        21
        17        18        26        26
        17        16        15        15
        25        29        21        21
        12         7        13        13
        10         8         6         6
        25        20        24        24
         4         6         8         8
        12         2         4         4
        10        23        22        22
        26        31        17        17
        30        16        17        17
         4         7        12        12
        13        11        12        12
        21        20        25        25
        24        28        25        25
        22         8        10        10
         6         5        10        10
        31        26        32        32
         4         2         3         3
         5         6         3         3
        11        13        14        14
        22        23        27        27
        28        24        27        27
        15        13         7         7
         2        12         1         1
        29        25        33        33
        23        10         9         9
        21        26        18        18
        16        14        15        15
        18        17        15        15
        29        32        21        21
        22        24        20        20
        28        33        25        25
        11         1        12        12
        31        30        17        17
         5         9        10        10
zone t="boundary 3 bc-3", solutiontime= 0.3000000E+02, strandid=1003, i=33, j=48, f=feblock
  0.375000000000E+01  0.250000000000E+01  0.500000000000E+01  0.403552511878E+01  0.288078410721E+01  0.125000000000E+01  0.190974100652E+01
  0.500000000000E+01  0.326683758169E+01  0.423153924130E+01  0.201431602454E+01  0.000000000000E+00  0.963108083381E+00  0.500000000000E+01
  0.267000324704E+01  0.385533350601E+01  0.893127759452E+00  0.154774304040E+01  0.000000000000E+00  0.500000000000E+01  0.315249557942E+01
  0.218329375016E+01  0.398173246726E+01  0.000000000000E+00  0.698517061619E+00  0.964171764089E+00  0.125000000000E+01  0.000000000000E+00
  0.500000000000E+01  0.310324758057E+01  0.250000000000E+01  0.375000000000E+01  0.000000000000E+00
  0.250000000000E+01  0.250000000000E+01  0.250000000000E+01  0.250000000000E+01  0.250000000000E+01  0.250000000000E+01  0.250000000000E+01
  0.250000000000E+01  0.250000000000E+01  0.250000000000E+01  0.250000000000E+01  0.250000000000E+01  0.250000000000E+01  0.250000000000E+01
  0.250000000000E+01  0.250000000000E+01  0.250000000000E+01  0.250000000000E+01  0.250000000000E+01  0.250000000000E+01  0.250000000000E+01
  0.250000000000E+01  0.250000000000E+01  0.250000000000E+01  0.250000000000E+01  0.250000000000E+01  0.250000000000E+01  0.250000000000E+01
  0.250000000000E+01  0.250000000000E+01  0.250000000000E+01  0.250000000000E+01  0.250000000000E+01
  0.000000000000E+00  0.000000000000E+00  0.000000000000E+00  0.101201586758E+01  0.904659890645E+00  0.000000000000E+00  0.717002441913E+00
  0.125000000000E+01  0.188609243358E+01  0.191586535653E+01  0.176246431481E+01  0.000000000000E+00  0.961328577125E+00  0.250000000000E+01
  0.285047954584E+01  0.293121848150E+01  0.205246550326E+01  0.292817774674E+01  0.125000000000E+01  0.375000000000E+01  0.363585050272E+01
  0.395907379566E+01  0.406975391361E+01  0.250000000000E+01  0.306828197606E+01  0.397245519226E+01  0.500000000000E+01  0.375000000000E+01
  0.500000000000E+01  0.433168271247E+01  0.500000000000E+01  0.500000000000E+01  0.500000000000E+01
  0.000000000000E+00  0.000000000000E+00  0.000000000000E+00  0.443768049813E+00  0.402287063289E+00  0.000000000000E+00  0.377550015530E+00
  0.509231651017E+00  0.575830373842E+00  0.573705119893E+00  0.562552484917E+00  0.000000000000E+00  0.490560996922E+00  0.534526640478E+00
  0.556587161529E+00  0.564391003890E+00  0.522730520214E+00  0.522053035057E+00  0.441238864710E+00  0.517182885172E+00  0.524230081365E+00
  0.503688666615E+00  0.509490322369E+00  0.469815278546E+00  0.495614921017E+00  0.494483812152E+00  0.488562139423E+00  0.488960767301E+00
  0.492982637025E+00  0.499007441401E+00  0.486462299176E+00  0.484599832491E+00  0.495345969094E+00
  0.999989380190E+00  0.999989451040E+00  0.999989665041E+00  0.981541820811E+00  0.988773959065E+00  0.999989868921E+00  0.982469495615E+00
  0.984104107106E+00  0.990427340160E+00  0.990355127069E+00  0.994362617112E+00  0.999990335442E+00  0.988651707786E+00  0.100368299998E+01
  0.999769041194E+00  0.100118460274E+01  0.100834871539E+01  0.100252122579E+01  0.102982730935E+01  0.100443305346E+01  0.100199527495E+01
  0.100082072308E+01  0.100138208455E+01  0.100826302705E+01  0.100298818591E+01  0.100192398684E+01  0.100215265586E+01  0.100355656280E+01
  0.100047708080E+01  0.100056610141E+01  0.100126814609E+01  0.100066576236E+01  0.100179353455E+01
  0.438265659885E-01 -0.329849850644E-01  0.716810139904E-01 -0.408061538105E+00 -0.156416859957E+01 -0.970679578367E-01 -0.155705577683E+01
  0.245709468320E+00  0.123915234430E+00  0.154469926674E+00 -0.261329684285E+00 -0.154109498513E+00 -0.105794179959E+01  0.116983717334E+00
  0.136453977999E+00  0.963356646575E-01 -0.330943259430E-01  0.131909578159E+00 -0.780400144453E+00  0.797199314774E-01  0.583415568989E-01
  0.798172717244E-01  0.608075511975E-01  0.435343434062E-01  0.112746428545E+00  0.211397474718E+00  0.648576579709E+00  0.235807983753E+00
  0.755320387050E-01  0.928735874740E-01  0.606239079740E+00  0.328733010406E+00  0.861090614051E+00
  0.101454781498E-01  0.978639032087E-02 -0.180144304093E-01 -0.113926003357E+00 -0.216392553351E+00  0.206082703947E-01 -0.193891809325E+00
 -0.399978656937E-01  0.176721874875E-02 -0.212178447650E-01 -0.569479459717E-02 -0.595547278954E-02 -0.803076880382E-01 -0.306124183943E-01
  0.180106555888E-02 -0.161571937836E-01  0.283777453678E-01  0.136592332710E-01 -0.113287006898E+00 -0.195477532101E-01 -0.170199657172E-01
 -0.933709887283E-02 -0.197817965522E-01  0.200813093048E-01  0.262646839522E-01  0.264622468605E-01  0.114992717107E+00  0.518282188625E-01
 -0.688089837331E-02 -0.109705157182E-01  0.939729716330E-01  0.326121041588E-01  0.176794428332E+00
  0.191047423344E-02 -0.108299940391E-02 -0.239721671629E-02  0.782843428120E-02  0.222026372037E-01 -0.869304024599E-02  0.465045517482E-03
 -0.106066009692E-04  0.245710433312E-02 -0.376638481554E-03  0.204608591550E-02 -0.104709769329E-01 -0.117848642965E-01 -0.884883800003E-03
  0.116331277816E-03 -0.111741741017E-03  0.407462944409E-02  0.154907103575E-02 -0.321881083615E-02 -0.496985923945E-03 -0.247170881328E-03
 -0.106749980149E-02 -0.172051984897E-04  0.343601745210E-03  0.930065974060E-03 -0.300533237635E-03 -0.440314994069E-03  0.712888201195E-04
 -0.177293915373E-03  0.781170650547E-05 -0.990974112079E-04  0.246070140122E-04 -0.883064431741E-04
  0.120434495544E-01  0.225730893697E-01  0.624002686949E-02 -0.160557136028E-01 -0.264064194232E-01  0.217482855673E-01 -0.803625270183E-02
 -0.952893266356E-02 -0.488502012143E-01 -0.234887799333E-01 -0.712341567360E-01  0.374068988946E-01 -0.234564300466E-01 -0.937820307894E-02
 -0.250958002499E-01 -0.208859495020E-01 -0.601372695485E-01 -0.268794369127E-01  0.332899614444E-01 -0.832008973630E-02 -0.240925398479E-01
 -0.249550662719E-01 -0.179715566811E-01 -0.401294370948E-01 -0.386997119349E-01 -0.257895733602E-01 -0.184639715271E-01 -0.328643549819E-01
 -0.886004071024E-02 -0.233893063859E-01 -0.223620898124E-01 -0.203705662798E-01 -0.116713808960E-01
 -0.181805041160E+00 -0.789693460570E-01 -0.357083393438E-01  0.211243821894E+00  0.677254373980E+00 -0.745024232749E-02  0.654511317967E+00
 -0.627558141126E-01 -0.383221912132E-01 -0.399055418438E-01  0.102234815341E+00  0.123592526768E+00  0.417043514519E+00 -0.220106782721E-01
 -0.430784881424E-01 -0.217869310874E-01  0.103141309665E-01 -0.456357479825E-01  0.321546655770E+00 -0.156420203895E-01 -0.962414580017E-02
 -0.205276074733E-01 -0.989710219974E-02 -0.175030982592E-01 -0.411196112994E-01 -0.795111318050E-01 -0.262196739465E+00 -0.950963154584E-01
 -0.213982859796E-01 -0.244948168258E-01 -0.240541180941E+00 -0.123043833752E+00 -0.357466279199E+00
  0.721536582101E-09  0.253250472721E-08  0.205086144388E-09  0.236756350086E-07  0.421410377180E-07  0.171133594922E-07  0.325740815902E-06
  0.439903723402E-08  0.662095151194E-07 -0.189693524774E-07  0.226546164041E-06  0.714354308760E-07  0.393314378820E-06 -0.535965187662E-08
  0.165019427245E-07 -0.303429026028E-08  0.157617340638E-06  0.542890576142E-07  0.152577051853E-06  0.295368159595E-08  0.222460507924E-08
  0.808498275036E-08  0.332255338192E-08  0.678026278092E-07  0.780974932987E-07  0.173762418553E-07  0.954967342739E-08  0.483240144282E-07
  0.739584229592E-09  0.391297897125E-08  0.647124509607E-08  0.123602953500E-08  0.730064992200E-08
        15         9        16        16
        15        18        11        11
        22        15        21        21
        11         5         9         9
         5         7         2         2
        11         9        15        15
        16        21        15        15
        16        10        14        14
        18        17        11        11
        17        25        24        24
        22        18        15        15
        22        30        31        31
        30        21        23        23
        16        20        23        23
        22        27        26        26
        10         9         4         4
         7        11        13        13
        25        18        26        26
        11         7         5         5
         5         1         4         4
        17        19        13        13
        23        32        30        30
        23        20        29        29
         4         9         5         5
         4         8        10        10
        26        18        22        22
        26        28        25        25
        13        11        17        17
        13         6         7         7
        31        30        32        32
         2         1         5         5
         2         7         6         6
        14        10         8         8
        24        19        17        17
        24        25        28        28
         9        10        16        16
         3         4         1         1
        33        26        27        27
        12        13        19        19
        21        30        22        22
        16        14        20        20
        16        23        21        21
        22        31        27        27
        18        25        17        17
        26        33        28        28
         4         3         8         8
        23        29        32        32
        13        12         6         6
zone t="boundary 4 bc-4", solutiontime= 0.3000000E+02, strandid=1004, i=32, j=46, f=feblock
  0.125000000000E+01  0.219251206392E+01  0.103724302461E+01  0.500000000000E+01  0.250000000000E+01  0.375000000000E+01  0.404200324774E+01
  0.500000000000E+01  0.000000000000E+00  0.310152362409E+01  0.202479342020E+01  0.324151231464E+01  0.922061490191E+00  0.000000000000E+00
  0.299062775774E+01  0.394624082883E+01  0.500000000000E+01  0.409252726285E+01  0.500000000000E+01  0.429310310915E+01  0.175434191980E+01
  0.284428995242E+01  0.000000000000E+00  0.000000000000E+00  0.715990576545E+00  0.930412228790E+00  0.125000000000E+01  0.187029682677E+01
  0.500000000000E+01  0.375000000000E+01  0.250000000000E+01  0.000000000000E+00
  0.250000000000E+01  0.157686156160E+01  0.146289271009E+01  0.250000000000E+01  0.250000000000E+01  0.250000000000E+01  0.155830813274E+01
  0.125000000000E+01  0.250000000000E+01  0.177790177481E+01  0.477386199275E+00  0.742988685424E+00  0.308372018325E+00  0.125000000000E+01
 -0.487811078581E+00 -0.144524380962E+01 -0.125000000000E+01 -0.345533899378E+00  0.000000000000E+00  0.627766083140E+00 -0.739814786992E+00
 -0.158811787973E+01  0.000000000000E+00 -0.125000000000E+01 -0.600232012419E+00 -0.154800130438E+01 -0.250000000000E+01 -0.178862290564E+01
 -0.250000000000E+01 -0.250000000000E+01 -0.250000000000E+01 -0.250000000000E+01
  0.500000000000E+01  0.500000000000E+01  0.500000000000E+01  0.500000000000E+01  0.500000000000E+01  0.500000000000E+01  0.500000000000E+01
  0.500000000000E+01  0.500000000000E+01  0.500000000000E+01  0.500000000000E+01  0.500000000000E+01  0.500000000000E+01  0.500000000000E+01
  0.500000000000E+01  0.500000000000E+01  0.500000000000E+01  0.500000000000E+01  0.500000000000E+01  0.500000000000E+01  0.500000000000E+01
  0.500000000000E+01  0.500000000000E+01  0.500000000000E+01  0.500000000000E+01  0.500000000000E+01  0.500000000000E+01  0.500000000000E+01
  0.500000000000E+01  0.500000000000E+01  0.500000000000E+01  0.500000000000E+01
  0.488562139423E+00  0.488874000561E+00  0.490562525969E+00  0.492982637025E+00  0.486462299176E+00  0.484599832491E+00  0.485351056328E+00
  0.494165297986E+00  0.495345969094E+00  0.486530385273E+00  0.487820868640E+00  0.487071567783E+00  0.494045245745E+00  0.496127006189E+00
  0.487614575024E+00  0.483222914968E+00  0.492397284427E+00  0.487217595138E+00  0.494740878675E+00  0.487962223365E+00  0.489677418309E+00
  0.488030812357E+00  0.497245800655E+00  0.496058644718E+00  0.494950398327E+00  0.492799795685E+00  0.490002415326E+00  0.490005393925E+00
  0.491354393416E+00  0.486078174930E+00  0.490037677861E+00  0.495097551278E+00
  0.100215265586E+01  0.100152650955E+01  0.100178350432E+01  0.100047708080E+01  0.100126814609E+01  0.100066576236E+01  0.100025373712E+01
  0.100050439023E+01  0.100179353455E+01  0.100112362362E+01  0.100133048087E+01  0.100072434148E+01  0.100164373443E+01  0.100168864675E+01
  0.100096273085E+01  0.100000888234E+01  0.100082904662E+01  0.100022284689E+01  0.100062196846E+01  0.100023523420E+01  0.100174639175E+01
  0.100098850056E+01  0.100118748788E+01  0.100134189338E+01  0.100132651061E+01  0.100179882340E+01  0.100192661355E+01  0.100163748303E+01
  0.100045469615E+01  0.100058772260E+01  0.100109988203E+01  0.100176128351E+01
  0.648576579709E+00  0.628819042801E+00  0.646031528291E+00  0.755320387050E-01  0.606239079740E+00  0.328733010406E+00  0.228579641127E+00
  0.752073983724E-01  0.861090614051E+00  0.503850429708E+00  0.675921266312E+00  0.473496939266E+00  0.787678279357E+00  0.890730439118E+00
  0.533724281183E+00  0.219888979089E+00  0.850154425868E-01  0.280069295414E+00  0.697748426201E-01  0.279901714535E+00  0.831959913236E+00
  0.502182572139E+00  0.981461810276E+00  0.865886477342E+00  0.912630028686E+00  0.731409029300E+00  0.731980580891E+00  0.773937832015E+00
  0.872342190584E-01  0.334356280011E+00  0.643067563993E+00  0.813556575269E+00
  0.114992717107E+00  0.102111973217E+00  0.116022878561E+00 -0.688089837331E-02  0.939729716330E-01  0.326121041588E-01  0.145624714792E-01
 -0.528133402424E-02  0.176794428332E+00  0.690146103447E-01  0.110858784344E+00  0.622733946763E-01  0.143677835572E+00  0.186478843359E+00
  0.751049777925E-01  0.133561986873E-01 -0.541565619185E-02  0.245585014506E-01 -0.543204801773E-02  0.248107961640E-01  0.143955347052E+00
  0.686606750874E-01  0.206186368204E+00  0.181167570247E+00  0.173352084482E+00  0.135700999554E+00  0.131640471730E+00  0.131719966288E+00
 -0.440822048491E-02  0.335863874858E-01  0.999404654430E-01  0.169228358446E+00
 -0.440314994069E-03 -0.106563315094E-02 -0.118715006675E-02 -0.177293915373E-03 -0.990974112079E-04  0.246070140122E-04 -0.260873514074E-03
  0.422295528705E-03 -0.883064431741E-04 -0.551872489218E-03 -0.115492828461E-02 -0.261190139298E-03 -0.161816952607E-02 -0.219123751094E-02
  0.827939142155E-03  0.903837174551E-03  0.238823213199E-03  0.137154396222E-02  0.178271084815E-04  0.375459892544E-03  0.928824891868E-03
  0.680663444194E-03  0.547088755551E-03  0.198677534772E-02  0.101013146223E-02  0.204363157947E-02  0.623451483951E-04  0.197900388762E-02
  0.574197816348E-04 -0.140282052234E-04 -0.429114762374E-04 -0.172732063424E-03
 -0.184639715271E-01 -0.220854485319E-01 -0.176483782313E-01 -0.886004071024E-02 -0.223620898124E-01 -0.203705662798E-01 -0.184159733996E-01
 -0.805041208449E-02 -0.116713808960E-01 -0.227276042924E-01 -0.215207858365E-01 -0.229075650828E-01 -0.169869668432E-01 -0.112166447152E-01
 -0.225514596352E-01 -0.185417065503E-01 -0.888606091806E-02 -0.186333281323E-01 -0.754098289662E-02 -0.170923852734E-01 -0.202643867368E-01
 -0.228113245993E-01 -0.106179215820E-01 -0.126804768869E-01 -0.144234180718E-01 -0.166990779369E-01 -0.174862135727E-01 -0.199692796480E-01
 -0.930242353625E-02 -0.202543009784E-01 -0.219807348089E-01 -0.124590636973E-01
 -0.262196739465E+00 -0.250832049072E+00 -0.262132897443E+00 -0.213982859796E-01 -0.240541180941E+00 -0.123043833752E+00 -0.817575567487E-01
 -0.220170394055E-01 -0.357466279199E+00 -0.196489329239E+00 -0.270568574401E+00 -0.183737008033E+00 -0.321420596793E+00 -0.370434029138E+00
 -0.209164487720E+00 -0.782833846021E-01 -0.251881215365E-01 -0.103489705774E+00 -0.201303918427E-01 -0.103957895689E+00 -0.336419378325E+00
 -0.195826987315E+00 -0.409366534366E+00 -0.360329672967E+00 -0.375426045017E+00 -0.298626533167E+00 -0.297398077420E+00 -0.312192755297E+00
 -0.263610046961E-01 -0.125468307294E+00 -0.255684039928E+00 -0.337665695409E+00
  0.954967342739E-08  0.396253253493E-08  0.492079128205E-08  0.739584229592E-09  0.647124509607E-08  0.123602953500E-08 -0.175936798019E-08
 -0.384766104356E-09  0.730064992200E-08  0.111848454985E-08  0.457589452201E-08 -0.425659350311E-08 -0.246610103831E-10 -0.784274479541E-09
  0.337286316966E-08  0.336069930579E-08  0.642025403688E-09 -0.278181002734E-08 -0.919510733208E-09 -0.491277864310E-08  0.136835497344E-07
  0.132471553164E-07 -0.673521755041E-08 -0.308350197670E-09 -0.524854444345E-08  0.105857661976E-07  0.198689037874E-07  0.228297645200E-07
  0.246191509944E-09  0.475266864978E-08  0.165002439481E-07  0.754322553069E-08
        12        15        11        11
        11         2        12        12
         5        10         2         2
        15        21        11        11
        15        22        21        21
        31        28        22        22
        15        12        18        18
        19        18        20        20
        11        21        13        13
        23        13        25        25
         7        12        10        10
        26        21        28        28
         7         8        20        20
        16        15        18        18
        26        24        25        25
        16        30        22        22
         3        11        13        13
         2        10        12        12
         3         1         2         2
        20        12         7         7
        10         6         7         7
        22        15        16        16
        18        17        16        16
        28        27        26        26
        32        24        26        26
         2        11         3         3
        13        14         3         3
        27        28        31        31
         2         1         5         5
         6        10         5         5
        14        13        23        23
        20         8        19        19
        17        18        19        19
        13        21        25        25
         1         3         9         9
        30        16        29        29
         8         7         4         4
        22        28        21        21
        24        23        25        25
        21        26        25        25
        30        31        22        22
        12        20        18        18
        17        29        16        16
        14         9         3         3
        27        32        26        26
         6         4         7         7
zone t="boundary 5 bc-5", solutiontime= 0.3000000E+02, strandid=1005, i=33, j=48, f=feblock
  0.500000000000E+01  0.500000000000E+01  0.500000000000E+01  0.500000000000E+01  0.500000000000E+01  0.500000000000E+01  0.500000000000E+01
  0.500000000000E+01  0.500000000000E+01  0.500000000000E+01  0.500000000000E+01  0.500000000000E+01  0.500000000000E+01  0.500000000000E+01
  0.500000000000E+01  0.500000000000E+01  0.500000000000E+01  0.500000000000E+01  0.500000000000E+01  0.500000000000E+01  0.500000000000E+01
  0.500000000000E+01  0.500000000000E+01  0.500000000000E+01  0.500000000000E+01  0.500000000000E+01  0.500000000000E+01  0.500000000000E+01
  0.500000000000E+01  0.500000000000E+01  0.500000000000E+01  0.500000000000E+01  0.500000000000E+01
  0.250000000000E+01  0.125000000000E+01  0.250000000000E+01  0.157899473280E+01  0.000000000000E+00  0.659350882208E+00  0.250000000000E+01
  0.173899611320E+01  0.825621401394E+00  0.132549389334E+01 -0.125000000000E+01 -0.322732261638E+00  0.250000000000E+01  0.490615021923E-01
 -0.873141960959E+00  0.350800286361E+00  0.145332269920E+01 -0.250000000000E+01 -0.147959633950E+01  0.250000000000E+01 -0.857924212153E+00
 -0.165007033378E+01  0.518568023061E+00 -0.461282870254E+00  0.125000000000E+01 -0.250000000000E+01 -0.183684615440E+01 -0.158398995423E+01
 -0.250000000000E+01 -0.250000000000E+01 -0.125000000000E+01  0.000000000000E+00 -0.250000000000E+01
  0.000000000000E+00  0.000000000000E+00  0.125000000000E+01  0.905837536509E+00  0.000000000000E+00  0.735450417037E+00  0.250000000000E+01
  0.182727219356E+01  0.162230260845E+01  0.280856328277E+01  0.000000000000E+00  0.109945440014E+01  0.375000000000E+01  0.227317933631E+01
  0.189599568386E+01  0.342819755379E+01  0.403384942830E+01  0.000000000000E+00  0.104050588738E+01  0.500000000000E+01  0.297954017413E+01
  0.214587157439E+01  0.430969386006E+01  0.408642231822E+01  0.500000000000E+01  0.125000000000E+01  0.304506426164E+01  0.398205049073E+01
  0.250000000000E+01  0.375000000000E+01  0.500000000000E+01  0.500000000000E+01  0.500000000000E+01
  0.000000000000E+00  0.000000000000E+00  0.509231651017E+00  0.472098660396E+00  0.000000000000E+00  0.480805603697E+00  0.534526640478E+00
  0.535828440334E+00  0.535478265955E+00  0.540785509946E+00  0.000000000000E+00  0.510355985123E+00  0.517182885172E+00  0.539186899467E+00
  0.542978945344E+00  0.529277295987E+00  0.511037681933E+00  0.000000000000E+00  0.495604512708E+00  0.492982637025E+00  0.531173286457E+00
  0.533777938965E+00  0.505621993934E+00  0.512004958312E+00  0.494165297986E+00  0.508459764195E+00  0.529554163546E+00  0.511911907371E+00
  0.537001621764E+00  0.514994863512E+00  0.492397284427E+00  0.494740878675E+00  0.491354393416E+00
  0.999989665041E+00  0.999990314978E+00  0.984104107106E+00  0.976444065643E+00  0.999991520367E+00  0.959042409169E+00  0.100368299998E+01
  0.994429033358E+00  0.991216031156E+00  0.100355134699E+01  0.999992846899E+00  0.971537364772E+00  0.100443305346E+01  0.100528455762E+01
  0.997216104922E+00  0.100662902149E+01  0.100305335378E+01  0.999993511960E+00  0.973515828385E+00  0.100047708080E+01  0.100763800039E+01
  0.100128566133E+01  0.100314070134E+01  0.100383228369E+01  0.100050439023E+01  0.985091609572E+00  0.100596500390E+01  0.100387955250E+01
  0.100289567776E+01  0.100485299288E+01  0.100082904662E+01  0.100062196846E+01  0.100045469615E+01
  0.716810139904E-01  0.633161971509E-01  0.245709468320E+00  0.308116086589E+00  0.818678610554E-01  0.887300440412E-01  0.116983717334E+00
  0.156340594731E+00  0.176403140713E+00  0.101468323976E+00  0.534955709140E-01  0.139441147935E+00  0.797199314774E-01  0.122993877032E+00
  0.137074930180E+00  0.820389050737E-01  0.639366839273E-01  0.631321369861E-01  0.111740467368E+00  0.755320387050E-01  0.957251546289E-01
  0.128581534100E+00  0.508167687919E-01  0.559519088879E-01  0.752073983724E-01  0.166021616651E+00  0.933946208934E-01  0.612285902398E-01
  0.111423685796E+00  0.749336298314E-01  0.850154425868E-01  0.697748426201E-01  0.872342190584E-01
 -0.180144304093E-01 -0.175127522778E-01 -0.399978656937E-01 -0.385665238304E-01 -0.255983105346E-01 -0.107783820641E+00 -0.306124183943E-01
 -0.404622848886E-01 -0.446648797028E-01 -0.280074702874E-01 -0.200423974598E-01 -0.705011267709E-01 -0.195477532101E-01 -0.320059876103E-01
 -0.370430483927E-01 -0.228324276975E-01 -0.192633696698E-01 -0.171109245923E-01 -0.674935295180E-01 -0.688089837331E-02 -0.250428864496E-01
 -0.331459493589E-01 -0.168997185259E-01 -0.196914814349E-01 -0.528133402424E-02 -0.374849477223E-01 -0.231494736577E-01 -0.194862674734E-01
 -0.285016528685E-01 -0.175713517937E-01 -0.541565619185E-02 -0.543204801773E-02 -0.440822048491E-02
 -0.239721671629E-02 -0.406974494266E-02 -0.106066009692E-04 -0.852983020478E-02  0.524406250169E-02 -0.413641409633E-02 -0.884883800003E-03
 -0.366046721650E-02 -0.177836862685E-02 -0.444595166703E-03  0.325268848325E-02  0.125644702803E-01 -0.496985923945E-03  0.227611326683E-02
  0.341206755920E-02 -0.480773061785E-03 -0.981051793239E-04  0.380326643381E-02  0.557316403652E-02 -0.177293915373E-03  0.120747024205E-02
  0.328963681396E-02  0.261132333757E-04  0.115093197441E-03  0.422295528705E-03  0.220242822424E-02  0.312938829956E-03  0.852018913550E-03
 -0.211591205236E-03  0.332934038857E-03  0.238823213199E-03  0.178271084815E-04  0.574197816348E-04
  0.624002686949E-02  0.104555111972E-01 -0.952893266356E-02 -0.624893538897E-02  0.127949640096E-01  0.949538956661E-02 -0.937820307894E-02
 -0.118429788378E-01 -0.224771483817E-01 -0.103881062034E-01  0.839832647080E-02 -0.423987131087E-02 -0.832008973630E-02 -0.954739379036E-02
 -0.131367018439E-01 -0.589132192185E-02 -0.870109401665E-02  0.496481428084E-02  0.241846971030E-02 -0.886004071024E-02 -0.587383248702E-02
 -0.951210401215E-02 -0.597387496305E-02 -0.712746880418E-02 -0.805041208449E-02 -0.736010908552E-02 -0.507429902964E-02 -0.666726692865E-02
 -0.708480081627E-02 -0.596593652158E-02 -0.888606091806E-02 -0.754098289662E-02 -0.930242353625E-02
 -0.357083393438E-01 -0.111214194529E+00 -0.627558141126E-01 -0.864640030320E-01 -0.989810046544E-01  0.292835608056E-01 -0.220106782721E-01
 -0.305216509585E-01 -0.362685257847E-01 -0.183091965669E-01 -0.900187283264E-01 -0.795630696818E-02 -0.156420203895E-01 -0.229036357655E-01
 -0.256782977940E-01 -0.148190657803E-01 -0.111116076825E-01 -0.169936482514E-01 -0.157361448213E-02 -0.213982859796E-01 -0.178996972216E-01
 -0.246186825125E-01 -0.794649231451E-02 -0.839667415519E-02 -0.220170394055E-01 -0.359560915304E-01 -0.181156726467E-01 -0.103185509360E-01
 -0.213619742101E-01 -0.151532943813E-01 -0.251881215365E-01 -0.201303918427E-01 -0.263610046961E-01
  0.205086144388E-09  0.122831528314E-09  0.439903723402E-08  0.678093290278E-08 -0.871183743310E-12  0.214573715581E-07 -0.535965187662E-08
 -0.228427077555E-07  0.312329014377E-08 -0.489459037907E-08  0.237650282736E-12  0.995006121969E-08  0.295368159595E-08 -0.938160600683E-08
  0.204049102124E-09  0.205554887546E-08  0.237690997606E-08  0.296105550259E-10  0.130947553108E-07  0.739584229592E-09 -0.217109683696E-08
 -0.530091098166E-08  0.200971017420E-08  0.225617615098E-08 -0.384766104356E-09  0.366380966274E-08 -0.151093886583E-08  0.170769299946E-08
 -0.586621719387E-08  0.299443770769E-08  0.642025403688E-09 -0.919510733208E-09  0.246191509944E-09
        12        15        14        14
        21        16        14        14
         9        14        10        10
        15        22        21        21
        29        27        22        22
        14        16        10        10
         7         8        10        10
        14        15        21        21
        14         9        12        12
         5        12         6         6
        21        24        16        16
        32        23        24        24
        28        21        27        27
        17        16        23        23
        28        31        24        24
        19        15        12        12
         4         2         6         6
         4         9         8         8
        10         8         9         9
        17        13        10        10
        19        26        22        22
        10        16        17        17
        23        25        17        17
        22        15        19        19
        12        11        19        19
        27        30        28        28
        33        31        28        28
         6         9         4         4
         8         3         4         4
        25        23        32        32
        10        13         7         7
         3         8         7         7
        30        27        29        29
         6         2         5         5
        11        12         5         5
        24        23        16        16
        13        17        20        20
        26        19        18        18
         2         4         1         1
        22        27        21        21
        31        32        24        24
        21        28        24        24
        26        29        22        22
         9         6        12        12
        11        18        19        19
        25        20        17        17
        30        33        28        28
         3         1         4         4
zone t="boundary 6 bc-6", solutiontime= 0.3000000E+02, strandid=1006, i=33, j=48, f=feblock
  0.375000000000E+01  0.250000000000E+01  0.500000000000E+01  0.403384942830E+01  0.280856328277E+01  0.125000000000E+01  0.182727219356E+01
  0.500000000000E+01  0.430969386006E+01  0.342819755379E+01  0.227317933631E+01  0.162230260845E+01  0.000000000000E+00  0.905837536509E+00
  0.500000000000E+01  0.408642231822E+01  0.297954017413E+01  0.189599568386E+01  0.109945440014E+01  0.735450417037E+00  0.000000000000E+00
  0.500000000000E+01  0.398205049073E+01  0.304506426164E+01  0.214587157439E+01  0.104050588738E+01  0.000000000000E+00  0.000000000000E+00
  0.500000000000E+01  0.375000000000E+01  0.250000000000E+01  0.125000000000E+01  0.000000000000E+00
  0.250000000000E+01  0.250000000000E+01  0.250000000000E+01  0.145332269920E+01  0.132549389334E+01  0.250000000000E+01  0.173899611320E+01
  0.125000000000E+01  0.518568023061E+00  0.350800286361E+00  0.490615021923E-01  0.825621401394E+00  0.250000000000E+01  0.157899473280E+01
  0.000000000000E+00 -0.461282870254E+00 -0.857924212153E+00 -0.873141960959E+00 -0.322732261638E+00  0.659350882208E+00  0.125000000000E+01
 -0.125000000000E+01 -0.158398995423E+01 -0.183684615440E+01 -0.165007033378E+01 -0.147959633950E+01  0.000000000000E+00 -0.125000000000E+01
 -0.250000000000E+01 -0.250000000000E+01 -0.250000000000E+01 -0.250000000000E+01 -0.250000000000E+01
  0.000000000000E+00  0.000000000000E+00  0.000000000000E+00  0.000000000000E+00  0.000000000000E+00  0.000000000000E+00  0.000000000000E+00
  0.000000000000E+00  0.000000000000E+00  0.000000000000E+00  0.000000000000E+00  0.000000000000E+00  0.000000000000E+00  0.000000000000E+00
  0.000000000000E+00  0.000000000000E+00  0.000000000000E+00  0.000000000000E+00  0.000000000000E+00  0.000000000000E+00  0.000000000000E+00
  0.000000000000E+00  0.000000000000E+00  0.000000000000E+00  0.000000000000E+00  0.000000000000E+00  0.000000000000E+00  0.000000000000E+00
  0.000000000000E+00  0.000000000000E+00  0.000000000000E+00  0.000000000000E+00  0.000000000000E+00
  0.000000000000E+00  0.000000000000E+00  0.000000000000E+00  0.000000000000E+00  0.000000000000E+00  0.000000000000E+00  0.000000000000E+00
  0.000000000000E+00  0.000000000000E+00  0.000000000000E+00  0.000000000000E+00  0.000000000000E+00  0.000000000000E+00  0.000000000000E+00
  0.000000000000E+00  0.000000000000E+00  0.000000000000E+00  0.000000000000E+00  0.000000000000E+00  0.000000000000E+00  0.000000000000E+00
  0.000000000000E+00  0.000000000000E+00  0.000000000000E+00  0.000000000000E+00  0.000000000000E+00  0.000000000000E+00  0.000000000000E+00
  0.000000000000E+00  0.000000000000E+00  0.000000000000E+00  0.000000000000E+00  0.000000000000E+00
  0.999989380190E+00  0.999989451040E+00  0.999989665041E+00  0.999989636947E+00  0.999989659209E+00  0.999989868921E+00  0.999989838547E+00
  0.999990314978E+00  0.999990717139E+00  0.999990526267E+00  0.999991266627E+00  0.999990619998E+00  0.999990335442E+00  0.999990410387E+00
  0.999991520367E+00  0.999992169986E+00  0.999992719204E+00  0.999992350550E+00  0.999991680168E+00  0.999990956169E+00  0.999990797222E+00
  0.999992846899E+00  0.999993421276E+00  0.999993505912E+00  0.999993182332E+00  0.999992551088E+00  0.999991453848E+00  0.999992202332E+00
  0.999993511960E+00  0.999993715260E+00  0.999993570321E+00  0.999993167142E+00  0.999992753610E+00
  0.438265659885E-01 -0.329849850644E-01  0.716810139904E-01  0.609373113247E-01 -0.703960471621E-02 -0.970679578367E-01 -0.394375455986E-01
  0.633161971509E-01  0.667069434818E-01  0.278068464328E-01 -0.149667228627E-01 -0.360759524319E-01 -0.154109498513E+00 -0.105507053388E+00
  0.818678610554E-01  0.660140603888E-01  0.673911377657E-02 -0.354903127423E-01 -0.360090054642E-01 -0.869698765233E-01 -0.175117847819E+00
  0.534955709140E-01  0.568869724348E-01  0.562985319244E-02 -0.175652922839E-02 -0.488832400878E-01 -0.129693313837E+00 -0.429982695012E-01
  0.631321369861E-01  0.497921163913E-01  0.303279694526E-01 -0.593138225367E-01 -0.762518909333E-01
  0.101454781498E-01  0.978639032087E-02 -0.180144304093E-01  0.932536991819E-02  0.307194519390E-01  0.206082703947E-01  0.659014782962E-02
 -0.175127522778E-01  0.667204809317E-02  0.213476343218E-01  0.159492441211E-01  0.119626811249E-01 -0.595547278954E-02  0.319910533565E-01
 -0.255983105346E-01  0.589895182144E-02  0.190746390081E-01  0.159450958310E-01  0.198119730333E-01  0.278354181355E-01 -0.833066595683E-02
 -0.200423974598E-01  0.399930519754E-02  0.169177291306E-01  0.142862473318E-01  0.165144730074E-01 -0.901481463076E-02 -0.780551148633E-02
 -0.171109245923E-01  0.472898477856E-02 -0.443244229767E-03  0.109534948976E-01 -0.688079341921E-02
  0.191047423344E-02 -0.108299940391E-02 -0.239721671629E-02  0.479509031387E-02 -0.521653405155E-03 -0.869304024599E-02 -0.316092424195E-02
 -0.406974494266E-02 -0.718080621450E-03 -0.989528882638E-05  0.170147252693E-02 -0.117850842199E-02 -0.104709769329E-01 -0.838253714710E-02
  0.524406250169E-02  0.676178626444E-02  0.102498081343E-01  0.101092278501E-01  0.175010024889E-01 -0.694104045930E-02 -0.141021358890E-01
  0.325268848325E-02  0.152875832298E-02 -0.749618721839E-02 -0.193922184095E-01 -0.188914868718E-02 -0.116230814400E-01  0.448481337794E-02
  0.380326643381E-02 -0.100770917046E-02 -0.590725211708E-02 -0.314172996068E-02  0.600421902033E-02
  0.120434495544E-01  0.225730893697E-01  0.624002686949E-02  0.260847778582E-01  0.441766633098E-01  0.217482855673E-01  0.274060915713E-01
  0.104555111972E-01  0.173700582817E-01  0.241253766702E-01  0.339278641804E-01  0.515881624813E-01  0.374068988946E-01  0.223657279818E-01
  0.127949640096E-01  0.139041782171E-01  0.233640642549E-01  0.301007744089E-01  0.716365312949E-01  0.344878435952E-01  0.406930985175E-01
  0.839832647080E-02  0.999134915326E-02  0.135856255999E-01  0.239485027998E-01  0.447037768514E-01  0.232573761933E-01  0.198810840715E-01
  0.496481428084E-02  0.497875550205E-02  0.754140831060E-02  0.174398415874E-01  0.149191569944E-01
 -0.181805041160E+00 -0.789693460570E-01 -0.357083393438E-01 -0.112313311753E+00 -0.162716380507E+00 -0.745024232749E-02 -0.957757020660E-01
 -0.111214194529E+00 -0.452669385781E-01 -0.133932887047E+00 -0.139964665333E+00 -0.376805600028E-01  0.123592526768E+00 -0.236735187452E+00
 -0.989810046544E-01 -0.107832770637E+00 -0.158689718478E+00 -0.213706549046E-01 -0.567893579924E-01 -0.121395104047E+00  0.167309010273E+00
 -0.900187283264E-01 -0.129885758957E+00  0.157890634894E-01 -0.268857799378E-01  0.192425008563E-01 -0.111800175249E-01 -0.280777876101E-01
 -0.169936482514E-01 -0.478785108303E-01 -0.834041985588E-01 -0.100535367945E+00  0.249388881476E-01
  0.721536582101E-09  0.253250472721E-08  0.205086144388E-09  0.415796536501E-08  0.109078165108E-07  0.171133594922E-07  0.139583636946E-07
  0.122831528314E-09  0.127786064922E-08  0.531679876098E-08  0.529595371951E-08  0.216704505430E-07  0.714354308760E-07  0.166171128436E-07
 -0.871183743310E-12  0.762724540564E-09  0.168510614330E-08  0.483490753544E-08  0.700218865878E-07  0.301369196811E-07  0.758663442805E-07
  0.237650282736E-12  0.802541001323E-09  0.137109237174E-08  0.115248128226E-08  0.159353990170E-07 -0.452845088619E-07 -0.139964984011E-07
  0.296105550259E-10  0.329671558034E-09  0.654474271768E-09  0.247819527817E-08  0.798560125671E-08
        19        18        11        11
        17        10        11        11
        12        11         5         5
        18        25        17        17
        31        24        25        25
        11        10         5         5
         2         7         5         5
        11        18        17        17
        11        12        19        19
        27        19        20        20
        17        16        10        10
        15         9        16        16
        23        17        24        24
         4        10         9         9
        23        22        16        16
        26        18        19        19
        14        21        20        20
        14        12         7         7
         5         7        12        12
         4         1         5         5
        26        32        25        25
         5        10         4         4
         9         8         4         4
        25        18        26        26
        19        28        26        26
        24        30        23        23
        29        22        23        23
        20        12        14        14
         7         6        14        14
         8         9        15        15
         5         1         2         2
         6         7         2         2
        30        24        31        31
        20        21        27        27
        28        19        27        27
        16         9        10        10
         1         4         3         3
        32        26        33        33
        21        14        13        13
        25        24        17        17
        22        15        16        16
        17        23        16        16
        32        31        25        25
        12        20        19        19
        28        33        26        26
         8         3         4         4
        30        29        23        23
         6        13        14        14
