title="tecplot geometry and solution file"
variables = x y z rho u v w p mach temperature
zone t="boundary 1 bc-1", solutiontime= 0.9000000E+02, strandid=1001, i=42, j=30, f=feblock
  0.000000000000E+00  0.000000000000E+00  0.000000000000E+00  0.000000000000E+00  0.000000000000E+00  0.000000000000E+00  0.000000000000E+00
  0.000000000000E+00  0.000000000000E+00  0.000000000000E+00  0.000000000000E+00  0.000000000000E+00  0.000000000000E+00  0.000000000000E+00
  0.000000000000E+00  0.000000000000E+00  0.000000000000E+00  0.000000000000E+00  0.000000000000E+00  0.000000000000E+00  0.000000000000E+00
  0.000000000000E+00  0.000000000000E+00  0.000000000000E+00  0.000000000000E+00  0.000000000000E+00  0.000000000000E+00  0.000000000000E+00
  0.000000000000E+00  0.000000000000E+00  0.000000000000E+00  0.000000000000E+00  0.000000000000E+00  0.000000000000E+00  0.000000000000E+00
  0.000000000000E+00  0.000000000000E+00  0.000000000000E+00  0.000000000000E+00  0.000000000000E+00  0.000000000000E+00  0.000000000000E+00
  0.000000000000E+00  0.000000000000E+00 -0.833333333333E+00  0.000000000000E+00  0.000000000000E+00 -0.833333333333E+00 -0.166666666667E+01
  0.000000000000E+00 -0.833333333333E+00 -0.833333333333E+00  0.000000000000E+00 -0.166666666667E+01 -0.250000000000E+01 -0.833333333333E+00
 -0.166666666667E+01 -0.166666666667E+01 -0.833333333333E+00 -0.250000000000E+01 -0.333333333333E+01 -0.166666666667E+01 -0.250000000000E+01
 -0.250000000000E+01 -0.166666666667E+01 -0.333333333333E+01 -0.416666666667E+01 -0.250000000000E+01 -0.333333333333E+01 -0.333333333333E+01
 -0.250000000000E+01 -0.416666666667E+01 -0.500000000000E+01 -0.333333333333E+01 -0.416666666667E+01 -0.416666666667E+01 -0.333333333333E+01
 -0.500000000000E+01 -0.416666666667E+01 -0.500000000000E+01 -0.500000000000E+01 -0.416666666667E+01 -0.500000000000E+01 -0.500000000000E+01
  0.250000000000E+01  0.150000000000E+01  0.250000000000E+01  0.500000000000E+00 -0.150000000000E+01  0.150000000000E+01  0.250000000000E+01
 -0.500000000000E+00  0.500000000000E+00 -0.150000000000E+01 -0.250000000000E+01  0.150000000000E+01  0.250000000000E+01 -0.500000000000E+00
  0.500000000000E+00 -0.150000000000E+01 -0.250000000000E+01  0.150000000000E+01  0.250000000000E+01 -0.500000000000E+00  0.500000000000E+00
 -0.150000000000E+01 -0.250000000000E+01  0.150000000000E+01  0.250000000000E+01 -0.500000000000E+00  0.500000000000E+00 -0.150000000000E+01
 -0.250000000000E+01  0.150000000000E+01  0.250000000000E+01 -0.500000000000E+00  0.500000000000E+00 -0.150000000000E+01 -0.250000000000E+01
  0.150000000000E+01 -0.500000000000E+00  0.500000000000E+00 -0.150000000000E+01 -0.250000000000E+01 -0.500000000000E+00 -0.250000000000E+01
  0.100325369295E+01  0.100705548135E+01  0.100321588771E+01  0.100551073812E+01  0.101082598888E+01  0.100700394383E+01  0.100323942190E+01
  0.103970948202E+01  0.100519405193E+01  0.100773266194E+01  0.150963018076E+01  0.100704379711E+01  0.100321791162E+01  0.103942052342E+01
  0.100526480467E+01  0.100772091335E+01  0.151118802012E+01  0.100700756626E+01  0.100323941527E+01  0.103956128206E+01  0.100519185727E+01
  0.100753430646E+01  0.151169698757E+01  0.100704376127E+01  0.100321587607E+01  0.103944655499E+01  0.100526485049E+01  0.100772165558E+01
  0.151158479531E+01  0.100700388279E+01  0.100325368166E+01  0.103956084219E+01  0.100519414635E+01  0.100773410602E+01  0.151169168151E+01
  0.100705540457E+01  0.103941973578E+01  0.100551086537E+01  0.101082797434E+01  0.151117786804E+01  0.103970841372E+01  0.150961619116E+01
  0.496172577411E+00  0.493570254437E+00  0.496209595266E+00  0.494244938498E+00  0.479351097117E+00  0.493626169635E+00  0.496187032534E+00
  0.466763100971E+00  0.494603282599E+00  0.480709460992E+00  0.000000000000E+00  0.493584652553E+00  0.496209407113E+00  0.467316814775E+00
  0.494530942577E+00  0.480518879184E+00  0.000000000000E+00  0.493624713244E+00  0.496187040583E+00  0.467169240873E+00  0.494611559917E+00
  0.480694515656E+00  0.000000000000E+00  0.493584683341E+00  0.496209609568E+00  0.467319591010E+00  0.494530903802E+00  0.480518578930E+00
  0.000000000000E+00  0.493626225807E+00  0.496172594065E+00  0.467169514795E+00  0.494603193522E+00  0.480708811706E+00  0.000000000000E+00
  0.493570327122E+00  0.467317323009E+00  0.494244794247E+00  0.479350157026E+00  0.000000000000E+00  0.466763831650E+00  0.000000000000E+00
  0.000000000000E+00  0.000000000000E+00  0.113230008101E-05  0.000000000000E+00  0.000000000000E+00  0.715996263647E-05 -0.658644979340E-07
  0.000000000000E+00 -0.527397778440E-04 -0.110029883825E-02  0.000000000000E+00  0.305268388205E-05  0.414923784428E-08  0.950977146895E-04
 -0.948685048836E-05 -0.156682874202E-03  0.000000000000E+00 -0.662635387538E-08  0.737099738371E-07  0.863802599233E-04  0.327631535407E-07
  0.319673341987E-06  0.000000000000E+00 -0.306159605703E-05 -0.112814733828E-05 -0.174790707507E-06  0.954589657775E-05  0.157297273550E-03
  0.000000000000E+00 -0.716907149693E-05  0.000000000000E+00 -0.866964167564E-04  0.527762884592E-04  0.110077404513E-02  0.000000000000E+00
  0.000000000000E+00 -0.953295290467E-04  0.000000000000E+00  0.000000000000E+00  0.000000000000E+00  0.000000000000E+00  0.000000000000E+00
  0.241405190799E-02  0.285060395927E-03  0.240040493246E-02  0.435789991662E-02  0.431983243953E-01  0.299231342423E-03  0.241399490733E-02
 -0.476042955777E-02  0.447893114639E-02  0.419900615763E-01  0.000000000000E+00  0.290563252629E-03  0.240082431623E-02 -0.494840286281E-02
  0.445895423142E-02  0.421088439421E-01  0.000000000000E+00  0.294946128085E-03  0.241398532999E-02 -0.497612400150E-02  0.446161021808E-02
  0.420799434410E-01  0.000000000000E+00  0.290566974044E-03  0.240038855138E-02 -0.500120085209E-02  0.445889951997E-02  0.421085790563E-01
  0.000000000000E+00  0.299237807736E-03  0.241403328550E-02 -0.497604400439E-02  0.447883695309E-02  0.419895657953E-01  0.000000000000E+00
  0.285074261548E-03 -0.494826521408E-02  0.435776911746E-02  0.431977162182E-01  0.000000000000E+00 -0.476023624576E-02  0.000000000000E+00
  0.717658459034E+00  0.721035034122E+00  0.717624551195E+00  0.721851424243E+00  0.749903897226E+00  0.720969715064E+00  0.717648367207E+00
  0.745368772049E+00  0.721598366558E+00  0.747612753738E+00  0.107828217849E+01  0.721009755663E+00  0.717626747366E+00  0.744857109384E+00
  0.721672283505E+00  0.747653916371E+00  0.107939607827E+01  0.720973307307E+00  0.717648358339E+00  0.744980893510E+00  0.721598032927E+00
  0.747440581198E+00  0.107976064654E+01  0.721009725561E+00  0.717624535155E+00  0.744871694461E+00  0.721672290723E+00  0.747654223968E+00
  0.107968151327E+01  0.720969665515E+00  0.717658441296E+00  0.744980613539E+00  0.721598382982E+00  0.747613333286E+00  0.107975841301E+01
  0.721034973567E+00  0.744856633559E+00  0.721851441713E+00  0.749904667548E+00  0.107939180624E+01  0.745368140201E+00  0.107827645280E+01
  0.495815797091E+00  0.492984822045E+00  0.495855092880E+00  0.493020004796E+00  0.472260367603E+00  0.493050396527E+00  0.495830200886E+00
  0.465935166087E+00  0.493387303569E+00  0.473483287184E+00  0.000000000000E+00  0.493004988404E+00  0.495854648325E+00  0.466585142917E+00
  0.493307060427E+00  0.473290158819E+00  0.000000000000E+00  0.493048597704E+00  0.495830210308E+00  0.466430935073E+00  0.493394976349E+00
  0.473483053796E+00  0.000000000000E+00  0.493005020675E+00  0.495855109757E+00  0.466589740469E+00  0.493307030037E+00  0.473289919784E+00
  0.000000000000E+00  0.493050454637E+00  0.495815816978E+00  0.466431196704E+00  0.493387231431E+00  0.473482766962E+00  0.000000000000E+00
  0.492984896558E+00  0.466585621139E+00  0.493019884992E+00  0.472259616563E+00  0.000000000000E+00  0.465935851539E+00  0.000000000000E+00
  0.100146338828E+01  0.100237679697E+01  0.100145380868E+01  0.100505340781E+01  0.103862135290E+01  0.100233728703E+01  0.100146355113E+01
  0.100366140630E+01  0.100501759958E+01  0.103862650757E+01  0.999976728826E+00  0.100235328475E+01  0.100145485311E+01  0.100325126322E+01
  0.100504980600E+01  0.103869580263E+01  0.999977825036E+00  0.100233867554E+01  0.100146354537E+01  0.100328212383E+01  0.100501932918E+01
  0.103859174518E+01  0.999978777225E+00  0.100235327858E+01  0.100145379792E+01  0.100324578232E+01  0.100504977024E+01  0.103869546492E+01
  0.999979705584E+00  0.100233727890E+01  0.100146337480E+01  0.100328217130E+01  0.100501752805E+01  0.103862582436E+01  0.999980218654E+00
  0.100237678922E+01  0.100325138256E+01  0.100505330495E+01  0.103862037974E+01  0.999980585143E+00  0.100366158676E+01  0.999980685657E+00
         3         6         2         1
         6         9         4         2
         9        14         8         4
        14        10         5         8
        10        17        11         5
         7        12         6         3
        12        15         9         6
        15        20        14         9
        20        16        10        14
        16        23        17        10
        13        18        12         7
        18        21        15        12
        21        26        20        15
        26        22        16        20
        22        29        23        16
        19        24        18        13
        24        27        21        18
        27        32        26        21
        32        28        22        26
        28        35        29        22
        25        30        24        19
        30        33        27        24
        33        37        32        27
        37        34        28        32
        34        40        35        28
        31        36        30        25
        36        38        33        30
        38        41        37        33
        41        39        34        37
        39        42        40        34
zone t="boundary 2 bc-2", solutiontime= 0.9000000E+02, strandid=1002, i=51, j=80, f=feblock
  0.500000000000E+01  0.500000000000E+01  0.400000000000E+01  0.425172245441E+01  0.500000000000E+01  0.427741389634E+01  0.300000000000E+01
  0.341887665662E+01  0.368116975164E+01  0.500000000000E+01  0.430894944607E+01  0.352044655687E+01  0.200000000000E+01  0.259168638257E+01
  0.301798341022E+01  0.500000000000E+01  0.435643616790E+01  0.375117520592E+01  0.271663237208E+01  0.288980181581E+01  0.100000000000E+01
  0.191939879870E+01  0.130679496696E+01  0.219385942988E+01  0.500000000000E+01  0.441735041915E+01  0.373031592783E+01  0.208456665067E+01
  0.230848460393E+01  0.190054259015E+01  0.298584217914E+01  0.000000000000E+00  0.613733212775E+00  0.151350918120E+01  0.794128609067E+00
  0.144135983281E+01  0.400000000000E+01  0.132476136006E+01  0.200000000000E+01  0.164582171489E+01  0.102008138039E+01  0.300000000000E+01
  0.000000000000E+00  0.000000000000E+00  0.701034609231E+00  0.609175469936E+00  0.100000000000E+01  0.505577837730E+00  0.000000000000E+00
  0.000000000000E+00  0.000000000000E+00
 -0.500000000000E+01 -0.500000000000E+01 -0.500000000000E+01 -0.500000000000E+01 -0.500000000000E+01 -0.500000000000E+01 -0.500000000000E+01
 -0.500000000000E+01 -0.500000000000E+01 -0.500000000000E+01 -0.500000000000E+01 -0.500000000000E+01 -0.500000000000E+01 -0.500000000000E+01
 -0.500000000000E+01 -0.500000000000E+01 -0.500000000000E+01 -0.500000000000E+01 -0.500000000000E+01 -0.500000000000E+01 -0.500000000000E+01
 -0.500000000000E+01 -0.500000000000E+01 -0.500000000000E+01 -0.500000000000E+01 -0.500000000000E+01 -0.500000000000E+01 -0.500000000000E+01
 -0.500000000000E+01 -0.500000000000E+01 -0.500000000000E+01 -0.500000000000E+01 -0.500000000000E+01 -0.500000000000E+01 -0.500000000000E+01
 -0.500000000000E+01 -0.500000000000E+01 -0.500000000000E+01 -0.500000000000E+01 -0.500000000000E+01 -0.500000000000E+01 -0.500000000000E+01
 -0.500000000000E+01 -0.500000000000E+01 -0.500000000000E+01 -0.500000000000E+01 -0.500000000000E+01 -0.500000000000E+01 -0.500000000000E+01
 -0.500000000000E+01 -0.500000000000E+01
  0.250000000000E+01  0.150000000000E+01  0.250000000000E+01  0.168388151981E+01  0.500000000000E+00  0.784980628699E+00  0.250000000000E+01
  0.172616846193E+01  0.104016062853E+01 -0.500000000000E+00 -0.103062804534E+00  0.179404976675E+00  0.250000000000E+01  0.166729536217E+01
  0.923171218453E+00 -0.150000000000E+01 -0.102255113015E+01 -0.669125930414E+00  0.135977239814E+00 -0.856266143819E+00  0.250000000000E+01
  0.158034275708E+01  0.175813852804E+01  0.774089735567E+00 -0.250000000000E+01 -0.179804978092E+01 -0.146769777443E+01 -0.223755606368E+00
 -0.164420331359E+01 -0.108875578595E+01 -0.190240885061E+01  0.250000000000E+01  0.185787993997E+01  0.110883669208E+01  0.100177177909E+01
  0.349093656766E+00 -0.250000000000E+01 -0.526785284186E+00 -0.250000000000E+01 -0.183798308008E+01 -0.145695630084E+01 -0.250000000000E+01
  0.150000000000E+01  0.500000000000E+00  0.396172271494E-01 -0.788824871575E+00 -0.250000000000E+01 -0.198405114581E+01 -0.150000000000E+01
 -0.500000000000E+00 -0.250000000000E+01
  0.100261675593E+01  0.100231983335E+01  0.100240011113E+01  0.100286795555E+01  0.100986038502E+01  0.100305505731E+01  0.100362081749E+01
  0.100277771963E+01  0.100418871398E+01  0.102074042464E+01  0.100585387078E+01  0.996620454446E+00  0.100483163094E+01  0.100346887099E+01
  0.100148578588E+01  0.977530118191E+00  0.992905864560E+00  0.100175815403E+01  0.994518868851E+00  0.100582075208E+01  0.100496898505E+01
  0.100368365684E+01  0.100496832326E+01  0.100471954233E+01  0.813942952523E+00  0.992141503166E+00  0.973036485179E+00  0.996810914818E+00
  0.101127388716E+01  0.998509246732E+00  0.993710157168E+00  0.100325368166E+01  0.100506879851E+01  0.100390423902E+01  0.100672737691E+01
  0.101179337932E+01  0.978304472668E+00  0.996625315725E+00  0.972698485877E+00  0.968817685052E+00  0.106049593679E+01  0.982321803349E+00
  0.100705540457E+01  0.100551086537E+01  0.101276733106E+01  0.999313417785E+00  0.925210581527E+00  0.110203378400E+01  0.101082797434E+01
  0.103970841372E+01  0.150961619116E+01
  0.497706157591E+00  0.499193062781E+00  0.498617681551E+00  0.495280798620E+00  0.514812409610E+00  0.507438599549E+00  0.497684373114E+00
  0.496421823797E+00  0.499203070791E+00  0.522002446718E+00  0.552730317777E+00  0.540645164684E+00  0.495404630726E+00  0.496622427160E+00
  0.501431444137E+00  0.473877834888E+00  0.551650131501E+00  0.578837283712E+00  0.530109159212E+00  0.577366395936E+00  0.494102982281E+00
  0.495197823143E+00  0.494822323007E+00  0.500003523869E+00  0.000000000000E+00  0.396948523681E+00  0.472487946289E+00  0.541533088800E+00
  0.423723829788E+00  0.591701908857E+00  0.318670023741E+00  0.496172594065E+00  0.494826830474E+00  0.494708392811E+00  0.492183495181E+00
  0.492940374989E+00  0.000000000000E+00  0.533394774646E+00  0.000000000000E+00  0.390056903927E+00  0.540968610397E+00  0.000000000000E+00
  0.493570327122E+00  0.494244794247E+00  0.488495222856E+00  0.493065042531E+00  0.000000000000E+00  0.451832738841E+00  0.479350157026E+00
  0.466763831650E+00  0.000000000000E+00
  0.000000000000E+00  0.000000000000E+00  0.000000000000E+00  0.000000000000E+00  0.000000000000E+00  0.000000000000E+00  0.000000000000E+00
  0.000000000000E+00  0.000000000000E+00  0.000000000000E+00  0.000000000000E+00  0.000000000000E+00  0.000000000000E+00  0.000000000000E+00
  0.000000000000E+00  0.000000000000E+00  0.000000000000E+00  0.000000000000E+00  0.000000000000E+00  0.000000000000E+00  0.000000000000E+00
  0.000000000000E+00  0.000000000000E+00  0.000000000000E+00  0.000000000000E+00  0.000000000000E+00  0.000000000000E+00  0.000000000000E+00
  0.000000000000E+00  0.000000000000E+00  0.000000000000E+00  0.000000000000E+00  0.000000000000E+00  0.000000000000E+00  0.000000000000E+00
  0.000000000000E+00  0.000000000000E+00  0.000000000000E+00  0.000000000000E+00  0.000000000000E+00  0.000000000000E+00  0.000000000000E+00
  0.000000000000E+00  0.000000000000E+00  0.000000000000E+00  0.000000000000E+00  0.000000000000E+00  0.000000000000E+00  0.000000000000E+00
  0.000000000000E+00  0.000000000000E+00
  0.185403421150E-02  0.808819240361E-02  0.296967473091E-02  0.298075793334E-02  0.992523958061E-02  0.455230575773E-02  0.298695379674E-02
  0.284376944290E-02  0.144894463397E-02 -0.328508318642E-01 -0.572464169279E-03  0.771442140637E-02  0.422706928275E-02  0.428716649330E-02
  0.316522816506E-02 -0.940365777837E-01 -0.231509535203E-01 -0.139096001921E-02  0.121322659463E-01  0.193800300202E-01  0.422027817448E-02
  0.535025667210E-02  0.533321536666E-02  0.841212746475E-02  0.000000000000E+00 -0.489653866579E-01  0.817052803212E-02  0.238112969750E-01
  0.452825828924E-02  0.403461568507E-01  0.368593810355E-02  0.241403328550E-02  0.408171112485E-02  0.621032564097E-02  0.367641671851E-02
  0.943884732398E-02  0.000000000000E+00  0.434151002505E-01  0.000000000000E+00 -0.584832444073E-02  0.776901914202E-01  0.000000000000E+00
  0.285074261548E-03  0.435776911746E-02  0.542206854678E-02  0.228493071048E-01  0.000000000000E+00  0.178851369033E+00  0.431977162182E-01
 -0.476023624576E-02  0.000000000000E+00
  0.716618382011E+00  0.716950108004E+00  0.716841341129E+00  0.716745012428E+00  0.725094806576E+00  0.718974089733E+00  0.717665401629E+00
  0.717075618133E+00  0.718291207462E+00  0.731803448256E+00  0.719014918972E+00  0.713104693021E+00  0.718854412478E+00  0.717839103374E+00
  0.715743719424E+00  0.684048737703E+00  0.700360558315E+00  0.708886315678E+00  0.713353153014E+00  0.710761366775E+00  0.719174850852E+00
  0.719043365154E+00  0.719174592400E+00  0.717232156610E+00  0.581377307983E+00  0.692803203201E+00  0.682764561974E+00  0.716390216531E+00
  0.712117281069E+00  0.698547511716E+00  0.703729710503E+00  0.717658441296E+00  0.719093933668E+00  0.719000967331E+00  0.722068611690E+00
  0.723226967725E+00  0.698776300961E+00  0.719976066070E+00  0.694771821956E+00  0.677238111311E+00  0.745930247423E+00  0.701645673798E+00
  0.721034973567E+00  0.721851441713E+00  0.721987773352E+00  0.733890725927E+00  0.660852246864E+00  0.730098091309E+00  0.749904667548E+00
  0.745368140201E+00  0.107827645280E+01
  0.497548609013E+00  0.498907711489E+00  0.498333853038E+00  0.495147825292E+00  0.513569184438E+00  0.506573799321E+00  0.497418156892E+00
  0.496150957433E+00  0.498852844106E+00  0.522068224406E+00  0.552519991789E+00  0.540232569452E+00  0.495037421692E+00  0.496268703902E+00
  0.501302442883E+00  0.488102266719E+00  0.555616341852E+00  0.581549758351E+00  0.529138327177E+00  0.580805065165E+00  0.493660503642E+00
  0.494493902000E+00  0.494389807021E+00  0.500222302519E+00  0.000000000000E+00  0.404511931804E+00  0.476782950585E+00  0.540395807764E+00
  0.426778275032E+00  0.599272420300E+00  0.320061300460E+00  0.495815816978E+00  0.494434856210E+00  0.494084107539E+00  0.491181328888E+00
  0.492854340883E+00  0.000000000000E+00  0.532139523950E+00  0.000000000000E+00  0.394332975515E+00  0.550739830920E+00  0.000000000000E+00
  0.492984896558E+00  0.493019884992E+00  0.489004633637E+00  0.486789478838E+00  0.000000000000E+00  0.504577864339E+00  0.472259616563E+00
  0.465935851539E+00  0.000000000000E+00
  0.100064728510E+01  0.100140705373E+01  0.100117494644E+01  0.100057341732E+01  0.100522086445E+01  0.100349798179E+01  0.100110673750E+01
  0.100112502076E+01  0.100141305757E+01  0.100370750763E+01  0.100076255190E+01  0.100173196905E+01  0.100155702356E+01  0.100150066811E+01
  0.100055459730E+01  0.979681561686E+00  0.987510313554E+00  0.990699040437E+00  0.100419855822E+01  0.989307400374E+00  0.100186653138E+01
  0.100296612818E+01  0.100186683108E+01  0.999408269621E+00  0.999981913539E+00  0.977607006044E+00  0.982358217110E+00  0.100615501720E+01
  0.985849833719E+00  0.979426599807E+00  0.991457707861E+00  0.100146337480E+01  0.100165432319E+01  0.100268662602E+01  0.100414082258E+01
  0.100071593223E+01  0.999981957231E+00  0.101137957926E+01  0.999981561462E+00  0.978649926054E+00  0.984730172144E+00  0.999981818554E+00
  0.100237678922E+01  0.100505330495E+01  0.998040568341E+00  0.102815292781E+01  0.999981154650E+00  0.927500901214E+00  0.103862037974E+01
  0.100366158676E+01  0.999980685657E+00
        28        24        19        19
        19        24        15        15
        19        15        12        12
        22        13        14        14
        13        22        23        23
        31        27        37        37
        31        29        20        20
        35        34        36        36
        34        23        22        22
         8         9        15        15
         9         6        12        12
        20        18        27        27
        27        18        17        17
        38        45        36        36
        38        30        41        41
        28        19        20        20
        30        40        41        41
        40        39        47        47
        11        10        17        17
        10        11         5         5
         8        14         7         7
        14        24        22        22
        45        46        50        50
        46        41        49        49
        41        46        38        38
        29        39        40        40
        36        24        28        28
        36        45        35        35
        20        29        30        30
        11        18        12        12
        15        24        14        14
        12        20        19        19
        12        18        20        20
        31        20        27        27
         9        12        15        15
         9         4         6         6
        24        36        34        34
        35        23        34        34
        38        36        28        28
        41        47        48        48
        29        40        30        30
        49        50        46        46
        46        45        38        38
        25        26        16        16
        26        37        27        27
        32        33        43        43
        33        21        23        23
        51        48        47        47
         1         4         3         3
         4         2         6         6
         6         5        11        11
        35        43        33        33
        43        35        44        44
         8         3         4         4
         3         8         7         7
        31        37        42        42
        17        16        26        26
        16        17        10        10
        34        22        24        24
        47        41        40        40
        15        14         8         8
        20        30        28        28
        11        17        18        18
        39        31        42        42
         4         9         8         8
        33        23        35        35
        28        30        38        38
        17        26        27        27
        41        48        49        49
        35        45        44        44
        39        29        31        31
        45        50        44        44
        21        13        23        23
        13         7        14        14
         2         5         6         6
         6        11        12        12
        25        37        26        26
        51        49        48        48
        32        21        33        33
         1         2         4         4
zone t="boundary 3 bc-3", solutiontime= 0.9000000E+02, strandid=1003, i=51, j=80, f=feblock
  0.500000000000E+01  0.500000000000E+01  0.400000000000E+01  0.425172245441E+01  0.500000000000E+01  0.427741389634E+01  0.300000000000E+01
  0.341887665662E+01  0.368116975164E+01  0.500000000000E+01  0.430894944607E+01  0.352044655687E+01  0.200000000000E+01  0.259168638257E+01
  0.301798341022E+01  0.500000000000E+01  0.435643616790E+01  0.375117520592E+01  0.271663237208E+01  0.288980181581E+01  0.100000000000E+01
  0.191939879870E+01  0.130679496696E+01  0.219385942988E+01  0.500000000000E+01  0.441735041915E+01  0.373031592783E+01  0.208456665067E+01
  0.230848460393E+01  0.190054259015E+01  0.298584217914E+01  0.000000000000E+00  0.613733212775E+00  0.151350918120E+01  0.794128609067E+00
  0.144135983281E+01  0.400000000000E+01  0.132476136006E+01  0.200000000000E+01  0.164582171489E+01  0.102008138039E+01  0.300000000000E+01
  0.000000000000E+00  0.000000000000E+00  0.701034609231E+00  0.609175469936E+00  0.100000000000E+01  0.505577837730E+00  0.000000000000E+00
  0.000000000000E+00  0.000000000000E+00
  0.000000000000E+00  0.000000000000E+00  0.000000000000E+00  0.000000000000E+00  0.000000000000E+00  0.000000000000E+00  0.000000000000E+00
  0.000000000000E+00  0.000000000000E+00  0.000000000000E+00  0.000000000000E+00  0.000000000000E+00  0.000000000000E+00  0.000000000000E+00
  0.000000000000E+00  0.000000000000E+00  0.000000000000E+00  0.000000000000E+00  0.000000000000E+00  0.000000000000E+00  0.000000000000E+00
  0.000000000000E+00  0.000000000000E+00  0.000000000000E+00  0.000000000000E+00  0.000000000000E+00  0.000000000000E+00  0.000000000000E+00
  0.000000000000E+00  0.000000000000E+00  0.000000000000E+00  0.000000000000E+00  0.000000000000E+00  0.000000000000E+00  0.000000000000E+00
  0.000000000000E+00  0.000000000000E+00  0.000000000000E+00  0.000000000000E+00  0.000000000000E+00  0.000000000000E+00  0.000000000000E+00
  0.000000000000E+00  0.000000000000E+00  0.000000000000E+00  0.000000000000E+00  0.000000000000E+00  0.000000000000E+00  0.000000000000E+00
  0.000000000000E+00  0.000000000000E+00
  0.250000000000E+01  0.150000000000E+01  0.250000000000E+01  0.168388151981E+01  0.500000000000E+00  0.784980628699E+00  0.250000000000E+01
  0.172616846193E+01  0.104016062853E+01 -0.500000000000E+00 -0.103062804534E+00  0.179404976675E+00  0.250000000000E+01  0.166729536217E+01
  0.923171218453E+00 -0.150000000000E+01 -0.102255113015E+01 -0.669125930414E+00  0.135977239814E+00 -0.856266143819E+00  0.250000000000E+01
  0.158034275708E+01  0.175813852804E+01  0.774089735567E+00 -0.250000000000E+01 -0.179804978092E+01 -0.146769777443E+01 -0.223755606368E+00
 -0.164420331359E+01 -0.108875578595E+01 -0.190240885061E+01  0.250000000000E+01  0.185787993997E+01  0.110883669208E+01  0.100177177909E+01
  0.349093656766E+00 -0.250000000000E+01 -0.526785284186E+00 -0.250000000000E+01 -0.183798308008E+01 -0.145695630084E+01 -0.250000000000E+01
  0.150000000000E+01  0.500000000000E+00  0.396172271494E-01 -0.788824871575E+00 -0.250000000000E+01 -0.198405114581E+01 -0.150000000000E+01
 -0.500000000000E+00 -0.250000000000E+01
  0.100261677700E+01  0.100231984377E+01  0.100240011410E+01  0.100286798698E+01  0.100986026362E+01  0.100305505720E+01  0.100362084249E+01
  0.100277773693E+01  0.100418876441E+01  0.102074068394E+01  0.100585386493E+01  0.996620376223E+00  0.100483169201E+01  0.100346889156E+01
  0.100148582143E+01  0.977531935404E+00  0.992906907339E+00  0.100175848956E+01  0.994518726303E+00  0.100582115453E+01  0.100496903279E+01
  0.100368365911E+01  0.100496835987E+01  0.100471968778E+01  0.813949593054E+00  0.992143818708E+00  0.973038225406E+00  0.996810735808E+00
  0.101127556934E+01  0.998509744661E+00  0.993712657439E+00  0.100325369295E+01  0.100506883332E+01  0.100390423404E+01  0.100672741467E+01
  0.101179366142E+01  0.978309598761E+00  0.996624886617E+00  0.972702886305E+00  0.968819160240E+00  0.106049785142E+01  0.982327084402E+00
  0.100705548135E+01  0.100551073812E+01  0.101276755052E+01  0.999312743161E+00  0.925212969602E+00  0.110203872585E+01  0.101082598888E+01
  0.103970948202E+01  0.150963018076E+01
  0.497706130177E+00  0.499193040854E+00  0.498617684079E+00  0.495280735847E+00  0.514812596530E+00  0.507438525815E+00  0.497684371106E+00
  0.496421803080E+00  0.499202948817E+00  0.522002579739E+00  0.552730440496E+00  0.540645176304E+00  0.495404568162E+00  0.496622385082E+00
  0.501431290954E+00  0.473875879161E+00  0.551649844362E+00  0.578837310518E+00  0.530108993201E+00  0.577366816370E+00  0.494102923581E+00
  0.495197760403E+00  0.494822269290E+00  0.500003387816E+00  0.000000000000E+00  0.396946422922E+00  0.472487518680E+00  0.541533096295E+00
  0.423724106302E+00  0.591702879757E+00  0.318669734068E+00  0.496172577411E+00  0.494826791263E+00  0.494708359484E+00  0.492183452162E+00
  0.492940108191E+00  0.000000000000E+00  0.533394719620E+00  0.000000000000E+00  0.390057678850E+00  0.540969505878E+00  0.000000000000E+00
  0.493570254437E+00  0.494244938498E+00  0.488495080913E+00  0.493064409741E+00  0.000000000000E+00  0.451834685439E+00  0.479351097117E+00
  0.466763100971E+00  0.000000000000E+00
  0.000000000000E+00  0.000000000000E+00  0.000000000000E+00  0.000000000000E+00  0.000000000000E+00  0.000000000000E+00  0.000000000000E+00
  0.000000000000E+00  0.000000000000E+00  0.000000000000E+00  0.000000000000E+00  0.000000000000E+00  0.000000000000E+00  0.000000000000E+00
  0.000000000000E+00  0.000000000000E+00  0.000000000000E+00  0.000000000000E+00  0.000000000000E+00  0.000000000000E+00  0.000000000000E+00
  0.000000000000E+00  0.000000000000E+00  0.000000000000E+00  0.000000000000E+00  0.000000000000E+00  0.000000000000E+00  0.000000000000E+00
  0.000000000000E+00  0.000000000000E+00  0.000000000000E+00  0.000000000000E+00  0.000000000000E+00  0.000000000000E+00  0.000000000000E+00
  0.000000000000E+00  0.000000000000E+00  0.000000000000E+00  0.000000000000E+00  0.000000000000E+00  0.000000000000E+00  0.000000000000E+00
  0.000000000000E+00  0.000000000000E+00  0.000000000000E+00  0.000000000000E+00  0.000000000000E+00  0.000000000000E+00  0.000000000000E+00
  0.000000000000E+00  0.000000000000E+00
  0.185405155869E-02  0.808831718690E-02  0.296970561920E-02  0.298085899348E-02  0.992579050530E-02  0.455255060436E-02  0.298695374379E-02
  0.284382389788E-02  0.144909236850E-02 -0.328496752362E-01 -0.571858854540E-03  0.771475733257E-02  0.422706367358E-02  0.428725783162E-02
  0.316539434751E-02 -0.940350456733E-01 -0.231499278099E-01 -0.139050777314E-02  0.121325139854E-01  0.193805949148E-01  0.422029901396E-02
  0.535032626177E-02  0.533326605698E-02  0.841228589833E-02  0.000000000000E+00 -0.489640091897E-01  0.817075615532E-02  0.238116279750E-01
  0.452870425811E-02  0.403468862626E-01  0.368589061754E-02  0.241405190799E-02  0.408176057591E-02  0.621038035657E-02  0.367643663846E-02
  0.943888050663E-02  0.000000000000E+00  0.434155167814E-01  0.000000000000E+00 -0.584859605537E-02  0.776912786326E-01  0.000000000000E+00
  0.285060395927E-03  0.435789991662E-02  0.542215110200E-02  0.228489607381E-01  0.000000000000E+00  0.178854326355E+00  0.431983243953E-01
 -0.476042955777E-02  0.000000000000E+00
  0.716618394134E+00  0.716950113433E+00  0.716841350879E+00  0.716745025071E+00  0.725094823588E+00  0.718974139659E+00  0.717665417249E+00
  0.717075632094E+00  0.718291243246E+00  0.731803658224E+00  0.719015098053E+00  0.713104774056E+00  0.718854455326E+00  0.717839133500E+00
  0.715743729331E+00  0.684049463280E+00  0.700361080468E+00  0.708886566992E+00  0.713353225242E+00  0.710761543123E+00  0.719174895090E+00
  0.719043423814E+00  0.719174625716E+00  0.717232212656E+00  0.581379632273E+00  0.692803506729E+00  0.682764920679E+00  0.716390327293E+00
  0.712117364351E+00  0.698547405731E+00  0.703729744218E+00  0.717658459034E+00  0.719093954048E+00  0.719001004975E+00  0.722068704352E+00
  0.723227089830E+00  0.698776579133E+00  0.719976142870E+00  0.694771538677E+00  0.677237646945E+00  0.745930781714E+00  0.701645739883E+00
  0.721035034122E+00  0.721851424243E+00  0.721987720201E+00  0.733891068544E+00  0.660850984286E+00  0.730098295110E+00  0.749903897226E+00
  0.745368772049E+00  0.107828217849E+01
  0.497548582692E+00  0.498907692305E+00  0.498333853096E+00  0.495147766538E+00  0.513569344535E+00  0.506573710296E+00  0.497418155667E+00
  0.496150936489E+00  0.498852722747E+00  0.522068275825E+00  0.552520043421E+00  0.540232533954E+00  0.495037359419E+00  0.496268657315E+00
  0.501302296224E+00  0.488100222133E+00  0.555616094522E+00  0.581549778499E+00  0.529138102511E+00  0.580805550823E+00  0.493660441720E+00
  0.494493820497E+00  0.494389751459E+00  0.500222185774E+00  0.000000000000E+00  0.404510035974E+00  0.476782824304E+00  0.540395739426E+00
  0.426778888310E+00  0.599273644093E+00  0.320061403994E+00  0.495815797091E+00  0.494434818995E+00  0.494084060787E+00  0.491181263804E+00
  0.492854101965E+00  0.000000000000E+00  0.532139360074E+00  0.000000000000E+00  0.394334198287E+00  0.550741179816E+00  0.000000000000E+00
  0.492984822045E+00  0.493020004796E+00  0.489004563460E+00  0.486788561687E+00  0.000000000000E+00  0.504581934810E+00  0.472260367603E+00
  0.465935166087E+00  0.000000000000E+00
  0.100064728100E+01  0.100140705090E+01  0.100117495710E+01  0.100057340361E+01  0.100522100888E+01  0.100349805157E+01  0.100110673435E+01
  0.100112502298E+01  0.100141305717E+01  0.100370754064E+01  0.100076280698E+01  0.100173216151E+01  0.100155702240E+01  0.100150068961E+01
  0.100055457563E+01  0.979680779632E+00  0.987510012678E+00  0.990699059832E+00  0.100419880383E+01  0.989307249996E+00  0.100186654541E+01
  0.100296620773E+01  0.100186684099E+01  0.999408203035E+00  0.999977753080E+00  0.977605152732E+00  0.982356976317E+00  0.100615535345E+01
  0.985848309119E+00  0.979425962793E+00  0.991455260763E+00  0.100146338828E+01  0.100165431689E+01  0.100268668348E+01  0.100414091378E+01
  0.100071582218E+01  0.999977115655E+00  0.101138012261E+01  0.999976629907E+00  0.978647764860E+00  0.984729099640E+00  0.999976536770E+00
  0.100237679697E+01  0.100505340781E+01  0.998040278605E+00  0.102815410190E+01  0.999976663102E+00  0.927497000950E+00  0.103862135290E+01
  0.100366140630E+01  0.999976728826E+00
        19        24        28        28
        15        24        19        19
        12        15        19        19
        14        13        22        22
        23        22        13        13
        37        27        31        31
        20        29        31        31
        36        34        35        35
        22        23        34        34
        15         9         8         8
        12         6         9         9
        27        18        20        20
        17        18        27        27
        36        45        38        38
        41        30        38        38
        20        19        28        28
        41        40        30        30
        47        39        40        40
        17        10        11        11
         5        11        10        10
         7        14         8         8
        22        24        14        14
        50        46        45        45
        49        41        46        46
        38        46        41        41
        40        39        29        29
        28        24        36        36
        35        45        36        36
        30        29        20        20
        12        18        11        11
        14        24        15        15
        19        20        12        12
        20        18        12        12
        27        20        31        31
        15        12         9         9
         6         4         9         9
        34        36        24        24
        34        23        35        35
        28        36        38        38
        48        47        41        41
        30        40        29        29
        46        50        49        49
        38        45        46        46
        16        26        25        25
        27        37        26        26
        43        33        32        32
        23        21        33        33
        47        48        51        51
         3         4         1         1
         6         2         4         4
        11         5         6         6
        33        43        35        35
        44        35        43        43
         4         3         8         8
         7         8         3         3
        42        37        31        31
        26        16        17        17
        10        17        16        16
        24        22        34        34
        40        41        47        47
         8        14        15        15
        28        30        20        20
        18        17        11        11
        42        31        39        39
         8         9         4         4
        35        23        33        33
        38        30        28        28
        27        26        17        17
        49        48        41        41
        44        45        35        35
        31        29        39        39
        44        50        45        45
        23        13        21        21
        14         7        13        13
         6         5         2         2
        12        11         6         6
        26        37        25        25
        48        49        51        51
        33        21        32        32
         4         2         1         1
zone t="boundary 4 bc-4", solutiontime= 0.9000000E+02, strandid=1004, i=42, j=30, f=feblock
  0.500000000000E+01  0.400000000000E+01  0.500000000000E+01  0.300000000000E+01  0.400000000000E+01  0.500000000000E+01  0.200000000000E+01
  0.300000000000E+01  0.400000000000E+01  0.500000000000E+01  0.100000000000E+01  0.200000000000E+01  0.300000000000E+01  0.400000000000E+01
  0.500000000000E+01  0.000000000000E+00  0.100000000000E+01  0.200000000000E+01  0.300000000000E+01  0.400000000000E+01  0.500000000000E+01
  0.000000000000E+00  0.100000000000E+01  0.200000000000E+01  0.300000000000E+01  0.400000000000E+01  0.500000000000E+01  0.000000000000E+00
  0.100000000000E+01  0.200000000000E+01  0.300000000000E+01  0.400000000000E+01  0.000000000000E+00  0.100000000000E+01  0.200000000000E+01
  0.300000000000E+01  0.000000000000E+00  0.100000000000E+01  0.200000000000E+01  0.000000000000E+00  0.100000000000E+01  0.000000000000E+00
  0.000000000000E+00  0.000000000000E+00 -0.833333333333E+00  0.000000000000E+00 -0.833333333333E+00 -0.166666666667E+01  0.000000000000E+00
 -0.833333333333E+00 -0.166666666667E+01 -0.250000000000E+01  0.000000000000E+00 -0.833333333333E+00 -0.166666666667E+01 -0.250000000000E+01
 -0.333333333333E+01  0.000000000000E+00 -0.833333333333E+00 -0.166666666667E+01 -0.250000000000E+01 -0.333333333333E+01 -0.416666666667E+01
 -0.833333333333E+00 -0.166666666667E+01 -0.250000000000E+01 -0.333333333333E+01 -0.416666666667E+01 -0.500000000000E+01 -0.166666666667E+01
 -0.250000000000E+01 -0.333333333333E+01 -0.416666666667E+01 -0.500000000000E+01 -0.250000000000E+01 -0.333333333333E+01 -0.416666666667E+01
 -0.500000000000E+01 -0.333333333333E+01 -0.416666666667E+01 -0.500000000000E+01 -0.416666666667E+01 -0.500000000000E+01 -0.500000000000E+01
  0.250000000000E+01  0.250000000000E+01  0.250000000000E+01  0.250000000000E+01  0.250000000000E+01  0.250000000000E+01  0.250000000000E+01
  0.250000000000E+01  0.250000000000E+01  0.250000000000E+01  0.250000000000E+01  0.250000000000E+01  0.250000000000E+01  0.250000000000E+01
  0.250000000000E+01  0.250000000000E+01  0.250000000000E+01  0.250000000000E+01  0.250000000000E+01  0.250000000000E+01  0.250000000000E+01
  0.250000000000E+01  0.250000000000E+01  0.250000000000E+01  0.250000000000E+01  0.250000000000E+01  0.250000000000E+01  0.250000000000E+01
  0.250000000000E+01  0.250000000000E+01  0.250000000000E+01  0.250000000000E+01  0.250000000000E+01  0.250000000000E+01  0.250000000000E+01
  0.250000000000E+01  0.250000000000E+01  0.250000000000E+01  0.250000000000E+01  0.250000000000E+01  0.250000000000E+01  0.250000000000E+01
  0.100261677700E+01  0.100240011410E+01  0.100256009870E+01  0.100362084249E+01  0.100228106391E+01  0.100259502680E+01  0.100483169201E+01
  0.100349559211E+01  0.100235064845E+01  0.100258306061E+01  0.100496903279E+01  0.100474442256E+01  0.100357861121E+01  0.100231803516E+01
  0.100259501267E+01  0.100325369295E+01  0.100490103594E+01  0.100481859426E+01  0.100352786700E+01  0.100235064391E+01  0.100256007894E+01
  0.100321588771E+01  0.100495384344E+01  0.100476491027E+01  0.100357859953E+01  0.100228105633E+01  0.100261675593E+01  0.100323942190E+01
  0.100491121337E+01  0.100481857128E+01  0.100349557251E+01  0.100240011113E+01  0.100321791162E+01  0.100495382194E+01  0.100474437847E+01
  0.100362081749E+01  0.100323941527E+01  0.100490099905E+01  0.100483163094E+01  0.100321587607E+01  0.100496898505E+01  0.100325368166E+01
  0.497706130177E+00  0.498617684079E+00  0.497878508411E+00  0.497684371106E+00  0.499054048156E+00  0.497849539742E+00  0.495404568162E+00
  0.498042995766E+00  0.498926229685E+00  0.497855285189E+00  0.494102923581E+00  0.495558839404E+00  0.497888337091E+00  0.498985788516E+00
  0.497849543448E+00  0.496172577411E+00  0.494191818416E+00  0.495427450639E+00  0.497983692363E+00  0.498926225130E+00  0.497878524214E+00
  0.496209595266E+00  0.494111133830E+00  0.495523693903E+00  0.497888337051E+00  0.499054049830E+00  0.497706157591E+00  0.496187032534E+00
  0.494179310034E+00  0.495427467869E+00  0.498042998139E+00  0.498617681551E+00  0.496209407113E+00  0.494111157623E+00  0.495558874738E+00
  0.497684373114E+00  0.496187040583E+00  0.494191860870E+00  0.495404630726E+00  0.496209609568E+00  0.494102982281E+00  0.496172594065E+00
  0.000000000000E+00  0.000000000000E+00 -0.483658152137E-04  0.000000000000E+00 -0.669125598595E-04  0.245199119214E-04  0.000000000000E+00
 -0.498817446817E-04  0.267053199415E-04 -0.704377634384E-07  0.000000000000E+00 -0.291331986318E-04  0.229945814810E-04 -0.598658325502E-07
 -0.246415623355E-04  0.000000000000E+00 -0.865467658029E-05  0.115903750642E-04 -0.525827229178E-07 -0.268103030059E-04  0.482850701594E-04
  0.113230008101E-05  0.675628461765E-05 -0.414102403049E-07 -0.230883786562E-04  0.668443840746E-04  0.000000000000E+00 -0.658644979340E-07
 -0.193178819935E-07 -0.116637444518E-04  0.498234085414E-04  0.000000000000E+00  0.414923784428E-08 -0.678861847766E-05  0.290824570884E-04
  0.000000000000E+00  0.737099738371E-07  0.863180624463E-05  0.000000000000E+00 -0.112814733828E-05  0.000000000000E+00  0.000000000000E+00
  0.185405155869E-02  0.296970561920E-02  0.172031420966E-02  0.298695374379E-02  0.289609435530E-02  0.177377902978E-02  0.422706367358E-02
  0.286745681356E-02  0.296341803535E-02  0.175240512949E-02  0.422029901396E-02  0.409297915227E-02  0.295351985934E-02  0.292813235409E-02
  0.177377470259E-02  0.241405190799E-02  0.415128087015E-02  0.417188092748E-02  0.289967345396E-02  0.296340577898E-02  0.172029762304E-02
  0.240040493246E-02  0.419975828376E-02  0.411472698537E-02  0.295351678305E-02  0.289607241990E-02  0.185403421150E-02  0.241399490733E-02
  0.415826723952E-02  0.417187653658E-02  0.286745444110E-02  0.296967473091E-02  0.240082431623E-02  0.419974893316E-02  0.409298036945E-02
  0.298695379674E-02  0.241398532999E-02  0.415126486392E-02  0.422706928275E-02  0.240038855138E-02  0.422027817448E-02  0.241403328550E-02
  0.716618394134E+00  0.716841350879E+00  0.716562652625E+00  0.717665417249E+00  0.716731537630E+00  0.716595964939E+00  0.718854455326E+00
  0.717533001295E+00  0.716800767494E+00  0.716584197397E+00  0.719174895090E+00  0.718749239955E+00  0.717616698362E+00  0.716767746280E+00
  0.716595954421E+00  0.717658459034E+00  0.719106297899E+00  0.718824688655E+00  0.717565295308E+00  0.716800760972E+00  0.716562638808E+00
  0.717624551195E+00  0.719158498148E+00  0.718770351201E+00  0.717616689756E+00  0.716731526329E+00  0.716618382011E+00  0.717648367207E+00
  0.719116084845E+00  0.718824671423E+00  0.717532987920E+00  0.716841341129E+00  0.717626747366E+00  0.719158478197E+00  0.718749208602E+00
  0.717665401629E+00  0.717648358339E+00  0.719106263526E+00  0.718854412478E+00  0.717624535155E+00  0.719174850852E+00  0.717658441296E+00
  0.497548582692E+00  0.498333853096E+00  0.497725716002E+00  0.497418155667E+00  0.498778111843E+00  0.497694043389E+00  0.495037359419E+00
  0.497790739975E+00  0.498643987392E+00  0.497700827110E+00  0.493660441720E+00  0.495205118966E+00  0.497628227685E+00  0.498706675575E+00
  0.497694047230E+00  0.495815797091E+00  0.493755511119E+00  0.495066779614E+00  0.497728456092E+00  0.498643983911E+00  0.497725731627E+00
  0.495855092880E+00  0.493670366282E+00  0.495167956505E+00  0.497628227719E+00  0.498778115425E+00  0.497548609013E+00  0.495830200886E+00
  0.493742213653E+00  0.495066797068E+00  0.497790742105E+00  0.498333853038E+00  0.495854648325E+00  0.493670391538E+00  0.495205154217E+00
  0.497418156892E+00  0.495830210308E+00  0.493755556135E+00  0.495037421692E+00  0.495855109757E+00  0.493660503642E+00  0.495815816978E+00
  0.100064728100E+01  0.100117495710E+01  0.100062601232E+01  0.100110673435E+01  0.100114048725E+01  0.100063766934E+01  0.100155702240E+01
  0.100104694999E+01  0.100116768123E+01  0.100063318021E+01  0.100186654541E+01  0.100149740904E+01  0.100108089838E+01  0.100115413431E+01
  0.100063766876E+01  0.100146338828E+01  0.100183876924E+01  0.100152860414E+01  0.100105980757E+01  0.100116767666E+01  0.100062601275E+01
  0.100145380868E+01  0.100185884553E+01  0.100150640353E+01  0.100108089803E+01  0.100114047904E+01  0.100064728510E+01  0.100146355113E+01
  0.100184225769E+01  0.100152860303E+01  0.100104695089E+01  0.100117494644E+01  0.100145485311E+01  0.100185883918E+01  0.100149740929E+01
  0.100110673750E+01  0.100146354537E+01  0.100183875814E+01  0.100155702356E+01  0.100145379792E+01  0.100186653138E+01  0.100146337480E+01
         3         5         2         1
         5         8         4         2
         8        12         7         4
        12        17        11         7
        17        22        16        11
         6         9         5         3
         9        13         8         5
        13        18        12         8
        18        23        17        12
        23        28        22        17
        10        14         9         6
        14        19        13         9
        19        24        18        13
        24        29        23        18
        29        33        28        23
        15        20        14        10
        20        25        19        14
        25        30        24        19
        30        34        29        24
        34        37        33        29
        21        26        20        15
        26        31        25        20
        31        35        30        25
        35        38        34        30
        38        40        37        34
        27        32        26        21
        32        36        31        26
        36        39        35        31
        39        41        38        35
        41        42        40        38
zone t="boundary 5 bc-5", solutiontime= 0.9000000E+02, strandid=1005, i=42, j=30, f=feblock
  0.500000000000E+01  0.500000000000E+01  0.500000000000E+01  0.500000000000E+01  0.500000000000E+01  0.500000000000E+01  0.500000000000E+01
  0.500000000000E+01  0.500000000000E+01  0.500000000000E+01  0.500000000000E+01  0.500000000000E+01  0.500000000000E+01  0.500000000000E+01
  0.500000000000E+01  0.500000000000E+01  0.500000000000E+01  0.500000000000E+01  0.500000000000E+01  0.500000000000E+01  0.500000000000E+01
  0.500000000000E+01  0.500000000000E+01  0.500000000000E+01  0.500000000000E+01  0.500000000000E+01  0.500000000000E+01  0.500000000000E+01
  0.500000000000E+01  0.500000000000E+01  0.500000000000E+01  0.500000000000E+01  0.500000000000E+01  0.500000000000E+01  0.500000000000E+01
  0.500000000000E+01  0.500000000000E+01  0.500000000000E+01  0.500000000000E+01  0.500000000000E+01  0.500000000000E+01  0.500000000000E+01
  0.000000000000E+00  0.000000000000E+00 -0.833333333333E+00  0.000000000000E+00 -0.833333333333E+00 -0.166666666667E+01  0.000000000000E+00
 -0.833333333333E+00 -0.166666666667E+01 -0.250000000000E+01  0.000000000000E+00 -0.833333333333E+00 -0.166666666667E+01 -0.250000000000E+01
 -0.333333333333E+01  0.000000000000E+00 -0.833333333333E+00 -0.166666666667E+01 -0.250000000000E+01 -0.333333333333E+01 -0.416666666667E+01
 -0.833333333333E+00 -0.166666666667E+01 -0.250000000000E+01 -0.333333333333E+01 -0.416666666667E+01 -0.500000000000E+01 -0.166666666667E+01
 -0.250000000000E+01 -0.333333333333E+01 -0.416666666667E+01 -0.500000000000E+01 -0.250000000000E+01 -0.333333333333E+01 -0.416666666667E+01
 -0.500000000000E+01 -0.333333333333E+01 -0.416666666667E+01 -0.500000000000E+01 -0.416666666667E+01 -0.500000000000E+01 -0.500000000000E+01
  0.250000000000E+01  0.150000000000E+01  0.250000000000E+01  0.500000000000E+00  0.150000000000E+01  0.250000000000E+01 -0.500000000000E+00
  0.500000000000E+00  0.150000000000E+01  0.250000000000E+01 -0.150000000000E+01 -0.500000000000E+00  0.500000000000E+00  0.150000000000E+01
  0.250000000000E+01 -0.250000000000E+01 -0.150000000000E+01 -0.500000000000E+00  0.500000000000E+00  0.150000000000E+01  0.250000000000E+01
 -0.250000000000E+01 -0.150000000000E+01 -0.500000000000E+00  0.500000000000E+00  0.150000000000E+01  0.250000000000E+01 -0.250000000000E+01
 -0.150000000000E+01 -0.500000000000E+00  0.500000000000E+00  0.150000000000E+01 -0.250000000000E+01 -0.150000000000E+01 -0.500000000000E+00
  0.500000000000E+00 -0.250000000000E+01 -0.150000000000E+01 -0.500000000000E+00 -0.250000000000E+01 -0.150000000000E+01 -0.250000000000E+01
  0.100261677700E+01  0.100231984377E+01  0.100256009870E+01  0.100986026362E+01  0.100222350985E+01  0.100259502680E+01  0.102074068394E+01
  0.100977822811E+01  0.100224576996E+01  0.100258306061E+01  0.977531935404E+00  0.102252919701E+01  0.100979252667E+01  0.100222801426E+01
  0.100259501267E+01  0.813949593054E+00  0.983539481948E+00  0.102254481079E+01  0.100978481215E+01  0.100224576153E+01  0.100256007894E+01
  0.815007554622E+00  0.983501061415E+00  0.102258957114E+01  0.100979257842E+01  0.100222349233E+01  0.100261675593E+01  0.815227874482E+00
  0.983733042693E+00  0.102254467644E+01  0.100977832537E+01  0.100231983335E+01  0.815219798471E+00  0.983500401229E+00  0.102252897088E+01
  0.100986038502E+01  0.815226105184E+00  0.983538201074E+00  0.102074042464E+01  0.815003361132E+00  0.977530118191E+00  0.813942952523E+00
  0.497706130177E+00  0.499193040854E+00  0.497878508411E+00  0.514812596530E+00  0.498877954842E+00  0.497849539742E+00  0.522002579739E+00
  0.514397149790E+00  0.498891294343E+00  0.497855285189E+00  0.473875879161E+00  0.523583573335E+00  0.514475383608E+00  0.498879716233E+00
  0.497849543448E+00  0.000000000000E+00  0.477182356247E+00  0.523770339737E+00  0.514421189392E+00  0.498891292896E+00  0.497878524214E+00
  0.000000000000E+00  0.477352576791E+00  0.523564790979E+00  0.514475277973E+00  0.498877956184E+00  0.497706157591E+00  0.000000000000E+00
  0.477057636675E+00  0.523770349657E+00  0.514396933168E+00  0.499193062781E+00  0.000000000000E+00  0.477353227923E+00  0.523583473685E+00
  0.514812409610E+00  0.000000000000E+00  0.477183726172E+00  0.522002446718E+00  0.000000000000E+00  0.473877834888E+00  0.000000000000E+00
  0.000000000000E+00  0.000000000000E+00 -0.483658152137E-04  0.000000000000E+00 -0.860427755511E-04  0.245199119214E-04  0.000000000000E+00
  0.640668511359E-04  0.157074869147E-04 -0.704377634384E-07  0.000000000000E+00  0.119306640522E-02  0.266936020580E-04 -0.984529275813E-07
 -0.246415623355E-04  0.000000000000E+00  0.302609731277E-02  0.206784194849E-03 -0.162297605616E-06 -0.158773169333E-04  0.482850701594E-04
  0.000000000000E+00  0.616596353937E-03 -0.297225468513E-06 -0.269760604927E-04  0.859475581927E-04  0.000000000000E+00  0.000000000000E+00
 -0.494273724482E-06 -0.207330274603E-03 -0.642201399880E-04  0.000000000000E+00  0.000000000000E+00 -0.617524074592E-03 -0.119342591263E-02
  0.000000000000E+00  0.000000000000E+00 -0.302675604544E-02  0.000000000000E+00  0.000000000000E+00  0.000000000000E+00  0.000000000000E+00
  0.185405155869E-02  0.808831718690E-02  0.172031420966E-02  0.992579050530E-02  0.766092557232E-02  0.177377902978E-02 -0.328496752362E-01
  0.102650809789E-01  0.782101835868E-02  0.175240512949E-02 -0.940350456733E-01 -0.307415092143E-01  0.104769244058E-01  0.785186303441E-02
  0.177377470259E-02  0.000000000000E+00 -0.917741506902E-01 -0.305645871319E-01  0.106244369985E-01  0.782096628504E-02  0.172029762304E-02
  0.000000000000E+00 -0.916330102288E-01 -0.303842752280E-01  0.104767042823E-01  0.766082998183E-02  0.185403421150E-02  0.000000000000E+00
 -0.916597852555E-01 -0.305650229750E-01  0.102647013003E-01  0.808819240361E-02  0.000000000000E+00 -0.916334909441E-01 -0.307422312186E-01
  0.992523958061E-02  0.000000000000E+00 -0.917750235925E-01 -0.328508318642E-01  0.000000000000E+00 -0.940365777837E-01  0.000000000000E+00
  0.716618394134E+00  0.716950113433E+00  0.716562652625E+00  0.725094823588E+00  0.716832085087E+00  0.716595964939E+00  0.731803658224E+00
  0.725129584228E+00  0.716857859103E+00  0.716584197397E+00  0.684049463280E+00  0.733482388176E+00  0.725150491370E+00  0.716841048009E+00
  0.716595954421E+00  0.581379632273E+00  0.688324014025E+00  0.733472128809E+00  0.725136213281E+00  0.716857851584E+00  0.716562638808E+00
  0.582136334270E+00  0.688252938437E+00  0.733517963193E+00  0.725150491641E+00  0.716832072072E+00  0.716618382011E+00  0.582294543835E+00
  0.688473282299E+00  0.733472047915E+00  0.725129576887E+00  0.716950108004E+00  0.582289236923E+00  0.688252655791E+00  0.733482236464E+00
  0.725094806576E+00  0.582293871902E+00  0.688323491303E+00  0.731803448256E+00  0.582134781836E+00  0.684048737703E+00  0.581377307983E+00
  0.497548582692E+00  0.498907692305E+00  0.497725716002E+00  0.513569344535E+00  0.498603218586E+00  0.497694043389E+00  0.522068275825E+00
  0.513128556323E+00  0.498615595951E+00  0.497700827110E+00  0.488100222133E+00  0.523375531853E+00  0.513207056166E+00  0.498605940781E+00
  0.497694047230E+00  0.000000000000E+00  0.490925151968E+00  0.523557613106E+00  0.513159125858E+00  0.498615594211E+00  0.497725731627E+00
  0.000000000000E+00  0.491073764549E+00  0.523337452034E+00  0.513206959433E+00  0.498603218613E+00  0.497548609013E+00  0.000000000000E+00
  0.490765166832E+00  0.523557643017E+00  0.513128360095E+00  0.498907711489E+00  0.000000000000E+00  0.491074439353E+00  0.523375471886E+00
  0.513569184438E+00  0.000000000000E+00  0.490926548454E+00  0.522068224406E+00  0.000000000000E+00  0.488102266719E+00  0.000000000000E+00
  0.100064728100E+01  0.100140705090E+01  0.100062601232E+01  0.100522100888E+01  0.100133843326E+01  0.100063766934E+01  0.100370754064E+01
  0.100535086780E+01  0.100135219606E+01  0.100063318021E+01  0.979680779632E+00  0.100425038859E+01  0.100536561828E+01  0.100134645303E+01
  0.100063766876E+01  0.999977753080E+00  0.979781327869E+00  0.100422100773E+01  0.100535350342E+01  0.100135219399E+01  0.100062601275E+01
  0.999979525780E+00  0.979718427986E+00  0.100423980202E+01  0.100536556714E+01  0.100133843258E+01  0.100064728510E+01  0.999980970826E+00
  0.979800975863E+00  0.100422102892E+01  0.100535076079E+01  0.100140705373E+01  0.999981763470E+00  0.979718683291E+00  0.100425040296E+01
  0.100522086445E+01  0.999981987181E+00  0.979781859791E+00  0.100370750763E+01  0.999982004294E+00  0.979681561686E+00  0.999981913539E+00
        22        17        11        16
        17        12         7        11
        12         8         4         7
         8         5         2         4
         5         3         1         2
        28        23        17        22
        23        18        12        17
        18        13         8        12
        13         9         5         8
         9         6         3         5
        33        29        23        28
        29        24        18        23
        24        19        13        18
        19        14         9        13
        14        10         6         9
        37        34        29        33
        34        30        24        29
        30        25        19        24
        25        20        14        19
        20        15        10        14
        40        38        34        37
        38        35        30        34
        35        31        25        30
        31        26        20        25
        26        21        15        20
        42        41        38        40
        41        39        35        38
        39        36        31        35
        36        32        26        31
        32        27        21        26
zone t="boundary 6 bc-6", solutiontime= 0.9000000E+02, strandid=1006, i=42, j=30, f=feblock
  0.500000000000E+01  0.500000000000E+01  0.400000000000E+01  0.200000000000E+01  0.300000000000E+01  0.500000000000E+01  0.400000000000E+01
  0.200000000000E+01  0.300000000000E+01  0.100000000000E+01  0.500000000000E+01  0.400000000000E+01  0.200000000000E+01  0.300000000000E+01
  0.100000000000E+01  0.000000000000E+00  0.500000000000E+01  0.400000000000E+01  0.200000000000E+01  0.300000000000E+01  0.100000000000E+01
  0.000000000000E+00  0.500000000000E+01  0.400000000000E+01  0.200000000000E+01  0.300000000000E+01  0.100000000000E+01  0.000000000000E+00
  0.500000000000E+01  0.400000000000E+01  0.200000000000E+01  0.300000000000E+01  0.100000000000E+01  0.000000000000E+00  0.400000000000E+01
  0.200000000000E+01  0.300000000000E+01  0.100000000000E+01  0.000000000000E+00  0.100000000000E+01  0.000000000000E+00  0.000000000000E+00
  0.000000000000E+00 -0.833333333333E+00  0.000000000000E+00  0.000000000000E+00  0.000000000000E+00 -0.166666666667E+01 -0.833333333333E+00
 -0.833333333333E+00 -0.833333333333E+00  0.000000000000E+00 -0.250000000000E+01 -0.166666666667E+01 -0.166666666667E+01 -0.166666666667E+01
 -0.833333333333E+00  0.000000000000E+00 -0.333333333333E+01 -0.250000000000E+01 -0.250000000000E+01 -0.250000000000E+01 -0.166666666667E+01
 -0.833333333333E+00 -0.416666666667E+01 -0.333333333333E+01 -0.333333333333E+01 -0.333333333333E+01 -0.250000000000E+01 -0.166666666667E+01
 -0.500000000000E+01 -0.416666666667E+01 -0.416666666667E+01 -0.416666666667E+01 -0.333333333333E+01 -0.250000000000E+01 -0.500000000000E+01
 -0.500000000000E+01 -0.500000000000E+01 -0.416666666667E+01 -0.333333333333E+01 -0.500000000000E+01 -0.416666666667E+01 -0.500000000000E+01
 -0.250000000000E+01 -0.250000000000E+01 -0.250000000000E+01 -0.250000000000E+01 -0.250000000000E+01 -0.250000000000E+01 -0.250000000000E+01
 -0.250000000000E+01 -0.250000000000E+01 -0.250000000000E+01 -0.250000000000E+01 -0.250000000000E+01 -0.250000000000E+01 -0.250000000000E+01
 -0.250000000000E+01 -0.250000000000E+01 -0.250000000000E+01 -0.250000000000E+01 -0.250000000000E+01 -0.250000000000E+01 -0.250000000000E+01
 -0.250000000000E+01 -0.250000000000E+01 -0.250000000000E+01 -0.250000000000E+01 -0.250000000000E+01 -0.250000000000E+01 -0.250000000000E+01
 -0.250000000000E+01 -0.250000000000E+01 -0.250000000000E+01 -0.250000000000E+01 -0.250000000000E+01 -0.250000000000E+01 -0.250000000000E+01
 -0.250000000000E+01 -0.250000000000E+01 -0.250000000000E+01 -0.250000000000E+01 -0.250000000000E+01 -0.250000000000E+01 -0.250000000000E+01
  0.813949593054E+00  0.815007554622E+00  0.978309598761E+00  0.972702886305E+00  0.982327084402E+00  0.815227874482E+00  0.978690750582E+00
  0.972351267680E+00  0.983191094304E+00  0.925212969602E+00  0.815219798471E+00  0.978835102574E+00  0.972562367239E+00  0.983507718412E+00
  0.922803257806E+00  0.150963018076E+01  0.815226105184E+00  0.978981311082E+00  0.972617795466E+00  0.983563034897E+00  0.922519342752E+00
  0.151118802012E+01  0.815003361132E+00  0.978834097262E+00  0.972561138213E+00  0.983506774044E+00  0.922486890023E+00  0.151169698757E+01
  0.813942952523E+00  0.978688198180E+00  0.972348491541E+00  0.983188497063E+00  0.922518728839E+00  0.151158479531E+01  0.978304472668E+00
  0.972698485877E+00  0.982321803349E+00  0.922801810276E+00  0.151169168151E+01  0.925210581527E+00  0.151117786804E+01  0.150961619116E+01
  0.000000000000E+00  0.000000000000E+00  0.000000000000E+00  0.000000000000E+00  0.000000000000E+00  0.000000000000E+00  0.000000000000E+00
  0.000000000000E+00  0.000000000000E+00  0.000000000000E+00  0.000000000000E+00  0.000000000000E+00  0.000000000000E+00  0.000000000000E+00
  0.000000000000E+00  0.000000000000E+00  0.000000000000E+00  0.000000000000E+00  0.000000000000E+00  0.000000000000E+00  0.000000000000E+00
  0.000000000000E+00  0.000000000000E+00  0.000000000000E+00  0.000000000000E+00  0.000000000000E+00  0.000000000000E+00  0.000000000000E+00
  0.000000000000E+00  0.000000000000E+00  0.000000000000E+00  0.000000000000E+00  0.000000000000E+00  0.000000000000E+00  0.000000000000E+00
  0.000000000000E+00  0.000000000000E+00  0.000000000000E+00  0.000000000000E+00  0.000000000000E+00  0.000000000000E+00  0.000000000000E+00
  0.000000000000E+00  0.000000000000E+00  0.000000000000E+00  0.000000000000E+00  0.000000000000E+00  0.000000000000E+00  0.000000000000E+00
  0.000000000000E+00  0.000000000000E+00  0.000000000000E+00  0.000000000000E+00  0.000000000000E+00  0.000000000000E+00  0.000000000000E+00
  0.000000000000E+00  0.000000000000E+00  0.000000000000E+00  0.000000000000E+00  0.000000000000E+00  0.000000000000E+00  0.000000000000E+00
  0.000000000000E+00  0.000000000000E+00  0.000000000000E+00  0.000000000000E+00  0.000000000000E+00  0.000000000000E+00  0.000000000000E+00
  0.000000000000E+00  0.000000000000E+00  0.000000000000E+00  0.000000000000E+00  0.000000000000E+00  0.000000000000E+00  0.000000000000E+00
  0.000000000000E+00  0.000000000000E+00  0.000000000000E+00  0.000000000000E+00  0.000000000000E+00  0.000000000000E+00  0.000000000000E+00
  0.000000000000E+00  0.000000000000E+00  0.000000000000E+00  0.000000000000E+00  0.000000000000E+00  0.000000000000E+00  0.000000000000E+00
  0.000000000000E+00  0.000000000000E+00  0.000000000000E+00  0.000000000000E+00  0.000000000000E+00  0.000000000000E+00  0.000000000000E+00
  0.000000000000E+00  0.000000000000E+00  0.000000000000E+00  0.000000000000E+00  0.000000000000E+00  0.000000000000E+00  0.000000000000E+00
  0.000000000000E+00  0.000000000000E+00  0.000000000000E+00  0.000000000000E+00  0.000000000000E+00  0.000000000000E+00  0.000000000000E+00
  0.000000000000E+00  0.000000000000E+00  0.000000000000E+00  0.000000000000E+00  0.000000000000E+00  0.000000000000E+00  0.000000000000E+00
  0.000000000000E+00  0.000000000000E+00  0.000000000000E+00  0.000000000000E+00  0.000000000000E+00  0.000000000000E+00  0.000000000000E+00
  0.581379632273E+00  0.582136334270E+00  0.698776579133E+00  0.694771538677E+00  0.701645739883E+00  0.582294543835E+00  0.699050710416E+00
  0.694521655056E+00  0.702264867016E+00  0.660850984286E+00  0.582289236923E+00  0.699154844498E+00  0.694673585725E+00  0.702492165109E+00
  0.659130699497E+00  0.107828217849E+01  0.582293871902E+00  0.699259693981E+00  0.694713836546E+00  0.702532129463E+00  0.658928836888E+00
  0.107939607827E+01  0.582134781836E+00  0.699154685667E+00  0.694673631660E+00  0.702492106606E+00  0.658906258575E+00  0.107976064654E+01
  0.581377307983E+00  0.699050459422E+00  0.694521824943E+00  0.702264794506E+00  0.658929319112E+00  0.107968151327E+01  0.698776300961E+00
  0.694771821956E+00  0.701645673798E+00  0.659131668815E+00  0.107975841301E+01  0.660852246864E+00  0.107939180624E+01  0.107827645280E+01
  0.000000000000E+00  0.000000000000E+00  0.000000000000E+00  0.000000000000E+00  0.000000000000E+00  0.000000000000E+00  0.000000000000E+00
  0.000000000000E+00  0.000000000000E+00  0.000000000000E+00  0.000000000000E+00  0.000000000000E+00  0.000000000000E+00  0.000000000000E+00
  0.000000000000E+00  0.000000000000E+00  0.000000000000E+00  0.000000000000E+00  0.000000000000E+00  0.000000000000E+00  0.000000000000E+00
  0.000000000000E+00  0.000000000000E+00  0.000000000000E+00  0.000000000000E+00  0.000000000000E+00  0.000000000000E+00  0.000000000000E+00
  0.000000000000E+00  0.000000000000E+00  0.000000000000E+00  0.000000000000E+00  0.000000000000E+00  0.000000000000E+00  0.000000000000E+00
  0.000000000000E+00  0.000000000000E+00  0.000000000000E+00  0.000000000000E+00  0.000000000000E+00  0.000000000000E+00  0.000000000000E+00
  0.999977753080E+00  0.999979525780E+00  0.999977115655E+00  0.999976629907E+00  0.999976536770E+00  0.999980970826E+00  0.999979813849E+00
  0.999978453669E+00  0.999979372798E+00  0.999976663102E+00  0.999981763470E+00  0.999981283592E+00  0.999980106958E+00  0.999980999376E+00
  0.999978025099E+00  0.999976728826E+00  0.999981987181E+00  0.999981879625E+00  0.999981056998E+00  0.999981644646E+00  0.999979435543E+00
  0.999977825036E+00  0.999982004294E+00  0.999982083452E+00  0.999981436757E+00  0.999981876286E+00  0.999980348753E+00  0.999978777225E+00
  0.999981913539E+00  0.999982062735E+00  0.999981553300E+00  0.999981911144E+00  0.999980832820E+00  0.999979705584E+00  0.999981957231E+00
  0.999981561462E+00  0.999981818554E+00  0.999981064261E+00  0.999980218654E+00  0.999981154650E+00  0.999980585143E+00  0.999980685657E+00
        22        15        10        16
        15         8         4        10
         8         9         5         4
         9         7         3         5
         7         2         1         3
        28        21        15        22
        21        13         8        15
        13        14         9         8
        14        12         7         9
        12         6         2         7
        34        27        21        28
        27        19        13        21
        19        20        14        13
        20        18        12        14
        18        11         6        12
        39        33        27        34
        33        25        19        27
        25        26        20        19
        26        24        18        20
        24        17        11        18
        41        38        33        39
        38        31        25        33
        31        32        26        25
        32        30        24        26
        30        23        17        24
        42        40        38        41
        40        36        31        38
        36        37        32        31
        37        35        30        32
        35        29        23        30
