title="tecplot geometry and solution file"
variables = x y z rho u v w p mach temperature
zone t="boundary 1 bc-1", solutiontime= 0.4000000E+02, strandid=1001, i=32, j=46, f=feblock
  0.000000000000E+00  0.000000000000E+00  0.000000000000E+00  0.000000000000E+00  0.000000000000E+00  0.000000000000E+00  0.000000000000E+00
  0.000000000000E+00  0.000000000000E+00  0.000000000000E+00  0.000000000000E+00  0.000000000000E+00  0.000000000000E+00  0.000000000000E+00
  0.000000000000E+00  0.000000000000E+00  0.000000000000E+00  0.000000000000E+00  0.000000000000E+00  0.000000000000E+00  0.000000000000E+00
  0.000000000000E+00  0.000000000000E+00  0.000000000000E+00  0.000000000000E+00  0.000000000000E+00  0.000000000000E+00  0.000000000000E+00
  0.000000000000E+00  0.000000000000E+00  0.000000000000E+00  0.000000000000E+00
  0.250000000000E+01  0.250000000000E+01  0.125000000000E+01  0.146289271009E+01  0.157686156160E+01  0.308372018325E+00  0.000000000000E+00
 -0.125000000000E+01 -0.600232012419E+00  0.250000000000E+01  0.477386199275E+00  0.742988685424E+00 -0.739814786992E+00  0.177790177481E+01
  0.155830813274E+01  0.250000000000E+01 -0.250000000000E+01 -0.154800130438E+01 -0.487811078581E+00  0.250000000000E+01  0.627766083140E+00
 -0.345533899378E+00 -0.178862290564E+01 -0.158811787973E+01  0.125000000000E+01 -0.250000000000E+01 -0.144524380962E+01  0.000000000000E+00
 -0.125000000000E+01 -0.250000000000E+01 -0.250000000000E+01 -0.250000000000E+01
  0.000000000000E+00  0.125000000000E+01  0.000000000000E+00  0.103724302461E+01  0.219251206392E+01  0.922061490191E+00  0.000000000000E+00
  0.000000000000E+00  0.715990576545E+00  0.250000000000E+01  0.202479342020E+01  0.324151231464E+01  0.175434191980E+01  0.310152362409E+01
  0.404200324774E+01  0.375000000000E+01  0.000000000000E+00  0.930412228790E+00  0.299062775774E+01  0.500000000000E+01  0.429310310915E+01
  0.409252726285E+01  0.187029682677E+01  0.284428995242E+01  0.500000000000E+01  0.125000000000E+01  0.394624082883E+01  0.500000000000E+01
  0.500000000000E+01  0.250000000000E+01  0.375000000000E+01  0.500000000000E+01
  0.134427144486E+01  0.106355395262E+01  0.142583204046E+01  0.108608796606E+01  0.103229114977E+01  0.120095364364E+01  0.164466726903E+01
  0.149409063245E+01  0.123520366786E+01  0.102389313699E+01  0.102809523301E+01  0.101301828545E+01  0.103252946721E+01  0.101471891364E+01
  0.100663883716E+01  0.100830818645E+01  0.144945745275E+01  0.116393551614E+01  0.101462863620E+01  0.100426040721E+01  0.100679807560E+01
  0.100724553361E+01  0.104668118716E+01  0.101938460414E+01  0.100424800534E+01  0.106442281080E+01  0.100789341650E+01  0.100288844234E+01
  0.100334542180E+01  0.102847361778E+01  0.100958665586E+01  0.100399273856E+01
  0.000000000000E+00  0.445481420193E+00  0.000000000000E+00  0.468737854563E+00  0.462182267629E+00  0.443613740440E+00  0.000000000000E+00
  0.000000000000E+00  0.379272524921E+00  0.471738849118E+00  0.466574961641E+00  0.479355161388E+00  0.490159648386E+00  0.484514726400E+00
  0.488524773535E+00  0.489830200173E+00  0.000000000000E+00  0.450653322568E+00  0.474814037311E+00  0.495784876152E+00  0.490899460326E+00
  0.486835364633E+00  0.448668673263E+00  0.465807186821E+00  0.496536483333E+00  0.444686633908E+00  0.487701037267E+00  0.497534086522E+00
  0.496384260400E+00  0.470002882978E+00  0.489199908252E+00  0.495522029765E+00
  0.000000000000E+00  0.000000000000E+00  0.000000000000E+00  0.186085527997E-01 -0.276688300106E-02  0.332952467389E-01  0.000000000000E+00
  0.000000000000E+00 -0.594701814868E-02  0.000000000000E+00  0.356648594915E-02 -0.566637989582E-02 -0.416060350918E-02  0.305534712578E-04
 -0.106176517210E-02  0.000000000000E+00  0.000000000000E+00 -0.764112722883E-02  0.359619751722E-03  0.000000000000E+00 -0.203512849517E-02
 -0.138313242474E-02  0.156561561481E-02 -0.158521317463E-02 -0.638395902691E-04  0.000000000000E+00 -0.283450931982E-04 -0.196341515341E-03
  0.807127113300E-03  0.000000000000E+00  0.000000000000E+00  0.000000000000E+00
  0.000000000000E+00  0.452181794848E-01  0.000000000000E+00  0.123933292909E+00  0.247647189097E-01  0.165644510925E+00  0.000000000000E+00
  0.000000000000E+00  0.155763095877E+00  0.351822663693E-02  0.259783162297E-01 -0.651224844433E-02  0.748997892952E-01  0.371839402851E-02
 -0.149292034269E-03  0.459058862700E-03  0.000000000000E+00  0.140954083007E+00 -0.808565726693E-02  0.237176892854E-02 -0.304298835469E-03
 -0.438193699018E-02  0.255017504461E-01 -0.194957191072E-02  0.308362256551E-02  0.837461350371E-01 -0.121909288997E-02  0.268513918891E-02
  0.264043131243E-02  0.279386964846E-02 -0.834665068250E-03  0.345018553663E-02
  0.960184573376E+00  0.782340561385E+00  0.101844204784E+01  0.808726655611E+00  0.746125889536E+00  0.879446498296E+00  0.117475225328E+01
  0.106719923940E+01  0.916620145365E+00  0.737395237455E+00  0.743553969930E+00  0.725759209387E+00  0.757455248658E+00  0.729188341302E+00
  0.720785045940E+00  0.722781669193E+00  0.103531921705E+01  0.858317139420E+00  0.728065069929E+00  0.718615291770E+00  0.721013448058E+00
  0.721151586794E+00  0.760018783379E+00  0.732628400170E+00  0.718531161268E+00  0.791043235938E+00  0.722107947218E+00  0.717199386519E+00
  0.717636872576E+00  0.741799733782E+00  0.724056578372E+00  0.718400640034E+00
  0.000000000000E+00  0.441238353042E+00  0.000000000000E+00  0.475214984534E+00  0.460123712129E+00  0.468827816799E+00  0.000000000000E+00
  0.000000000000E+00  0.402302518486E+00  0.469814974413E+00  0.464411137163E+00  0.478714038258E+00  0.489298237634E+00  0.483068560450E+00
  0.487930063053E+00  0.488961666147E+00  0.000000000000E+00  0.464775737308E+00  0.473795659675E+00  0.495346580618E+00  0.490266092836E+00
  0.486286080449E+00  0.445717622377E+00  0.464382286660E+00  0.496127396419E+00  0.443624081129E+00  0.486964453807E+00  0.497246275831E+00
  0.496059266611E+00  0.467732360718E+00  0.488212090239E+00  0.495098267592E+00
  0.999990297993E+00  0.102982719705E+01  0.999990760848E+00  0.104247294256E+01  0.101190080490E+01  0.102520618022E+01  0.999991418058E+00
  0.999992170967E+00  0.103891223520E+01  0.100826277191E+01  0.101252833831E+01  0.100300548147E+01  0.102702865322E+01  0.100605563186E+01
  0.100244400183E+01  0.100355660151E+01  0.999992722187E+00  0.103239739533E+01  0.100459523961E+01  0.100179336082E+01  0.100260305591E+01
  0.100234966334E+01  0.101657153084E+01  0.100617544750E+01  0.100168844790E+01  0.104043291733E+01  0.100303376285E+01  0.100118726942E+01
  0.100134171122E+01  0.100976788256E+01  0.100405369250E+01  0.100176112577E+01
        12        19        11        11
        11         5        12        12
        10        14         5         5
        19        13        11        11
        19        24        13        13
        30        23        24        24
        19        12        22        22
        28        22        21        21
        11        13         6         6
         7         6         9         9
        15        12        14        14
        18        13        23        23
        15        25        21        21
        27        19        22        22
        18         8         9         9
        27        31        24        24
         4        11         6         6
         5        14        12        12
         4         2         5         5
        21        12        15        15
        14        16        15        15
        24        19        27        27
        22        29        27        27
        23        26        18        18
        17         8        18        18
         5        11         4         4
         6         3         4         4
        26        23        30        30
         5         2        10        10
        16        14        10        10
         3         6         7         7
        21        25        28        28
        29        22        28        28
         6        13         9         9
         2         4         1         1
        31        27        32        32
        25        15        20        20
        24        23        13        13
         8         7         9         9
        13        18         9         9
        31        30        24        24
        12        21        22        22
        29        32        27        27
         3         1         4         4
        26        17        18        18
        16        20        15        15
zone t="boundary 2 bc-2", solutiontime= 0.4000000E+02, strandid=1002, i=33, j=48, f=feblock
  0.500000000000E+01  0.375000000000E+01  0.250000000000E+01  0.288078410721E+01  0.125000000000E+01  0.190974100652E+01  0.326683758169E+01
  0.201431602454E+01  0.000000000000E+00  0.963108083381E+00  0.500000000000E+01  0.403552511878E+01  0.423153924130E+01  0.500000000000E+01
  0.385533350601E+01  0.500000000000E+01  0.398173246726E+01  0.315249557942E+01  0.267000324704E+01  0.154774304040E+01  0.218329375016E+01
  0.893127759452E+00  0.000000000000E+00  0.698517061619E+00  0.964171764089E+00  0.310324758057E+01  0.000000000000E+00  0.000000000000E+00
  0.125000000000E+01  0.500000000000E+01  0.375000000000E+01  0.250000000000E+01  0.000000000000E+00
 -0.250000000000E+01 -0.250000000000E+01 -0.250000000000E+01 -0.250000000000E+01 -0.250000000000E+01 -0.250000000000E+01 -0.250000000000E+01
 -0.250000000000E+01 -0.250000000000E+01 -0.250000000000E+01 -0.250000000000E+01 -0.250000000000E+01 -0.250000000000E+01 -0.250000000000E+01
 -0.250000000000E+01 -0.250000000000E+01 -0.250000000000E+01 -0.250000000000E+01 -0.250000000000E+01 -0.250000000000E+01 -0.250000000000E+01
 -0.250000000000E+01 -0.250000000000E+01 -0.250000000000E+01 -0.250000000000E+01 -0.250000000000E+01 -0.250000000000E+01 -0.250000000000E+01
 -0.250000000000E+01 -0.250000000000E+01 -0.250000000000E+01 -0.250000000000E+01 -0.250000000000E+01
  0.000000000000E+00  0.000000000000E+00  0.000000000000E+00  0.904659890645E+00  0.000000000000E+00  0.717002441913E+00  0.188609243358E+01
  0.176246431481E+01  0.000000000000E+00  0.961328577125E+00  0.125000000000E+01  0.101201586758E+01  0.191586535653E+01  0.250000000000E+01
  0.293121848150E+01  0.375000000000E+01  0.406975391361E+01  0.363585050272E+01  0.285047954584E+01  0.292817774674E+01  0.395907379566E+01
  0.205246550326E+01  0.125000000000E+01  0.306828197606E+01  0.397245519226E+01  0.433168271247E+01  0.250000000000E+01  0.375000000000E+01
  0.500000000000E+01  0.500000000000E+01  0.500000000000E+01  0.500000000000E+01  0.500000000000E+01
  0.830787406960E+00  0.935297258631E+00  0.934221978016E+00  0.968087714569E+00  0.961719525790E+00  0.964848339397E+00  0.984136205550E+00
  0.991412447245E+00  0.144945745275E+01  0.102921689075E+01  0.955878716335E+00  0.960692948384E+00  0.981487966280E+00  0.100642908937E+01
  0.997912114787E+00  0.100977868829E+01  0.100199484812E+01  0.998063219031E+00  0.991085841006E+00  0.100132719284E+01  0.100094599983E+01
  0.101224609729E+01  0.106442281080E+01  0.101082189972E+01  0.100685257797E+01  0.100118412832E+01  0.102847361778E+01  0.100958665586E+01
  0.100510171176E+01  0.100179475081E+01  0.100266311889E+01  0.100321164478E+01  0.100399273856E+01
  0.000000000000E+00  0.000000000000E+00  0.000000000000E+00  0.378986938755E+00  0.000000000000E+00  0.340639446403E+00  0.582179008175E+00
  0.575195822367E+00  0.000000000000E+00  0.489449421939E+00  0.494741307932E+00  0.431507394634E+00  0.568961809609E+00  0.536179840741E+00
  0.568879734143E+00  0.516235691314E+00  0.508555819165E+00  0.527399314335E+00  0.566648556724E+00  0.531828935087E+00  0.506096475915E+00
  0.520701996907E+00  0.444686633908E+00  0.491339928858E+00  0.492734940224E+00  0.501504526434E+00  0.470002882978E+00  0.489199908252E+00
  0.490458155006E+00  0.491426965696E+00  0.486218274513E+00  0.490304430061E+00  0.495522029765E+00
  0.000000000000E+00  0.000000000000E+00  0.000000000000E+00  0.000000000000E+00  0.000000000000E+00  0.000000000000E+00  0.000000000000E+00
  0.000000000000E+00  0.000000000000E+00  0.000000000000E+00  0.000000000000E+00  0.000000000000E+00  0.000000000000E+00  0.000000000000E+00
  0.000000000000E+00  0.000000000000E+00  0.000000000000E+00  0.000000000000E+00  0.000000000000E+00  0.000000000000E+00  0.000000000000E+00
  0.000000000000E+00  0.000000000000E+00  0.000000000000E+00  0.000000000000E+00  0.000000000000E+00  0.000000000000E+00  0.000000000000E+00
  0.000000000000E+00  0.000000000000E+00  0.000000000000E+00  0.000000000000E+00  0.000000000000E+00
  0.000000000000E+00  0.000000000000E+00  0.000000000000E+00 -0.229668910454E-02  0.000000000000E+00  0.183565265221E-01  0.121122199440E-01
  0.454986555919E-01  0.000000000000E+00  0.870789629582E-01 -0.995426037513E-01 -0.211865036160E-01 -0.306441332505E-01 -0.414442968967E-01
 -0.137879740656E-02  0.259922296981E-02  0.609520951583E-03  0.503605143531E-03  0.150967389059E-01  0.284025711977E-01  0.564165138383E-02
  0.553419850927E-01  0.837461350371E-01  0.110441033429E-01  0.679168602998E-02 -0.758102112265E-03  0.279386964846E-02 -0.834665068250E-03
  0.400707426994E-02  0.602725410242E-02 -0.143896490819E-03  0.120117118817E-02  0.345018553663E-02
  0.593415712767E+00  0.668065256746E+00  0.667297105452E+00  0.684257572213E+00  0.686937804889E+00  0.679201333704E+00  0.695811644750E+00
  0.702343850538E+00  0.103531921705E+01  0.723694675114E+00  0.672591699790E+00  0.675702735313E+00  0.694093187758E+00  0.720959953173E+00
  0.712691285898E+00  0.724770860544E+00  0.716580556586E+00  0.713298977892E+00  0.706429553881E+00  0.717737236691E+00  0.715376597377E+00
  0.730937672542E+00  0.791043235938E+00  0.724372845140E+00  0.721010715842E+00  0.715457525727E+00  0.741799733782E+00  0.724056578372E+00
  0.719312936891E+00  0.715892793372E+00  0.716608872378E+00  0.717367928959E+00  0.718400640034E+00
  0.000000000000E+00  0.000000000000E+00  0.000000000000E+00  0.380991904645E+00  0.000000000000E+00  0.343629829081E+00  0.585286158633E+00
  0.579373267142E+00  0.000000000000E+00  0.501056069170E+00  0.508460334378E+00  0.435373040923E+00  0.572640026727E+00  0.537002107355E+00
  0.568922544314E+00  0.514994098636E+00  0.508247389274E+00  0.527252886123E+00  0.567446670855E+00  0.531657156235E+00  0.505981032738E+00
  0.520795577680E+00  0.443624081129E+00  0.490663740001E+00  0.492155878523E+00  0.501390828460E+00  0.467732360718E+00  0.488212090239E+00
  0.490002738330E+00  0.491352316913E+00  0.486075474464E+00  0.490036474226E+00  0.495098267592E+00
  0.999993489206E+00  0.999993692714E+00  0.999993545021E+00  0.989539053830E+00  0.999993138389E+00  0.985524696844E+00  0.989838903555E+00
  0.991798512804E+00  0.999992722187E+00  0.984411113209E+00  0.985091898810E+00  0.984689052864E+00  0.990058458428E+00  0.100289622499E+01
  0.999855383527E+00  0.100485305991E+01  0.100121550635E+01  0.100055642770E+01  0.997896786044E+00  0.100350029297E+01  0.100058068717E+01
  0.101093276062E+01  0.104043291733E+01  0.100326475265E+01  0.100254498450E+01  0.100045586789E+01  0.100976788256E+01  0.100405369250E+01
  0.100192657108E+01  0.100045434448E+01  0.100058773722E+01  0.100109992320E+01  0.100176112577E+01
        15         7        19        19
         8        20        19        19
        18        19        21        21
         7         4         8         8
         3         6         4         4
        19         7         8         8
        19        18        15        15
        14        13        15        15
         8        22        20        20
        27        24        22        22
        19        20        21        21
        32        26        21        21
        17        18        26        26
        17        16        15        15
        25        29        21        21
        12         7        13        13
        10         8         6         6
        25        20        24        24
         4         6         8         8
        12         2         4         4
        10        23        22        22
        26        31        17        17
        30        16        17        17
         4         7        12        12
        13        11        12        12
        21        20        25        25
        24        28        25        25
        22         8        10        10
         6         5        10        10
        31        26        32        32
         4         2         3         3
         5         6         3         3
        11        13        14        14
        22        23        27        27
        28        24        27        27
        15        13         7         7
         2        12         1         1
        29        25        33        33
        23        10         9         9
        21        26        18        18
        16        14        15        15
        18        17        15        15
        29        32        21        21
        22        24        20        20
        28        33        25        25
        11         1        12        12
        31        30        17        17
         5         9        10        10
zone t="boundary 3 bc-3", solutiontime= 0.4000000E+02, strandid=1003, i=33, j=48, f=feblock
  0.375000000000E+01  0.250000000000E+01  0.500000000000E+01  0.403552511878E+01  0.288078410721E+01  0.125000000000E+01  0.190974100652E+01
  0.500000000000E+01  0.326683758169E+01  0.423153924130E+01  0.201431602454E+01  0.000000000000E+00  0.963108083381E+00  0.500000000000E+01
  0.267000324704E+01  0.385533350601E+01  0.893127759452E+00  0.154774304040E+01  0.000000000000E+00  0.500000000000E+01  0.315249557942E+01
  0.218329375016E+01  0.398173246726E+01  0.000000000000E+00  0.698517061619E+00  0.964171764089E+00  0.125000000000E+01  0.000000000000E+00
  0.500000000000E+01  0.310324758057E+01  0.250000000000E+01  0.375000000000E+01  0.000000000000E+00
  0.250000000000E+01  0.250000000000E+01  0.250000000000E+01  0.250000000000E+01  0.250000000000E+01  0.250000000000E+01  0.250000000000E+01
  0.250000000000E+01  0.250000000000E+01  0.250000000000E+01  0.250000000000E+01  0.250000000000E+01  0.250000000000E+01  0.250000000000E+01
  0.250000000000E+01  0.250000000000E+01  0.250000000000E+01  0.250000000000E+01  0.250000000000E+01  0.250000000000E+01  0.250000000000E+01
  0.250000000000E+01  0.250000000000E+01  0.250000000000E+01  0.250000000000E+01  0.250000000000E+01  0.250000000000E+01  0.250000000000E+01
  0.250000000000E+01  0.250000000000E+01  0.250000000000E+01  0.250000000000E+01  0.250000000000E+01
  0.000000000000E+00  0.000000000000E+00  0.000000000000E+00  0.101201586758E+01  0.904659890645E+00  0.000000000000E+00  0.717002441913E+00
  0.125000000000E+01  0.188609243358E+01  0.191586535653E+01  0.176246431481E+01  0.000000000000E+00  0.961328577125E+00  0.250000000000E+01
  0.285047954584E+01  0.293121848150E+01  0.205246550326E+01  0.292817774674E+01  0.125000000000E+01  0.375000000000E+01  0.363585050272E+01
  0.395907379566E+01  0.406975391361E+01  0.250000000000E+01  0.306828197606E+01  0.397245519226E+01  0.500000000000E+01  0.375000000000E+01
  0.500000000000E+01  0.433168271247E+01  0.500000000000E+01  0.500000000000E+01  0.500000000000E+01
  0.941861280895E+00  0.946296412315E+00  0.843730529847E+00  0.964331300372E+00  0.978820819197E+00  0.956975887342E+00  0.983331395920E+00
  0.963500546035E+00  0.982689288565E+00  0.984244006976E+00  0.990263805180E+00  0.134427144486E+01  0.101918251538E+01  0.100829901683E+01
  0.993456152107E+00  0.997998675032E+00  0.100807808272E+01  0.100072116068E+01  0.106355395262E+01  0.100673528647E+01  0.100058356031E+01
  0.100234980411E+01  0.100178078378E+01  0.102389313699E+01  0.100874208188E+01  0.100528370707E+01  0.100522859491E+01  0.100830818645E+01
  0.100196466887E+01  0.100162011125E+01  0.100413203148E+01  0.100321958500E+01  0.100426040721E+01
  0.000000000000E+00  0.000000000000E+00  0.000000000000E+00  0.439071219846E+00  0.399865796566E+00  0.000000000000E+00  0.373794139066E+00
  0.495017409384E+00  0.573056194245E+00  0.569605084787E+00  0.559932666691E+00  0.000000000000E+00  0.483390702509E+00  0.533822151406E+00
  0.556458768780E+00  0.564688347641E+00  0.522615499175E+00  0.522533043557E+00  0.445481420193E+00  0.518326868761E+00  0.524750893827E+00
  0.503888155869E+00  0.509839691026E+00  0.471738849118E+00  0.496245460692E+00  0.494940393133E+00  0.489076365393E+00  0.489830200173E+00
  0.493065117394E+00  0.499146578408E+00  0.486766687285E+00  0.484758134385E+00  0.495784876152E+00
  0.000000000000E+00  0.000000000000E+00  0.000000000000E+00  0.000000000000E+00  0.000000000000E+00  0.000000000000E+00  0.000000000000E+00
  0.000000000000E+00  0.000000000000E+00  0.000000000000E+00  0.000000000000E+00  0.000000000000E+00  0.000000000000E+00  0.000000000000E+00
  0.000000000000E+00  0.000000000000E+00  0.000000000000E+00  0.000000000000E+00  0.000000000000E+00  0.000000000000E+00  0.000000000000E+00
  0.000000000000E+00  0.000000000000E+00  0.000000000000E+00  0.000000000000E+00  0.000000000000E+00  0.000000000000E+00  0.000000000000E+00
  0.000000000000E+00  0.000000000000E+00  0.000000000000E+00  0.000000000000E+00  0.000000000000E+00
  0.000000000000E+00  0.000000000000E+00  0.000000000000E+00 -0.226115391681E-01  0.111963784248E-01  0.000000000000E+00  0.179816810885E-01
 -0.100761166740E+00  0.390410952216E-02 -0.389325102156E-01  0.340377346860E-01  0.000000000000E+00  0.652293803381E-01 -0.424929266078E-01
  0.843880695488E-02 -0.650992527152E-02  0.490054861867E-01  0.135873401103E-01  0.452181794848E-01  0.737187812774E-03 -0.701209443947E-03
  0.243744171492E-02  0.868952784972E-03  0.351822663693E-02  0.103945231814E-01  0.431655180000E-02  0.337507091548E-02  0.459058862700E-03
  0.572581289912E-02  0.341134773827E-03  0.160978870555E-02  0.569844321871E-03  0.237176892854E-02
  0.672750885846E+00  0.675918851842E+00  0.602658413828E+00  0.676093764060E+00  0.691308917178E+00  0.683547252982E+00  0.690066484484E+00
  0.677274957169E+00  0.695201830490E+00  0.696250879898E+00  0.703344069700E+00  0.960184573376E+00  0.719726359169E+00  0.722866634492E+00
  0.709447754521E+00  0.713700947626E+00  0.726067413014E+00  0.716602920086E+00  0.782340561385E+00  0.722284526521E+00  0.716128633708E+00
  0.716551643113E+00  0.716546536862E+00  0.737395237455E+00  0.722682909340E+00  0.719441261317E+00  0.719566087580E+00  0.722781669193E+00
  0.716030233770E+00  0.715847819486E+00  0.718146761285E+00  0.717062457387E+00  0.718615291770E+00
  0.000000000000E+00  0.000000000000E+00  0.000000000000E+00  0.443767767004E+00  0.402286945830E+00  0.000000000000E+00  0.377550361586E+00
  0.509231871995E+00  0.575832177353E+00  0.573707384871E+00  0.562554068971E+00  0.000000000000E+00  0.490563298173E+00  0.534527112591E+00
  0.556586988741E+00  0.564391561193E+00  0.522730520473E+00  0.522052007541E+00  0.441238353042E+00  0.517182276595E+00  0.524228609924E+00
  0.503687438574E+00  0.509488520204E+00  0.469814974413E+00  0.495614448559E+00  0.494483777376E+00  0.488562436076E+00  0.488961666147E+00
  0.492980868956E+00  0.499005516554E+00  0.486460983409E+00  0.484597195064E+00  0.495346580618E+00
  0.999989339501E+00  0.999989411631E+00  0.999989628812E+00  0.981541581527E+00  0.988773905363E+00  0.999989829246E+00  0.982469472943E+00
  0.984104206208E+00  0.990427568521E+00  0.990355262464E+00  0.994363009563E+00  0.999990297993E+00  0.988652069311E+00  0.100368370037E+01
  0.999769193862E+00  0.100118502326E+01  0.100834885278E+01  0.100252110931E+01  0.102982719705E+01  0.100443319184E+01  0.100199536247E+01
  0.100082056807E+01  0.100138190695E+01  0.100826277191E+01  0.100298787098E+01  0.100192389348E+01  0.100215267225E+01  0.100355660151E+01
  0.100047672181E+01  0.100056591918E+01  0.100126819410E+01  0.100066571202E+01  0.100179336082E+01
        15         9        16        16
        15        18        11        11
        22        15        21        21
        11         5         9         9
         5         7         2         2
        11         9        15        15
        16        21        15        15
        16        10        14        14
        18        17        11        11
        17        25        24        24
        22        18        15        15
        22        30        31        31
        30        21        23        23
        16        20        23        23
        22        27        26        26
        10         9         4         4
         7        11        13        13
        25        18        26        26
        11         7         5         5
         5         1         4         4
        17        19        13        13
        23        32        30        30
        23        20        29        29
         4         9         5         5
         4         8        10        10
        26        18        22        22
        26        28        25        25
        13        11        17        17
        13         6         7         7
        31        30        32        32
         2         1         5         5
         2         7         6         6
        14        10         8         8
        24        19        17        17
        24        25        28        28
         9        10        16        16
         3         4         1         1
        33        26        27        27
        12        13        19        19
        21        30        22        22
        16        14        20        20
        16        23        21        21
        22        31        27        27
        18        25        17        17
        26        33        28        28
         4         3         8         8
        23        29        32        32
        13        12         6         6
zone t="boundary 4 bc-4", solutiontime= 0.4000000E+02, strandid=1004, i=32, j=46, f=feblock
  0.125000000000E+01  0.219251206392E+01  0.103724302461E+01  0.500000000000E+01  0.250000000000E+01  0.375000000000E+01  0.404200324774E+01
  0.500000000000E+01  0.000000000000E+00  0.310152362409E+01  0.202479342020E+01  0.324151231464E+01  0.922061490191E+00  0.000000000000E+00
  0.299062775774E+01  0.394624082883E+01  0.500000000000E+01  0.409252726285E+01  0.500000000000E+01  0.429310310915E+01  0.175434191980E+01
  0.284428995242E+01  0.000000000000E+00  0.000000000000E+00  0.715990576545E+00  0.930412228790E+00  0.125000000000E+01  0.187029682677E+01
  0.500000000000E+01  0.375000000000E+01  0.250000000000E+01  0.000000000000E+00
  0.250000000000E+01  0.157686156160E+01  0.146289271009E+01  0.250000000000E+01  0.250000000000E+01  0.250000000000E+01  0.155830813274E+01
  0.125000000000E+01  0.250000000000E+01  0.177790177481E+01  0.477386199275E+00  0.742988685424E+00  0.308372018325E+00  0.125000000000E+01
 -0.487811078581E+00 -0.144524380962E+01 -0.125000000000E+01 -0.345533899378E+00  0.000000000000E+00  0.627766083140E+00 -0.739814786992E+00
 -0.158811787973E+01  0.000000000000E+00 -0.125000000000E+01 -0.600232012419E+00 -0.154800130438E+01 -0.250000000000E+01 -0.178862290564E+01
 -0.250000000000E+01 -0.250000000000E+01 -0.250000000000E+01 -0.250000000000E+01
  0.500000000000E+01  0.500000000000E+01  0.500000000000E+01  0.500000000000E+01  0.500000000000E+01  0.500000000000E+01  0.500000000000E+01
  0.500000000000E+01  0.500000000000E+01  0.500000000000E+01  0.500000000000E+01  0.500000000000E+01  0.500000000000E+01  0.500000000000E+01
  0.500000000000E+01  0.500000000000E+01  0.500000000000E+01  0.500000000000E+01  0.500000000000E+01  0.500000000000E+01  0.500000000000E+01
  0.500000000000E+01  0.500000000000E+01  0.500000000000E+01  0.500000000000E+01  0.500000000000E+01  0.500000000000E+01  0.500000000000E+01
  0.500000000000E+01  0.500000000000E+01  0.500000000000E+01  0.500000000000E+01
  0.100522859491E+01  0.100432970607E+01  0.100432033557E+01  0.100196466887E+01  0.100413203148E+01  0.100321958500E+01  0.100258621559E+01
  0.100201176938E+01  0.100426040721E+01  0.100372311439E+01  0.100446501470E+01  0.100346948547E+01  0.100365984149E+01  0.100424800534E+01
  0.100362337148E+01  0.100164187634E+01  0.100227629276E+01  0.100227307810E+01  0.100213446095E+01  0.100254342927E+01  0.100442384594E+01
  0.100337262208E+01  0.100288844234E+01  0.100334542180E+01  0.100323222660E+01  0.100406087322E+01  0.100510171176E+01  0.100431306246E+01
  0.100179475081E+01  0.100266311889E+01  0.100321164478E+01  0.100399273856E+01
  0.489076365393E+00  0.489238645736E+00  0.490983350863E+00  0.493065117394E+00  0.486766687285E+00  0.484758134385E+00  0.485405274081E+00
  0.494262909359E+00  0.495784876152E+00  0.486800373525E+00  0.488139374685E+00  0.487244732899E+00  0.494423309856E+00  0.496536483333E+00
  0.487845849234E+00  0.483219501438E+00  0.492573615349E+00  0.487262431085E+00  0.494866055961E+00  0.488012747736E+00  0.490096725513E+00
  0.488269664091E+00  0.497534086522E+00  0.496384260400E+00  0.495259765893E+00  0.493216444707E+00  0.490458155006E+00  0.490399993993E+00
  0.491426965696E+00  0.486218274513E+00  0.490304430061E+00  0.495522029765E+00
  0.000000000000E+00 -0.893844039977E-04 -0.129754349106E-02  0.000000000000E+00  0.000000000000E+00  0.000000000000E+00  0.425650469925E-03
  0.796987658800E-03  0.000000000000E+00  0.274721877929E-03 -0.942409147226E-03 -0.819935563956E-03 -0.174524227736E-02 -0.638395902691E-04
 -0.110015118436E-02 -0.102270856774E-02 -0.133249458535E-02 -0.213420493671E-02 -0.132921257174E-02 -0.106395896560E-02 -0.624383264731E-03
 -0.761653748737E-03 -0.196341515341E-03  0.807127113300E-03  0.520228317675E-04  0.161631424611E-02  0.000000000000E+00  0.791664147407E-03
  0.000000000000E+00  0.000000000000E+00  0.000000000000E+00  0.000000000000E+00
  0.337507091548E-02  0.271222524312E-02  0.385738473735E-02  0.572581289912E-02  0.160978870555E-02  0.569844321871E-03  0.203989241040E-02
  0.493741041643E-02  0.237176892854E-02  0.107162654742E-02  0.201395427829E-02 -0.165303339762E-04  0.501059895655E-02  0.308362256551E-02
  0.287445060735E-04  0.111423322926E-02  0.487160970518E-02  0.118271353436E-02  0.497046349413E-02  0.146539643660E-02  0.271572645652E-02
  0.899399966668E-04  0.268513918891E-02  0.264043131243E-02  0.438666780258E-02  0.489568179666E-02  0.400707426994E-02  0.232274482462E-02
  0.602725410242E-02 -0.143896490819E-03  0.120117118817E-02  0.345018553663E-02
  0.719566087580E+00  0.718473458503E+00  0.718651083000E+00  0.716030233770E+00  0.718146761285E+00  0.717062457387E+00  0.716314607250E+00
  0.716083385605E+00  0.718615291770E+00  0.717750677688E+00  0.718429574700E+00  0.717283088878E+00  0.718078231369E+00  0.718531161268E+00
  0.717563995016E+00  0.715464743174E+00  0.716504881300E+00  0.716068769698E+00  0.716255205250E+00  0.716270738551E+00  0.718698520553E+00
  0.717403217922E+00  0.717199386519E+00  0.717636872576E+00  0.717544909738E+00  0.718476368402E+00  0.719312936891E+00  0.718541149820E+00
  0.715892793372E+00  0.716608872378E+00  0.717367928959E+00  0.718400640034E+00
  0.488562436076E+00  0.488873175199E+00  0.490562959165E+00  0.492980868956E+00  0.486460983409E+00  0.484597195064E+00  0.485348213865E+00
  0.494163709407E+00  0.495346580618E+00  0.486528363291E+00  0.487820036861E+00  0.487069056633E+00  0.494045921789E+00  0.496127396419E+00
  0.487612426696E+00  0.483219754298E+00  0.492395536654E+00  0.487214293669E+00  0.494739085937E+00  0.487958774184E+00  0.489677258184E+00
  0.488029105667E+00  0.497246275831E+00  0.496059266611E+00  0.494951062416E+00  0.492800379436E+00  0.490002738330E+00  0.490005109875E+00
  0.491352316913E+00  0.486075474464E+00  0.490036474226E+00  0.495098267592E+00
  0.100215267225E+01  0.100152652643E+01  0.100178347542E+01  0.100047672181E+01  0.100126819410E+01  0.100066571202E+01  0.100025357875E+01
  0.100050395662E+01  0.100179336082E+01  0.100112365089E+01  0.100133044940E+01  0.100072432592E+01  0.100164366687E+01  0.100168844790E+01
  0.100096273320E+01  0.100000874974E+01  0.100082865480E+01  0.100022269328E+01  0.100062149983E+01  0.100023500698E+01  0.100174635722E+01
  0.100098854901E+01  0.100118726942E+01  0.100134171122E+01  0.100132635994E+01  0.100179873810E+01  0.100192657108E+01  0.100163748471E+01
  0.100045434448E+01  0.100058773722E+01  0.100109992320E+01  0.100176112577E+01
        12        15        11        11
        11         2        12        12
         5        10         2         2
        15        21        11        11
        15        22        21        21
        31        28        22        22
        15        12        18        18
        19        18        20        20
        11        21        13        13
        23        13        25        25
         7        12        10        10
        26        21        28        28
         7         8        20        20
        16        15        18        18
        26        24        25        25
        16        30        22        22
         3        11        13        13
         2        10        12        12
         3         1         2         2
        20        12         7         7
        10         6         7         7
        22        15        16        16
        18        17        16        16
        28        27        26        26
        32        24        26        26
         2        11         3         3
        13        14         3         3
        27        28        31        31
         2         1         5         5
         6        10         5         5
        14        13        23        23
        20         8        19        19
        17        18        19        19
        13        21        25        25
         1         3         9         9
        30        16        29        29
         8         7         4         4
        22        28        21        21
        24        23        25        25
        21        26        25        25
        30        31        22        22
        12        20        18        18
        17        29        16        16
        14         9         3         3
        27        32        26        26
         6         4         7         7
zone t="boundary 5 bc-5", solutiontime= 0.4000000E+02, strandid=1005, i=33, j=48, f=feblock
  0.500000000000E+01  0.500000000000E+01  0.500000000000E+01  0.500000000000E+01  0.500000000000E+01  0.500000000000E+01  0.500000000000E+01
  0.500000000000E+01  0.500000000000E+01  0.500000000000E+01  0.500000000000E+01  0.500000000000E+01  0.500000000000E+01  0.500000000000E+01
  0.500000000000E+01  0.500000000000E+01  0.500000000000E+01  0.500000000000E+01  0.500000000000E+01  0.500000000000E+01  0.500000000000E+01
  0.500000000000E+01  0.500000000000E+01  0.500000000000E+01  0.500000000000E+01  0.500000000000E+01  0.500000000000E+01  0.500000000000E+01
  0.500000000000E+01  0.500000000000E+01  0.500000000000E+01  0.500000000000E+01  0.500000000000E+01
  0.250000000000E+01  0.125000000000E+01  0.250000000000E+01  0.157899473280E+01  0.000000000000E+00  0.659350882208E+00  0.250000000000E+01
  0.173899611320E+01  0.825621401394E+00  0.132549389334E+01 -0.125000000000E+01 -0.322732261638E+00  0.250000000000E+01  0.490615021923E-01
 -0.873141960959E+00  0.350800286361E+00  0.145332269920E+01 -0.250000000000E+01 -0.147959633950E+01  0.250000000000E+01 -0.857924212153E+00
 -0.165007033378E+01  0.518568023061E+00 -0.461282870254E+00  0.125000000000E+01 -0.250000000000E+01 -0.183684615440E+01 -0.158398995423E+01
 -0.250000000000E+01 -0.250000000000E+01 -0.125000000000E+01  0.000000000000E+00 -0.250000000000E+01
  0.000000000000E+00  0.000000000000E+00  0.125000000000E+01  0.905837536509E+00  0.000000000000E+00  0.735450417037E+00  0.250000000000E+01
  0.182727219356E+01  0.162230260845E+01  0.280856328277E+01  0.000000000000E+00  0.109945440014E+01  0.375000000000E+01  0.227317933631E+01
  0.189599568386E+01  0.342819755379E+01  0.403384942830E+01  0.000000000000E+00  0.104050588738E+01  0.500000000000E+01  0.297954017413E+01
  0.214587157439E+01  0.430969386006E+01  0.408642231822E+01  0.500000000000E+01  0.125000000000E+01  0.304506426164E+01  0.398205049073E+01
  0.250000000000E+01  0.375000000000E+01  0.500000000000E+01  0.500000000000E+01  0.500000000000E+01
  0.843730529847E+00  0.773800432803E+00  0.963500546035E+00  0.924939908859E+00  0.762981886824E+00  0.875168871496E+00  0.100829901683E+01
  0.990761258370E+00  0.976727163348E+00  0.100514030374E+01  0.766457775061E+00  0.908966806021E+00  0.100673528647E+01  0.100560972221E+01
  0.986056719055E+00  0.101043866678E+01  0.100450496569E+01  0.830787406960E+00  0.914364215050E+00  0.100196466887E+01  0.101288279330E+01
  0.100045260506E+01  0.100546834508E+01  0.100583112747E+01  0.100201176938E+01  0.955878716335E+00  0.101161894179E+01  0.100703678805E+01
  0.100642908937E+01  0.100977868829E+01  0.100227629276E+01  0.100213446095E+01  0.100179475081E+01
  0.000000000000E+00  0.000000000000E+00  0.495017409384E+00  0.452411150249E+00  0.000000000000E+00  0.460317372668E+00  0.533822151406E+00
  0.528246205457E+00  0.524489289418E+00  0.541031277804E+00  0.000000000000E+00  0.493169640935E+00  0.518326868761E+00  0.537410532112E+00
  0.536126136242E+00  0.530985564827E+00  0.511794110790E+00  0.000000000000E+00  0.478351729616E+00  0.493065117394E+00  0.532835826969E+00
  0.529743426449E+00  0.506365623269E+00  0.512957880592E+00  0.494262909359E+00  0.494741307932E+00  0.530894119573E+00  0.512877722495E+00
  0.536179840741E+00  0.516235691314E+00  0.492573615349E+00  0.494866055961E+00  0.491426965696E+00
  0.000000000000E+00  0.000000000000E+00  0.000000000000E+00 -0.192257124320E-01  0.000000000000E+00 -0.782166456553E-02  0.000000000000E+00
 -0.731623334019E-02 -0.132772827771E-01 -0.770184606454E-04  0.000000000000E+00 -0.648828783858E-02  0.000000000000E+00 -0.438727166397E-03
  0.446872643162E-02  0.314794484157E-02  0.218336092010E-02  0.000000000000E+00  0.142733294809E-01  0.000000000000E+00  0.343439129951E-02
  0.491447193813E-02  0.170477345378E-02  0.690702478103E-03  0.796987658800E-03  0.000000000000E+00  0.192084169351E-02  0.477075865470E-03
  0.000000000000E+00  0.000000000000E+00 -0.133249458535E-02 -0.132921257174E-02  0.000000000000E+00
  0.000000000000E+00  0.000000000000E+00 -0.100761166740E+00 -0.112167826337E+00  0.000000000000E+00 -0.987545035220E-01 -0.424929266078E-01
 -0.801004504931E-01 -0.946250655969E-01 -0.278109296310E-01  0.000000000000E+00 -0.989525039324E-01  0.737187812774E-03 -0.587327634190E-01
 -0.809645534101E-01 -0.600287670676E-02  0.423077525869E-02  0.000000000000E+00 -0.100473218675E+00  0.572581289912E-02 -0.193533104368E-01
 -0.680713251194E-01  0.681910350428E-02  0.515495771300E-02  0.493741041643E-02 -0.995426037513E-01 -0.157580070419E-01  0.507092439378E-02
 -0.414442968967E-01  0.259922296981E-02  0.487160970518E-02  0.497046349413E-02  0.602725410242E-02
  0.602658413828E+00  0.552709224279E+00  0.677274957169E+00  0.645108647745E+00  0.544982424297E+00  0.599517143154E+00  0.722866634492E+00
  0.703744446428E+00  0.691534277843E+00  0.720507462989E+00  0.547465909120E+00  0.630782410328E+00  0.722284526521E+00  0.722089059921E+00
  0.702365839168E+00  0.726526625671E+00  0.719694309846E+00  0.593415712767E+00  0.635820126382E+00  0.716030233770E+00  0.729014161704E+00
  0.715528220668E+00  0.720447154459E+00  0.721204057260E+00  0.716083385605E+00  0.672591699790E+00  0.726895547617E+00  0.722102575123E+00
  0.720959953173E+00  0.724770860544E+00  0.716504881300E+00  0.716255205250E+00  0.715892793372E+00
  0.000000000000E+00  0.000000000000E+00  0.509231871995E+00  0.472098689858E+00  0.000000000000E+00  0.480805639725E+00  0.534527112591E+00
  0.535829287632E+00  0.535479030589E+00  0.540786047939E+00  0.000000000000E+00  0.510356170137E+00  0.517182276595E+00  0.539187580329E+00
  0.542979806517E+00  0.529277326742E+00  0.511036671656E+00  0.000000000000E+00  0.495604767406E+00  0.492980868956E+00  0.531173382924E+00
  0.533778471961E+00  0.505621077669E+00  0.512004132537E+00  0.494163709407E+00  0.508460334378E+00  0.529554223821E+00  0.511910989698E+00
  0.537002107355E+00  0.514994098636E+00  0.492395536654E+00  0.494739085937E+00  0.491352316913E+00
  0.999989628812E+00  0.999990283267E+00  0.984104206208E+00  0.976444089170E+00  0.999991490220E+00  0.959042337716E+00  0.100368370037E+01
  0.994429502240E+00  0.991216406496E+00  0.100355188666E+01  0.999992821140E+00  0.971537539775E+00  0.100443319184E+01  0.100528531255E+01
  0.997216646702E+00  0.100662940699E+01  0.100305331302E+01  0.999993489206E+00  0.973515982235E+00  0.100047672181E+01  0.100763862624E+01
  0.100128632168E+01  0.100314049784E+01  0.100383220661E+01  0.100050395662E+01  0.985091898810E+00  0.100596551194E+01  0.100387951777E+01
  0.100289622499E+01  0.100485305991E+01  0.100082865480E+01  0.100062149983E+01  0.100045434448E+01
        12        15        14        14
        21        16        14        14
         9        14        10        10
        15        22        21        21
        29        27        22        22
        14        16        10        10
         7         8        10        10
        14        15        21        21
        14         9        12        12
         5        12         6         6
        21        24        16        16
        32        23        24        24
        28        21        27        27
        17        16        23        23
        28        31        24        24
        19        15        12        12
         4         2         6         6
         4         9         8         8
        10         8         9         9
        17        13        10        10
        19        26        22        22
        10        16        17        17
        23        25        17        17
        22        15        19        19
        12        11        19        19
        27        30        28        28
        33        31        28        28
         6         9         4         4
         8         3         4         4
        25        23        32        32
        10        13         7         7
         3         8         7         7
        30        27        29        29
         6         2         5         5
        11        12         5         5
        24        23        16        16
        13        17        20        20
        26        19        18        18
         2         4         1         1
        22        27        21        21
        31        32        24        24
        21        28        24        24
        26        29        22        22
         9         6        12        12
        11        18        19        19
        25        20        17        17
        30        33        28        28
         3         1         4         4
zone t="boundary 6 bc-6", solutiontime= 0.4000000E+02, strandid=1006, i=33, j=48, f=feblock
  0.375000000000E+01  0.250000000000E+01  0.500000000000E+01  0.403384942830E+01  0.280856328277E+01  0.125000000000E+01  0.182727219356E+01
  0.500000000000E+01  0.430969386006E+01  0.342819755379E+01  0.227317933631E+01  0.162230260845E+01  0.000000000000E+00  0.905837536509E+00
  0.500000000000E+01  0.408642231822E+01  0.297954017413E+01  0.189599568386E+01  0.109945440014E+01  0.735450417037E+00  0.000000000000E+00
  0.500000000000E+01  0.398205049073E+01  0.304506426164E+01  0.214587157439E+01  0.104050588738E+01  0.000000000000E+00  0.000000000000E+00
  0.500000000000E+01  0.375000000000E+01  0.250000000000E+01  0.125000000000E+01  0.000000000000E+00
  0.250000000000E+01  0.250000000000E+01  0.250000000000E+01  0.145332269920E+01  0.132549389334E+01  0.250000000000E+01  0.173899611320E+01
  0.125000000000E+01  0.518568023061E+00  0.350800286361E+00  0.490615021923E-01  0.825621401394E+00  0.250000000000E+01  0.157899473280E+01
  0.000000000000E+00 -0.461282870254E+00 -0.857924212153E+00 -0.873141960959E+00 -0.322732261638E+00  0.659350882208E+00  0.125000000000E+01
 -0.125000000000E+01 -0.158398995423E+01 -0.183684615440E+01 -0.165007033378E+01 -0.147959633950E+01  0.000000000000E+00 -0.125000000000E+01
 -0.250000000000E+01 -0.250000000000E+01 -0.250000000000E+01 -0.250000000000E+01 -0.250000000000E+01
  0.000000000000E+00  0.000000000000E+00  0.000000000000E+00  0.000000000000E+00  0.000000000000E+00  0.000000000000E+00  0.000000000000E+00
  0.000000000000E+00  0.000000000000E+00  0.000000000000E+00  0.000000000000E+00  0.000000000000E+00  0.000000000000E+00  0.000000000000E+00
  0.000000000000E+00  0.000000000000E+00  0.000000000000E+00  0.000000000000E+00  0.000000000000E+00  0.000000000000E+00  0.000000000000E+00
  0.000000000000E+00  0.000000000000E+00  0.000000000000E+00  0.000000000000E+00  0.000000000000E+00  0.000000000000E+00  0.000000000000E+00
  0.000000000000E+00  0.000000000000E+00  0.000000000000E+00  0.000000000000E+00  0.000000000000E+00
  0.941861280895E+00  0.946296412315E+00  0.843730529847E+00  0.943650864156E+00  0.944515747588E+00  0.956975887342E+00  0.930066150077E+00
  0.773800432803E+00  0.937609839346E+00  0.956402848768E+00  0.942357999283E+00  0.925616109401E+00  0.134427144486E+01  0.100901443024E+01
  0.762981886824E+00  0.953747954497E+00  0.951876959080E+00  0.886350648761E+00  0.941585242498E+00  0.103637723873E+01  0.142583204046E+01
  0.766457775061E+00  0.950881085045E+00  0.934858313387E+00  0.932234984331E+00  0.958156103767E+00  0.164466726903E+01  0.149409063245E+01
  0.830787406960E+00  0.935297258631E+00  0.934221978016E+00  0.961719525790E+00  0.144945745275E+01
  0.000000000000E+00  0.000000000000E+00  0.000000000000E+00  0.000000000000E+00  0.000000000000E+00  0.000000000000E+00  0.000000000000E+00
  0.000000000000E+00  0.000000000000E+00  0.000000000000E+00  0.000000000000E+00  0.000000000000E+00  0.000000000000E+00  0.000000000000E+00
  0.000000000000E+00  0.000000000000E+00  0.000000000000E+00  0.000000000000E+00  0.000000000000E+00  0.000000000000E+00  0.000000000000E+00
  0.000000000000E+00  0.000000000000E+00  0.000000000000E+00  0.000000000000E+00  0.000000000000E+00  0.000000000000E+00  0.000000000000E+00
  0.000000000000E+00  0.000000000000E+00  0.000000000000E+00  0.000000000000E+00  0.000000000000E+00
  0.000000000000E+00  0.000000000000E+00  0.000000000000E+00  0.000000000000E+00  0.000000000000E+00  0.000000000000E+00  0.000000000000E+00
  0.000000000000E+00  0.000000000000E+00  0.000000000000E+00  0.000000000000E+00  0.000000000000E+00  0.000000000000E+00  0.000000000000E+00
  0.000000000000E+00  0.000000000000E+00  0.000000000000E+00  0.000000000000E+00  0.000000000000E+00  0.000000000000E+00  0.000000000000E+00
  0.000000000000E+00  0.000000000000E+00  0.000000000000E+00  0.000000000000E+00  0.000000000000E+00  0.000000000000E+00  0.000000000000E+00
  0.000000000000E+00  0.000000000000E+00  0.000000000000E+00  0.000000000000E+00  0.000000000000E+00
  0.000000000000E+00  0.000000000000E+00  0.000000000000E+00  0.000000000000E+00  0.000000000000E+00  0.000000000000E+00  0.000000000000E+00
  0.000000000000E+00  0.000000000000E+00  0.000000000000E+00  0.000000000000E+00  0.000000000000E+00  0.000000000000E+00  0.000000000000E+00
  0.000000000000E+00  0.000000000000E+00  0.000000000000E+00  0.000000000000E+00  0.000000000000E+00  0.000000000000E+00  0.000000000000E+00
  0.000000000000E+00  0.000000000000E+00  0.000000000000E+00  0.000000000000E+00  0.000000000000E+00  0.000000000000E+00  0.000000000000E+00
  0.000000000000E+00  0.000000000000E+00  0.000000000000E+00  0.000000000000E+00  0.000000000000E+00
  0.672750885846E+00  0.675918851842E+00  0.602658413828E+00  0.674029321429E+00  0.674647102775E+00  0.683547252982E+00  0.664326186250E+00
  0.552709224279E+00  0.669715074302E+00  0.683138394941E+00  0.673106953637E+00  0.661148135779E+00  0.960184573376E+00  0.720717654050E+00
  0.544982424297E+00  0.681243185645E+00  0.679907144758E+00  0.633102744268E+00  0.672555269524E+00  0.740262732694E+00  0.101844204784E+01
  0.547465909120E+00  0.679196289623E+00  0.667751583964E+00  0.665877573664E+00  0.684392097135E+00  0.117475225328E+01  0.106719923940E+01
  0.593415712767E+00  0.668065256746E+00  0.667297105452E+00  0.686937804889E+00  0.103531921705E+01
  0.000000000000E+00  0.000000000000E+00  0.000000000000E+00  0.000000000000E+00  0.000000000000E+00  0.000000000000E+00  0.000000000000E+00
  0.000000000000E+00  0.000000000000E+00  0.000000000000E+00  0.000000000000E+00  0.000000000000E+00  0.000000000000E+00  0.000000000000E+00
  0.000000000000E+00  0.000000000000E+00  0.000000000000E+00  0.000000000000E+00  0.000000000000E+00  0.000000000000E+00  0.000000000000E+00
  0.000000000000E+00  0.000000000000E+00  0.000000000000E+00  0.000000000000E+00  0.000000000000E+00  0.000000000000E+00  0.000000000000E+00
  0.000000000000E+00  0.000000000000E+00  0.000000000000E+00  0.000000000000E+00  0.000000000000E+00
  0.999989339501E+00  0.999989411631E+00  0.999989628812E+00  0.999989599803E+00  0.999989620392E+00  0.999989829246E+00  0.999989797148E+00
  0.999990283267E+00  0.999990683414E+00  0.999990489520E+00  0.999991230306E+00  0.999990579994E+00  0.999990297993E+00  0.999990372222E+00
  0.999991490220E+00  0.999992141955E+00  0.999992691892E+00  0.999992320437E+00  0.999991646891E+00  0.999990917444E+00  0.999990760848E+00
  0.999992821140E+00  0.999993396049E+00  0.999993479399E+00  0.999993154944E+00  0.999992519197E+00  0.999991418058E+00  0.999992170967E+00
  0.999993489206E+00  0.999993692714E+00  0.999993545021E+00  0.999993138389E+00  0.999992722187E+00
        19        18        11        11
        17        10        11        11
        12        11         5         5
        18        25        17        17
        31        24        25        25
        11        10         5         5
         2         7         5         5
        11        18        17        17
        11        12        19        19
        27        19        20        20
        17        16        10        10
        15         9        16        16
        23        17        24        24
         4        10         9         9
        23        22        16        16
        26        18        19        19
        14        21        20        20
        14        12         7         7
         5         7        12        12
         4         1         5         5
        26        32        25        25
         5        10         4         4
         9         8         4         4
        25        18        26        26
        19        28        26        26
        24        30        23        23
        29        22        23        23
        20        12        14        14
         7         6        14        14
         8         9        15        15
         5         1         2         2
         6         7         2         2
        30        24        31        31
        20        21        27        27
        28        19        27        27
        16         9        10        10
         1         4         3         3
        32        26        33        33
        21        14        13        13
        25        24        17        17
        22        15        16        16
        17        23        16        16
        32        31        25        25
        12        20        19        19
        28        33        26        26
         8         3         4         4
        30        29        23        23
         6        13        14        14
