title="tecplot geometry and solution file"
variables = x y z rho u v w p mach temperature
zone t="boundary 1 bc-1", solutiontime= 0.3000000E+02, strandid=1001, i=32, j=46, f=feblock
  0.000000000000E+00  0.000000000000E+00  0.000000000000E+00  0.000000000000E+00  0.000000000000E+00  0.000000000000E+00  0.000000000000E+00
  0.000000000000E+00  0.000000000000E+00  0.000000000000E+00  0.000000000000E+00  0.000000000000E+00  0.000000000000E+00  0.000000000000E+00
  0.000000000000E+00  0.000000000000E+00  0.000000000000E+00  0.000000000000E+00  0.000000000000E+00  0.000000000000E+00  0.000000000000E+00
  0.000000000000E+00  0.000000000000E+00  0.000000000000E+00  0.000000000000E+00  0.000000000000E+00  0.000000000000E+00  0.000000000000E+00
  0.000000000000E+00  0.000000000000E+00  0.000000000000E+00  0.000000000000E+00
  0.250000000000E+01  0.250000000000E+01  0.125000000000E+01  0.146289271009E+01  0.157686156160E+01  0.308372018325E+00  0.000000000000E+00
 -0.125000000000E+01 -0.600232012419E+00  0.250000000000E+01  0.477386199275E+00  0.742988685424E+00 -0.739814786992E+00  0.177790177481E+01
  0.155830813274E+01  0.250000000000E+01 -0.250000000000E+01 -0.154800130438E+01 -0.487811078581E+00  0.250000000000E+01  0.627766083140E+00
 -0.345533899378E+00 -0.178862290564E+01 -0.158811787973E+01  0.125000000000E+01 -0.250000000000E+01 -0.144524380962E+01  0.000000000000E+00
 -0.125000000000E+01 -0.250000000000E+01 -0.250000000000E+01 -0.250000000000E+01
  0.000000000000E+00  0.125000000000E+01  0.000000000000E+00  0.103724302461E+01  0.219251206392E+01  0.922061490191E+00  0.000000000000E+00
  0.000000000000E+00  0.715990576545E+00  0.250000000000E+01  0.202479342020E+01  0.324151231464E+01  0.175434191980E+01  0.310152362409E+01
  0.404200324774E+01  0.375000000000E+01  0.000000000000E+00  0.930412228790E+00  0.299062775774E+01  0.500000000000E+01  0.429310310915E+01
  0.409252726285E+01  0.187029682677E+01  0.284428995242E+01  0.500000000000E+01  0.125000000000E+01  0.394624082883E+01  0.500000000000E+01
  0.500000000000E+01  0.250000000000E+01  0.375000000000E+01  0.500000000000E+01
  0.134427120810E+01  0.106355337926E+01  0.142583182963E+01  0.108608762432E+01  0.103229060193E+01  0.120095338112E+01  0.164466685667E+01
  0.149409013240E+01  0.123520338528E+01  0.102389267972E+01  0.102809468272E+01  0.101301783256E+01  0.103252921000E+01  0.101471847575E+01
  0.100663847926E+01  0.100830781964E+01  0.144945702500E+01  0.116393504672E+01  0.101462808981E+01  0.100426007860E+01  0.100679777119E+01
  0.100724510266E+01  0.104668059785E+01  0.101938406273E+01  0.100424766506E+01  0.106442280568E+01  0.100789301829E+01  0.100288822783E+01
  0.100334523364E+01  0.102847313661E+01  0.100958633672E+01  0.100399293482E+01
  0.000000000000E+00  0.445482009259E+00  0.000000000000E+00  0.468737737964E+00  0.462182942268E+00  0.443614219368E+00  0.000000000000E+00
  0.000000000000E+00  0.379272887170E+00  0.471739271601E+00  0.466575693166E+00  0.479355714500E+00  0.490159750679E+00  0.484515187000E+00
  0.488524405616E+00  0.489830825337E+00  0.000000000000E+00  0.450654223267E+00  0.474814731758E+00  0.495785238711E+00  0.490899381254E+00
  0.486835558139E+00  0.448669240868E+00  0.465807889520E+00  0.496536816715E+00  0.444686413664E+00  0.487701104157E+00  0.497534334309E+00
  0.496384326440E+00  0.470003391306E+00  0.489200218673E+00  0.495522109483E+00
  0.000000000000E+00  0.000000000000E+00  0.000000000000E+00  0.186086030005E-01 -0.276691075729E-02  0.332951060605E-01  0.000000000000E+00
  0.000000000000E+00 -0.594712643466E-02  0.000000000000E+00  0.356640467143E-02 -0.566633201237E-02 -0.416070559440E-02  0.305673578583E-04
 -0.106165695561E-02  0.000000000000E+00  0.000000000000E+00 -0.764121896719E-02  0.359683820029E-03  0.000000000000E+00 -0.203492637067E-02
 -0.138317020297E-02  0.156558518296E-02 -0.158520428045E-02 -0.634634404170E-04  0.000000000000E+00 -0.283713802021E-04 -0.196313361940E-03
  0.807242049124E-03  0.000000000000E+00  0.000000000000E+00  0.000000000000E+00
  0.000000000000E+00  0.452184654153E-01  0.000000000000E+00  0.123932977345E+00  0.247646621724E-01  0.165644444522E+00  0.000000000000E+00
  0.000000000000E+00  0.155763017404E+00  0.351819569173E-02  0.259784067867E-01 -0.651227654087E-02  0.748997085641E-01  0.371831584613E-02
 -0.149392628486E-03  0.458690570292E-03  0.000000000000E+00  0.140954002080E+00 -0.808568052431E-02  0.237161033003E-02 -0.304072423724E-03
 -0.438187302471E-02  0.255018602836E-01 -0.194954203580E-02  0.308350475294E-02  0.837460360015E-01 -0.121907948323E-02  0.268489505789E-02
  0.264017882794E-02  0.279392052517E-02 -0.834874473277E-03  0.344925346079E-02
  0.960184401674E+00  0.782340137860E+00  0.101844189448E+01  0.808726231966E+00  0.746125385033E+00  0.879446184328E+00  0.117475196030E+01
  0.106719888142E+01  0.916619811586E+00  0.737394761835E+00  0.743553487938E+00  0.725758743528E+00  0.757454827900E+00  0.729187893945E+00
  0.720784623828E+00  0.722781357376E+00  0.103531891200E+01  0.858316781948E+00  0.728064561124E+00  0.718614925793E+00  0.721013056868E+00
  0.721151172512E+00  0.760018280993E+00  0.732627920235E+00  0.718530835081E+00  0.791042941291E+00  0.722107560688E+00  0.717199162892E+00
  0.717636661428E+00  0.741799245390E+00  0.724056263670E+00  0.718400655764E+00
  0.000000000000E+00  0.441238959499E+00  0.000000000000E+00  0.475214846858E+00  0.460124412426E+00  0.468828258643E+00  0.000000000000E+00
  0.000000000000E+00  0.402302846731E+00  0.469815441526E+00  0.464411893623E+00  0.478714636900E+00  0.489298401180E+00  0.483069063003E+00
  0.487929751513E+00  0.488962306388E+00  0.000000000000E+00  0.464776563982E+00  0.473796390856E+00  0.495346987183E+00  0.490266071771E+00
  0.486286308903E+00  0.445718212342E+00  0.464383015822E+00  0.496127757291E+00  0.443623932521E+00  0.486964554697E+00  0.497246546483E+00
  0.496059357914E+00  0.467732911434E+00  0.488212429321E+00  0.495098383726E+00
  0.999990295293E+00  0.102982719472E+01  0.999990758121E+00  0.104247272448E+01  0.101190065772E+01  0.102520603832E+01  0.999991419388E+00
  0.999992170211E+00  0.103891209457E+01  0.100826257187E+01  0.101252822392E+01  0.100300528606E+01  0.102702833856E+01  0.100605544879E+01
  0.100244377118E+01  0.100355653365E+01  0.999992722650E+00  0.103239738173E+01  0.100459507854E+01  0.100179317843E+01  0.100260281508E+01
  0.100234951637E+01  0.101657143122E+01  0.100617532275E+01  0.100168833258E+01  0.104043253480E+01  0.100303362224E+01  0.100118717139E+01
  0.100134160438E+01  0.100976769016E+01  0.100405357350E+01  0.100176095188E+01
        12        19        11        11
        11         5        12        12
        10        14         5         5
        19        13        11        11
        19        24        13        13
        30        23        24        24
        19        12        22        22
        28        22        21        21
        11        13         6         6
         7         6         9         9
        15        12        14        14
        18        13        23        23
        15        25        21        21
        27        19        22        22
        18         8         9         9
        27        31        24        24
         4        11         6         6
         5        14        12        12
         4         2         5         5
        21        12        15        15
        14        16        15        15
        24        19        27        27
        22        29        27        27
        23        26        18        18
        17         8        18        18
         5        11         4         4
         6         3         4         4
        26        23        30        30
         5         2        10        10
        16        14        10        10
         3         6         7         7
        21        25        28        28
        29        22        28        28
         6        13         9         9
         2         4         1         1
        31        27        32        32
        25        15        20        20
        24        23        13        13
         8         7         9         9
        13        18         9         9
        31        30        24        24
        12        21        22        22
        29        32        27        27
         3         1         4         4
        26        17        18        18
        16        20        15        15
zone t="boundary 2 bc-2", solutiontime= 0.3000000E+02, strandid=1002, i=33, j=48, f=feblock
  0.500000000000E+01  0.375000000000E+01  0.250000000000E+01  0.288078410721E+01  0.125000000000E+01  0.190974100652E+01  0.326683758169E+01
  0.201431602454E+01  0.000000000000E+00  0.963108083381E+00  0.500000000000E+01  0.403552511878E+01  0.423153924130E+01  0.500000000000E+01
  0.385533350601E+01  0.500000000000E+01  0.398173246726E+01  0.315249557942E+01  0.267000324704E+01  0.154774304040E+01  0.218329375016E+01
  0.893127759452E+00  0.000000000000E+00  0.698517061619E+00  0.964171764089E+00  0.310324758057E+01  0.000000000000E+00  0.000000000000E+00
  0.125000000000E+01  0.500000000000E+01  0.375000000000E+01  0.250000000000E+01  0.000000000000E+00
 -0.250000000000E+01 -0.250000000000E+01 -0.250000000000E+01 -0.250000000000E+01 -0.250000000000E+01 -0.250000000000E+01 -0.250000000000E+01
 -0.250000000000E+01 -0.250000000000E+01 -0.250000000000E+01 -0.250000000000E+01 -0.250000000000E+01 -0.250000000000E+01 -0.250000000000E+01
 -0.250000000000E+01 -0.250000000000E+01 -0.250000000000E+01 -0.250000000000E+01 -0.250000000000E+01 -0.250000000000E+01 -0.250000000000E+01
 -0.250000000000E+01 -0.250000000000E+01 -0.250000000000E+01 -0.250000000000E+01 -0.250000000000E+01 -0.250000000000E+01 -0.250000000000E+01
 -0.250000000000E+01 -0.250000000000E+01 -0.250000000000E+01 -0.250000000000E+01 -0.250000000000E+01
  0.000000000000E+00  0.000000000000E+00  0.000000000000E+00  0.904659890645E+00  0.000000000000E+00  0.717002441913E+00  0.188609243358E+01
  0.176246431481E+01  0.000000000000E+00  0.961328577125E+00  0.125000000000E+01  0.101201586758E+01  0.191586535653E+01  0.250000000000E+01
  0.293121848150E+01  0.375000000000E+01  0.406975391361E+01  0.363585050272E+01  0.285047954584E+01  0.292817774674E+01  0.395907379566E+01
  0.205246550326E+01  0.125000000000E+01  0.306828197606E+01  0.397245519226E+01  0.433168271247E+01  0.250000000000E+01  0.375000000000E+01
  0.500000000000E+01  0.500000000000E+01  0.500000000000E+01  0.500000000000E+01  0.500000000000E+01
  0.830787061341E+00  0.935297143352E+00  0.934221469023E+00  0.968087273029E+00  0.961718887020E+00  0.964848095031E+00  0.984135704288E+00
  0.991412151691E+00  0.144945702500E+01  0.102921645021E+01  0.955878532982E+00  0.960693592880E+00  0.981487645218E+00  0.100642877086E+01
  0.997911858469E+00  0.100978038058E+01  0.100199531361E+01  0.998062611789E+00  0.991085526926E+00  0.100132671871E+01  0.100094552120E+01
  0.101224568222E+01  0.106442280568E+01  0.101082128369E+01  0.100685200162E+01  0.100118341087E+01  0.102847313661E+01  0.100958633672E+01
  0.100510125209E+01  0.100179258839E+01  0.100266099992E+01  0.100321124548E+01  0.100399293482E+01
  0.000000000000E+00  0.000000000000E+00  0.000000000000E+00  0.378986744692E+00  0.000000000000E+00  0.340639658802E+00  0.582178729380E+00
  0.575196125819E+00  0.000000000000E+00  0.489449751387E+00  0.494740393463E+00  0.431507184789E+00  0.568960880060E+00  0.536179921339E+00
  0.568880597745E+00  0.516236782712E+00  0.508560964497E+00  0.527401878866E+00  0.566649023268E+00  0.531829595133E+00  0.506098823262E+00
  0.520702323503E+00  0.444686413664E+00  0.491340585376E+00  0.492735629184E+00  0.501507735518E+00  0.470003391306E+00  0.489200218673E+00
  0.490458802167E+00  0.491425943656E+00  0.486215870303E+00  0.490305794728E+00  0.495522109483E+00
  0.000000000000E+00  0.000000000000E+00  0.000000000000E+00  0.000000000000E+00  0.000000000000E+00  0.000000000000E+00  0.000000000000E+00
  0.000000000000E+00  0.000000000000E+00  0.000000000000E+00  0.000000000000E+00  0.000000000000E+00  0.000000000000E+00  0.000000000000E+00
  0.000000000000E+00  0.000000000000E+00  0.000000000000E+00  0.000000000000E+00  0.000000000000E+00  0.000000000000E+00  0.000000000000E+00
  0.000000000000E+00  0.000000000000E+00  0.000000000000E+00  0.000000000000E+00  0.000000000000E+00  0.000000000000E+00  0.000000000000E+00
  0.000000000000E+00  0.000000000000E+00  0.000000000000E+00  0.000000000000E+00  0.000000000000E+00
  0.000000000000E+00  0.000000000000E+00  0.000000000000E+00 -0.229664624095E-02  0.000000000000E+00  0.183566374203E-01  0.121123909701E-01
  0.454986536412E-01  0.000000000000E+00  0.870790378702E-01 -0.995419276957E-01 -0.211866942003E-01 -0.306434872123E-01 -0.414440986297E-01
 -0.137784904357E-02  0.260092676975E-02  0.610320075952E-03  0.504303237293E-03  0.150971556185E-01  0.284026592112E-01  0.564171073313E-02
  0.553420922287E-01  0.837460360015E-01  0.110441678833E-01  0.679149107961E-02 -0.758256682162E-03  0.279392052517E-02 -0.834874473277E-03
  0.400605783062E-02  0.602956846951E-02 -0.143186071844E-03  0.120031543048E-02  0.344925346079E-02
  0.593415465436E+00  0.668065174006E+00  0.667296741545E+00  0.684257289188E+00  0.686937350121E+00  0.679200913100E+00  0.695811323327E+00
  0.702343383388E+00  0.103531891200E+01  0.723694313434E+00  0.672591473419E+00  0.675702595669E+00  0.694092985521E+00  0.720959767012E+00
  0.712691050088E+00  0.724771831422E+00  0.716580007882E+00  0.713298190126E+00  0.706429141893E+00  0.717736799461E+00  0.715375917095E+00
  0.730937223834E+00  0.791042941291E+00  0.724372300888E+00  0.721010154871E+00  0.715456483746E+00  0.741799245390E+00  0.724056263670E+00
  0.719312437499E+00  0.715891167641E+00  0.716607630800E+00  0.717367565371E+00  0.718400655764E+00
  0.000000000000E+00  0.000000000000E+00  0.000000000000E+00  0.380991701211E+00  0.000000000000E+00  0.343630111618E+00  0.585285868174E+00
  0.579373677063E+00  0.000000000000E+00  0.501056427280E+00  0.508459333560E+00  0.435373030152E+00  0.572639048720E+00  0.537002156697E+00
  0.568923426733E+00  0.514995282548E+00  0.508252845084E+00  0.527255581360E+00  0.567447224388E+00  0.531657854943E+00  0.505983499525E+00
  0.520795965025E+00  0.443623932521E+00  0.490664431547E+00  0.492156614455E+00  0.501394222505E+00  0.467732911434E+00  0.488212429321E+00
  0.490003434599E+00  0.491351351171E+00  0.486072978210E+00  0.490037862706E+00  0.495098383726E+00
  0.999993488427E+00  0.999993692118E+00  0.999993544506E+00  0.989539095856E+00  0.999993140562E+00  0.985524336149E+00  0.989838950476E+00
  0.991798148799E+00  0.999992722650E+00  0.984411042594E+00  0.985091756218E+00  0.984688188771E+00  0.990058493822E+00  0.100289628342E+01
  0.999855309520E+00  0.100485272195E+01  0.100121427457E+01  0.100055593144E+01  0.997896520311E+00  0.100350015681E+01  0.100058021413E+01
  0.101093255456E+01  0.104043253480E+01  0.100326461028E+01  0.100254477837E+01  0.100045512777E+01  0.100976769016E+01  0.100405357350E+01
  0.100192633369E+01  0.100045423205E+01  0.100058811822E+01  0.100109981427E+01  0.100176095188E+01
        15         7        19        19
         8        20        19        19
        18        19        21        21
         7         4         8         8
         3         6         4         4
        19         7         8         8
        19        18        15        15
        14        13        15        15
         8        22        20        20
        27        24        22        22
        19        20        21        21
        32        26        21        21
        17        18        26        26
        17        16        15        15
        25        29        21        21
        12         7        13        13
        10         8         6         6
        25        20        24        24
         4         6         8         8
        12         2         4         4
        10        23        22        22
        26        31        17        17
        30        16        17        17
         4         7        12        12
        13        11        12        12
        21        20        25        25
        24        28        25        25
        22         8        10        10
         6         5        10        10
        31        26        32        32
         4         2         3         3
         5         6         3         3
        11        13        14        14
        22        23        27        27
        28        24        27        27
        15        13         7         7
         2        12         1         1
        29        25        33        33
        23        10         9         9
        21        26        18        18
        16        14        15        15
        18        17        15        15
        29        32        21        21
        22        24        20        20
        28        33        25        25
        11         1        12        12
        31        30        17        17
         5         9        10        10
zone t="boundary 3 bc-3", solutiontime= 0.3000000E+02, strandid=1003, i=33, j=48, f=feblock
  0.375000000000E+01  0.250000000000E+01  0.500000000000E+01  0.403552511878E+01  0.288078410721E+01  0.125000000000E+01  0.190974100652E+01
  0.500000000000E+01  0.326683758169E+01  0.423153924130E+01  0.201431602454E+01  0.000000000000E+00  0.963108083381E+00  0.500000000000E+01
  0.267000324704E+01  0.385533350601E+01  0.893127759452E+00  0.154774304040E+01  0.000000000000E+00  0.500000000000E+01  0.315249557942E+01
  0.218329375016E+01  0.398173246726E+01  0.000000000000E+00  0.698517061619E+00  0.964171764089E+00  0.125000000000E+01  0.000000000000E+00
  0.500000000000E+01  0.310324758057E+01  0.250000000000E+01  0.375000000000E+01  0.000000000000E+00
  0.250000000000E+01  0.250000000000E+01  0.250000000000E+01  0.250000000000E+01  0.250000000000E+01  0.250000000000E+01  0.250000000000E+01
  0.250000000000E+01  0.250000000000E+01  0.250000000000E+01  0.250000000000E+01  0.250000000000E+01  0.250000000000E+01  0.250000000000E+01
  0.250000000000E+01  0.250000000000E+01  0.250000000000E+01  0.250000000000E+01  0.250000000000E+01  0.250000000000E+01  0.250000000000E+01
  0.250000000000E+01  0.250000000000E+01  0.250000000000E+01  0.250000000000E+01  0.250000000000E+01  0.250000000000E+01  0.250000000000E+01
  0.250000000000E+01  0.250000000000E+01  0.250000000000E+01  0.250000000000E+01  0.250000000000E+01
  0.000000000000E+00  0.000000000000E+00  0.000000000000E+00  0.101201586758E+01  0.904659890645E+00  0.000000000000E+00  0.717002441913E+00
  0.125000000000E+01  0.188609243358E+01  0.191586535653E+01  0.176246431481E+01  0.000000000000E+00  0.961328577125E+00  0.250000000000E+01
  0.285047954584E+01  0.293121848150E+01  0.205246550326E+01  0.292817774674E+01  0.125000000000E+01  0.375000000000E+01  0.363585050272E+01
  0.395907379566E+01  0.406975391361E+01  0.250000000000E+01  0.306828197606E+01  0.397245519226E+01  0.500000000000E+01  0.375000000000E+01
  0.500000000000E+01  0.433168271247E+01  0.500000000000E+01  0.500000000000E+01  0.500000000000E+01
  0.941860795527E+00  0.946295846026E+00  0.843730465384E+00  0.964337074958E+00  0.978822846141E+00  0.956975365369E+00  0.983330916051E+00
  0.963504939425E+00  0.982688815600E+00  0.984244430338E+00  0.990263116117E+00  0.134427120810E+01  0.101918219883E+01  0.100829754708E+01
  0.993455633332E+00  0.997997647807E+00  0.100807761532E+01  0.100072059473E+01  0.106355337926E+01  0.100673652453E+01  0.100058280572E+01
  0.100234908096E+01  0.100178182815E+01  0.102389267972E+01  0.100874162837E+01  0.100528322365E+01  0.100522801702E+01  0.100830781964E+01
  0.100196259773E+01  0.100161969999E+01  0.100413152322E+01  0.100321754198E+01  0.100426007860E+01
  0.000000000000E+00  0.000000000000E+00  0.000000000000E+00  0.439068933465E+00  0.399864956729E+00  0.000000000000E+00  0.373794148111E+00
  0.495011013715E+00  0.573056276048E+00  0.569603264901E+00  0.559933348996E+00  0.000000000000E+00  0.483390969329E+00  0.533822545081E+00
  0.556459191132E+00  0.564688377388E+00  0.522616033531E+00  0.522533646083E+00  0.445482009259E+00  0.518327220153E+00  0.524751690690E+00
  0.503888983427E+00  0.509844834002E+00  0.471739271601E+00  0.496246056023E+00  0.494940663223E+00  0.489078139915E+00  0.489830825337E+00
  0.493066874495E+00  0.499150324790E+00  0.486770865202E+00  0.484761548433E+00  0.495785238711E+00
  0.000000000000E+00  0.000000000000E+00  0.000000000000E+00  0.000000000000E+00  0.000000000000E+00  0.000000000000E+00  0.000000000000E+00
  0.000000000000E+00  0.000000000000E+00  0.000000000000E+00  0.000000000000E+00  0.000000000000E+00  0.000000000000E+00  0.000000000000E+00
  0.000000000000E+00  0.000000000000E+00  0.000000000000E+00  0.000000000000E+00  0.000000000000E+00  0.000000000000E+00  0.000000000000E+00
  0.000000000000E+00  0.000000000000E+00  0.000000000000E+00  0.000000000000E+00  0.000000000000E+00  0.000000000000E+00  0.000000000000E+00
  0.000000000000E+00  0.000000000000E+00  0.000000000000E+00  0.000000000000E+00  0.000000000000E+00
  0.000000000000E+00  0.000000000000E+00  0.000000000000E+00 -0.226116409950E-01  0.111963995541E-01  0.000000000000E+00  0.179817061520E-01
 -0.100759849675E+00  0.390462470922E-02 -0.389310685772E-01  0.340378044999E-01  0.000000000000E+00  0.652294164215E-01 -0.424919833666E-01
  0.843937168178E-02 -0.650843301273E-02  0.490054412633E-01  0.135871894911E-01  0.452184654153E-01  0.738593441796E-03 -0.699696213726E-03
  0.243773729095E-02  0.869599137695E-03  0.351819569173E-02  0.103942853004E-01  0.431637945274E-02  0.337408231154E-02  0.458690570292E-03
  0.573084155210E-02  0.341275731928E-03  0.160752412158E-02  0.570181343649E-03  0.237161033003E-02
  0.672750539849E+00  0.675918447658E+00  0.602658368119E+00  0.676093504304E+00  0.691308527374E+00  0.683546878989E+00  0.690066233711E+00
  0.677276452072E+00  0.695201563974E+00  0.696250845897E+00  0.703343679349E+00  0.960184401674E+00  0.719725943016E+00  0.722865734120E+00
  0.709447212019E+00  0.713700751483E+00  0.726066943337E+00  0.716602405770E+00  0.782340137860E+00  0.722285095802E+00  0.716127924624E+00
  0.716550995640E+00  0.716545806535E+00  0.737394761835E+00  0.722682435041E+00  0.719440785466E+00  0.719565398389E+00  0.722781357376E+00
  0.716029319633E+00  0.715846789487E+00  0.718145985442E+00  0.717061414982E+00  0.718614925793E+00
  0.000000000000E+00  0.000000000000E+00  0.000000000000E+00  0.443766881484E+00  0.402286632108E+00  0.000000000000E+00  0.377550348394E+00
  0.509225888610E+00  0.575832234879E+00  0.573705599014E+00  0.562554716579E+00  0.000000000000E+00  0.490563634603E+00  0.534527372911E+00
  0.556587487140E+00  0.564391360825E+00  0.522731094000E+00  0.522052644915E+00  0.441238959499E+00  0.517182743401E+00  0.524229465836E+00
  0.503688313083E+00  0.509494185946E+00  0.469815441526E+00  0.495615089126E+00  0.494484090330E+00  0.488564295373E+00  0.488962306388E+00
  0.492982489098E+00  0.499009518529E+00  0.486465290834E+00  0.484600467170E+00  0.495346987183E+00
  0.999989340529E+00  0.999989412080E+00  0.999989629369E+00  0.981535326812E+00  0.988771300281E+00  0.999989827549E+00  0.982469595358E+00
  0.984101891026E+00  0.990427665516E+00  0.990354788111E+00  0.994363149614E+00  0.999990295293E+00  0.988651804732E+00  0.100368391324E+01
  0.999768951428E+00  0.100118577862E+01  0.100834866803E+01  0.100252095676E+01  0.102982719472E+01  0.100443274828E+01  0.100199512599E+01
  0.100082038578E+01  0.100137984236E+01  0.100826257187E+01  0.100298766364E+01  0.100192371260E+01  0.100215228852E+01  0.100355653365E+01
  0.100047751259E+01  0.100056489033E+01  0.100126761920E+01  0.100066629516E+01  0.100179317843E+01
        15         9        16        16
        15        18        11        11
        22        15        21        21
        11         5         9         9
         5         7         2         2
        11         9        15        15
        16        21        15        15
        16        10        14        14
        18        17        11        11
        17        25        24        24
        22        18        15        15
        22        30        31        31
        30        21        23        23
        16        20        23        23
        22        27        26        26
        10         9         4         4
         7        11        13        13
        25        18        26        26
        11         7         5         5
         5         1         4         4
        17        19        13        13
        23        32        30        30
        23        20        29        29
         4         9         5         5
         4         8        10        10
        26        18        22        22
        26        28        25        25
        13        11        17        17
        13         6         7         7
        31        30        32        32
         2         1         5         5
         2         7         6         6
        14        10         8         8
        24        19        17        17
        24        25        28        28
         9        10        16        16
         3         4         1         1
        33        26        27        27
        12        13        19        19
        21        30        22        22
        16        14        20        20
        16        23        21        21
        22        31        27        27
        18        25        17        17
        26        33        28        28
         4         3         8         8
        23        29        32        32
        13        12         6         6
zone t="boundary 4 bc-4", solutiontime= 0.3000000E+02, strandid=1004, i=32, j=46, f=feblock
  0.125000000000E+01  0.219251206392E+01  0.103724302461E+01  0.500000000000E+01  0.250000000000E+01  0.375000000000E+01  0.404200324774E+01
  0.500000000000E+01  0.000000000000E+00  0.310152362409E+01  0.202479342020E+01  0.324151231464E+01  0.922061490191E+00  0.000000000000E+00
  0.299062775774E+01  0.394624082883E+01  0.500000000000E+01  0.409252726285E+01  0.500000000000E+01  0.429310310915E+01  0.175434191980E+01
  0.284428995242E+01  0.000000000000E+00  0.000000000000E+00  0.715990576545E+00  0.930412228790E+00  0.125000000000E+01  0.187029682677E+01
  0.500000000000E+01  0.375000000000E+01  0.250000000000E+01  0.000000000000E+00
  0.250000000000E+01  0.157686156160E+01  0.146289271009E+01  0.250000000000E+01  0.250000000000E+01  0.250000000000E+01  0.155830813274E+01
  0.125000000000E+01  0.250000000000E+01  0.177790177481E+01  0.477386199275E+00  0.742988685424E+00  0.308372018325E+00  0.125000000000E+01
 -0.487811078581E+00 -0.144524380962E+01 -0.125000000000E+01 -0.345533899378E+00  0.000000000000E+00  0.627766083140E+00 -0.739814786992E+00
 -0.158811787973E+01  0.000000000000E+00 -0.125000000000E+01 -0.600232012419E+00 -0.154800130438E+01 -0.250000000000E+01 -0.178862290564E+01
 -0.250000000000E+01 -0.250000000000E+01 -0.250000000000E+01 -0.250000000000E+01
  0.500000000000E+01  0.500000000000E+01  0.500000000000E+01  0.500000000000E+01  0.500000000000E+01  0.500000000000E+01  0.500000000000E+01
  0.500000000000E+01  0.500000000000E+01  0.500000000000E+01  0.500000000000E+01  0.500000000000E+01  0.500000000000E+01  0.500000000000E+01
  0.500000000000E+01  0.500000000000E+01  0.500000000000E+01  0.500000000000E+01  0.500000000000E+01  0.500000000000E+01  0.500000000000E+01
  0.500000000000E+01  0.500000000000E+01  0.500000000000E+01  0.500000000000E+01  0.500000000000E+01  0.500000000000E+01  0.500000000000E+01
  0.500000000000E+01  0.500000000000E+01  0.500000000000E+01  0.500000000000E+01
  0.100522801702E+01  0.100432870175E+01  0.100431975031E+01  0.100196259773E+01  0.100413152322E+01  0.100321754198E+01  0.100258235251E+01
  0.100200856742E+01  0.100426007860E+01  0.100372244709E+01  0.100446418975E+01  0.100346787965E+01  0.100365957733E+01  0.100424766506E+01
  0.100362226637E+01  0.100163979842E+01  0.100227386841E+01  0.100226992384E+01  0.100213193762E+01  0.100253969894E+01  0.100442335595E+01
  0.100337175502E+01  0.100288822783E+01  0.100334523364E+01  0.100323184054E+01  0.100406047884E+01  0.100510125209E+01  0.100431286955E+01
  0.100179258839E+01  0.100266099992E+01  0.100321124548E+01  0.100399293482E+01
  0.489078139915E+00  0.489240916327E+00  0.490984451397E+00  0.493066874495E+00  0.486770865202E+00  0.484761548433E+00  0.485407220081E+00
  0.494264600776E+00  0.495785238711E+00  0.486804665200E+00  0.488140547628E+00  0.487247724282E+00  0.494423962680E+00  0.496536816715E+00
  0.487846408357E+00  0.483216499159E+00  0.492572279540E+00  0.487262589903E+00  0.494866961653E+00  0.488014800311E+00  0.490097608910E+00
  0.488269032873E+00  0.497534334309E+00  0.496384326440E+00  0.495260239090E+00  0.493217223553E+00  0.490458802167E+00  0.490400896748E+00
  0.491425943656E+00  0.486215870303E+00  0.490305794728E+00  0.495522109483E+00
  0.000000000000E+00 -0.897817478164E-04 -0.129723494281E-02  0.000000000000E+00  0.000000000000E+00  0.000000000000E+00  0.425104128419E-03
  0.797901781628E-03  0.000000000000E+00  0.273708595021E-03 -0.942062619574E-03 -0.819989566626E-03 -0.174501757686E-02 -0.634634404170E-04
 -0.109817397490E-02 -0.102090042567E-02 -0.133122618309E-02 -0.213268913951E-02 -0.132840492698E-02 -0.106355848780E-02 -0.623729769521E-03
 -0.760449285742E-03 -0.196313361940E-03  0.807242049124E-03  0.519904808246E-04  0.161651603332E-02  0.000000000000E+00  0.791730007805E-03
  0.000000000000E+00  0.000000000000E+00  0.000000000000E+00  0.000000000000E+00
  0.337408231154E-02  0.271146344712E-02  0.385675267287E-02  0.573084155210E-02  0.160752412158E-02  0.570181343649E-03  0.204342383511E-02
  0.494317559130E-02  0.237161033003E-02  0.106977202315E-02  0.201345795891E-02 -0.169505220947E-04  0.500985086143E-02  0.308350475294E-02
  0.286318854589E-04  0.111555728411E-02  0.487442103021E-02  0.118541315010E-02  0.497459456072E-02  0.146905358808E-02  0.271501432581E-02
  0.893597920374E-04  0.268489505789E-02  0.264017882794E-02  0.438621373374E-02  0.489492825689E-02  0.400605783062E-02  0.232163301160E-02
  0.602956846951E-02 -0.143186071844E-03  0.120031543048E-02  0.344925346079E-02
  0.719565398389E+00  0.718472590535E+00  0.718650575270E+00  0.716029319633E+00  0.718145985442E+00  0.717061414982E+00  0.716312736967E+00
  0.716081973073E+00  0.718614925793E+00  0.717750188395E+00  0.718429007534E+00  0.717282236673E+00  0.718077942483E+00  0.718530835081E+00
  0.717563441048E+00  0.715463764758E+00  0.716503417420E+00  0.716067136285E+00  0.716254004677E+00  0.716268962184E+00  0.718698050171E+00
  0.717402792788E+00  0.717199162892E+00  0.717636661428E+00  0.717544531095E+00  0.718475917142E+00  0.719312437499E+00  0.718540869692E+00
  0.715891167641E+00  0.716607630800E+00  0.717367565371E+00  0.718400655764E+00
  0.488564295373E+00  0.488875490741E+00  0.490564083262E+00  0.492982489098E+00  0.486465290834E+00  0.484600467170E+00  0.485349872537E+00
  0.494165157221E+00  0.495346987183E+00  0.486532652005E+00  0.487821198535E+00  0.487071946657E+00  0.494046600037E+00  0.496127757291E+00
  0.487612900851E+00  0.483216580464E+00  0.492394133328E+00  0.487214241422E+00  0.494739822395E+00  0.487960533882E+00  0.489678176828E+00
  0.488028406520E+00  0.497246546483E+00  0.496059357914E+00  0.494951566617E+00  0.492801208706E+00  0.490003434599E+00  0.490006055182E+00
  0.491351351171E+00  0.486072978210E+00  0.490037862706E+00  0.495098383726E+00
  0.100215228852E+01  0.100152631802E+01  0.100178335144E+01  0.100047751259E+01  0.100126761920E+01  0.100066629516E+01  0.100025482121E+01
  0.100050518020E+01  0.100179317843E+01  0.100112363400E+01  0.100133048128E+01  0.100072473838E+01  0.100164352753E+01  0.100168833258E+01
  0.100096306262E+01  0.100000945673E+01  0.100082903087E+01  0.100022355949E+01  0.100062234213E+01  0.100023624811E+01  0.100174619027E+01
  0.100098882082E+01  0.100118717139E+01  0.100134160438E+01  0.100132621687E+01  0.100179850238E+01  0.100192633369E+01  0.100163728662E+01
  0.100045423205E+01  0.100058811822E+01  0.100109981427E+01  0.100176095188E+01
        12        15        11        11
        11         2        12        12
         5        10         2         2
        15        21        11        11
        15        22        21        21
        31        28        22        22
        15        12        18        18
        19        18        20        20
        11        21        13        13
        23        13        25        25
         7        12        10        10
        26        21        28        28
         7         8        20        20
        16        15        18        18
        26        24        25        25
        16        30        22        22
         3        11        13        13
         2        10        12        12
         3         1         2         2
        20        12         7         7
        10         6         7         7
        22        15        16        16
        18        17        16        16
        28        27        26        26
        32        24        26        26
         2        11         3         3
        13        14         3         3
        27        28        31        31
         2         1         5         5
         6        10         5         5
        14        13        23        23
        20         8        19        19
        17        18        19        19
        13        21        25        25
         1         3         9         9
        30        16        29        29
         8         7         4         4
        22        28        21        21
        24        23        25        25
        21        26        25        25
        30        31        22        22
        12        20        18        18
        17        29        16        16
        14         9         3         3
        27        32        26        26
         6         4         7         7
zone t="boundary 5 bc-5", solutiontime= 0.3000000E+02, strandid=1005, i=33, j=48, f=feblock
  0.500000000000E+01  0.500000000000E+01  0.500000000000E+01  0.500000000000E+01  0.500000000000E+01  0.500000000000E+01  0.500000000000E+01
  0.500000000000E+01  0.500000000000E+01  0.500000000000E+01  0.500000000000E+01  0.500000000000E+01  0.500000000000E+01  0.500000000000E+01
  0.500000000000E+01  0.500000000000E+01  0.500000000000E+01  0.500000000000E+01  0.500000000000E+01  0.500000000000E+01  0.500000000000E+01
  0.500000000000E+01  0.500000000000E+01  0.500000000000E+01  0.500000000000E+01  0.500000000000E+01  0.500000000000E+01  0.500000000000E+01
  0.500000000000E+01  0.500000000000E+01  0.500000000000E+01  0.500000000000E+01  0.500000000000E+01
  0.250000000000E+01  0.125000000000E+01  0.250000000000E+01  0.157899473280E+01  0.000000000000E+00  0.659350882208E+00  0.250000000000E+01
  0.173899611320E+01  0.825621401394E+00  0.132549389334E+01 -0.125000000000E+01 -0.322732261638E+00  0.250000000000E+01  0.490615021923E-01
 -0.873141960959E+00  0.350800286361E+00  0.145332269920E+01 -0.250000000000E+01 -0.147959633950E+01  0.250000000000E+01 -0.857924212153E+00
 -0.165007033378E+01  0.518568023061E+00 -0.461282870254E+00  0.125000000000E+01 -0.250000000000E+01 -0.183684615440E+01 -0.158398995423E+01
 -0.250000000000E+01 -0.250000000000E+01 -0.125000000000E+01  0.000000000000E+00 -0.250000000000E+01
  0.000000000000E+00  0.000000000000E+00  0.125000000000E+01  0.905837536509E+00  0.000000000000E+00  0.735450417037E+00  0.250000000000E+01
  0.182727219356E+01  0.162230260845E+01  0.280856328277E+01  0.000000000000E+00  0.109945440014E+01  0.375000000000E+01  0.227317933631E+01
  0.189599568386E+01  0.342819755379E+01  0.403384942830E+01  0.000000000000E+00  0.104050588738E+01  0.500000000000E+01  0.297954017413E+01
  0.214587157439E+01  0.430969386006E+01  0.408642231822E+01  0.500000000000E+01  0.125000000000E+01  0.304506426164E+01  0.398205049073E+01
  0.250000000000E+01  0.375000000000E+01  0.500000000000E+01  0.500000000000E+01  0.500000000000E+01
  0.843730465384E+00  0.773799960890E+00  0.963504939425E+00  0.924941459670E+00  0.762981298618E+00  0.875168991022E+00  0.100829754708E+01
  0.990760734840E+00  0.976726316038E+00  0.100513924467E+01  0.766456620206E+00  0.908967424382E+00  0.100673652453E+01  0.100560873131E+01
  0.986056106300E+00  0.101043965148E+01  0.100450670693E+01  0.830787061341E+00  0.914364203392E+00  0.100196259773E+01  0.101288285955E+01
  0.100045172086E+01  0.100546985060E+01  0.100583211059E+01  0.100200856742E+01  0.955878532982E+00  0.101161945643E+01  0.100703722269E+01
  0.100642877086E+01  0.100978038058E+01  0.100227386841E+01  0.100213193762E+01  0.100179258839E+01
  0.000000000000E+00  0.000000000000E+00  0.495011013715E+00  0.452408768384E+00  0.000000000000E+00  0.460316734506E+00  0.533822545081E+00
  0.528245413771E+00  0.524489285393E+00  0.541031468096E+00  0.000000000000E+00  0.493168630853E+00  0.518327220153E+00  0.537410635686E+00
  0.536125921869E+00  0.530985099657E+00  0.511794434282E+00  0.000000000000E+00  0.478350658689E+00  0.493066874495E+00  0.532835702159E+00
  0.529743578213E+00  0.506365684457E+00  0.512957727774E+00  0.494264600776E+00  0.494740393463E+00  0.530894547218E+00  0.512878455640E+00
  0.536179921339E+00  0.516236782712E+00  0.492572279540E+00  0.494866961653E+00  0.491425943656E+00
  0.000000000000E+00  0.000000000000E+00  0.000000000000E+00 -0.192268886201E-01  0.000000000000E+00 -0.782218019174E-02  0.000000000000E+00
 -0.731687425362E-02 -0.132776362524E-01 -0.767407749714E-04  0.000000000000E+00 -0.648882618885E-02  0.000000000000E+00 -0.438695243501E-03
  0.446831155749E-02  0.314822347941E-02  0.218352256307E-02  0.000000000000E+00  0.142726781343E-01  0.000000000000E+00  0.343428283439E-02
  0.491431040931E-02  0.170522244390E-02  0.691080892506E-03  0.797901781628E-03  0.000000000000E+00  0.192112667210E-02  0.477863219304E-03
  0.000000000000E+00  0.000000000000E+00 -0.133122618309E-02 -0.132840492698E-02  0.000000000000E+00
  0.000000000000E+00  0.000000000000E+00 -0.100759849675E+00 -0.112167533854E+00  0.000000000000E+00 -0.987539850598E-01 -0.424919833666E-01
 -0.800989810531E-01 -0.946237184091E-01 -0.278104541445E-01  0.000000000000E+00 -0.989514787424E-01  0.738593441796E-03 -0.587320880385E-01
 -0.809636344645E-01 -0.600231341231E-02  0.423377002052E-02  0.000000000000E+00 -0.100472611587E+00  0.573084155210E-02 -0.193528623175E-01
 -0.680707740041E-01  0.682254328810E-02  0.515701130096E-02  0.494317559130E-02 -0.995419276957E-01 -0.157575159013E-01  0.507305346127E-02
 -0.414440986297E-01  0.260092676975E-02  0.487442103021E-02  0.497459456072E-02  0.602956846951E-02
  0.602658368119E+00  0.552708887061E+00  0.677276452072E+00  0.645109229861E+00  0.544982005634E+00  0.599517155162E+00  0.722865734120E+00
  0.703743880806E+00  0.691533719997E+00  0.720506897966E+00  0.547465085702E+00  0.630782633262E+00  0.722285095802E+00  0.722088447987E+00
  0.702365392221E+00  0.726527299179E+00  0.719694983034E+00  0.593415465436E+00  0.635820010487E+00  0.716029319633E+00  0.729014203940E+00
  0.715527670146E+00  0.720448023997E+00  0.721204572831E+00  0.716081973073E+00  0.672591473419E+00  0.726895852928E+00  0.722102672081E+00
  0.720959767012E+00  0.724771831422E+00  0.716503417420E+00  0.716254004677E+00  0.715891167641E+00
  0.000000000000E+00  0.000000000000E+00  0.509225888610E+00  0.472096512920E+00  0.000000000000E+00  0.480804928392E+00  0.534527372911E+00
  0.535828364447E+00  0.535478778998E+00  0.540786140380E+00  0.000000000000E+00  0.510355051332E+00  0.517182743401E+00  0.539187572631E+00
  0.542979457480E+00  0.529276871014E+00  0.511037223972E+00  0.000000000000E+00  0.495603601958E+00  0.492982489098E+00  0.531173243756E+00
  0.533778520172E+00  0.505621259936E+00  0.512004068341E+00  0.494165157221E+00  0.508459333560E+00  0.529554659992E+00  0.511911819236E+00
  0.537002156697E+00  0.514995282548E+00  0.492394133328E+00  0.494739822395E+00  0.491351351171E+00
  0.999989629369E+00  0.999990283013E+00  0.984101891026E+00  0.976443333103E+00  0.999991492937E+00  0.959042225944E+00  0.100368391324E+01
  0.994429228452E+00  0.991216466782E+00  0.100355215707E+01  0.999992823829E+00  0.971537222214E+00  0.100443274828E+01  0.100528545119E+01
  0.997216631819E+00  0.100662935918E+01  0.100305251254E+01  0.999993488427E+00  0.973515817199E+00  0.100047751259E+01  0.100763861872E+01
  0.100128643624E+01  0.100314020653E+01  0.100383194305E+01  0.100050518020E+01  0.985091756218E+00  0.100596542271E+01  0.100387921929E+01
  0.100289628342E+01  0.100485272195E+01  0.100082903087E+01  0.100062234213E+01  0.100045423205E+01
        12        15        14        14
        21        16        14        14
         9        14        10        10
        15        22        21        21
        29        27        22        22
        14        16        10        10
         7         8        10        10
        14        15        21        21
        14         9        12        12
         5        12         6         6
        21        24        16        16
        32        23        24        24
        28        21        27        27
        17        16        23        23
        28        31        24        24
        19        15        12        12
         4         2         6         6
         4         9         8         8
        10         8         9         9
        17        13        10        10
        19        26        22        22
        10        16        17        17
        23        25        17        17
        22        15        19        19
        12        11        19        19
        27        30        28        28
        33        31        28        28
         6         9         4         4
         8         3         4         4
        25        23        32        32
        10        13         7         7
         3         8         7         7
        30        27        29        29
         6         2         5         5
        11        12         5         5
        24        23        16        16
        13        17        20        20
        26        19        18        18
         2         4         1         1
        22        27        21        21
        31        32        24        24
        21        28        24        24
        26        29        22        22
         9         6        12        12
        11        18        19        19
        25        20        17        17
        30        33        28        28
         3         1         4         4
zone t="boundary 6 bc-6", solutiontime= 0.3000000E+02, strandid=1006, i=33, j=48, f=feblock
  0.375000000000E+01  0.250000000000E+01  0.500000000000E+01  0.403384942830E+01  0.280856328277E+01  0.125000000000E+01  0.182727219356E+01
  0.500000000000E+01  0.430969386006E+01  0.342819755379E+01  0.227317933631E+01  0.162230260845E+01  0.000000000000E+00  0.905837536509E+00
  0.500000000000E+01  0.408642231822E+01  0.297954017413E+01  0.189599568386E+01  0.109945440014E+01  0.735450417037E+00  0.000000000000E+00
  0.500000000000E+01  0.398205049073E+01  0.304506426164E+01  0.214587157439E+01  0.104050588738E+01  0.000000000000E+00  0.000000000000E+00
  0.500000000000E+01  0.375000000000E+01  0.250000000000E+01  0.125000000000E+01  0.000000000000E+00
  0.250000000000E+01  0.250000000000E+01  0.250000000000E+01  0.145332269920E+01  0.132549389334E+01  0.250000000000E+01  0.173899611320E+01
  0.125000000000E+01  0.518568023061E+00  0.350800286361E+00  0.490615021923E-01  0.825621401394E+00  0.250000000000E+01  0.157899473280E+01
  0.000000000000E+00 -0.461282870254E+00 -0.857924212153E+00 -0.873141960959E+00 -0.322732261638E+00  0.659350882208E+00  0.125000000000E+01
 -0.125000000000E+01 -0.158398995423E+01 -0.183684615440E+01 -0.165007033378E+01 -0.147959633950E+01  0.000000000000E+00 -0.125000000000E+01
 -0.250000000000E+01 -0.250000000000E+01 -0.250000000000E+01 -0.250000000000E+01 -0.250000000000E+01
  0.000000000000E+00  0.000000000000E+00  0.000000000000E+00  0.000000000000E+00  0.000000000000E+00  0.000000000000E+00  0.000000000000E+00
  0.000000000000E+00  0.000000000000E+00  0.000000000000E+00  0.000000000000E+00  0.000000000000E+00  0.000000000000E+00  0.000000000000E+00
  0.000000000000E+00  0.000000000000E+00  0.000000000000E+00  0.000000000000E+00  0.000000000000E+00  0.000000000000E+00  0.000000000000E+00
  0.000000000000E+00  0.000000000000E+00  0.000000000000E+00  0.000000000000E+00  0.000000000000E+00  0.000000000000E+00  0.000000000000E+00
  0.000000000000E+00  0.000000000000E+00  0.000000000000E+00  0.000000000000E+00  0.000000000000E+00
  0.941860795527E+00  0.946295846026E+00  0.843730465384E+00  0.943650654261E+00  0.944515292568E+00  0.956975365369E+00  0.930065587949E+00
  0.773799960890E+00  0.937609621787E+00  0.956402683597E+00  0.942357619491E+00  0.925615518022E+00  0.134427120810E+01  0.100901394161E+01
  0.762981298618E+00  0.953747655219E+00  0.951876671394E+00  0.886350045516E+00  0.941584736404E+00  0.103637681184E+01  0.142583182963E+01
  0.766456620206E+00  0.950880682143E+00  0.934857946901E+00  0.932234375092E+00  0.958155632797E+00  0.164466685667E+01  0.149409013240E+01
  0.830787061341E+00  0.935297143352E+00  0.934221469023E+00  0.961718887020E+00  0.144945702500E+01
  0.000000000000E+00  0.000000000000E+00  0.000000000000E+00  0.000000000000E+00  0.000000000000E+00  0.000000000000E+00  0.000000000000E+00
  0.000000000000E+00  0.000000000000E+00  0.000000000000E+00  0.000000000000E+00  0.000000000000E+00  0.000000000000E+00  0.000000000000E+00
  0.000000000000E+00  0.000000000000E+00  0.000000000000E+00  0.000000000000E+00  0.000000000000E+00  0.000000000000E+00  0.000000000000E+00
  0.000000000000E+00  0.000000000000E+00  0.000000000000E+00  0.000000000000E+00  0.000000000000E+00  0.000000000000E+00  0.000000000000E+00
  0.000000000000E+00  0.000000000000E+00  0.000000000000E+00  0.000000000000E+00  0.000000000000E+00
  0.000000000000E+00  0.000000000000E+00  0.000000000000E+00  0.000000000000E+00  0.000000000000E+00  0.000000000000E+00  0.000000000000E+00
  0.000000000000E+00  0.000000000000E+00  0.000000000000E+00  0.000000000000E+00  0.000000000000E+00  0.000000000000E+00  0.000000000000E+00
  0.000000000000E+00  0.000000000000E+00  0.000000000000E+00  0.000000000000E+00  0.000000000000E+00  0.000000000000E+00  0.000000000000E+00
  0.000000000000E+00  0.000000000000E+00  0.000000000000E+00  0.000000000000E+00  0.000000000000E+00  0.000000000000E+00  0.000000000000E+00
  0.000000000000E+00  0.000000000000E+00  0.000000000000E+00  0.000000000000E+00  0.000000000000E+00
  0.000000000000E+00  0.000000000000E+00  0.000000000000E+00  0.000000000000E+00  0.000000000000E+00  0.000000000000E+00  0.000000000000E+00
  0.000000000000E+00  0.000000000000E+00  0.000000000000E+00  0.000000000000E+00  0.000000000000E+00  0.000000000000E+00  0.000000000000E+00
  0.000000000000E+00  0.000000000000E+00  0.000000000000E+00  0.000000000000E+00  0.000000000000E+00  0.000000000000E+00  0.000000000000E+00
  0.000000000000E+00  0.000000000000E+00  0.000000000000E+00  0.000000000000E+00  0.000000000000E+00  0.000000000000E+00  0.000000000000E+00
  0.000000000000E+00  0.000000000000E+00  0.000000000000E+00  0.000000000000E+00  0.000000000000E+00
  0.672750539849E+00  0.675918447658E+00  0.602658368119E+00  0.674029171725E+00  0.674646776857E+00  0.683546878989E+00  0.664325784528E+00
  0.552708887061E+00  0.669714920549E+00  0.683138277554E+00  0.673106683074E+00  0.661147714618E+00  0.960184401674E+00  0.720717304643E+00
  0.544982005634E+00  0.681242971342E+00  0.679906937931E+00  0.633102313202E+00  0.672554906348E+00  0.740262428813E+00  0.101844189448E+01
  0.547465085702E+00  0.679196001627E+00  0.667751322079E+00  0.665877138555E+00  0.684391760780E+00  0.117475196030E+01  0.106719888142E+01
  0.593415465436E+00  0.668065174006E+00  0.667296741545E+00  0.686937350121E+00  0.103531891200E+01
  0.000000000000E+00  0.000000000000E+00  0.000000000000E+00  0.000000000000E+00  0.000000000000E+00  0.000000000000E+00  0.000000000000E+00
  0.000000000000E+00  0.000000000000E+00  0.000000000000E+00  0.000000000000E+00  0.000000000000E+00  0.000000000000E+00  0.000000000000E+00
  0.000000000000E+00  0.000000000000E+00  0.000000000000E+00  0.000000000000E+00  0.000000000000E+00  0.000000000000E+00  0.000000000000E+00
  0.000000000000E+00  0.000000000000E+00  0.000000000000E+00  0.000000000000E+00  0.000000000000E+00  0.000000000000E+00  0.000000000000E+00
  0.000000000000E+00  0.000000000000E+00  0.000000000000E+00  0.000000000000E+00  0.000000000000E+00
  0.999989340529E+00  0.999989412080E+00  0.999989629369E+00  0.999989600129E+00  0.999989619048E+00  0.999989827549E+00  0.999989796838E+00
  0.999990283013E+00  0.999990685869E+00  0.999990490385E+00  0.999991231367E+00  0.999990581882E+00  0.999990295293E+00  0.999990371676E+00
  0.999991492937E+00  0.999992141171E+00  0.999992689924E+00  0.999992320153E+00  0.999991644387E+00  0.999990918839E+00  0.999990758121E+00
  0.999992823829E+00  0.999993395737E+00  0.999993479233E+00  0.999993155031E+00  0.999992519269E+00  0.999991419388E+00  0.999992170211E+00
  0.999993488427E+00  0.999993692118E+00  0.999993544506E+00  0.999993140562E+00  0.999992722650E+00
        19        18        11        11
        17        10        11        11
        12        11         5         5
        18        25        17        17
        31        24        25        25
        11        10         5         5
         2         7         5         5
        11        18        17        17
        11        12        19        19
        27        19        20        20
        17        16        10        10
        15         9        16        16
        23        17        24        24
         4        10         9         9
        23        22        16        16
        26        18        19        19
        14        21        20        20
        14        12         7         7
         5         7        12        12
         4         1         5         5
        26        32        25        25
         5        10         4         4
         9         8         4         4
        25        18        26        26
        19        28        26        26
        24        30        23        23
        29        22        23        23
        20        12        14        14
         7         6        14        14
         8         9        15        15
         5         1         2         2
         6         7         2         2
        30        24        31        31
        20        21        27        27
        28        19        27        27
        16         9        10        10
         1         4         3         3
        32        26        33        33
        21        14        13        13
        25        24        17        17
        22        15        16        16
        17        23        16        16
        32        31        25        25
        12        20        19        19
        28        33        26        26
         8         3         4         4
        30        29        23        23
         6        13        14        14
