title="tecplot geometry and solution file"
variables = x y z rho u v w p mach temperature
zone t="boundary 1 bc-1", solutiontime= 0.7000000E+02, strandid=1001, i=32, j=46, f=feblock
  0.000000000000E+00  0.000000000000E+00  0.000000000000E+00  0.000000000000E+00  0.000000000000E+00  0.000000000000E+00  0.000000000000E+00
  0.000000000000E+00  0.000000000000E+00  0.000000000000E+00  0.000000000000E+00  0.000000000000E+00  0.000000000000E+00  0.000000000000E+00
  0.000000000000E+00  0.000000000000E+00  0.000000000000E+00  0.000000000000E+00  0.000000000000E+00  0.000000000000E+00  0.000000000000E+00
  0.000000000000E+00  0.000000000000E+00  0.000000000000E+00  0.000000000000E+00  0.000000000000E+00  0.000000000000E+00  0.000000000000E+00
  0.000000000000E+00  0.000000000000E+00  0.000000000000E+00  0.000000000000E+00
  0.250000000000E+01  0.250000000000E+01  0.125000000000E+01  0.146289271009E+01  0.157686156160E+01  0.308372018325E+00  0.000000000000E+00
 -0.125000000000E+01 -0.600232012419E+00  0.250000000000E+01  0.477386199275E+00  0.742988685424E+00 -0.739814786992E+00  0.177790177481E+01
  0.155830813274E+01  0.250000000000E+01 -0.250000000000E+01 -0.154800130438E+01 -0.487811078581E+00  0.250000000000E+01  0.627766083140E+00
 -0.345533899378E+00 -0.178862290564E+01 -0.158811787973E+01  0.125000000000E+01 -0.250000000000E+01 -0.144524380962E+01  0.000000000000E+00
 -0.125000000000E+01 -0.250000000000E+01 -0.250000000000E+01 -0.250000000000E+01
  0.000000000000E+00  0.125000000000E+01  0.000000000000E+00  0.103724302461E+01  0.219251206392E+01  0.922061490191E+00  0.000000000000E+00
  0.000000000000E+00  0.715990576545E+00  0.250000000000E+01  0.202479342020E+01  0.324151231464E+01  0.175434191980E+01  0.310152362409E+01
  0.404200324774E+01  0.375000000000E+01  0.000000000000E+00  0.930412228790E+00  0.299062775774E+01  0.500000000000E+01  0.429310310915E+01
  0.409252726285E+01  0.187029682677E+01  0.284428995242E+01  0.500000000000E+01  0.125000000000E+01  0.394624082883E+01  0.500000000000E+01
  0.500000000000E+01  0.250000000000E+01  0.375000000000E+01  0.500000000000E+01
  0.134427144774E+01  0.106355395593E+01  0.142583204425E+01  0.108608796973E+01  0.103229115307E+01  0.120095364198E+01  0.164466727542E+01
  0.149409064204E+01  0.123520366927E+01  0.102389313781E+01  0.102809523651E+01  0.101301828683E+01  0.103252946654E+01  0.101471891594E+01
  0.100663883742E+01  0.100830818990E+01  0.144945744339E+01  0.116393552121E+01  0.101462863969E+01  0.100426040821E+01  0.100679807409E+01
  0.100724553325E+01  0.104668119127E+01  0.101938460937E+01  0.100424800567E+01  0.106442280111E+01  0.100789341920E+01  0.100288843766E+01
  0.100334542041E+01  0.102847362115E+01  0.100958665725E+01  0.100399273184E+01
  0.000000000000E+00  0.445481415548E+00  0.000000000000E+00  0.468737856720E+00  0.462182264697E+00  0.443613739239E+00  0.000000000000E+00
  0.000000000000E+00  0.379272522946E+00  0.471738849537E+00  0.466574953621E+00  0.479355157797E+00  0.490159653143E+00  0.484514724230E+00
  0.488524784451E+00  0.489830188488E+00  0.000000000000E+00  0.450653305096E+00  0.474814030076E+00  0.495784888107E+00  0.490899471675E+00
  0.486835368418E+00  0.448668669240E+00  0.465807174848E+00  0.496536481925E+00  0.444686658024E+00  0.487701045770E+00  0.497534090451E+00
  0.496384264506E+00  0.470002878230E+00  0.489199905742E+00  0.495522026815E+00
  0.000000000000E+00  0.000000000000E+00  0.000000000000E+00  0.186085475174E-01 -0.276688488533E-02  0.332952484021E-01  0.000000000000E+00
  0.000000000000E+00 -0.594701664970E-02  0.000000000000E+00  0.356648470604E-02 -0.566638317724E-02 -0.416060199774E-02  0.305514070792E-04
 -0.106175910221E-02  0.000000000000E+00  0.000000000000E+00 -0.764112934822E-02  0.359618946871E-03  0.000000000000E+00 -0.203512296177E-02
 -0.138312914241E-02  0.156561484582E-02 -0.158521019283E-02 -0.638374236842E-04  0.000000000000E+00 -0.283455355911E-04 -0.196339458406E-03
  0.807126798730E-03  0.000000000000E+00  0.000000000000E+00  0.000000000000E+00
  0.000000000000E+00  0.452181757477E-01  0.000000000000E+00  0.123933295475E+00  0.247647171807E-01  0.165644512061E+00  0.000000000000E+00
  0.000000000000E+00  0.155763097471E+00  0.351822588925E-02  0.259783174358E-01 -0.651224680449E-02  0.748997919262E-01  0.371839289991E-02
 -0.149294549427E-03  0.459062474859E-03  0.000000000000E+00  0.140954084035E+00 -0.808565310212E-02  0.237177363939E-02 -0.304305783539E-03
 -0.438193607783E-02  0.255017490249E-01 -0.194957031551E-02  0.308362568003E-02  0.837461427665E-01 -0.121909329735E-02  0.268514646213E-02
  0.264043117337E-02  0.279387071278E-02 -0.834662810736E-03  0.345019191313E-02
  0.960184573147E+00  0.782340562159E+00  0.101844204927E+01  0.808726658029E+00  0.746125892116E+00  0.879446499425E+00  0.117475225660E+01
  0.106719924387E+01  0.916620147321E+00  0.737395238860E+00  0.743553972750E+00  0.725759211372E+00  0.757455250816E+00  0.729188343661E+00
  0.720785048223E+00  0.722781670889E+00  0.103531921254E+01  0.858317140699E+00  0.728065073334E+00  0.718615293876E+00  0.721013448756E+00
  0.721151587105E+00  0.760018786247E+00  0.732628403474E+00  0.718531161624E+00  0.791043235573E+00  0.722107949785E+00  0.717199383048E+00
  0.717636870849E+00  0.741799737325E+00  0.724056580066E+00  0.718400634614E+00
  0.000000000000E+00  0.441238348585E+00  0.000000000000E+00  0.475214987112E+00  0.460123709077E+00  0.468827815572E+00  0.000000000000E+00
  0.000000000000E+00  0.402302517066E+00  0.469814974565E+00  0.464411129173E+00  0.478714034361E+00  0.489298241799E+00  0.483068558043E+00
  0.487930073233E+00  0.488961654748E+00  0.000000000000E+00  0.464775721900E+00  0.473795652092E+00  0.495346592105E+00  0.490266103547E+00
  0.486286084021E+00  0.445717618345E+00  0.464382274853E+00  0.496127394990E+00  0.443624103849E+00  0.486964462086E+00  0.497246279837E+00
  0.496059270967E+00  0.467732355646E+00  0.488212087494E+00  0.495098264898E+00
  0.999990295612E+00  0.102982719487E+01  0.999990759591E+00  0.104247294215E+01  0.101190080517E+01  0.102520618295E+01  0.999991416995E+00
  0.999992168736E+00  0.103891223624E+01  0.100826277302E+01  0.101252833870E+01  0.100300548285E+01  0.102702865681E+01  0.100605563284E+01
  0.100244400475E+01  0.100355660043E+01  0.999992724287E+00  0.103239739236E+01  0.100459524085E+01  0.100179336276E+01  0.100260305838E+01
  0.100234966413E+01  0.101657153068E+01  0.100617544687E+01  0.100168844807E+01  0.104043292633E+01  0.100303376373E+01  0.100118726925E+01
  0.100134171019E+01  0.100976788408E+01  0.100405369347E+01  0.100176112492E+01
        12        19        11        11
        11         5        12        12
        10        14         5         5
        19        13        11        11
        19        24        13        13
        30        23        24        24
        19        12        22        22
        28        22        21        21
        11        13         6         6
         7         6         9         9
        15        12        14        14
        18        13        23        23
        15        25        21        21
        27        19        22        22
        18         8         9         9
        27        31        24        24
         4        11         6         6
         5        14        12        12
         4         2         5         5
        21        12        15        15
        14        16        15        15
        24        19        27        27
        22        29        27        27
        23        26        18        18
        17         8        18        18
         5        11         4         4
         6         3         4         4
        26        23        30        30
         5         2        10        10
        16        14        10        10
         3         6         7         7
        21        25        28        28
        29        22        28        28
         6        13         9         9
         2         4         1         1
        31        27        32        32
        25        15        20        20
        24        23        13        13
         8         7         9         9
        13        18         9         9
        31        30        24        24
        12        21        22        22
        29        32        27        27
         3         1         4         4
        26        17        18        18
        16        20        15        15
zone t="boundary 2 bc-2", solutiontime= 0.7000000E+02, strandid=1002, i=33, j=48, f=feblock
  0.500000000000E+01  0.375000000000E+01  0.250000000000E+01  0.288078410721E+01  0.125000000000E+01  0.190974100652E+01  0.326683758169E+01
  0.201431602454E+01  0.000000000000E+00  0.963108083381E+00  0.500000000000E+01  0.403552511878E+01  0.423153924130E+01  0.500000000000E+01
  0.385533350601E+01  0.500000000000E+01  0.398173246726E+01  0.315249557942E+01  0.267000324704E+01  0.154774304040E+01  0.218329375016E+01
  0.893127759452E+00  0.000000000000E+00  0.698517061619E+00  0.964171764089E+00  0.310324758057E+01  0.000000000000E+00  0.000000000000E+00
  0.125000000000E+01  0.500000000000E+01  0.375000000000E+01  0.250000000000E+01  0.000000000000E+00
 -0.250000000000E+01 -0.250000000000E+01 -0.250000000000E+01 -0.250000000000E+01 -0.250000000000E+01 -0.250000000000E+01 -0.250000000000E+01
 -0.250000000000E+01 -0.250000000000E+01 -0.250000000000E+01 -0.250000000000E+01 -0.250000000000E+01 -0.250000000000E+01 -0.250000000000E+01
 -0.250000000000E+01 -0.250000000000E+01 -0.250000000000E+01 -0.250000000000E+01 -0.250000000000E+01 -0.250000000000E+01 -0.250000000000E+01
 -0.250000000000E+01 -0.250000000000E+01 -0.250000000000E+01 -0.250000000000E+01 -0.250000000000E+01 -0.250000000000E+01 -0.250000000000E+01
 -0.250000000000E+01 -0.250000000000E+01 -0.250000000000E+01 -0.250000000000E+01 -0.250000000000E+01
  0.000000000000E+00  0.000000000000E+00  0.000000000000E+00  0.904659890645E+00  0.000000000000E+00  0.717002441913E+00  0.188609243358E+01
  0.176246431481E+01  0.000000000000E+00  0.961328577125E+00  0.125000000000E+01  0.101201586758E+01  0.191586535653E+01  0.250000000000E+01
  0.293121848150E+01  0.375000000000E+01  0.406975391361E+01  0.363585050272E+01  0.285047954584E+01  0.292817774674E+01  0.395907379566E+01
  0.205246550326E+01  0.125000000000E+01  0.306828197606E+01  0.397245519226E+01  0.433168271247E+01  0.250000000000E+01  0.375000000000E+01
  0.500000000000E+01  0.500000000000E+01  0.500000000000E+01  0.500000000000E+01  0.500000000000E+01
  0.830787403935E+00  0.935297255162E+00  0.934221982187E+00  0.968087712175E+00  0.961719527193E+00  0.964848331687E+00  0.984136201073E+00
  0.991412446996E+00  0.144945744339E+01  0.102921689237E+01  0.955878695493E+00  0.960692918775E+00  0.981487961366E+00  0.100642910905E+01
  0.997912123411E+00  0.100977863890E+01  0.100199481634E+01  0.998063237239E+00  0.991085838810E+00  0.100132719329E+01  0.100094600688E+01
  0.101224609886E+01  0.106442280111E+01  0.101082190529E+01  0.100685258273E+01  0.100118414333E+01  0.102847362115E+01  0.100958665725E+01
  0.100510171611E+01  0.100179475833E+01  0.100266315993E+01  0.100321164510E+01  0.100399273184E+01
  0.000000000000E+00  0.000000000000E+00  0.000000000000E+00  0.378986941287E+00  0.000000000000E+00  0.340639444191E+00  0.582179008709E+00
  0.575195820637E+00  0.000000000000E+00  0.489449421300E+00  0.494741336185E+00  0.431507387404E+00  0.568961825310E+00  0.536179830468E+00
  0.568879739499E+00  0.516235685025E+00  0.508555697332E+00  0.527399281780E+00  0.566648549299E+00  0.531828923396E+00  0.506096459986E+00
  0.520701999336E+00  0.444686658024E+00  0.491339919674E+00  0.492734936186E+00  0.501504484179E+00  0.470002878230E+00  0.489199905742E+00
  0.490458183207E+00  0.491426954408E+00  0.486218276497E+00  0.490304438615E+00  0.495522026815E+00
  0.000000000000E+00  0.000000000000E+00  0.000000000000E+00  0.000000000000E+00  0.000000000000E+00  0.000000000000E+00  0.000000000000E+00
  0.000000000000E+00  0.000000000000E+00  0.000000000000E+00  0.000000000000E+00  0.000000000000E+00  0.000000000000E+00  0.000000000000E+00
  0.000000000000E+00  0.000000000000E+00  0.000000000000E+00  0.000000000000E+00  0.000000000000E+00  0.000000000000E+00  0.000000000000E+00
  0.000000000000E+00  0.000000000000E+00  0.000000000000E+00  0.000000000000E+00  0.000000000000E+00  0.000000000000E+00  0.000000000000E+00
  0.000000000000E+00  0.000000000000E+00  0.000000000000E+00  0.000000000000E+00  0.000000000000E+00
  0.000000000000E+00  0.000000000000E+00  0.000000000000E+00 -0.229669074976E-02  0.000000000000E+00  0.183565245030E-01  0.121122185676E-01
  0.454986541686E-01  0.000000000000E+00  0.870789626932E-01 -0.995426189085E-01 -0.211864966888E-01 -0.306441472843E-01 -0.414442961080E-01
 -0.137883071439E-02  0.259919173562E-02  0.609478517221E-03  0.503572848632E-03  0.150967301017E-01  0.284025717929E-01  0.564163860254E-02
  0.553419830730E-01  0.837461427665E-01  0.110441020578E-01  0.679169182521E-02 -0.758115927326E-03  0.279387071278E-02 -0.834662810736E-03
  0.400708377825E-02  0.602719170318E-02 -0.143884651419E-03  0.120121431178E-02  0.345019191313E-02
  0.593415709626E+00  0.668065253237E+00  0.667297107280E+00  0.684257572373E+00  0.686937806187E+00  0.679201335877E+00  0.695811645366E+00
  0.702343853109E+00  0.103531921254E+01  0.723694676283E+00  0.672591690440E+00  0.675702734176E+00  0.694093188788E+00  0.720959962471E+00
  0.712691281800E+00  0.724770829800E+00  0.716580562926E+00  0.713298992019E+00  0.706429557533E+00  0.717737238900E+00  0.715376602427E+00
  0.730937674876E+00  0.791043235573E+00  0.724372849837E+00  0.721010721322E+00  0.715457540702E+00  0.741799737325E+00  0.724056580066E+00
  0.719312938024E+00  0.715892799173E+00  0.716608904989E+00  0.717367939439E+00  0.718400634614E+00
  0.000000000000E+00  0.000000000000E+00  0.000000000000E+00  0.380991906685E+00  0.000000000000E+00  0.343629824823E+00  0.585286157549E+00
  0.579373264164E+00  0.000000000000E+00  0.501056068479E+00  0.508460363288E+00  0.435373026960E+00  0.572640041384E+00  0.537002098857E+00
  0.568922553845E+00  0.514994090534E+00  0.508247257155E+00  0.527252853134E+00  0.567446661095E+00  0.531657143915E+00  0.505981016667E+00
  0.520795579443E+00  0.443624103849E+00  0.490663730566E+00  0.492155873864E+00  0.501390784748E+00  0.467732355646E+00  0.488212087494E+00
  0.490002767256E+00  0.491352304717E+00  0.486075475332E+00  0.490036479380E+00  0.495098264898E+00
  0.999993487554E+00  0.999993691171E+00  0.999993543296E+00  0.989539056508E+00  0.999993138819E+00  0.985524707873E+00  0.989838908935E+00
  0.991798516684E+00  0.999992724287E+00  0.984411113253E+00  0.985091906594E+00  0.984689081557E+00  0.990058464854E+00  0.100289621830E+01
  0.999855369137E+00  0.100485306643E+01  0.100121554696E+01  0.100055642926E+01  0.997896793414E+00  0.100350029560E+01  0.100058068719E+01
  0.101093276227E+01  0.104043292633E+01  0.100326475363E+01  0.100254498738E+01  0.100045587383E+01  0.100976788408E+01  0.100405369347E+01
  0.100192656832E+01  0.100045434507E+01  0.100058774180E+01  0.100109993750E+01  0.100176112492E+01
        15         7        19        19
         8        20        19        19
        18        19        21        21
         7         4         8         8
         3         6         4         4
        19         7         8         8
        19        18        15        15
        14        13        15        15
         8        22        20        20
        27        24        22        22
        19        20        21        21
        32        26        21        21
        17        18        26        26
        17        16        15        15
        25        29        21        21
        12         7        13        13
        10         8         6         6
        25        20        24        24
         4         6         8         8
        12         2         4         4
        10        23        22        22
        26        31        17        17
        30        16        17        17
         4         7        12        12
        13        11        12        12
        21        20        25        25
        24        28        25        25
        22         8        10        10
         6         5        10        10
        31        26        32        32
         4         2         3         3
         5         6         3         3
        11        13        14        14
        22        23        27        27
        28        24        27        27
        15        13         7         7
         2        12         1         1
        29        25        33        33
        23        10         9         9
        21        26        18        18
        16        14        15        15
        18        17        15        15
        29        32        21        21
        22        24        20        20
        28        33        25        25
        11         1        12        12
        31        30        17        17
         5         9        10        10
zone t="boundary 3 bc-3", solutiontime= 0.7000000E+02, strandid=1003, i=33, j=48, f=feblock
  0.375000000000E+01  0.250000000000E+01  0.500000000000E+01  0.403552511878E+01  0.288078410721E+01  0.125000000000E+01  0.190974100652E+01
  0.500000000000E+01  0.326683758169E+01  0.423153924130E+01  0.201431602454E+01  0.000000000000E+00  0.963108083381E+00  0.500000000000E+01
  0.267000324704E+01  0.385533350601E+01  0.893127759452E+00  0.154774304040E+01  0.000000000000E+00  0.500000000000E+01  0.315249557942E+01
  0.218329375016E+01  0.398173246726E+01  0.000000000000E+00  0.698517061619E+00  0.964171764089E+00  0.125000000000E+01  0.000000000000E+00
  0.500000000000E+01  0.310324758057E+01  0.250000000000E+01  0.375000000000E+01  0.000000000000E+00
  0.250000000000E+01  0.250000000000E+01  0.250000000000E+01  0.250000000000E+01  0.250000000000E+01  0.250000000000E+01  0.250000000000E+01
  0.250000000000E+01  0.250000000000E+01  0.250000000000E+01  0.250000000000E+01  0.250000000000E+01  0.250000000000E+01  0.250000000000E+01
  0.250000000000E+01  0.250000000000E+01  0.250000000000E+01  0.250000000000E+01  0.250000000000E+01  0.250000000000E+01  0.250000000000E+01
  0.250000000000E+01  0.250000000000E+01  0.250000000000E+01  0.250000000000E+01  0.250000000000E+01  0.250000000000E+01  0.250000000000E+01
  0.250000000000E+01  0.250000000000E+01  0.250000000000E+01  0.250000000000E+01  0.250000000000E+01
  0.000000000000E+00  0.000000000000E+00  0.000000000000E+00  0.101201586758E+01  0.904659890645E+00  0.000000000000E+00  0.717002441913E+00
  0.125000000000E+01  0.188609243358E+01  0.191586535653E+01  0.176246431481E+01  0.000000000000E+00  0.961328577125E+00  0.250000000000E+01
  0.285047954584E+01  0.293121848150E+01  0.205246550326E+01  0.292817774674E+01  0.125000000000E+01  0.375000000000E+01  0.363585050272E+01
  0.395907379566E+01  0.406975391361E+01  0.250000000000E+01  0.306828197606E+01  0.397245519226E+01  0.500000000000E+01  0.375000000000E+01
  0.500000000000E+01  0.433168271247E+01  0.500000000000E+01  0.500000000000E+01  0.500000000000E+01
  0.941861268576E+00  0.946296417543E+00  0.843730487366E+00  0.964330993067E+00  0.978820740609E+00  0.956975891047E+00  0.983331403266E+00
  0.963500307554E+00  0.982689307239E+00  0.984243964105E+00  0.990263816033E+00  0.134427144774E+01  0.101918251300E+01  0.100829903954E+01
  0.993456155258E+00  0.997998684800E+00  0.100807808357E+01  0.100072116321E+01  0.106355395593E+01  0.100673529184E+01  0.100058356088E+01
  0.100234980704E+01  0.100178076638E+01  0.102389313781E+01  0.100874208371E+01  0.100528370891E+01  0.100522860288E+01  0.100830818990E+01
  0.100196461757E+01  0.100162012359E+01  0.100413205390E+01  0.100321958147E+01  0.100426040821E+01
  0.000000000000E+00  0.000000000000E+00  0.000000000000E+00  0.439071270474E+00  0.399865812572E+00  0.000000000000E+00  0.373794144914E+00
  0.495017683942E+00  0.573056190185E+00  0.569605109754E+00  0.559932658711E+00  0.000000000000E+00  0.483390704778E+00  0.533822129923E+00
  0.556458763080E+00  0.564688360881E+00  0.522615496435E+00  0.522533036304E+00  0.445481415548E+00  0.518326924671E+00  0.524750915713E+00
  0.503888174387E+00  0.509839746277E+00  0.471738849537E+00  0.496245454669E+00  0.494940396568E+00  0.489076358453E+00  0.489830188488E+00
  0.493064988018E+00  0.499146612027E+00  0.486766642497E+00  0.484757872032E+00  0.495784888107E+00
  0.000000000000E+00  0.000000000000E+00  0.000000000000E+00  0.000000000000E+00  0.000000000000E+00  0.000000000000E+00  0.000000000000E+00
  0.000000000000E+00  0.000000000000E+00  0.000000000000E+00  0.000000000000E+00  0.000000000000E+00  0.000000000000E+00  0.000000000000E+00
  0.000000000000E+00  0.000000000000E+00  0.000000000000E+00  0.000000000000E+00  0.000000000000E+00  0.000000000000E+00  0.000000000000E+00
  0.000000000000E+00  0.000000000000E+00  0.000000000000E+00  0.000000000000E+00  0.000000000000E+00  0.000000000000E+00  0.000000000000E+00
  0.000000000000E+00  0.000000000000E+00  0.000000000000E+00  0.000000000000E+00  0.000000000000E+00
  0.000000000000E+00  0.000000000000E+00  0.000000000000E+00 -0.226115184264E-01  0.111963818915E-01  0.000000000000E+00  0.179816810008E-01
 -0.100761229338E+00  0.390410732895E-02 -0.389325432148E-01  0.340377325136E-01  0.000000000000E+00  0.652293780292E-01 -0.424929714863E-01
  0.843881019481E-02 -0.650994113453E-02  0.490054840519E-01  0.135873483455E-01  0.452181757477E-01  0.737198605774E-03 -0.701222759133E-03
  0.243744350420E-02  0.868929690624E-03  0.351822588925E-02  0.103945254990E-01  0.431655351863E-02  0.337507301534E-02  0.459062474859E-03
  0.572579991641E-02  0.341101634506E-03  0.160978310368E-02  0.569905739790E-03  0.237177363939E-02
  0.672750879157E+00  0.675918855547E+00  0.602658383261E+00  0.676093765217E+00  0.691308921326E+00  0.683547254620E+00  0.690066482523E+00
  0.677274860385E+00  0.695201827757E+00  0.696250865868E+00  0.703344068553E+00  0.960184573147E+00  0.719726358875E+00  0.722866646233E+00
  0.709447759024E+00  0.713700946649E+00  0.726067413858E+00  0.716602922651E+00  0.782340562159E+00  0.722284532329E+00  0.716128636858E+00
  0.716551643686E+00  0.716546536178E+00  0.737395238860E+00  0.722682910851E+00  0.719441264094E+00  0.719566095304E+00  0.722781670889E+00
  0.716030181659E+00  0.715847822093E+00  0.718146783177E+00  0.717062470304E+00  0.718615293876E+00
  0.000000000000E+00  0.000000000000E+00  0.000000000000E+00  0.443767745873E+00  0.402286944661E+00  0.000000000000E+00  0.377550369422E+00
  0.509232129151E+00  0.575832179862E+00  0.573707405448E+00  0.562554064393E+00  0.000000000000E+00  0.490563299651E+00  0.534527096449E+00
  0.556586982206E+00  0.564391577755E+00  0.522730517475E+00  0.522052000239E+00  0.441238348585E+00  0.517182331696E+00  0.524228630803E+00
  0.503687457628E+00  0.509488571195E+00  0.469814974565E+00  0.495614442526E+00  0.494483780320E+00  0.488562428473E+00  0.488961654748E+00
  0.492980744789E+00  0.499005552307E+00  0.486460936647E+00  0.484596927652E+00  0.495346592105E+00
  0.999989342639E+00  0.999989411587E+00  0.999989628440E+00  0.981541895997E+00  0.988773990684E+00  0.999989827770E+00  0.982469462811E+00
  0.984104309158E+00  0.990427545807E+00  0.990355285645E+00  0.994362997043E+00  0.999990295612E+00  0.988652071216E+00  0.100368369406E+01
  0.999769197037E+00  0.100118501209E+01  0.100834885310E+01  0.100252111036E+01  0.102982719487E+01  0.100443319456E+01  0.100199536630E+01
  0.100082056595E+01  0.100138192339E+01  0.100826277302E+01  0.100298787126E+01  0.100192389552E+01  0.100215267506E+01  0.100355660043E+01
  0.100047670022E+01  0.100056591050E+01  0.100126820227E+01  0.100066573357E+01  0.100179336276E+01
        15         9        16        16
        15        18        11        11
        22        15        21        21
        11         5         9         9
         5         7         2         2
        11         9        15        15
        16        21        15        15
        16        10        14        14
        18        17        11        11
        17        25        24        24
        22        18        15        15
        22        30        31        31
        30        21        23        23
        16        20        23        23
        22        27        26        26
        10         9         4         4
         7        11        13        13
        25        18        26        26
        11         7         5         5
         5         1         4         4
        17        19        13        13
        23        32        30        30
        23        20        29        29
         4         9         5         5
         4         8        10        10
        26        18        22        22
        26        28        25        25
        13        11        17        17
        13         6         7         7
        31        30        32        32
         2         1         5         5
         2         7         6         6
        14        10         8         8
        24        19        17        17
        24        25        28        28
         9        10        16        16
         3         4         1         1
        33        26        27        27
        12        13        19        19
        21        30        22        22
        16        14        20        20
        16        23        21        21
        22        31        27        27
        18        25        17        17
        26        33        28        28
         4         3         8         8
        23        29        32        32
        13        12         6         6
zone t="boundary 4 bc-4", solutiontime= 0.7000000E+02, strandid=1004, i=32, j=46, f=feblock
  0.125000000000E+01  0.219251206392E+01  0.103724302461E+01  0.500000000000E+01  0.250000000000E+01  0.375000000000E+01  0.404200324774E+01
  0.500000000000E+01  0.000000000000E+00  0.310152362409E+01  0.202479342020E+01  0.324151231464E+01  0.922061490191E+00  0.000000000000E+00
  0.299062775774E+01  0.394624082883E+01  0.500000000000E+01  0.409252726285E+01  0.500000000000E+01  0.429310310915E+01  0.175434191980E+01
  0.284428995242E+01  0.000000000000E+00  0.000000000000E+00  0.715990576545E+00  0.930412228790E+00  0.125000000000E+01  0.187029682677E+01
  0.500000000000E+01  0.375000000000E+01  0.250000000000E+01  0.000000000000E+00
  0.250000000000E+01  0.157686156160E+01  0.146289271009E+01  0.250000000000E+01  0.250000000000E+01  0.250000000000E+01  0.155830813274E+01
  0.125000000000E+01  0.250000000000E+01  0.177790177481E+01  0.477386199275E+00  0.742988685424E+00  0.308372018325E+00  0.125000000000E+01
 -0.487811078581E+00 -0.144524380962E+01 -0.125000000000E+01 -0.345533899378E+00  0.000000000000E+00  0.627766083140E+00 -0.739814786992E+00
 -0.158811787973E+01  0.000000000000E+00 -0.125000000000E+01 -0.600232012419E+00 -0.154800130438E+01 -0.250000000000E+01 -0.178862290564E+01
 -0.250000000000E+01 -0.250000000000E+01 -0.250000000000E+01 -0.250000000000E+01
  0.500000000000E+01  0.500000000000E+01  0.500000000000E+01  0.500000000000E+01  0.500000000000E+01  0.500000000000E+01  0.500000000000E+01
  0.500000000000E+01  0.500000000000E+01  0.500000000000E+01  0.500000000000E+01  0.500000000000E+01  0.500000000000E+01  0.500000000000E+01
  0.500000000000E+01  0.500000000000E+01  0.500000000000E+01  0.500000000000E+01  0.500000000000E+01  0.500000000000E+01  0.500000000000E+01
  0.500000000000E+01  0.500000000000E+01  0.500000000000E+01  0.500000000000E+01  0.500000000000E+01  0.500000000000E+01  0.500000000000E+01
  0.500000000000E+01  0.500000000000E+01  0.500000000000E+01  0.500000000000E+01
  0.100522860288E+01  0.100432972638E+01  0.100432034599E+01  0.100196461757E+01  0.100413205390E+01  0.100321958147E+01  0.100258623139E+01
  0.100201175163E+01  0.100426040821E+01  0.100372310389E+01  0.100446502182E+01  0.100346952078E+01  0.100365984936E+01  0.100424800567E+01
  0.100362337529E+01  0.100164192034E+01  0.100227632650E+01  0.100227311595E+01  0.100213446564E+01  0.100254347556E+01  0.100442386341E+01
  0.100337264023E+01  0.100288843766E+01  0.100334542041E+01  0.100323223000E+01  0.100406087090E+01  0.100510171611E+01  0.100431307079E+01
  0.100179475833E+01  0.100266315993E+01  0.100321164510E+01  0.100399273184E+01
  0.489076358453E+00  0.489238598483E+00  0.490983331318E+00  0.493064988018E+00  0.486766642497E+00  0.484757872032E+00  0.485404956188E+00
  0.494262733292E+00  0.495784888107E+00  0.486800248176E+00  0.488139337063E+00  0.487244593237E+00  0.494423292633E+00  0.496536481925E+00
  0.487845782971E+00  0.483219469719E+00  0.492573587418E+00  0.487262277775E+00  0.494865946609E+00  0.488012491011E+00  0.490096716879E+00
  0.488269667032E+00  0.497534090451E+00  0.496384264506E+00  0.495259755725E+00  0.493216438884E+00  0.490458183207E+00  0.490400009166E+00
  0.491426954408E+00  0.486218276497E+00  0.490304438615E+00  0.495522026815E+00
  0.000000000000E+00 -0.893974736964E-04 -0.129755094297E-02  0.000000000000E+00  0.000000000000E+00  0.000000000000E+00  0.425702017923E-03
  0.797025449025E-03  0.000000000000E+00  0.274712863245E-03 -0.942431011878E-03 -0.820006431512E-03 -0.174523850705E-02 -0.638374236842E-04
 -0.110022754439E-02 -0.102277498427E-02 -0.133259276216E-02 -0.213434241899E-02 -0.132929469873E-02 -0.106401266825E-02 -0.624409193280E-03
 -0.761703323843E-03 -0.196339458406E-03  0.807126798730E-03  0.520225883103E-04  0.161630463075E-02  0.000000000000E+00  0.791646916637E-03
  0.000000000000E+00  0.000000000000E+00  0.000000000000E+00  0.000000000000E+00
  0.337507301534E-02  0.271221771559E-02  0.385738558860E-02  0.572579991641E-02  0.160978310368E-02  0.569905739790E-03  0.203987726817E-02
  0.493731225400E-02  0.237177363939E-02  0.107168933324E-02  0.201396408466E-02 -0.165363968593E-04  0.501060103294E-02  0.308362568003E-02
  0.287908477886E-04  0.111420193585E-02  0.487151740402E-02  0.118268202360E-02  0.497034556609E-02  0.146529622905E-02  0.271572423433E-02
  0.899662391137E-04  0.268514646213E-02  0.264043117337E-02  0.438666786147E-02  0.489569360507E-02  0.400708377825E-02  0.232275529260E-02
  0.602719170318E-02 -0.143884651419E-03  0.120121431178E-02  0.345019191313E-02
  0.719566095304E+00  0.718473475271E+00  0.718651091286E+00  0.716030181659E+00  0.718146783177E+00  0.717062470304E+00  0.716314617450E+00
  0.716083344400E+00  0.718615293876E+00  0.717750685705E+00  0.718429581978E+00  0.717283116823E+00  0.718078237254E+00  0.718531161624E+00
  0.717564006199E+00  0.715464773728E+00  0.716504897063E+00  0.716068795746E+00  0.716255180611E+00  0.716270747365E+00  0.718698533001E+00
  0.717403235140E+00  0.717199383048E+00  0.717636870849E+00  0.717544911883E+00  0.718476366483E+00  0.719312938024E+00  0.718541156817E+00
  0.715892799173E+00  0.716608904989E+00  0.717367939439E+00  0.718400634614E+00
  0.488562428473E+00  0.488873127183E+00  0.490562939382E+00  0.492980744789E+00  0.486460936647E+00  0.484596927652E+00  0.485347896365E+00
  0.494163542314E+00  0.495346592105E+00  0.486528232885E+00  0.487819998607E+00  0.487068916221E+00  0.494045904502E+00  0.496127394990E+00
  0.487612357766E+00  0.483219722943E+00  0.492395510959E+00  0.487214141242E+00  0.494738985327E+00  0.487958525569E+00  0.489677249596E+00
  0.488029107247E+00  0.497246279837E+00  0.496059270967E+00  0.494951052355E+00  0.492800373794E+00  0.490002767256E+00  0.490005124705E+00
  0.491352304717E+00  0.486075475332E+00  0.490036479380E+00  0.495098264898E+00
  0.100215267506E+01  0.100152652954E+01  0.100178347657E+01  0.100047670022E+01  0.100126820227E+01  0.100066573357E+01  0.100025357723E+01
  0.100050391678E+01  0.100179336276E+01  0.100112367254E+01  0.100133045245E+01  0.100072432970E+01  0.100164366722E+01  0.100168844807E+01
  0.100096274500E+01  0.100000874851E+01  0.100082864313E+01  0.100022269189E+01  0.100062146073E+01  0.100023497310E+01  0.100174635715E+01
  0.100098855493E+01  0.100118726925E+01  0.100134171019E+01  0.100132635953E+01  0.100179873773E+01  0.100192656832E+01  0.100163748616E+01
  0.100045434507E+01  0.100058774180E+01  0.100109993750E+01  0.100176112492E+01
        12        15        11        11
        11         2        12        12
         5        10         2         2
        15        21        11        11
        15        22        21        21
        31        28        22        22
        15        12        18        18
        19        18        20        20
        11        21        13        13
        23        13        25        25
         7        12        10        10
        26        21        28        28
         7         8        20        20
        16        15        18        18
        26        24        25        25
        16        30        22        22
         3        11        13        13
         2        10        12        12
         3         1         2         2
        20        12         7         7
        10         6         7         7
        22        15        16        16
        18        17        16        16
        28        27        26        26
        32        24        26        26
         2        11         3         3
        13        14         3         3
        27        28        31        31
         2         1         5         5
         6        10         5         5
        14        13        23        23
        20         8        19        19
        17        18        19        19
        13        21        25        25
         1         3         9         9
        30        16        29        29
         8         7         4         4
        22        28        21        21
        24        23        25        25
        21        26        25        25
        30        31        22        22
        12        20        18        18
        17        29        16        16
        14         9         3         3
        27        32        26        26
         6         4         7         7
zone t="boundary 5 bc-5", solutiontime= 0.7000000E+02, strandid=1005, i=33, j=48, f=feblock
  0.500000000000E+01  0.500000000000E+01  0.500000000000E+01  0.500000000000E+01  0.500000000000E+01  0.500000000000E+01  0.500000000000E+01
  0.500000000000E+01  0.500000000000E+01  0.500000000000E+01  0.500000000000E+01  0.500000000000E+01  0.500000000000E+01  0.500000000000E+01
  0.500000000000E+01  0.500000000000E+01  0.500000000000E+01  0.500000000000E+01  0.500000000000E+01  0.500000000000E+01  0.500000000000E+01
  0.500000000000E+01  0.500000000000E+01  0.500000000000E+01  0.500000000000E+01  0.500000000000E+01  0.500000000000E+01  0.500000000000E+01
  0.500000000000E+01  0.500000000000E+01  0.500000000000E+01  0.500000000000E+01  0.500000000000E+01
  0.250000000000E+01  0.125000000000E+01  0.250000000000E+01  0.157899473280E+01  0.000000000000E+00  0.659350882208E+00  0.250000000000E+01
  0.173899611320E+01  0.825621401394E+00  0.132549389334E+01 -0.125000000000E+01 -0.322732261638E+00  0.250000000000E+01  0.490615021923E-01
 -0.873141960959E+00  0.350800286361E+00  0.145332269920E+01 -0.250000000000E+01 -0.147959633950E+01  0.250000000000E+01 -0.857924212153E+00
 -0.165007033378E+01  0.518568023061E+00 -0.461282870254E+00  0.125000000000E+01 -0.250000000000E+01 -0.183684615440E+01 -0.158398995423E+01
 -0.250000000000E+01 -0.250000000000E+01 -0.125000000000E+01  0.000000000000E+00 -0.250000000000E+01
  0.000000000000E+00  0.000000000000E+00  0.125000000000E+01  0.905837536509E+00  0.000000000000E+00  0.735450417037E+00  0.250000000000E+01
  0.182727219356E+01  0.162230260845E+01  0.280856328277E+01  0.000000000000E+00  0.109945440014E+01  0.375000000000E+01  0.227317933631E+01
  0.189599568386E+01  0.342819755379E+01  0.403384942830E+01  0.000000000000E+00  0.104050588738E+01  0.500000000000E+01  0.297954017413E+01
  0.214587157439E+01  0.430969386006E+01  0.408642231822E+01  0.500000000000E+01  0.125000000000E+01  0.304506426164E+01  0.398205049073E+01
  0.250000000000E+01  0.375000000000E+01  0.500000000000E+01  0.500000000000E+01  0.500000000000E+01
  0.843730487366E+00  0.773800428454E+00  0.963500307554E+00  0.924939840285E+00  0.762981891547E+00  0.875168889366E+00  0.100829903954E+01
  0.990761267897E+00  0.976727188390E+00  0.100514032573E+01  0.766457788398E+00  0.908966785667E+00  0.100673529184E+01  0.100560973775E+01
  0.986056724600E+00  0.101043864865E+01  0.100450492516E+01  0.830787403935E+00  0.914364206755E+00  0.100196461757E+01  0.101288280335E+01
  0.100045262114E+01  0.100546828090E+01  0.100583108746E+01  0.100201175163E+01  0.955878695493E+00  0.101161895135E+01  0.100703675553E+01
  0.100642910905E+01  0.100977863890E+01  0.100227632650E+01  0.100213446564E+01  0.100179475833E+01
  0.000000000000E+00  0.000000000000E+00  0.495017683942E+00  0.452411221038E+00  0.000000000000E+00  0.460317360034E+00  0.533822129923E+00
  0.528246195500E+00  0.524489272164E+00  0.541031272934E+00  0.000000000000E+00  0.493169665951E+00  0.518326924671E+00  0.537410527502E+00
  0.536126148156E+00  0.530985616938E+00  0.511794204031E+00  0.000000000000E+00  0.478351751279E+00  0.493064988018E+00  0.532835831814E+00
  0.529743424768E+00  0.506365673518E+00  0.512957930047E+00  0.494262733292E+00  0.494741336185E+00  0.530894103603E+00  0.512877732516E+00
  0.536179830468E+00  0.516235685025E+00  0.492573587418E+00  0.494865946609E+00  0.491426954408E+00
  0.000000000000E+00  0.000000000000E+00  0.000000000000E+00 -0.192256255933E-01  0.000000000000E+00 -0.782162278061E-02  0.000000000000E+00
 -0.731618732130E-02 -0.132772505144E-01 -0.770190047435E-04  0.000000000000E+00 -0.648828216203E-02  0.000000000000E+00 -0.438715623074E-03
  0.446873800272E-02  0.314796024651E-02  0.218336017766E-02  0.000000000000E+00  0.142733302647E-01  0.000000000000E+00  0.343441843237E-02
  0.491448178049E-02  0.170477837515E-02  0.690712197713E-03  0.797025449025E-03  0.000000000000E+00  0.192084737856E-02  0.477061811342E-03
  0.000000000000E+00  0.000000000000E+00 -0.133259276216E-02 -0.132929469873E-02  0.000000000000E+00
  0.000000000000E+00  0.000000000000E+00 -0.100761229338E+00 -0.112167822458E+00  0.000000000000E+00 -0.987545098445E-01 -0.424929714863E-01
 -0.801005083708E-01 -0.946250964375E-01 -0.278109246770E-01  0.000000000000E+00 -0.989525253436E-01  0.737198605774E-03 -0.587327757498E-01
 -0.809645737932E-01 -0.600286241773E-02  0.423077069582E-02  0.000000000000E+00 -0.100473230783E+00  0.572579991641E-02 -0.193533075486E-01
 -0.680713384940E-01  0.681905738477E-02  0.515492218477E-02  0.493731225400E-02 -0.995426189085E-01 -0.157580029981E-01  0.507087502032E-02
 -0.414442961080E-01  0.259919173562E-02  0.487151740402E-02  0.497034556609E-02  0.602719170318E-02
  0.602658383261E+00  0.552709220960E+00  0.677274860385E+00  0.645108611349E+00  0.544982427772E+00  0.599517149227E+00  0.722866646233E+00
  0.703744456303E+00  0.691534286739E+00  0.720507471993E+00  0.547465919782E+00  0.630782399249E+00  0.722284532329E+00  0.722089069303E+00
  0.702365844423E+00  0.726526611976E+00  0.719694278861E+00  0.593415709626E+00  0.635820122843E+00  0.716030181659E+00  0.729014168721E+00
  0.715528229688E+00  0.720447107121E+00  0.721204027286E+00  0.716083344400E+00  0.672591690440E+00  0.726895552166E+00  0.722102548569E+00
  0.720959962471E+00  0.724770829800E+00  0.716504897063E+00  0.716255180611E+00  0.715892799173E+00
  0.000000000000E+00  0.000000000000E+00  0.509232129151E+00  0.472098750583E+00  0.000000000000E+00  0.480805630232E+00  0.534527096449E+00
  0.535829284647E+00  0.535479021651E+00  0.540786045367E+00  0.000000000000E+00  0.510356197985E+00  0.517182331696E+00  0.539187577751E+00
  0.542979820951E+00  0.529277378848E+00  0.511036765400E+00  0.000000000000E+00  0.495604790559E+00  0.492980744789E+00  0.531173387895E+00
  0.533778473014E+00  0.505621127704E+00  0.512004182007E+00  0.494163542314E+00  0.508460363288E+00  0.529554208653E+00  0.511911000346E+00
  0.537002098857E+00  0.514994090534E+00  0.492395510959E+00  0.494738985327E+00  0.491352304717E+00
  0.999989628440E+00  0.999990282883E+00  0.984104309158E+00  0.976444106473E+00  0.999991490406E+00  0.959042327848E+00  0.100368369406E+01
  0.994429506632E+00  0.991216393833E+00  0.100355187725E+01  0.999992823214E+00  0.971537544467E+00  0.100443319456E+01  0.100528531007E+01
  0.997216648557E+00  0.100662940607E+01  0.100305331031E+01  0.999993487554E+00  0.973515985648E+00  0.100047670022E+01  0.100763862594E+01
  0.100128631821E+01  0.100314049596E+01  0.100383220482E+01  0.100050391678E+01  0.985091906594E+00  0.100596550872E+01  0.100387951328E+01
  0.100289621830E+01  0.100485306643E+01  0.100082864313E+01  0.100062146073E+01  0.100045434507E+01
        12        15        14        14
        21        16        14        14
         9        14        10        10
        15        22        21        21
        29        27        22        22
        14        16        10        10
         7         8        10        10
        14        15        21        21
        14         9        12        12
         5        12         6         6
        21        24        16        16
        32        23        24        24
        28        21        27        27
        17        16        23        23
        28        31        24        24
        19        15        12        12
         4         2         6         6
         4         9         8         8
        10         8         9         9
        17        13        10        10
        19        26        22        22
        10        16        17        17
        23        25        17        17
        22        15        19        19
        12        11        19        19
        27        30        28        28
        33        31        28        28
         6         9         4         4
         8         3         4         4
        25        23        32        32
        10        13         7         7
         3         8         7         7
        30        27        29        29
         6         2         5         5
        11        12         5         5
        24        23        16        16
        13        17        20        20
        26        19        18        18
         2         4         1         1
        22        27        21        21
        31        32        24        24
        21        28        24        24
        26        29        22        22
         9         6        12        12
        11        18        19        19
        25        20        17        17
        30        33        28        28
         3         1         4         4
zone t="boundary 6 bc-6", solutiontime= 0.7000000E+02, strandid=1006, i=33, j=48, f=feblock
  0.375000000000E+01  0.250000000000E+01  0.500000000000E+01  0.403384942830E+01  0.280856328277E+01  0.125000000000E+01  0.182727219356E+01
  0.500000000000E+01  0.430969386006E+01  0.342819755379E+01  0.227317933631E+01  0.162230260845E+01  0.000000000000E+00  0.905837536509E+00
  0.500000000000E+01  0.408642231822E+01  0.297954017413E+01  0.189599568386E+01  0.109945440014E+01  0.735450417037E+00  0.000000000000E+00
  0.500000000000E+01  0.398205049073E+01  0.304506426164E+01  0.214587157439E+01  0.104050588738E+01  0.000000000000E+00  0.000000000000E+00
  0.500000000000E+01  0.375000000000E+01  0.250000000000E+01  0.125000000000E+01  0.000000000000E+00
  0.250000000000E+01  0.250000000000E+01  0.250000000000E+01  0.145332269920E+01  0.132549389334E+01  0.250000000000E+01  0.173899611320E+01
  0.125000000000E+01  0.518568023061E+00  0.350800286361E+00  0.490615021923E-01  0.825621401394E+00  0.250000000000E+01  0.157899473280E+01
  0.000000000000E+00 -0.461282870254E+00 -0.857924212153E+00 -0.873141960959E+00 -0.322732261638E+00  0.659350882208E+00  0.125000000000E+01
 -0.125000000000E+01 -0.158398995423E+01 -0.183684615440E+01 -0.165007033378E+01 -0.147959633950E+01  0.000000000000E+00 -0.125000000000E+01
 -0.250000000000E+01 -0.250000000000E+01 -0.250000000000E+01 -0.250000000000E+01 -0.250000000000E+01
  0.000000000000E+00  0.000000000000E+00  0.000000000000E+00  0.000000000000E+00  0.000000000000E+00  0.000000000000E+00  0.000000000000E+00
  0.000000000000E+00  0.000000000000E+00  0.000000000000E+00  0.000000000000E+00  0.000000000000E+00  0.000000000000E+00  0.000000000000E+00
  0.000000000000E+00  0.000000000000E+00  0.000000000000E+00  0.000000000000E+00  0.000000000000E+00  0.000000000000E+00  0.000000000000E+00
  0.000000000000E+00  0.000000000000E+00  0.000000000000E+00  0.000000000000E+00  0.000000000000E+00  0.000000000000E+00  0.000000000000E+00
  0.000000000000E+00  0.000000000000E+00  0.000000000000E+00  0.000000000000E+00  0.000000000000E+00
  0.941861268576E+00  0.946296417543E+00  0.843730487366E+00  0.943650847899E+00  0.944515747592E+00  0.956975891047E+00  0.930066152345E+00
  0.773800428454E+00  0.937609838826E+00  0.956402840071E+00  0.942357994784E+00  0.925616109730E+00  0.134427144774E+01  0.100901443357E+01
  0.762981891547E+00  0.953747957497E+00  0.951876954635E+00  0.886350650657E+00  0.941585246206E+00  0.103637723993E+01  0.142583204425E+01
  0.766457788398E+00  0.950881083971E+00  0.934858310064E+00  0.932234984965E+00  0.958156103524E+00  0.164466727542E+01  0.149409064204E+01
  0.830787403935E+00  0.935297255162E+00  0.934221982187E+00  0.961719527193E+00  0.144945744339E+01
  0.000000000000E+00  0.000000000000E+00  0.000000000000E+00  0.000000000000E+00  0.000000000000E+00  0.000000000000E+00  0.000000000000E+00
  0.000000000000E+00  0.000000000000E+00  0.000000000000E+00  0.000000000000E+00  0.000000000000E+00  0.000000000000E+00  0.000000000000E+00
  0.000000000000E+00  0.000000000000E+00  0.000000000000E+00  0.000000000000E+00  0.000000000000E+00  0.000000000000E+00  0.000000000000E+00
  0.000000000000E+00  0.000000000000E+00  0.000000000000E+00  0.000000000000E+00  0.000000000000E+00  0.000000000000E+00  0.000000000000E+00
  0.000000000000E+00  0.000000000000E+00  0.000000000000E+00  0.000000000000E+00  0.000000000000E+00
  0.000000000000E+00  0.000000000000E+00  0.000000000000E+00  0.000000000000E+00  0.000000000000E+00  0.000000000000E+00  0.000000000000E+00
  0.000000000000E+00  0.000000000000E+00  0.000000000000E+00  0.000000000000E+00  0.000000000000E+00  0.000000000000E+00  0.000000000000E+00
  0.000000000000E+00  0.000000000000E+00  0.000000000000E+00  0.000000000000E+00  0.000000000000E+00  0.000000000000E+00  0.000000000000E+00
  0.000000000000E+00  0.000000000000E+00  0.000000000000E+00  0.000000000000E+00  0.000000000000E+00  0.000000000000E+00  0.000000000000E+00
  0.000000000000E+00  0.000000000000E+00  0.000000000000E+00  0.000000000000E+00  0.000000000000E+00
  0.000000000000E+00  0.000000000000E+00  0.000000000000E+00  0.000000000000E+00  0.000000000000E+00  0.000000000000E+00  0.000000000000E+00
  0.000000000000E+00  0.000000000000E+00  0.000000000000E+00  0.000000000000E+00  0.000000000000E+00  0.000000000000E+00  0.000000000000E+00
  0.000000000000E+00  0.000000000000E+00  0.000000000000E+00  0.000000000000E+00  0.000000000000E+00  0.000000000000E+00  0.000000000000E+00
  0.000000000000E+00  0.000000000000E+00  0.000000000000E+00  0.000000000000E+00  0.000000000000E+00  0.000000000000E+00  0.000000000000E+00
  0.000000000000E+00  0.000000000000E+00  0.000000000000E+00  0.000000000000E+00  0.000000000000E+00
  0.672750879157E+00  0.675918855547E+00  0.602658383261E+00  0.674029309861E+00  0.674647102079E+00  0.683547254620E+00  0.664326187714E+00
  0.552709220960E+00  0.669715074520E+00  0.683138389493E+00  0.673106951330E+00  0.661148136331E+00  0.960184573147E+00  0.720717655701E+00
  0.544982427772E+00  0.681243186801E+00  0.679907140924E+00  0.633102744679E+00  0.672555270281E+00  0.740262733605E+00  0.101844204927E+01
  0.547465919782E+00  0.679196290013E+00  0.667751583270E+00  0.665877574568E+00  0.684392096433E+00  0.117475225660E+01  0.106719924387E+01
  0.593415709626E+00  0.668065253237E+00  0.667297107280E+00  0.686937806187E+00  0.103531921254E+01
  0.000000000000E+00  0.000000000000E+00  0.000000000000E+00  0.000000000000E+00  0.000000000000E+00  0.000000000000E+00  0.000000000000E+00
  0.000000000000E+00  0.000000000000E+00  0.000000000000E+00  0.000000000000E+00  0.000000000000E+00  0.000000000000E+00  0.000000000000E+00
  0.000000000000E+00  0.000000000000E+00  0.000000000000E+00  0.000000000000E+00  0.000000000000E+00  0.000000000000E+00  0.000000000000E+00
  0.000000000000E+00  0.000000000000E+00  0.000000000000E+00  0.000000000000E+00  0.000000000000E+00  0.000000000000E+00  0.000000000000E+00
  0.000000000000E+00  0.000000000000E+00  0.000000000000E+00  0.000000000000E+00  0.000000000000E+00
  0.999989342639E+00  0.999989411587E+00  0.999989628440E+00  0.999989599868E+00  0.999989619356E+00  0.999989827770E+00  0.999989796913E+00
  0.999990282883E+00  0.999990684293E+00  0.999990490639E+00  0.999991231653E+00  0.999990580472E+00  0.999990295612E+00  0.999990371213E+00
  0.999991490406E+00  0.999992140508E+00  0.999992690923E+00  0.999992318947E+00  0.999991644078E+00  0.999990917513E+00  0.999990759591E+00
  0.999992823214E+00  0.999993397752E+00  0.999993481914E+00  0.999993155620E+00  0.999992518423E+00  0.999991416995E+00  0.999992168736E+00
  0.999993487554E+00  0.999993691171E+00  0.999993543296E+00  0.999993138819E+00  0.999992724287E+00
        19        18        11        11
        17        10        11        11
        12        11         5         5
        18        25        17        17
        31        24        25        25
        11        10         5         5
         2         7         5         5
        11        18        17        17
        11        12        19        19
        27        19        20        20
        17        16        10        10
        15         9        16        16
        23        17        24        24
         4        10         9         9
        23        22        16        16
        26        18        19        19
        14        21        20        20
        14        12         7         7
         5         7        12        12
         4         1         5         5
        26        32        25        25
         5        10         4         4
         9         8         4         4
        25        18        26        26
        19        28        26        26
        24        30        23        23
        29        22        23        23
        20        12        14        14
         7         6        14        14
         8         9        15        15
         5         1         2         2
         6         7         2         2
        30        24        31        31
        20        21        27        27
        28        19        27        27
        16         9        10        10
         1         4         3         3
        32        26        33        33
        21        14        13        13
        25        24        17        17
        22        15        16        16
        17        23        16        16
        32        31        25        25
        12        20        19        19
        28        33        26        26
         8         3         4         4
        30        29        23        23
         6        13        14        14
