title="tecplot geometry and solution file"
variables = x y z rho u v w p mach temperature
zone t="boundary 1 bc-1", solutiontime= 0.6000000E+02, strandid=1001, i=32, j=46, f=feblock
  0.000000000000E+00  0.000000000000E+00  0.000000000000E+00  0.000000000000E+00  0.000000000000E+00  0.000000000000E+00  0.000000000000E+00
  0.000000000000E+00  0.000000000000E+00  0.000000000000E+00  0.000000000000E+00  0.000000000000E+00  0.000000000000E+00  0.000000000000E+00
  0.000000000000E+00  0.000000000000E+00  0.000000000000E+00  0.000000000000E+00  0.000000000000E+00  0.000000000000E+00  0.000000000000E+00
  0.000000000000E+00  0.000000000000E+00  0.000000000000E+00  0.000000000000E+00  0.000000000000E+00  0.000000000000E+00  0.000000000000E+00
  0.000000000000E+00  0.000000000000E+00  0.000000000000E+00  0.000000000000E+00
  0.250000000000E+01  0.250000000000E+01  0.125000000000E+01  0.146289271009E+01  0.157686156160E+01  0.308372018325E+00  0.000000000000E+00
 -0.125000000000E+01 -0.600232012419E+00  0.250000000000E+01  0.477386199275E+00  0.742988685424E+00 -0.739814786992E+00  0.177790177481E+01
  0.155830813274E+01  0.250000000000E+01 -0.250000000000E+01 -0.154800130438E+01 -0.487811078581E+00  0.250000000000E+01  0.627766083140E+00
 -0.345533899378E+00 -0.178862290564E+01 -0.158811787973E+01  0.125000000000E+01 -0.250000000000E+01 -0.144524380962E+01  0.000000000000E+00
 -0.125000000000E+01 -0.250000000000E+01 -0.250000000000E+01 -0.250000000000E+01
  0.000000000000E+00  0.125000000000E+01  0.000000000000E+00  0.103724302461E+01  0.219251206392E+01  0.922061490191E+00  0.000000000000E+00
  0.000000000000E+00  0.715990576545E+00  0.250000000000E+01  0.202479342020E+01  0.324151231464E+01  0.175434191980E+01  0.310152362409E+01
  0.404200324774E+01  0.375000000000E+01  0.000000000000E+00  0.930412228790E+00  0.299062775774E+01  0.500000000000E+01  0.429310310915E+01
  0.409252726285E+01  0.187029682677E+01  0.284428995242E+01  0.500000000000E+01  0.125000000000E+01  0.394624082883E+01  0.500000000000E+01
  0.500000000000E+01  0.250000000000E+01  0.375000000000E+01  0.500000000000E+01
  0.134427144911E+01  0.106355395590E+01  0.142583204872E+01  0.108608796965E+01  0.103229115308E+01  0.120095364037E+01  0.164466726555E+01
  0.149409063735E+01  0.123520366699E+01  0.102389313781E+01  0.102809523650E+01  0.101301828683E+01  0.103252946658E+01  0.101471891592E+01
  0.100663883740E+01  0.100830818988E+01  0.144945744856E+01  0.116393552118E+01  0.101462863962E+01  0.100426040820E+01  0.100679807407E+01
  0.100724553321E+01  0.104668119127E+01  0.101938460932E+01  0.100424800566E+01  0.106442280080E+01  0.100789341917E+01  0.100288843765E+01
  0.100334542040E+01  0.102847362118E+01  0.100958665722E+01  0.100399273182E+01
  0.000000000000E+00  0.445481415548E+00  0.000000000000E+00  0.468737856609E+00  0.462182264714E+00  0.443613740057E+00  0.000000000000E+00
  0.000000000000E+00  0.379272524196E+00  0.471738849537E+00  0.466574953564E+00  0.479355157824E+00  0.490159653076E+00  0.484514724247E+00
  0.488524784487E+00  0.489830188510E+00  0.000000000000E+00  0.450653304999E+00  0.474814030150E+00  0.495784888101E+00  0.490899471705E+00
  0.486835368476E+00  0.448668669312E+00  0.465807174919E+00  0.496536481927E+00  0.444686658136E+00  0.487701045806E+00  0.497534090451E+00
  0.496384264521E+00  0.470002878243E+00  0.489199905771E+00  0.495522026831E+00
  0.000000000000E+00  0.000000000000E+00  0.000000000000E+00  0.186085472082E-01 -0.276688491315E-02  0.332952477409E-01  0.000000000000E+00
  0.000000000000E+00 -0.594701617943E-02  0.000000000000E+00  0.356648458804E-02 -0.566638316597E-02 -0.416060181212E-02  0.305514132377E-04
 -0.106175910117E-02  0.000000000000E+00  0.000000000000E+00 -0.764112853233E-02  0.359618940881E-03  0.000000000000E+00 -0.203512295985E-02
 -0.138312914503E-02  0.156561485851E-02 -0.158521017007E-02 -0.638374240342E-04  0.000000000000E+00 -0.283455317335E-04 -0.196339458238E-03
  0.807126794038E-03  0.000000000000E+00  0.000000000000E+00  0.000000000000E+00
  0.000000000000E+00  0.452181758224E-01  0.000000000000E+00  0.123933295726E+00  0.247647171645E-01  0.165644511010E+00  0.000000000000E+00
  0.000000000000E+00  0.155763096198E+00  0.351822587644E-02  0.259783171839E-01 -0.651224679237E-02  0.748997913872E-01  0.371839290098E-02
 -0.149294542548E-03  0.459062475164E-03  0.000000000000E+00  0.140954083988E+00 -0.808565309462E-02  0.237177363705E-02 -0.304305774733E-03
 -0.438193605785E-02  0.255017490301E-01 -0.194957034356E-02  0.308362566762E-02  0.837461431454E-01 -0.121909330515E-02  0.268514645163E-02
  0.264043116684E-02  0.279387071118E-02 -0.834662809368E-03  0.345019190300E-02
  0.960184573823E+00  0.782340562156E+00  0.101844205097E+01  0.808726657976E+00  0.746125892117E+00  0.879446498621E+00  0.117475225235E+01
  0.106719924210E+01  0.916620146030E+00  0.737395238862E+00  0.743553972658E+00  0.725759211358E+00  0.757455250725E+00  0.729188343645E+00
  0.720785048211E+00  0.722781670871E+00  0.103531921454E+01  0.858317140576E+00  0.728065073268E+00  0.718615293864E+00  0.721013448736E+00
  0.721151587081E+00  0.760018786221E+00  0.732628403413E+00  0.718531161613E+00  0.791043235406E+00  0.722107949755E+00  0.717199383036E+00
  0.717636870834E+00  0.741799737336E+00  0.724056580034E+00  0.718400634598E+00
  0.000000000000E+00  0.441238348586E+00  0.000000000000E+00  0.475214987056E+00  0.460123709094E+00  0.468827815819E+00  0.000000000000E+00
  0.000000000000E+00  0.402302517632E+00  0.469814974566E+00  0.464411129128E+00  0.478714034391E+00  0.489298241689E+00  0.483068558062E+00
  0.487930073270E+00  0.488961654772E+00  0.000000000000E+00  0.464775721811E+00  0.473795652170E+00  0.495346592100E+00  0.490266103577E+00
  0.486286084078E+00  0.445717618424E+00  0.464382274932E+00  0.496127394993E+00  0.443624104009E+00  0.486964462124E+00  0.497246279839E+00
  0.496059270983E+00  0.467732355663E+00  0.488212087526E+00  0.495098264916E+00
  0.999990295293E+00  0.102982719489E+01  0.999990758121E+00  0.104247294216E+01  0.101190080517E+01  0.102520618339E+01  0.999991419388E+00
  0.999992170211E+00  0.103891223669E+01  0.100826277302E+01  0.101252833858E+01  0.100300548283E+01  0.102702865666E+01  0.100605563283E+01
  0.100244400474E+01  0.100355660042E+01  0.999992722650E+00  0.103239739224E+01  0.100459524083E+01  0.100179336276E+01  0.100260305838E+01
  0.100234966413E+01  0.101657153065E+01  0.100617544683E+01  0.100168844806E+01  0.104043292640E+01  0.100303376372E+01  0.100118726925E+01
  0.100134171018E+01  0.100976788406E+01  0.100405369346E+01  0.100176112492E+01
        12        19        11        11
        11         5        12        12
        10        14         5         5
        19        13        11        11
        19        24        13        13
        30        23        24        24
        19        12        22        22
        28        22        21        21
        11        13         6         6
         7         6         9         9
        15        12        14        14
        18        13        23        23
        15        25        21        21
        27        19        22        22
        18         8         9         9
        27        31        24        24
         4        11         6         6
         5        14        12        12
         4         2         5         5
        21        12        15        15
        14        16        15        15
        24        19        27        27
        22        29        27        27
        23        26        18        18
        17         8        18        18
         5        11         4         4
         6         3         4         4
        26        23        30        30
         5         2        10        10
        16        14        10        10
         3         6         7         7
        21        25        28        28
        29        22        28        28
         6        13         9         9
         2         4         1         1
        31        27        32        32
        25        15        20        20
        24        23        13        13
         8         7         9         9
        13        18         9         9
        31        30        24        24
        12        21        22        22
        29        32        27        27
         3         1         4         4
        26        17        18        18
        16        20        15        15
zone t="boundary 2 bc-2", solutiontime= 0.6000000E+02, strandid=1002, i=33, j=48, f=feblock
  0.500000000000E+01  0.375000000000E+01  0.250000000000E+01  0.288078410721E+01  0.125000000000E+01  0.190974100652E+01  0.326683758169E+01
  0.201431602454E+01  0.000000000000E+00  0.963108083381E+00  0.500000000000E+01  0.403552511878E+01  0.423153924130E+01  0.500000000000E+01
  0.385533350601E+01  0.500000000000E+01  0.398173246726E+01  0.315249557942E+01  0.267000324704E+01  0.154774304040E+01  0.218329375016E+01
  0.893127759452E+00  0.000000000000E+00  0.698517061619E+00  0.964171764089E+00  0.310324758057E+01  0.000000000000E+00  0.000000000000E+00
  0.125000000000E+01  0.500000000000E+01  0.375000000000E+01  0.250000000000E+01  0.000000000000E+00
 -0.250000000000E+01 -0.250000000000E+01 -0.250000000000E+01 -0.250000000000E+01 -0.250000000000E+01 -0.250000000000E+01 -0.250000000000E+01
 -0.250000000000E+01 -0.250000000000E+01 -0.250000000000E+01 -0.250000000000E+01 -0.250000000000E+01 -0.250000000000E+01 -0.250000000000E+01
 -0.250000000000E+01 -0.250000000000E+01 -0.250000000000E+01 -0.250000000000E+01 -0.250000000000E+01 -0.250000000000E+01 -0.250000000000E+01
 -0.250000000000E+01 -0.250000000000E+01 -0.250000000000E+01 -0.250000000000E+01 -0.250000000000E+01 -0.250000000000E+01 -0.250000000000E+01
 -0.250000000000E+01 -0.250000000000E+01 -0.250000000000E+01 -0.250000000000E+01 -0.250000000000E+01
  0.000000000000E+00  0.000000000000E+00  0.000000000000E+00  0.904659890645E+00  0.000000000000E+00  0.717002441913E+00  0.188609243358E+01
  0.176246431481E+01  0.000000000000E+00  0.961328577125E+00  0.125000000000E+01  0.101201586758E+01  0.191586535653E+01  0.250000000000E+01
  0.293121848150E+01  0.375000000000E+01  0.406975391361E+01  0.363585050272E+01  0.285047954584E+01  0.292817774674E+01  0.395907379566E+01
  0.205246550326E+01  0.125000000000E+01  0.306828197606E+01  0.397245519226E+01  0.433168271247E+01  0.250000000000E+01  0.375000000000E+01
  0.500000000000E+01  0.500000000000E+01  0.500000000000E+01  0.500000000000E+01  0.500000000000E+01
  0.830787402738E+00  0.935297254246E+00  0.934221980893E+00  0.968087712279E+00  0.961719525797E+00  0.964848331644E+00  0.984136201062E+00
  0.991412447157E+00  0.144945744856E+01  0.102921689292E+01  0.955878695670E+00  0.960692919054E+00  0.981487961400E+00  0.100642910902E+01
  0.997912123395E+00  0.100977863890E+01  0.100199481635E+01  0.998063237234E+00  0.991085838848E+00  0.100132719326E+01  0.100094600686E+01
  0.101224609877E+01  0.106442280080E+01  0.101082190526E+01  0.100685258271E+01  0.100118414332E+01  0.102847362118E+01  0.100958665722E+01
  0.100510171609E+01  0.100179475833E+01  0.100266315991E+01  0.100321164509E+01  0.100399273182E+01
  0.000000000000E+00  0.000000000000E+00  0.000000000000E+00  0.378986941300E+00  0.000000000000E+00  0.340639444329E+00  0.582179008665E+00
  0.575195820550E+00  0.000000000000E+00  0.489449421362E+00  0.494741336003E+00  0.431507387394E+00  0.568961825268E+00  0.536179830458E+00
  0.568879739443E+00  0.516235684992E+00  0.508555697336E+00  0.527399281744E+00  0.566648549218E+00  0.531828923342E+00  0.506096459977E+00
  0.520701999303E+00  0.444686658136E+00  0.491339919701E+00  0.492734936203E+00  0.501504484188E+00  0.470002878243E+00  0.489199905771E+00
  0.490458183231E+00  0.491426954400E+00  0.486218276520E+00  0.490304438657E+00  0.495522026831E+00
  0.000000000000E+00  0.000000000000E+00  0.000000000000E+00  0.000000000000E+00  0.000000000000E+00  0.000000000000E+00  0.000000000000E+00
  0.000000000000E+00  0.000000000000E+00  0.000000000000E+00  0.000000000000E+00  0.000000000000E+00  0.000000000000E+00  0.000000000000E+00
  0.000000000000E+00  0.000000000000E+00  0.000000000000E+00  0.000000000000E+00  0.000000000000E+00  0.000000000000E+00  0.000000000000E+00
  0.000000000000E+00  0.000000000000E+00  0.000000000000E+00  0.000000000000E+00  0.000000000000E+00  0.000000000000E+00  0.000000000000E+00
  0.000000000000E+00  0.000000000000E+00  0.000000000000E+00  0.000000000000E+00  0.000000000000E+00
  0.000000000000E+00  0.000000000000E+00  0.000000000000E+00 -0.229669075028E-02  0.000000000000E+00  0.183565246816E-01  0.121122186083E-01
  0.454986542653E-01  0.000000000000E+00  0.870789630477E-01 -0.995426188970E-01 -0.211864967443E-01 -0.306441472404E-01 -0.414442960708E-01
 -0.137883069381E-02  0.259919173296E-02  0.609478540301E-03  0.503572844759E-03  0.150967301106E-01  0.284025717910E-01  0.564163858826E-02
  0.553419830857E-01  0.837461431454E-01  0.110441020485E-01  0.679169180527E-02 -0.758115933605E-03  0.279387071118E-02 -0.834662809368E-03
  0.400708376644E-02  0.602719171496E-02 -0.143884657027E-03  0.120121428293E-02  0.345019190300E-02
  0.593415709289E+00  0.668065253215E+00  0.667297107163E+00  0.684257572368E+00  0.686937806387E+00  0.679201335840E+00  0.695811645366E+00
  0.702343853122E+00  0.103531921454E+01  0.723694676298E+00  0.672591690505E+00  0.675702734189E+00  0.694093188780E+00  0.720959962444E+00
  0.712691281792E+00  0.724770829794E+00  0.716580562915E+00  0.713298992003E+00  0.706429557533E+00  0.717737238879E+00  0.715376602414E+00
  0.730937674851E+00  0.791043235406E+00  0.724372849813E+00  0.721010721301E+00  0.715457540686E+00  0.741799737336E+00  0.724056580034E+00
  0.719312938005E+00  0.715892799171E+00  0.716608904969E+00  0.717367939418E+00  0.718400634598E+00
  0.000000000000E+00  0.000000000000E+00  0.000000000000E+00  0.380991906720E+00  0.000000000000E+00  0.343629824974E+00  0.585286157503E+00
  0.579373264127E+00  0.000000000000E+00  0.501056068732E+00  0.508460363128E+00  0.435373027012E+00  0.572640041352E+00  0.537002098844E+00
  0.568922553788E+00  0.514994090503E+00  0.508247257165E+00  0.527252853102E+00  0.567446661025E+00  0.531657143859E+00  0.505981016658E+00
  0.520795579396E+00  0.443624104009E+00  0.490663730593E+00  0.492155873883E+00  0.501390784758E+00  0.467732355663E+00  0.488212087526E+00
  0.490002767281E+00  0.491352304710E+00  0.486075475355E+00  0.490036479424E+00  0.495098264916E+00
  0.999993488427E+00  0.999993692118E+00  0.999993544506E+00  0.989539056394E+00  0.999993140562E+00  0.985524707864E+00  0.989838908946E+00
  0.991798516541E+00  0.999992722650E+00  0.984411112744E+00  0.985091906507E+00  0.984689081289E+00  0.990058464809E+00  0.100289621830E+01
  0.999855369142E+00  0.100485306642E+01  0.100121554694E+01  0.100055642924E+01  0.997896793375E+00  0.100350029561E+01  0.100058068719E+01
  0.101093276234E+01  0.104043292640E+01  0.100326475362E+01  0.100254498737E+01  0.100045587383E+01  0.100976788406E+01  0.100405369346E+01
  0.100192656831E+01  0.100045434507E+01  0.100058774180E+01  0.100109993749E+01  0.100176112492E+01
        15         7        19        19
         8        20        19        19
        18        19        21        21
         7         4         8         8
         3         6         4         4
        19         7         8         8
        19        18        15        15
        14        13        15        15
         8        22        20        20
        27        24        22        22
        19        20        21        21
        32        26        21        21
        17        18        26        26
        17        16        15        15
        25        29        21        21
        12         7        13        13
        10         8         6         6
        25        20        24        24
         4         6         8         8
        12         2         4         4
        10        23        22        22
        26        31        17        17
        30        16        17        17
         4         7        12        12
        13        11        12        12
        21        20        25        25
        24        28        25        25
        22         8        10        10
         6         5        10        10
        31        26        32        32
         4         2         3         3
         5         6         3         3
        11        13        14        14
        22        23        27        27
        28        24        27        27
        15        13         7         7
         2        12         1         1
        29        25        33        33
        23        10         9         9
        21        26        18        18
        16        14        15        15
        18        17        15        15
        29        32        21        21
        22        24        20        20
        28        33        25        25
        11         1        12        12
        31        30        17        17
         5         9        10        10
zone t="boundary 3 bc-3", solutiontime= 0.6000000E+02, strandid=1003, i=33, j=48, f=feblock
  0.375000000000E+01  0.250000000000E+01  0.500000000000E+01  0.403552511878E+01  0.288078410721E+01  0.125000000000E+01  0.190974100652E+01
  0.500000000000E+01  0.326683758169E+01  0.423153924130E+01  0.201431602454E+01  0.000000000000E+00  0.963108083381E+00  0.500000000000E+01
  0.267000324704E+01  0.385533350601E+01  0.893127759452E+00  0.154774304040E+01  0.000000000000E+00  0.500000000000E+01  0.315249557942E+01
  0.218329375016E+01  0.398173246726E+01  0.000000000000E+00  0.698517061619E+00  0.964171764089E+00  0.125000000000E+01  0.000000000000E+00
  0.500000000000E+01  0.310324758057E+01  0.250000000000E+01  0.375000000000E+01  0.000000000000E+00
  0.250000000000E+01  0.250000000000E+01  0.250000000000E+01  0.250000000000E+01  0.250000000000E+01  0.250000000000E+01  0.250000000000E+01
  0.250000000000E+01  0.250000000000E+01  0.250000000000E+01  0.250000000000E+01  0.250000000000E+01  0.250000000000E+01  0.250000000000E+01
  0.250000000000E+01  0.250000000000E+01  0.250000000000E+01  0.250000000000E+01  0.250000000000E+01  0.250000000000E+01  0.250000000000E+01
  0.250000000000E+01  0.250000000000E+01  0.250000000000E+01  0.250000000000E+01  0.250000000000E+01  0.250000000000E+01  0.250000000000E+01
  0.250000000000E+01  0.250000000000E+01  0.250000000000E+01  0.250000000000E+01  0.250000000000E+01
  0.000000000000E+00  0.000000000000E+00  0.000000000000E+00  0.101201586758E+01  0.904659890645E+00  0.000000000000E+00  0.717002441913E+00
  0.125000000000E+01  0.188609243358E+01  0.191586535653E+01  0.176246431481E+01  0.000000000000E+00  0.961328577125E+00  0.250000000000E+01
  0.285047954584E+01  0.293121848150E+01  0.205246550326E+01  0.292817774674E+01  0.125000000000E+01  0.375000000000E+01  0.363585050272E+01
  0.395907379566E+01  0.406975391361E+01  0.250000000000E+01  0.306828197606E+01  0.397245519226E+01  0.500000000000E+01  0.375000000000E+01
  0.500000000000E+01  0.433168271247E+01  0.500000000000E+01  0.500000000000E+01  0.500000000000E+01
  0.941861270446E+00  0.946296416870E+00  0.843730486276E+00  0.964330993870E+00  0.978820740748E+00  0.956975891104E+00  0.983331403441E+00
  0.963500308071E+00  0.982689307269E+00  0.984243964223E+00  0.990263816102E+00  0.134427144911E+01  0.101918251314E+01  0.100829903954E+01
  0.993456155265E+00  0.997998684789E+00  0.100807808354E+01  0.100072116320E+01  0.106355395590E+01  0.100673529180E+01  0.100058356087E+01
  0.100234980703E+01  0.100178076636E+01  0.102389313781E+01  0.100874208371E+01  0.100528370890E+01  0.100522860286E+01  0.100830818988E+01
  0.100196461761E+01  0.100162012358E+01  0.100413205390E+01  0.100321958148E+01  0.100426040820E+01
  0.000000000000E+00  0.000000000000E+00  0.000000000000E+00  0.439071270512E+00  0.399865812641E+00  0.000000000000E+00  0.373794144991E+00
  0.495017683425E+00  0.573056190189E+00  0.569605109709E+00  0.559932658691E+00  0.000000000000E+00  0.483390704811E+00  0.533822129926E+00
  0.556458763037E+00  0.564688360858E+00  0.522615496411E+00  0.522533036280E+00  0.445481415548E+00  0.518326924647E+00  0.524750915655E+00
  0.503888174365E+00  0.509839746172E+00  0.471738849537E+00  0.496245454677E+00  0.494940396576E+00  0.489076358470E+00  0.489830188510E+00
  0.493064988035E+00  0.499146611990E+00  0.486766642549E+00  0.484757872098E+00  0.495784888101E+00
  0.000000000000E+00  0.000000000000E+00  0.000000000000E+00  0.000000000000E+00  0.000000000000E+00  0.000000000000E+00  0.000000000000E+00
  0.000000000000E+00  0.000000000000E+00  0.000000000000E+00  0.000000000000E+00  0.000000000000E+00  0.000000000000E+00  0.000000000000E+00
  0.000000000000E+00  0.000000000000E+00  0.000000000000E+00  0.000000000000E+00  0.000000000000E+00  0.000000000000E+00  0.000000000000E+00
  0.000000000000E+00  0.000000000000E+00  0.000000000000E+00  0.000000000000E+00  0.000000000000E+00  0.000000000000E+00  0.000000000000E+00
  0.000000000000E+00  0.000000000000E+00  0.000000000000E+00  0.000000000000E+00  0.000000000000E+00
  0.000000000000E+00  0.000000000000E+00  0.000000000000E+00 -0.226115185258E-01  0.111963818753E-01  0.000000000000E+00  0.179816810987E-01
 -0.100761229259E+00  0.390410737786E-02 -0.389325431228E-01  0.340377326007E-01  0.000000000000E+00  0.652293782825E-01 -0.424929713593E-01
  0.843881024027E-02 -0.650994107832E-02  0.490054841056E-01  0.135873483700E-01  0.452181758224E-01  0.737198611481E-03 -0.701222743866E-03
  0.243744351180E-02  0.868929702969E-03  0.351822587644E-02  0.103945255097E-01  0.431655352123E-02  0.337507301464E-02  0.459062475164E-03
  0.572579986205E-02  0.341101632056E-03  0.160978308384E-02  0.569905736749E-03  0.237177363705E-02
  0.672750879073E+00  0.675918855399E+00  0.602658383042E+00  0.676093765209E+00  0.691308921299E+00  0.683547254510E+00  0.690066482464E+00
  0.677274860591E+00  0.695201827765E+00  0.696250865892E+00  0.703344068564E+00  0.960184573823E+00  0.719726358851E+00  0.722866646226E+00
  0.709447759028E+00  0.713700946647E+00  0.726067413856E+00  0.716602922648E+00  0.782340562156E+00  0.722284532306E+00  0.716128636860E+00
  0.716551643683E+00  0.716546536182E+00  0.737395238862E+00  0.722682910844E+00  0.719441264086E+00  0.719566095287E+00  0.722781670871E+00
  0.716030181690E+00  0.715847822091E+00  0.718146783170E+00  0.717062470310E+00  0.718615293864E+00
  0.000000000000E+00  0.000000000000E+00  0.000000000000E+00  0.443767746104E+00  0.402286944766E+00  0.000000000000E+00  0.377550369554E+00
  0.509232128683E+00  0.575832179872E+00  0.573707405421E+00  0.562554064394E+00  0.000000000000E+00  0.490563299759E+00  0.534527096445E+00
  0.556586982164E+00  0.564391577729E+00  0.522730517450E+00  0.522052000213E+00  0.441238348586E+00  0.517182331671E+00  0.524228630742E+00
  0.503687457605E+00  0.509488571084E+00  0.469814974566E+00  0.495614442536E+00  0.494483780328E+00  0.488562428493E+00  0.488961654772E+00
  0.492980744803E+00  0.499005552268E+00  0.486460936701E+00  0.484596927720E+00  0.495346592100E+00
  0.999989340529E+00  0.999989412080E+00  0.999989629369E+00  0.981541895168E+00  0.988773990506E+00  0.999989827549E+00  0.982469462551E+00
  0.984104308929E+00  0.990427545788E+00  0.990355285561E+00  0.994362996990E+00  0.999990295293E+00  0.988652071052E+00  0.100368369405E+01
  0.999769197035E+00  0.100118501210E+01  0.100834885312E+01  0.100252111038E+01  0.102982719489E+01  0.100443319456E+01  0.100199536631E+01
  0.100082056595E+01  0.100138192341E+01  0.100826277302E+01  0.100298787125E+01  0.100192389551E+01  0.100215267506E+01  0.100355660042E+01
  0.100047670023E+01  0.100056591050E+01  0.100126820226E+01  0.100066573357E+01  0.100179336276E+01
        15         9        16        16
        15        18        11        11
        22        15        21        21
        11         5         9         9
         5         7         2         2
        11         9        15        15
        16        21        15        15
        16        10        14        14
        18        17        11        11
        17        25        24        24
        22        18        15        15
        22        30        31        31
        30        21        23        23
        16        20        23        23
        22        27        26        26
        10         9         4         4
         7        11        13        13
        25        18        26        26
        11         7         5         5
         5         1         4         4
        17        19        13        13
        23        32        30        30
        23        20        29        29
         4         9         5         5
         4         8        10        10
        26        18        22        22
        26        28        25        25
        13        11        17        17
        13         6         7         7
        31        30        32        32
         2         1         5         5
         2         7         6         6
        14        10         8         8
        24        19        17        17
        24        25        28        28
         9        10        16        16
         3         4         1         1
        33        26        27        27
        12        13        19        19
        21        30        22        22
        16        14        20        20
        16        23        21        21
        22        31        27        27
        18        25        17        17
        26        33        28        28
         4         3         8         8
        23        29        32        32
        13        12         6         6
zone t="boundary 4 bc-4", solutiontime= 0.6000000E+02, strandid=1004, i=32, j=46, f=feblock
  0.125000000000E+01  0.219251206392E+01  0.103724302461E+01  0.500000000000E+01  0.250000000000E+01  0.375000000000E+01  0.404200324774E+01
  0.500000000000E+01  0.000000000000E+00  0.310152362409E+01  0.202479342020E+01  0.324151231464E+01  0.922061490191E+00  0.000000000000E+00
  0.299062775774E+01  0.394624082883E+01  0.500000000000E+01  0.409252726285E+01  0.500000000000E+01  0.429310310915E+01  0.175434191980E+01
  0.284428995242E+01  0.000000000000E+00  0.000000000000E+00  0.715990576545E+00  0.930412228790E+00  0.125000000000E+01  0.187029682677E+01
  0.500000000000E+01  0.375000000000E+01  0.250000000000E+01  0.000000000000E+00
  0.250000000000E+01  0.157686156160E+01  0.146289271009E+01  0.250000000000E+01  0.250000000000E+01  0.250000000000E+01  0.155830813274E+01
  0.125000000000E+01  0.250000000000E+01  0.177790177481E+01  0.477386199275E+00  0.742988685424E+00  0.308372018325E+00  0.125000000000E+01
 -0.487811078581E+00 -0.144524380962E+01 -0.125000000000E+01 -0.345533899378E+00  0.000000000000E+00  0.627766083140E+00 -0.739814786992E+00
 -0.158811787973E+01  0.000000000000E+00 -0.125000000000E+01 -0.600232012419E+00 -0.154800130438E+01 -0.250000000000E+01 -0.178862290564E+01
 -0.250000000000E+01 -0.250000000000E+01 -0.250000000000E+01 -0.250000000000E+01
  0.500000000000E+01  0.500000000000E+01  0.500000000000E+01  0.500000000000E+01  0.500000000000E+01  0.500000000000E+01  0.500000000000E+01
  0.500000000000E+01  0.500000000000E+01  0.500000000000E+01  0.500000000000E+01  0.500000000000E+01  0.500000000000E+01  0.500000000000E+01
  0.500000000000E+01  0.500000000000E+01  0.500000000000E+01  0.500000000000E+01  0.500000000000E+01  0.500000000000E+01  0.500000000000E+01
  0.500000000000E+01  0.500000000000E+01  0.500000000000E+01  0.500000000000E+01  0.500000000000E+01  0.500000000000E+01  0.500000000000E+01
  0.500000000000E+01  0.500000000000E+01  0.500000000000E+01  0.500000000000E+01
  0.100522860286E+01  0.100432972638E+01  0.100432034598E+01  0.100196461761E+01  0.100413205390E+01  0.100321958148E+01  0.100258623143E+01
  0.100201175169E+01  0.100426040820E+01  0.100372310388E+01  0.100446502181E+01  0.100346952078E+01  0.100365984935E+01  0.100424800566E+01
  0.100362337527E+01  0.100164192032E+01  0.100227632651E+01  0.100227311597E+01  0.100213446569E+01  0.100254347562E+01  0.100442386338E+01
  0.100337264020E+01  0.100288843765E+01  0.100334542040E+01  0.100323222999E+01  0.100406087089E+01  0.100510171609E+01  0.100431307077E+01
  0.100179475833E+01  0.100266315991E+01  0.100321164509E+01  0.100399273182E+01
  0.489076358470E+00  0.489238598534E+00  0.490983331352E+00  0.493064988035E+00  0.486766642549E+00  0.484757872098E+00  0.485404956293E+00
  0.494262733326E+00  0.495784888101E+00  0.486800248232E+00  0.488139337136E+00  0.487244593331E+00  0.494423292668E+00  0.496536481927E+00
  0.487845783043E+00  0.483219469754E+00  0.492573587409E+00  0.487262277873E+00  0.494865946644E+00  0.488012491154E+00  0.490096716923E+00
  0.488269667066E+00  0.497534090451E+00  0.496384264521E+00  0.495259755749E+00  0.493216438911E+00  0.490458183231E+00  0.490400009198E+00
  0.491426954400E+00  0.486218276520E+00  0.490304438657E+00  0.495522026831E+00
  0.000000000000E+00 -0.893974840029E-04 -0.129755094334E-02  0.000000000000E+00  0.000000000000E+00  0.000000000000E+00  0.425702035153E-03
  0.797025470903E-03  0.000000000000E+00  0.274712854260E-03 -0.942431021936E-03 -0.820006429071E-03 -0.174523850579E-02 -0.638374240342E-04
 -0.110022751509E-02 -0.102277494697E-02 -0.133259273697E-02 -0.213434237714E-02 -0.132929466581E-02 -0.106401263285E-02 -0.624409181808E-03
 -0.761703285235E-03 -0.196339458238E-03  0.807126794038E-03  0.520225854044E-04  0.161630462742E-02  0.000000000000E+00  0.791646916450E-03
  0.000000000000E+00  0.000000000000E+00  0.000000000000E+00  0.000000000000E+00
  0.337507301464E-02  0.271221769813E-02  0.385738558367E-02  0.572579986205E-02  0.160978308384E-02  0.569905736749E-03  0.203987722751E-02
  0.493731217637E-02  0.237177363705E-02  0.107168934095E-02  0.201396406773E-02 -0.165364017781E-04  0.501060101536E-02  0.308362566762E-02
  0.287908624853E-04  0.111420195461E-02  0.487151739537E-02  0.118268199569E-02  0.497034550324E-02  0.146529617518E-02  0.271572422376E-02
  0.899662306291E-04  0.268514645163E-02  0.264043116684E-02  0.438666784311E-02  0.489569358578E-02  0.400708376644E-02  0.232275528018E-02
  0.602719171496E-02 -0.143884657027E-03  0.120121428293E-02  0.345019190300E-02
  0.719566095287E+00  0.718473475260E+00  0.718651091272E+00  0.716030181690E+00  0.718146783170E+00  0.717062470310E+00  0.716314617471E+00
  0.716083344444E+00  0.718615293864E+00  0.717750685694E+00  0.718429581963E+00  0.717283116816E+00  0.718078237239E+00  0.718531161613E+00
  0.717564006176E+00  0.715464773714E+00  0.716504897066E+00  0.716068795754E+00  0.716255180644E+00  0.716270747394E+00  0.718698532979E+00
  0.717403235122E+00  0.717199383036E+00  0.717636870834E+00  0.717544911871E+00  0.718476366467E+00  0.719312938005E+00  0.718541156796E+00
  0.715892799171E+00  0.716608904969E+00  0.717367939418E+00  0.718400634598E+00
  0.488562428493E+00  0.488873127236E+00  0.490562939417E+00  0.492980744803E+00  0.486460936701E+00  0.484596927720E+00  0.485347896473E+00
  0.494163542348E+00  0.495346592100E+00  0.486528232943E+00  0.487819998682E+00  0.487068916318E+00  0.494045904539E+00  0.496127394993E+00
  0.487612357840E+00  0.483219722979E+00  0.492395510952E+00  0.487214141343E+00  0.494738985363E+00  0.487958525716E+00  0.489677249641E+00
  0.488029107281E+00  0.497246279839E+00  0.496059270983E+00  0.494951052380E+00  0.492800373822E+00  0.490002767281E+00  0.490005124739E+00
  0.491352304710E+00  0.486075475355E+00  0.490036479424E+00  0.495098264916E+00
  0.100215267506E+01  0.100152652953E+01  0.100178347656E+01  0.100047670023E+01  0.100126820226E+01  0.100066573357E+01  0.100025357722E+01
  0.100050391677E+01  0.100179336276E+01  0.100112367254E+01  0.100133045244E+01  0.100072432969E+01  0.100164366721E+01  0.100168844806E+01
  0.100096274499E+01  0.100000874851E+01  0.100082864312E+01  0.100022269188E+01  0.100062146073E+01  0.100023497308E+01  0.100174635714E+01
  0.100098855493E+01  0.100118726925E+01  0.100134171018E+01  0.100132635953E+01  0.100179873773E+01  0.100192656831E+01  0.100163748615E+01
  0.100045434507E+01  0.100058774180E+01  0.100109993749E+01  0.100176112492E+01
        12        15        11        11
        11         2        12        12
         5        10         2         2
        15        21        11        11
        15        22        21        21
        31        28        22        22
        15        12        18        18
        19        18        20        20
        11        21        13        13
        23        13        25        25
         7        12        10        10
        26        21        28        28
         7         8        20        20
        16        15        18        18
        26        24        25        25
        16        30        22        22
         3        11        13        13
         2        10        12        12
         3         1         2         2
        20        12         7         7
        10         6         7         7
        22        15        16        16
        18        17        16        16
        28        27        26        26
        32        24        26        26
         2        11         3         3
        13        14         3         3
        27        28        31        31
         2         1         5         5
         6        10         5         5
        14        13        23        23
        20         8        19        19
        17        18        19        19
        13        21        25        25
         1         3         9         9
        30        16        29        29
         8         7         4         4
        22        28        21        21
        24        23        25        25
        21        26        25        25
        30        31        22        22
        12        20        18        18
        17        29        16        16
        14         9         3         3
        27        32        26        26
         6         4         7         7
zone t="boundary 5 bc-5", solutiontime= 0.6000000E+02, strandid=1005, i=33, j=48, f=feblock
  0.500000000000E+01  0.500000000000E+01  0.500000000000E+01  0.500000000000E+01  0.500000000000E+01  0.500000000000E+01  0.500000000000E+01
  0.500000000000E+01  0.500000000000E+01  0.500000000000E+01  0.500000000000E+01  0.500000000000E+01  0.500000000000E+01  0.500000000000E+01
  0.500000000000E+01  0.500000000000E+01  0.500000000000E+01  0.500000000000E+01  0.500000000000E+01  0.500000000000E+01  0.500000000000E+01
  0.500000000000E+01  0.500000000000E+01  0.500000000000E+01  0.500000000000E+01  0.500000000000E+01  0.500000000000E+01  0.500000000000E+01
  0.500000000000E+01  0.500000000000E+01  0.500000000000E+01  0.500000000000E+01  0.500000000000E+01
  0.250000000000E+01  0.125000000000E+01  0.250000000000E+01  0.157899473280E+01  0.000000000000E+00  0.659350882208E+00  0.250000000000E+01
  0.173899611320E+01  0.825621401394E+00  0.132549389334E+01 -0.125000000000E+01 -0.322732261638E+00  0.250000000000E+01  0.490615021923E-01
 -0.873141960959E+00  0.350800286361E+00  0.145332269920E+01 -0.250000000000E+01 -0.147959633950E+01  0.250000000000E+01 -0.857924212153E+00
 -0.165007033378E+01  0.518568023061E+00 -0.461282870254E+00  0.125000000000E+01 -0.250000000000E+01 -0.183684615440E+01 -0.158398995423E+01
 -0.250000000000E+01 -0.250000000000E+01 -0.125000000000E+01  0.000000000000E+00 -0.250000000000E+01
  0.000000000000E+00  0.000000000000E+00  0.125000000000E+01  0.905837536509E+00  0.000000000000E+00  0.735450417037E+00  0.250000000000E+01
  0.182727219356E+01  0.162230260845E+01  0.280856328277E+01  0.000000000000E+00  0.109945440014E+01  0.375000000000E+01  0.227317933631E+01
  0.189599568386E+01  0.342819755379E+01  0.403384942830E+01  0.000000000000E+00  0.104050588738E+01  0.500000000000E+01  0.297954017413E+01
  0.214587157439E+01  0.430969386006E+01  0.408642231822E+01  0.500000000000E+01  0.125000000000E+01  0.304506426164E+01  0.398205049073E+01
  0.250000000000E+01  0.375000000000E+01  0.500000000000E+01  0.500000000000E+01  0.500000000000E+01
  0.843730486276E+00  0.773800428121E+00  0.963500308071E+00  0.924939840497E+00  0.762981887706E+00  0.875168888980E+00  0.100829903954E+01
  0.990761267923E+00  0.976727188352E+00  0.100514032572E+01  0.766457787399E+00  0.908966785477E+00  0.100673529180E+01  0.100560973764E+01
  0.986056724505E+00  0.101043864863E+01  0.100450492514E+01  0.830787402738E+00  0.914364207067E+00  0.100196461761E+01  0.101288280328E+01
  0.100045262107E+01  0.100546828089E+01  0.100583108746E+01  0.100201175169E+01  0.955878695670E+00  0.101161895131E+01  0.100703675553E+01
  0.100642910902E+01  0.100977863890E+01  0.100227632651E+01  0.100213446569E+01  0.100179475833E+01
  0.000000000000E+00  0.000000000000E+00  0.495017683425E+00  0.452411220891E+00  0.000000000000E+00  0.460317360475E+00  0.533822129926E+00
  0.528246195504E+00  0.524489272251E+00  0.541031272936E+00  0.000000000000E+00  0.493169666249E+00  0.518326924647E+00  0.537410527624E+00
  0.536126148276E+00  0.530985616904E+00  0.511794203979E+00  0.000000000000E+00  0.478351751054E+00  0.493064988035E+00  0.532835831837E+00
  0.529743424801E+00  0.506365673479E+00  0.512957929982E+00  0.494262733326E+00  0.494741336003E+00  0.530894103597E+00  0.512877732474E+00
  0.536179830458E+00  0.516235684992E+00  0.492573587409E+00  0.494865946644E+00  0.491426954400E+00
  0.000000000000E+00  0.000000000000E+00  0.000000000000E+00 -0.192256257872E-01  0.000000000000E+00 -0.782162307115E-02  0.000000000000E+00
 -0.731618742606E-02 -0.132772506249E-01 -0.770190474706E-04  0.000000000000E+00 -0.648828207047E-02  0.000000000000E+00 -0.438715650347E-03
  0.446873806015E-02  0.314796017841E-02  0.218336014000E-02  0.000000000000E+00  0.142733303049E-01  0.000000000000E+00  0.343441840991E-02
  0.491448180865E-02  0.170477832197E-02  0.690712139424E-03  0.797025470903E-03  0.000000000000E+00  0.192084737761E-02  0.477061801558E-03
  0.000000000000E+00  0.000000000000E+00 -0.133259273697E-02 -0.132929466581E-02  0.000000000000E+00
  0.000000000000E+00  0.000000000000E+00 -0.100761229259E+00 -0.112167822583E+00  0.000000000000E+00 -0.987545102260E-01 -0.424929713593E-01
 -0.801005082610E-01 -0.946250964846E-01 -0.278109246490E-01  0.000000000000E+00 -0.989525256637E-01  0.737198611481E-03 -0.587327758019E-01
 -0.809645738155E-01 -0.600286247034E-02  0.423077064728E-02  0.000000000000E+00 -0.100473230905E+00  0.572579986205E-02 -0.193533076067E-01
 -0.680713384471E-01  0.681905730388E-02  0.515492211870E-02  0.493731217637E-02 -0.995426188970E-01 -0.157580030160E-01  0.507087499174E-02
 -0.414442960708E-01  0.259919173296E-02  0.487151739537E-02  0.497034550324E-02  0.602719171496E-02
  0.602658383042E+00  0.552709220794E+00  0.677274860591E+00  0.645108611450E+00  0.544982426408E+00  0.599517149006E+00  0.722866646226E+00
  0.703744456292E+00  0.691534286712E+00  0.720507471985E+00  0.547465919405E+00  0.630782399146E+00  0.722284532306E+00  0.722089069252E+00
  0.702365844374E+00  0.726526611956E+00  0.719694278854E+00  0.593415709289E+00  0.635820122960E+00  0.716030181690E+00  0.729014168680E+00
  0.715528229649E+00  0.720447107116E+00  0.721204027283E+00  0.716083344444E+00  0.672591690505E+00  0.726895552137E+00  0.722102548568E+00
  0.720959962444E+00  0.724770829794E+00  0.716504897066E+00  0.716255180644E+00  0.715892799171E+00
  0.000000000000E+00  0.000000000000E+00  0.509232128683E+00  0.472098750495E+00  0.000000000000E+00  0.480805630741E+00  0.534527096445E+00
  0.535829284647E+00  0.535479021748E+00  0.540786045368E+00  0.000000000000E+00  0.510356198332E+00  0.517182331671E+00  0.539187577866E+00
  0.542979821067E+00  0.529277378815E+00  0.511036765346E+00  0.000000000000E+00  0.495604790402E+00  0.492980744803E+00  0.531173387916E+00
  0.533778473037E+00  0.505621127664E+00  0.512004181943E+00  0.494163542348E+00  0.508460363128E+00  0.529554208646E+00  0.511911000304E+00
  0.537002098844E+00  0.514994090503E+00  0.492395510952E+00  0.494738985363E+00  0.491352304710E+00
  0.999989629369E+00  0.999990283013E+00  0.984104308929E+00  0.976444106402E+00  0.999991492937E+00  0.959042327918E+00  0.100368369405E+01
  0.994429506590E+00  0.991216393832E+00  0.100355187725E+01  0.999992823829E+00  0.971537544512E+00  0.100443319456E+01  0.100528531011E+01
  0.997216648584E+00  0.100662940607E+01  0.100305331032E+01  0.999993488427E+00  0.973515985494E+00  0.100047670023E+01  0.100763862596E+01
  0.100128631822E+01  0.100314049596E+01  0.100383220481E+01  0.100050391677E+01  0.985091906507E+00  0.100596550873E+01  0.100387951327E+01
  0.100289621830E+01  0.100485306642E+01  0.100082864312E+01  0.100062146073E+01  0.100045434507E+01
        12        15        14        14
        21        16        14        14
         9        14        10        10
        15        22        21        21
        29        27        22        22
        14        16        10        10
         7         8        10        10
        14        15        21        21
        14         9        12        12
         5        12         6         6
        21        24        16        16
        32        23        24        24
        28        21        27        27
        17        16        23        23
        28        31        24        24
        19        15        12        12
         4         2         6         6
         4         9         8         8
        10         8         9         9
        17        13        10        10
        19        26        22        22
        10        16        17        17
        23        25        17        17
        22        15        19        19
        12        11        19        19
        27        30        28        28
        33        31        28        28
         6         9         4         4
         8         3         4         4
        25        23        32        32
        10        13         7         7
         3         8         7         7
        30        27        29        29
         6         2         5         5
        11        12         5         5
        24        23        16        16
        13        17        20        20
        26        19        18        18
         2         4         1         1
        22        27        21        21
        31        32        24        24
        21        28        24        24
        26        29        22        22
         9         6        12        12
        11        18        19        19
        25        20        17        17
        30        33        28        28
         3         1         4         4
zone t="boundary 6 bc-6", solutiontime= 0.6000000E+02, strandid=1006, i=33, j=48, f=feblock
  0.375000000000E+01  0.250000000000E+01  0.500000000000E+01  0.403384942830E+01  0.280856328277E+01  0.125000000000E+01  0.182727219356E+01
  0.500000000000E+01  0.430969386006E+01  0.342819755379E+01  0.227317933631E+01  0.162230260845E+01  0.000000000000E+00  0.905837536509E+00
  0.500000000000E+01  0.408642231822E+01  0.297954017413E+01  0.189599568386E+01  0.109945440014E+01  0.735450417037E+00  0.000000000000E+00
  0.500000000000E+01  0.398205049073E+01  0.304506426164E+01  0.214587157439E+01  0.104050588738E+01  0.000000000000E+00  0.000000000000E+00
  0.500000000000E+01  0.375000000000E+01  0.250000000000E+01  0.125000000000E+01  0.000000000000E+00
  0.250000000000E+01  0.250000000000E+01  0.250000000000E+01  0.145332269920E+01  0.132549389334E+01  0.250000000000E+01  0.173899611320E+01
  0.125000000000E+01  0.518568023061E+00  0.350800286361E+00  0.490615021923E-01  0.825621401394E+00  0.250000000000E+01  0.157899473280E+01
  0.000000000000E+00 -0.461282870254E+00 -0.857924212153E+00 -0.873141960959E+00 -0.322732261638E+00  0.659350882208E+00  0.125000000000E+01
 -0.125000000000E+01 -0.158398995423E+01 -0.183684615440E+01 -0.165007033378E+01 -0.147959633950E+01  0.000000000000E+00 -0.125000000000E+01
 -0.250000000000E+01 -0.250000000000E+01 -0.250000000000E+01 -0.250000000000E+01 -0.250000000000E+01
  0.000000000000E+00  0.000000000000E+00  0.000000000000E+00  0.000000000000E+00  0.000000000000E+00  0.000000000000E+00  0.000000000000E+00
  0.000000000000E+00  0.000000000000E+00  0.000000000000E+00  0.000000000000E+00  0.000000000000E+00  0.000000000000E+00  0.000000000000E+00
  0.000000000000E+00  0.000000000000E+00  0.000000000000E+00  0.000000000000E+00  0.000000000000E+00  0.000000000000E+00  0.000000000000E+00
  0.000000000000E+00  0.000000000000E+00  0.000000000000E+00  0.000000000000E+00  0.000000000000E+00  0.000000000000E+00  0.000000000000E+00
  0.000000000000E+00  0.000000000000E+00  0.000000000000E+00  0.000000000000E+00  0.000000000000E+00
  0.941861270446E+00  0.946296416870E+00  0.843730486276E+00  0.943650847654E+00  0.944515747768E+00  0.956975891104E+00  0.930066152218E+00
  0.773800428121E+00  0.937609837253E+00  0.956402840278E+00  0.942357995180E+00  0.925616108605E+00  0.134427144911E+01  0.100901443358E+01
  0.762981887706E+00  0.953747956757E+00  0.951876955550E+00  0.886350649892E+00  0.941585246158E+00  0.103637723892E+01  0.142583204872E+01
  0.766457787399E+00  0.950881085848E+00  0.934858312361E+00  0.932234985467E+00  0.958156103007E+00  0.164466726555E+01  0.149409063735E+01
  0.830787402738E+00  0.935297254246E+00  0.934221980893E+00  0.961719525797E+00  0.144945744856E+01
  0.000000000000E+00  0.000000000000E+00  0.000000000000E+00  0.000000000000E+00  0.000000000000E+00  0.000000000000E+00  0.000000000000E+00
  0.000000000000E+00  0.000000000000E+00  0.000000000000E+00  0.000000000000E+00  0.000000000000E+00  0.000000000000E+00  0.000000000000E+00
  0.000000000000E+00  0.000000000000E+00  0.000000000000E+00  0.000000000000E+00  0.000000000000E+00  0.000000000000E+00  0.000000000000E+00
  0.000000000000E+00  0.000000000000E+00  0.000000000000E+00  0.000000000000E+00  0.000000000000E+00  0.000000000000E+00  0.000000000000E+00
  0.000000000000E+00  0.000000000000E+00  0.000000000000E+00  0.000000000000E+00  0.000000000000E+00
  0.000000000000E+00  0.000000000000E+00  0.000000000000E+00  0.000000000000E+00  0.000000000000E+00  0.000000000000E+00  0.000000000000E+00
  0.000000000000E+00  0.000000000000E+00  0.000000000000E+00  0.000000000000E+00  0.000000000000E+00  0.000000000000E+00  0.000000000000E+00
  0.000000000000E+00  0.000000000000E+00  0.000000000000E+00  0.000000000000E+00  0.000000000000E+00  0.000000000000E+00  0.000000000000E+00
  0.000000000000E+00  0.000000000000E+00  0.000000000000E+00  0.000000000000E+00  0.000000000000E+00  0.000000000000E+00  0.000000000000E+00
  0.000000000000E+00  0.000000000000E+00  0.000000000000E+00  0.000000000000E+00  0.000000000000E+00
  0.000000000000E+00  0.000000000000E+00  0.000000000000E+00  0.000000000000E+00  0.000000000000E+00  0.000000000000E+00  0.000000000000E+00
  0.000000000000E+00  0.000000000000E+00  0.000000000000E+00  0.000000000000E+00  0.000000000000E+00  0.000000000000E+00  0.000000000000E+00
  0.000000000000E+00  0.000000000000E+00  0.000000000000E+00  0.000000000000E+00  0.000000000000E+00  0.000000000000E+00  0.000000000000E+00
  0.000000000000E+00  0.000000000000E+00  0.000000000000E+00  0.000000000000E+00  0.000000000000E+00  0.000000000000E+00  0.000000000000E+00
  0.000000000000E+00  0.000000000000E+00  0.000000000000E+00  0.000000000000E+00  0.000000000000E+00
  0.672750879073E+00  0.675918855399E+00  0.602658383042E+00  0.674029309862E+00  0.674647101996E+00  0.683547254510E+00  0.664326187574E+00
  0.552709220794E+00  0.669715074452E+00  0.683138389468E+00  0.673106951420E+00  0.661148136460E+00  0.960184573823E+00  0.720717656043E+00
  0.544982426408E+00  0.681243186725E+00  0.679907140898E+00  0.633102744896E+00  0.672555270454E+00  0.740262733864E+00  0.101844205097E+01
  0.547465919405E+00  0.679196289985E+00  0.667751583120E+00  0.665877574534E+00  0.684392096642E+00  0.117475225235E+01  0.106719924210E+01
  0.593415709289E+00  0.668065253215E+00  0.667297107163E+00  0.686937806387E+00  0.103531921454E+01
  0.000000000000E+00  0.000000000000E+00  0.000000000000E+00  0.000000000000E+00  0.000000000000E+00  0.000000000000E+00  0.000000000000E+00
  0.000000000000E+00  0.000000000000E+00  0.000000000000E+00  0.000000000000E+00  0.000000000000E+00  0.000000000000E+00  0.000000000000E+00
  0.000000000000E+00  0.000000000000E+00  0.000000000000E+00  0.000000000000E+00  0.000000000000E+00  0.000000000000E+00  0.000000000000E+00
  0.000000000000E+00  0.000000000000E+00  0.000000000000E+00  0.000000000000E+00  0.000000000000E+00  0.000000000000E+00  0.000000000000E+00
  0.000000000000E+00  0.000000000000E+00  0.000000000000E+00  0.000000000000E+00  0.000000000000E+00
  0.999989340529E+00  0.999989412080E+00  0.999989629369E+00  0.999989600129E+00  0.999989619048E+00  0.999989827549E+00  0.999989796838E+00
  0.999990283013E+00  0.999990685869E+00  0.999990490385E+00  0.999991231367E+00  0.999990581882E+00  0.999990295293E+00  0.999990371676E+00
  0.999991492937E+00  0.999992141171E+00  0.999992689924E+00  0.999992320153E+00  0.999991644387E+00  0.999990918839E+00  0.999990758121E+00
  0.999992823829E+00  0.999993395737E+00  0.999993479233E+00  0.999993155031E+00  0.999992519269E+00  0.999991419388E+00  0.999992170211E+00
  0.999993488427E+00  0.999993692118E+00  0.999993544506E+00  0.999993140562E+00  0.999992722650E+00
        19        18        11        11
        17        10        11        11
        12        11         5         5
        18        25        17        17
        31        24        25        25
        11        10         5         5
         2         7         5         5
        11        18        17        17
        11        12        19        19
        27        19        20        20
        17        16        10        10
        15         9        16        16
        23        17        24        24
         4        10         9         9
        23        22        16        16
        26        18        19        19
        14        21        20        20
        14        12         7         7
         5         7        12        12
         4         1         5         5
        26        32        25        25
         5        10         4         4
         9         8         4         4
        25        18        26        26
        19        28        26        26
        24        30        23        23
        29        22        23        23
        20        12        14        14
         7         6        14        14
         8         9        15        15
         5         1         2         2
         6         7         2         2
        30        24        31        31
        20        21        27        27
        28        19        27        27
        16         9        10        10
         1         4         3         3
        32        26        33        33
        21        14        13        13
        25        24        17        17
        22        15        16        16
        17        23        16        16
        32        31        25        25
        12        20        19        19
        28        33        26        26
         8         3         4         4
        30        29        23        23
         6        13        14        14
