title="tecplot geometry and solution file"
variables = x y z rho u v w p mach temperature
zone t="boundary 1 bc-1", solutiontime= 0.4000000E+02, strandid=1001, i=32, j=46, f=feblock
  0.000000000000E+00  0.000000000000E+00  0.000000000000E+00  0.000000000000E+00  0.000000000000E+00  0.000000000000E+00  0.000000000000E+00
  0.000000000000E+00  0.000000000000E+00  0.000000000000E+00  0.000000000000E+00  0.000000000000E+00  0.000000000000E+00  0.000000000000E+00
  0.000000000000E+00  0.000000000000E+00  0.000000000000E+00  0.000000000000E+00  0.000000000000E+00  0.000000000000E+00  0.000000000000E+00
  0.000000000000E+00  0.000000000000E+00  0.000000000000E+00  0.000000000000E+00  0.000000000000E+00  0.000000000000E+00  0.000000000000E+00
  0.000000000000E+00  0.000000000000E+00  0.000000000000E+00  0.000000000000E+00
  0.250000000000E+01  0.250000000000E+01  0.125000000000E+01  0.146289271009E+01  0.157686156160E+01  0.308372018325E+00  0.000000000000E+00
 -0.125000000000E+01 -0.600232012419E+00  0.250000000000E+01  0.477386199275E+00  0.742988685424E+00 -0.739814786992E+00  0.177790177481E+01
  0.155830813274E+01  0.250000000000E+01 -0.250000000000E+01 -0.154800130438E+01 -0.487811078581E+00  0.250000000000E+01  0.627766083140E+00
 -0.345533899378E+00 -0.178862290564E+01 -0.158811787973E+01  0.125000000000E+01 -0.250000000000E+01 -0.144524380962E+01  0.000000000000E+00
 -0.125000000000E+01 -0.250000000000E+01 -0.250000000000E+01 -0.250000000000E+01
  0.000000000000E+00  0.125000000000E+01  0.000000000000E+00  0.103724302461E+01  0.219251206392E+01  0.922061490191E+00  0.000000000000E+00
  0.000000000000E+00  0.715990576545E+00  0.250000000000E+01  0.202479342020E+01  0.324151231464E+01  0.175434191980E+01  0.310152362409E+01
  0.404200324774E+01  0.375000000000E+01  0.000000000000E+00  0.930412228790E+00  0.299062775774E+01  0.500000000000E+01  0.429310310915E+01
  0.409252726285E+01  0.187029682677E+01  0.284428995242E+01  0.500000000000E+01  0.125000000000E+01  0.394624082883E+01  0.500000000000E+01
  0.500000000000E+01  0.250000000000E+01  0.375000000000E+01  0.500000000000E+01
  0.134427145168E+01  0.106355395269E+01  0.142583204464E+01  0.108608796606E+01  0.103229115001E+01  0.120095364422E+01  0.164466727371E+01
  0.149409063906E+01  0.123520366880E+01  0.102389313720E+01  0.102809523333E+01  0.101301828564E+01  0.103252946700E+01  0.101471891376E+01
  0.100663883723E+01  0.100830818653E+01  0.144945744631E+01  0.116393551622E+01  0.101462863634E+01  0.100426040726E+01  0.100679807566E+01
  0.100724553367E+01  0.104668118719E+01  0.101938460419E+01  0.100424800540E+01  0.106442281123E+01  0.100789341656E+01  0.100288844239E+01
  0.100334542183E+01  0.102847361775E+01  0.100958665592E+01  0.100399273860E+01
  0.000000000000E+00  0.445481420029E+00  0.000000000000E+00  0.468737854447E+00  0.462182267417E+00  0.443613740147E+00  0.000000000000E+00
  0.000000000000E+00  0.379272524357E+00  0.471738848914E+00  0.466574961426E+00  0.479355161226E+00  0.490159648506E+00  0.484514726277E+00
  0.488524773455E+00  0.489830200087E+00  0.000000000000E+00  0.450653322569E+00  0.474814037174E+00  0.495784876096E+00  0.490899460268E+00
  0.486835364559E+00  0.448668673166E+00  0.465807186747E+00  0.496536483283E+00  0.444686633710E+00  0.487701037205E+00  0.497534086481E+00
  0.496384260363E+00  0.470002882957E+00  0.489199908197E+00  0.495522029723E+00
  0.000000000000E+00  0.000000000000E+00  0.000000000000E+00  0.186085527101E-01 -0.276688295111E-02  0.332952468425E-01  0.000000000000E+00
  0.000000000000E+00 -0.594701810690E-02  0.000000000000E+00  0.356648593229E-02 -0.566637989935E-02 -0.416060364204E-02  0.305534801028E-04
 -0.106176516860E-02  0.000000000000E+00  0.000000000000E+00 -0.764112800915E-02  0.359619722117E-03  0.000000000000E+00 -0.203512850445E-02
 -0.138313243339E-02  0.156561564280E-02 -0.158521316269E-02 -0.638395944751E-04  0.000000000000E+00 -0.283450944849E-04 -0.196341516381E-03
  0.807127119605E-03  0.000000000000E+00  0.000000000000E+00  0.000000000000E+00
  0.000000000000E+00  0.452181798058E-01  0.000000000000E+00  0.123933293641E+00  0.247647189656E-01  0.165644511740E+00  0.000000000000E+00
  0.000000000000E+00  0.155763096838E+00  0.351822662252E-02  0.259783163209E-01 -0.651224842306E-02  0.748997895217E-01  0.371839405190E-02
 -0.149292013305E-03  0.459058868637E-03  0.000000000000E+00  0.140954083039E+00 -0.808565729525E-02  0.237176895544E-02 -0.304298823126E-03
 -0.438193699191E-02  0.255017504758E-01 -0.194957189332E-02  0.308362258833E-02  0.837461346263E-01 -0.121909288064E-02  0.268513920668E-02
  0.264043133624E-02  0.279386967258E-02 -0.834665072915E-03  0.345018555571E-02
  0.960184575965E+00  0.782340561572E+00  0.101844204955E+01  0.808726655821E+00  0.746125889760E+00  0.879446498756E+00  0.117475225537E+01
  0.106719924174E+01  0.916620146012E+00  0.737395237651E+00  0.743553970201E+00  0.725759209529E+00  0.757455248681E+00  0.729188341424E+00
  0.720785046013E+00  0.722781669274E+00  0.103531921462E+01  0.858317139541E+00  0.728065070035E+00  0.718615291822E+00  0.721013448122E+00
  0.721151586853E+00  0.760018783431E+00  0.732628400245E+00  0.718531161320E+00  0.791043236170E+00  0.722107947277E+00  0.717199386561E+00
  0.717636872611E+00  0.741799733784E+00  0.724056578427E+00  0.718400640072E+00
  0.000000000000E+00  0.441238352875E+00  0.000000000000E+00  0.475214984543E+00  0.460123711905E+00  0.468827816807E+00  0.000000000000E+00
  0.000000000000E+00  0.402302518343E+00  0.469814974197E+00  0.464411136941E+00  0.478714038093E+00  0.489298237729E+00  0.483068560316E+00
  0.487930062967E+00  0.488961666052E+00  0.000000000000E+00  0.464775737314E+00  0.473795659536E+00  0.495346580558E+00  0.490266092771E+00
  0.486286080370E+00  0.445717622274E+00  0.464382286576E+00  0.496127396365E+00  0.443624080890E+00  0.486964453740E+00  0.497246275787E+00
  0.496059266570E+00  0.467732360690E+00  0.488212090178E+00  0.495098267546E+00
  0.999990295612E+00  0.102982719723E+01  0.999990759591E+00  0.104247294283E+01  0.101190080497E+01  0.102520618026E+01  0.999991416995E+00
  0.999992168736E+00  0.103891223515E+01  0.100826277196E+01  0.101252833836E+01  0.100300548149E+01  0.102702865346E+01  0.100605563191E+01
  0.100244400186E+01  0.100355660154E+01  0.999992724287E+00  0.103239739540E+01  0.100459523962E+01  0.100179336084E+01  0.100260305594E+01
  0.100234966336E+01  0.101657153088E+01  0.100617544755E+01  0.100168844791E+01  0.104043291721E+01  0.100303376287E+01  0.100118726944E+01
  0.100134171123E+01  0.100976788259E+01  0.100405369252E+01  0.100176112579E+01
        12        19        11        11
        11         5        12        12
        10        14         5         5
        19        13        11        11
        19        24        13        13
        30        23        24        24
        19        12        22        22
        28        22        21        21
        11        13         6         6
         7         6         9         9
        15        12        14        14
        18        13        23        23
        15        25        21        21
        27        19        22        22
        18         8         9         9
        27        31        24        24
         4        11         6         6
         5        14        12        12
         4         2         5         5
        21        12        15        15
        14        16        15        15
        24        19        27        27
        22        29        27        27
        23        26        18        18
        17         8        18        18
         5        11         4         4
         6         3         4         4
        26        23        30        30
         5         2        10        10
        16        14        10        10
         3         6         7         7
        21        25        28        28
        29        22        28        28
         6        13         9         9
         2         4         1         1
        31        27        32        32
        25        15        20        20
        24        23        13        13
         8         7         9         9
        13        18         9         9
        31        30        24        24
        12        21        22        22
        29        32        27        27
         3         1         4         4
        26        17        18        18
        16        20        15        15
zone t="boundary 2 bc-2", solutiontime= 0.4000000E+02, strandid=1002, i=33, j=48, f=feblock
  0.500000000000E+01  0.375000000000E+01  0.250000000000E+01  0.288078410721E+01  0.125000000000E+01  0.190974100652E+01  0.326683758169E+01
  0.201431602454E+01  0.000000000000E+00  0.963108083381E+00  0.500000000000E+01  0.403552511878E+01  0.423153924130E+01  0.500000000000E+01
  0.385533350601E+01  0.500000000000E+01  0.398173246726E+01  0.315249557942E+01  0.267000324704E+01  0.154774304040E+01  0.218329375016E+01
  0.893127759452E+00  0.000000000000E+00  0.698517061619E+00  0.964171764089E+00  0.310324758057E+01  0.000000000000E+00  0.000000000000E+00
  0.125000000000E+01  0.500000000000E+01  0.375000000000E+01  0.250000000000E+01  0.000000000000E+00
 -0.250000000000E+01 -0.250000000000E+01 -0.250000000000E+01 -0.250000000000E+01 -0.250000000000E+01 -0.250000000000E+01 -0.250000000000E+01
 -0.250000000000E+01 -0.250000000000E+01 -0.250000000000E+01 -0.250000000000E+01 -0.250000000000E+01 -0.250000000000E+01 -0.250000000000E+01
 -0.250000000000E+01 -0.250000000000E+01 -0.250000000000E+01 -0.250000000000E+01 -0.250000000000E+01 -0.250000000000E+01 -0.250000000000E+01
 -0.250000000000E+01 -0.250000000000E+01 -0.250000000000E+01 -0.250000000000E+01 -0.250000000000E+01 -0.250000000000E+01 -0.250000000000E+01
 -0.250000000000E+01 -0.250000000000E+01 -0.250000000000E+01 -0.250000000000E+01 -0.250000000000E+01
  0.000000000000E+00  0.000000000000E+00  0.000000000000E+00  0.904659890645E+00  0.000000000000E+00  0.717002441913E+00  0.188609243358E+01
  0.176246431481E+01  0.000000000000E+00  0.961328577125E+00  0.125000000000E+01  0.101201586758E+01  0.191586535653E+01  0.250000000000E+01
  0.293121848150E+01  0.375000000000E+01  0.406975391361E+01  0.363585050272E+01  0.285047954584E+01  0.292817774674E+01  0.395907379566E+01
  0.205246550326E+01  0.125000000000E+01  0.306828197606E+01  0.397245519226E+01  0.433168271247E+01  0.250000000000E+01  0.375000000000E+01
  0.500000000000E+01  0.500000000000E+01  0.500000000000E+01  0.500000000000E+01  0.500000000000E+01
  0.830787409091E+00  0.935297260116E+00  0.934221979832E+00  0.968087714351E+00  0.961719525213E+00  0.964848339049E+00  0.984136205519E+00
  0.991412447099E+00  0.144945744631E+01  0.102921689013E+01  0.955878716064E+00  0.960692948027E+00  0.981487966183E+00  0.100642908935E+01
  0.997912114813E+00  0.100977868831E+01  0.100199484816E+01  0.998063219069E+00  0.991085841017E+00  0.100132719293E+01  0.100094599989E+01
  0.101224609744E+01  0.106442281123E+01  0.101082189979E+01  0.100685257802E+01  0.100118412837E+01  0.102847361775E+01  0.100958665592E+01
  0.100510171181E+01  0.100179475084E+01  0.100266311894E+01  0.100321164483E+01  0.100399273860E+01
  0.000000000000E+00  0.000000000000E+00  0.000000000000E+00  0.378986938727E+00  0.000000000000E+00  0.340639446237E+00  0.582179008172E+00
  0.575195822353E+00  0.000000000000E+00  0.489449421739E+00  0.494741308199E+00  0.431507394636E+00  0.568961809665E+00  0.536179840808E+00
  0.568879734169E+00  0.516235691345E+00  0.508555819159E+00  0.527399314333E+00  0.566648556741E+00  0.531828935084E+00  0.506096475877E+00
  0.520701996886E+00  0.444686633710E+00  0.491339928798E+00  0.492734940171E+00  0.501504526396E+00  0.470002882957E+00  0.489199908197E+00
  0.490458154939E+00  0.491426965690E+00  0.486218274458E+00  0.490304429988E+00  0.495522029723E+00
  0.000000000000E+00  0.000000000000E+00  0.000000000000E+00  0.000000000000E+00  0.000000000000E+00  0.000000000000E+00  0.000000000000E+00
  0.000000000000E+00  0.000000000000E+00  0.000000000000E+00  0.000000000000E+00  0.000000000000E+00  0.000000000000E+00  0.000000000000E+00
  0.000000000000E+00  0.000000000000E+00  0.000000000000E+00  0.000000000000E+00  0.000000000000E+00  0.000000000000E+00  0.000000000000E+00
  0.000000000000E+00  0.000000000000E+00  0.000000000000E+00  0.000000000000E+00  0.000000000000E+00  0.000000000000E+00  0.000000000000E+00
  0.000000000000E+00  0.000000000000E+00  0.000000000000E+00  0.000000000000E+00  0.000000000000E+00
  0.000000000000E+00  0.000000000000E+00  0.000000000000E+00 -0.229668911685E-02  0.000000000000E+00  0.183565263505E-01  0.121122198974E-01
  0.454986554732E-01  0.000000000000E+00  0.870789625659E-01 -0.995426037522E-01 -0.211865034922E-01 -0.306441332896E-01 -0.414442969463E-01
 -0.137879741390E-02  0.259922297982E-02  0.609520972911E-03  0.503605173030E-03  0.150967389009E-01  0.284025712048E-01  0.564165142326E-02
  0.553419850882E-01  0.837461346263E-01  0.110441033594E-01  0.679168606214E-02 -0.758102071547E-03  0.279386967258E-02 -0.834665072915E-03
  0.400707431570E-02  0.602725411545E-02 -0.143896457139E-03  0.120117123658E-02  0.345018555571E-02
  0.593415713309E+00  0.668065256775E+00  0.667297105598E+00  0.684257572259E+00  0.686937804772E+00  0.679201333788E+00  0.695811644791E+00
  0.702343850569E+00  0.103531921462E+01  0.723694675128E+00  0.672591699676E+00  0.675702735307E+00  0.694093187776E+00  0.720959953183E+00
  0.712691285927E+00  0.724770860567E+00  0.716580556618E+00  0.713298977934E+00  0.706429553919E+00  0.717737236750E+00  0.715376597426E+00
  0.730937672596E+00  0.791043236170E+00  0.724372845201E+00  0.721010715894E+00  0.715457525770E+00  0.741799733784E+00  0.724056578427E+00
  0.719312936937E+00  0.715892793398E+00  0.716608872418E+00  0.717367929008E+00  0.718400640072E+00
  0.000000000000E+00  0.000000000000E+00  0.000000000000E+00  0.380991904562E+00  0.000000000000E+00  0.343629828821E+00  0.585286158602E+00
  0.579373267064E+00  0.000000000000E+00  0.501056068745E+00  0.508460334613E+00  0.435373040840E+00  0.572640026749E+00  0.537002107418E+00
  0.568922544335E+00  0.514994098664E+00  0.508247389265E+00  0.527252886115E+00  0.567446670860E+00  0.531657156235E+00  0.505981032698E+00
  0.520795577679E+00  0.443624080890E+00  0.490663739937E+00  0.492155878465E+00  0.501390828419E+00  0.467732360690E+00  0.488212090178E+00
  0.490002738258E+00  0.491352316906E+00  0.486075474406E+00  0.490036474148E+00  0.495098267546E+00
  0.999993487554E+00  0.999993691171E+00  0.999993543296E+00  0.989539054119E+00  0.999993138819E+00  0.985524697322E+00  0.989838903644E+00
  0.991798512994E+00  0.999992724287E+00  0.984411113828E+00  0.985091898922E+00  0.984689053222E+00  0.990058458551E+00  0.100289622502E+01
  0.999855383542E+00  0.100485305992E+01  0.100121550636E+01  0.100055642772E+01  0.997896786086E+00  0.100350029296E+01  0.100058068718E+01
  0.101093276054E+01  0.104043291721E+01  0.100326475267E+01  0.100254498453E+01  0.100045586790E+01  0.100976788259E+01  0.100405369252E+01
  0.100192657109E+01  0.100045434448E+01  0.100058773723E+01  0.100109992322E+01  0.100176112579E+01
        15         7        19        19
         8        20        19        19
        18        19        21        21
         7         4         8         8
         3         6         4         4
        19         7         8         8
        19        18        15        15
        14        13        15        15
         8        22        20        20
        27        24        22        22
        19        20        21        21
        32        26        21        21
        17        18        26        26
        17        16        15        15
        25        29        21        21
        12         7        13        13
        10         8         6         6
        25        20        24        24
         4         6         8         8
        12         2         4         4
        10        23        22        22
        26        31        17        17
        30        16        17        17
         4         7        12        12
        13        11        12        12
        21        20        25        25
        24        28        25        25
        22         8        10        10
         6         5        10        10
        31        26        32        32
         4         2         3         3
         5         6         3         3
        11        13        14        14
        22        23        27        27
        28        24        27        27
        15        13         7         7
         2        12         1         1
        29        25        33        33
        23        10         9         9
        21        26        18        18
        16        14        15        15
        18        17        15        15
        29        32        21        21
        22        24        20        20
        28        33        25        25
        11         1        12        12
        31        30        17        17
         5         9        10        10
zone t="boundary 3 bc-3", solutiontime= 0.4000000E+02, strandid=1003, i=33, j=48, f=feblock
  0.375000000000E+01  0.250000000000E+01  0.500000000000E+01  0.403552511878E+01  0.288078410721E+01  0.125000000000E+01  0.190974100652E+01
  0.500000000000E+01  0.326683758169E+01  0.423153924130E+01  0.201431602454E+01  0.000000000000E+00  0.963108083381E+00  0.500000000000E+01
  0.267000324704E+01  0.385533350601E+01  0.893127759452E+00  0.154774304040E+01  0.000000000000E+00  0.500000000000E+01  0.315249557942E+01
  0.218329375016E+01  0.398173246726E+01  0.000000000000E+00  0.698517061619E+00  0.964171764089E+00  0.125000000000E+01  0.000000000000E+00
  0.500000000000E+01  0.310324758057E+01  0.250000000000E+01  0.375000000000E+01  0.000000000000E+00
  0.250000000000E+01  0.250000000000E+01  0.250000000000E+01  0.250000000000E+01  0.250000000000E+01  0.250000000000E+01  0.250000000000E+01
  0.250000000000E+01  0.250000000000E+01  0.250000000000E+01  0.250000000000E+01  0.250000000000E+01  0.250000000000E+01  0.250000000000E+01
  0.250000000000E+01  0.250000000000E+01  0.250000000000E+01  0.250000000000E+01  0.250000000000E+01  0.250000000000E+01  0.250000000000E+01
  0.250000000000E+01  0.250000000000E+01  0.250000000000E+01  0.250000000000E+01  0.250000000000E+01  0.250000000000E+01  0.250000000000E+01
  0.250000000000E+01  0.250000000000E+01  0.250000000000E+01  0.250000000000E+01  0.250000000000E+01
  0.000000000000E+00  0.000000000000E+00  0.000000000000E+00  0.101201586758E+01  0.904659890645E+00  0.000000000000E+00  0.717002441913E+00
  0.125000000000E+01  0.188609243358E+01  0.191586535653E+01  0.176246431481E+01  0.000000000000E+00  0.961328577125E+00  0.250000000000E+01
  0.285047954584E+01  0.293121848150E+01  0.205246550326E+01  0.292817774674E+01  0.125000000000E+01  0.375000000000E+01  0.363585050272E+01
  0.395907379566E+01  0.406975391361E+01  0.250000000000E+01  0.306828197606E+01  0.397245519226E+01  0.500000000000E+01  0.375000000000E+01
  0.500000000000E+01  0.433168271247E+01  0.500000000000E+01  0.500000000000E+01  0.500000000000E+01
  0.941861278109E+00  0.946296412164E+00  0.843730530452E+00  0.964331300649E+00  0.978820819948E+00  0.956975888603E+00  0.983331396681E+00
  0.963500546572E+00  0.982689288804E+00  0.984244007220E+00  0.990263805368E+00  0.134427145168E+01  0.101918251613E+01  0.100829901692E+01
  0.993456152118E+00  0.997998675038E+00  0.100807808273E+01  0.100072116071E+01  0.106355395269E+01  0.100673528645E+01  0.100058356032E+01
  0.100234980417E+01  0.100178078381E+01  0.102389313720E+01  0.100874208199E+01  0.100528370715E+01  0.100522859497E+01  0.100830818653E+01
  0.100196466890E+01  0.100162011130E+01  0.100413203155E+01  0.100321958506E+01  0.100426040726E+01
  0.000000000000E+00  0.000000000000E+00  0.000000000000E+00  0.439071219632E+00  0.399865796541E+00  0.000000000000E+00  0.373794139355E+00
  0.495017408952E+00  0.573056194335E+00  0.569605084756E+00  0.559932666892E+00  0.000000000000E+00  0.483390702942E+00  0.533822151455E+00
  0.556458768862E+00  0.564688347735E+00  0.522615499162E+00  0.522533043562E+00  0.445481420029E+00  0.518326868876E+00  0.524750893846E+00
  0.503888155828E+00  0.509839691037E+00  0.471738848914E+00  0.496245460621E+00  0.494940393068E+00  0.489076365306E+00  0.489830200087E+00
  0.493065117389E+00  0.499146578361E+00  0.486766687189E+00  0.484758134307E+00  0.495784876096E+00
  0.000000000000E+00  0.000000000000E+00  0.000000000000E+00  0.000000000000E+00  0.000000000000E+00  0.000000000000E+00  0.000000000000E+00
  0.000000000000E+00  0.000000000000E+00  0.000000000000E+00  0.000000000000E+00  0.000000000000E+00  0.000000000000E+00  0.000000000000E+00
  0.000000000000E+00  0.000000000000E+00  0.000000000000E+00  0.000000000000E+00  0.000000000000E+00  0.000000000000E+00  0.000000000000E+00
  0.000000000000E+00  0.000000000000E+00  0.000000000000E+00  0.000000000000E+00  0.000000000000E+00  0.000000000000E+00  0.000000000000E+00
  0.000000000000E+00  0.000000000000E+00  0.000000000000E+00  0.000000000000E+00  0.000000000000E+00
  0.000000000000E+00  0.000000000000E+00  0.000000000000E+00 -0.226115390867E-01  0.111963784470E-01  0.000000000000E+00  0.179816812436E-01
 -0.100761166513E+00  0.390410963611E-02 -0.389325100307E-01  0.340377348745E-01  0.000000000000E+00  0.652293809336E-01 -0.424929263764E-01
  0.843880706214E-02 -0.650992515284E-02  0.490054863740E-01  0.135873402048E-01  0.452181798058E-01  0.737187916476E-03 -0.701209369405E-03
  0.243744178287E-02  0.868952838390E-03  0.351822662252E-02  0.103945232484E-01  0.431655185647E-02  0.337507097617E-02  0.459058868637E-03
  0.572581290411E-02  0.341134827391E-03  0.160978875786E-02  0.569844348972E-03  0.237176895544E-02
  0.672750885967E+00  0.675918851704E+00  0.602658414036E+00  0.676093764167E+00  0.691308917197E+00  0.683547252874E+00  0.690066484372E+00
  0.677274957413E+00  0.695201830542E+00  0.696250879993E+00  0.703344069741E+00  0.960184575965E+00  0.719726359205E+00  0.722866634567E+00
  0.709447754573E+00  0.713700947677E+00  0.726067413129E+00  0.716602920156E+00  0.782340561572E+00  0.722284526540E+00  0.716128633760E+00
  0.716551643174E+00  0.716546536903E+00  0.737395237651E+00  0.722682909436E+00  0.719441261388E+00  0.719566087642E+00  0.722781669274E+00
  0.716030233802E+00  0.715847819542E+00  0.718146761350E+00  0.717062457438E+00  0.718615291822E+00
  0.000000000000E+00  0.000000000000E+00  0.000000000000E+00  0.443767766812E+00  0.402286945954E+00  0.000000000000E+00  0.377550362062E+00
  0.509231871573E+00  0.575832177493E+00  0.573707384860E+00  0.562554069222E+00  0.000000000000E+00  0.490563298851E+00  0.534527112618E+00
  0.556586988807E+00  0.564391561267E+00  0.522730520439E+00  0.522052007529E+00  0.441238352875E+00  0.517182276695E+00  0.524228609928E+00
  0.503687438526E+00  0.509488520207E+00  0.469814974197E+00  0.495614448482E+00  0.494483777304E+00  0.488562435984E+00  0.488961666052E+00
  0.492980868950E+00  0.499005516502E+00  0.486460983308E+00  0.484597194983E+00  0.495346580558E+00
  0.999989342639E+00  0.999989411587E+00  0.999989628440E+00  0.981541581402E+00  0.988773904633E+00  0.999989827770E+00  0.982469472024E+00
  0.984104206014E+00  0.990427568355E+00  0.990355262353E+00  0.994363009432E+00  0.999990295612E+00  0.988652068635E+00  0.100368370038E+01
  0.999769193924E+00  0.100118502333E+01  0.100834885293E+01  0.100252110939E+01  0.102982719723E+01  0.100443319189E+01  0.100199536252E+01
  0.100082056810E+01  0.100138190698E+01  0.100826277196E+01  0.100298787101E+01  0.100192389351E+01  0.100215267228E+01  0.100355660154E+01
  0.100047672182E+01  0.100056591920E+01  0.100126819412E+01  0.100066571203E+01  0.100179336084E+01
        15         9        16        16
        15        18        11        11
        22        15        21        21
        11         5         9         9
         5         7         2         2
        11         9        15        15
        16        21        15        15
        16        10        14        14
        18        17        11        11
        17        25        24        24
        22        18        15        15
        22        30        31        31
        30        21        23        23
        16        20        23        23
        22        27        26        26
        10         9         4         4
         7        11        13        13
        25        18        26        26
        11         7         5         5
         5         1         4         4
        17        19        13        13
        23        32        30        30
        23        20        29        29
         4         9         5         5
         4         8        10        10
        26        18        22        22
        26        28        25        25
        13        11        17        17
        13         6         7         7
        31        30        32        32
         2         1         5         5
         2         7         6         6
        14        10         8         8
        24        19        17        17
        24        25        28        28
         9        10        16        16
         3         4         1         1
        33        26        27        27
        12        13        19        19
        21        30        22        22
        16        14        20        20
        16        23        21        21
        22        31        27        27
        18        25        17        17
        26        33        28        28
         4         3         8         8
        23        29        32        32
        13        12         6         6
zone t="boundary 4 bc-4", solutiontime= 0.4000000E+02, strandid=1004, i=32, j=46, f=feblock
  0.125000000000E+01  0.219251206392E+01  0.103724302461E+01  0.500000000000E+01  0.250000000000E+01  0.375000000000E+01  0.404200324774E+01
  0.500000000000E+01  0.000000000000E+00  0.310152362409E+01  0.202479342020E+01  0.324151231464E+01  0.922061490191E+00  0.000000000000E+00
  0.299062775774E+01  0.394624082883E+01  0.500000000000E+01  0.409252726285E+01  0.500000000000E+01  0.429310310915E+01  0.175434191980E+01
  0.284428995242E+01  0.000000000000E+00  0.000000000000E+00  0.715990576545E+00  0.930412228790E+00  0.125000000000E+01  0.187029682677E+01
  0.500000000000E+01  0.375000000000E+01  0.250000000000E+01  0.000000000000E+00
  0.250000000000E+01  0.157686156160E+01  0.146289271009E+01  0.250000000000E+01  0.250000000000E+01  0.250000000000E+01  0.155830813274E+01
  0.125000000000E+01  0.250000000000E+01  0.177790177481E+01  0.477386199275E+00  0.742988685424E+00  0.308372018325E+00  0.125000000000E+01
 -0.487811078581E+00 -0.144524380962E+01 -0.125000000000E+01 -0.345533899378E+00  0.000000000000E+00  0.627766083140E+00 -0.739814786992E+00
 -0.158811787973E+01  0.000000000000E+00 -0.125000000000E+01 -0.600232012419E+00 -0.154800130438E+01 -0.250000000000E+01 -0.178862290564E+01
 -0.250000000000E+01 -0.250000000000E+01 -0.250000000000E+01 -0.250000000000E+01
  0.500000000000E+01  0.500000000000E+01  0.500000000000E+01  0.500000000000E+01  0.500000000000E+01  0.500000000000E+01  0.500000000000E+01
  0.500000000000E+01  0.500000000000E+01  0.500000000000E+01  0.500000000000E+01  0.500000000000E+01  0.500000000000E+01  0.500000000000E+01
  0.500000000000E+01  0.500000000000E+01  0.500000000000E+01  0.500000000000E+01  0.500000000000E+01  0.500000000000E+01  0.500000000000E+01
  0.500000000000E+01  0.500000000000E+01  0.500000000000E+01  0.500000000000E+01  0.500000000000E+01  0.500000000000E+01  0.500000000000E+01
  0.500000000000E+01  0.500000000000E+01  0.500000000000E+01  0.500000000000E+01
  0.100522859497E+01  0.100432970613E+01  0.100432033562E+01  0.100196466890E+01  0.100413203155E+01  0.100321958506E+01  0.100258621566E+01
  0.100201176942E+01  0.100426040726E+01  0.100372311445E+01  0.100446501478E+01  0.100346948556E+01  0.100365984153E+01  0.100424800540E+01
  0.100362337155E+01  0.100164187639E+01  0.100227629277E+01  0.100227307816E+01  0.100213446098E+01  0.100254342934E+01  0.100442384599E+01
  0.100337262213E+01  0.100288844239E+01  0.100334542183E+01  0.100323222664E+01  0.100406087326E+01  0.100510171181E+01  0.100431306251E+01
  0.100179475084E+01  0.100266311894E+01  0.100321164483E+01  0.100399273860E+01
  0.489076365306E+00  0.489238645643E+00  0.490983350787E+00  0.493065117389E+00  0.486766687189E+00  0.484758134307E+00  0.485405274014E+00
  0.494262909362E+00  0.495784876096E+00  0.486800373435E+00  0.488139374584E+00  0.487244732811E+00  0.494423309796E+00  0.496536483283E+00
  0.487845849150E+00  0.483219501393E+00  0.492573615367E+00  0.487262431041E+00  0.494866055972E+00  0.488012747694E+00  0.490096725427E+00
  0.488269664015E+00  0.497534086481E+00  0.496384260363E+00  0.495259765840E+00  0.493216444648E+00  0.490458154939E+00  0.490399993917E+00
  0.491426965690E+00  0.486218274458E+00  0.490304429988E+00  0.495522029723E+00
  0.000000000000E+00 -0.893844082898E-04 -0.129754349951E-02  0.000000000000E+00  0.000000000000E+00  0.000000000000E+00  0.425650470551E-03
  0.796987643286E-03  0.000000000000E+00  0.274721879936E-03 -0.942409158853E-03 -0.819935575444E-03 -0.174524228584E-02 -0.638395944751E-04
 -0.110015121081E-02 -0.102270859011E-02 -0.133249460742E-02 -0.213420496648E-02 -0.132921260112E-02 -0.106395898351E-02 -0.624383273151E-03
 -0.761653761893E-03 -0.196341516381E-03  0.807127119605E-03  0.520228316160E-04  0.161631424769E-02  0.000000000000E+00  0.791664142333E-03
  0.000000000000E+00  0.000000000000E+00  0.000000000000E+00  0.000000000000E+00
  0.337507097617E-02  0.271222530125E-02  0.385738479575E-02  0.572581290411E-02  0.160978875786E-02  0.569844348972E-03  0.203989240811E-02
  0.493741041492E-02  0.237176895544E-02  0.107162659292E-02  0.201395431828E-02 -0.165303210812E-04  0.501059901686E-02  0.308362258833E-02
  0.287445339257E-04  0.111423325064E-02  0.487160972476E-02  0.118271353224E-02  0.497046349194E-02  0.146539642330E-02  0.271572650984E-02
  0.899400422496E-04  0.268513920668E-02  0.264043133624E-02  0.438666784886E-02  0.489568184015E-02  0.400707431570E-02  0.232274487339E-02
  0.602725411545E-02 -0.143896457139E-03  0.120117123658E-02  0.345018555571E-02
  0.719566087642E+00  0.718473458564E+00  0.718651083052E+00  0.716030233802E+00  0.718146761350E+00  0.717062457438E+00  0.716314607302E+00
  0.716083385630E+00  0.718615291822E+00  0.717750677745E+00  0.718429574767E+00  0.717283088941E+00  0.718078231411E+00  0.718531161320E+00
  0.717563995072E+00  0.715464743214E+00  0.716504881315E+00  0.716068769741E+00  0.716255205272E+00  0.716270738595E+00  0.718698520607E+00
  0.717403217970E+00  0.717199386561E+00  0.717636872611E+00  0.717544909778E+00  0.718476368445E+00  0.719312936937E+00  0.718541149871E+00
  0.715892793398E+00  0.716608872418E+00  0.717367929008E+00  0.718400640072E+00
  0.488562435984E+00  0.488873175101E+00  0.490562959084E+00  0.492980868950E+00  0.486460983308E+00  0.484597194983E+00  0.485348213798E+00
  0.494163709410E+00  0.495346580558E+00  0.486528363198E+00  0.487820036757E+00  0.487069056544E+00  0.494045921724E+00  0.496127396365E+00
  0.487612426609E+00  0.483219754251E+00  0.492395536671E+00  0.487214293624E+00  0.494739085947E+00  0.487958774143E+00  0.489677258093E+00
  0.488029105587E+00  0.497246275787E+00  0.496059266570E+00  0.494951062359E+00  0.492800379373E+00  0.490002738258E+00  0.490005109795E+00
  0.491352316906E+00  0.486075474406E+00  0.490036474148E+00  0.495098267546E+00
  0.100215267228E+01  0.100152652645E+01  0.100178347544E+01  0.100047672182E+01  0.100126819412E+01  0.100066571203E+01  0.100025357875E+01
  0.100050395662E+01  0.100179336084E+01  0.100112365091E+01  0.100133044942E+01  0.100072432592E+01  0.100164366689E+01  0.100168844791E+01
  0.100096273321E+01  0.100000874974E+01  0.100082865481E+01  0.100022269328E+01  0.100062149983E+01  0.100023500697E+01  0.100174635724E+01
  0.100098854903E+01  0.100118726944E+01  0.100134171123E+01  0.100132635995E+01  0.100179873811E+01  0.100192657109E+01  0.100163748473E+01
  0.100045434448E+01  0.100058773723E+01  0.100109992322E+01  0.100176112579E+01
        12        15        11        11
        11         2        12        12
         5        10         2         2
        15        21        11        11
        15        22        21        21
        31        28        22        22
        15        12        18        18
        19        18        20        20
        11        21        13        13
        23        13        25        25
         7        12        10        10
        26        21        28        28
         7         8        20        20
        16        15        18        18
        26        24        25        25
        16        30        22        22
         3        11        13        13
         2        10        12        12
         3         1         2         2
        20        12         7         7
        10         6         7         7
        22        15        16        16
        18        17        16        16
        28        27        26        26
        32        24        26        26
         2        11         3         3
        13        14         3         3
        27        28        31        31
         2         1         5         5
         6        10         5         5
        14        13        23        23
        20         8        19        19
        17        18        19        19
        13        21        25        25
         1         3         9         9
        30        16        29        29
         8         7         4         4
        22        28        21        21
        24        23        25        25
        21        26        25        25
        30        31        22        22
        12        20        18        18
        17        29        16        16
        14         9         3         3
        27        32        26        26
         6         4         7         7
zone t="boundary 5 bc-5", solutiontime= 0.4000000E+02, strandid=1005, i=33, j=48, f=feblock
  0.500000000000E+01  0.500000000000E+01  0.500000000000E+01  0.500000000000E+01  0.500000000000E+01  0.500000000000E+01  0.500000000000E+01
  0.500000000000E+01  0.500000000000E+01  0.500000000000E+01  0.500000000000E+01  0.500000000000E+01  0.500000000000E+01  0.500000000000E+01
  0.500000000000E+01  0.500000000000E+01  0.500000000000E+01  0.500000000000E+01  0.500000000000E+01  0.500000000000E+01  0.500000000000E+01
  0.500000000000E+01  0.500000000000E+01  0.500000000000E+01  0.500000000000E+01  0.500000000000E+01  0.500000000000E+01  0.500000000000E+01
  0.500000000000E+01  0.500000000000E+01  0.500000000000E+01  0.500000000000E+01  0.500000000000E+01
  0.250000000000E+01  0.125000000000E+01  0.250000000000E+01  0.157899473280E+01  0.000000000000E+00  0.659350882208E+00  0.250000000000E+01
  0.173899611320E+01  0.825621401394E+00  0.132549389334E+01 -0.125000000000E+01 -0.322732261638E+00  0.250000000000E+01  0.490615021923E-01
 -0.873141960959E+00  0.350800286361E+00  0.145332269920E+01 -0.250000000000E+01 -0.147959633950E+01  0.250000000000E+01 -0.857924212153E+00
 -0.165007033378E+01  0.518568023061E+00 -0.461282870254E+00  0.125000000000E+01 -0.250000000000E+01 -0.183684615440E+01 -0.158398995423E+01
 -0.250000000000E+01 -0.250000000000E+01 -0.125000000000E+01  0.000000000000E+00 -0.250000000000E+01
  0.000000000000E+00  0.000000000000E+00  0.125000000000E+01  0.905837536509E+00  0.000000000000E+00  0.735450417037E+00  0.250000000000E+01
  0.182727219356E+01  0.162230260845E+01  0.280856328277E+01  0.000000000000E+00  0.109945440014E+01  0.375000000000E+01  0.227317933631E+01
  0.189599568386E+01  0.342819755379E+01  0.403384942830E+01  0.000000000000E+00  0.104050588738E+01  0.500000000000E+01  0.297954017413E+01
  0.214587157439E+01  0.430969386006E+01  0.408642231822E+01  0.500000000000E+01  0.125000000000E+01  0.304506426164E+01  0.398205049073E+01
  0.250000000000E+01  0.375000000000E+01  0.500000000000E+01  0.500000000000E+01  0.500000000000E+01
  0.843730530452E+00  0.773800433444E+00  0.963500546572E+00  0.924939909417E+00  0.762981886439E+00  0.875168871800E+00  0.100829901692E+01
  0.990761258646E+00  0.976727163572E+00  0.100514030373E+01  0.766457772092E+00  0.908966806502E+00  0.100673528645E+01  0.100560972224E+01
  0.986056719252E+00  0.101043866670E+01  0.100450496568E+01  0.830787409091E+00  0.914364214774E+00  0.100196466890E+01  0.101288279332E+01
  0.100045260507E+01  0.100546834506E+01  0.100583112744E+01  0.100201176942E+01  0.955878716064E+00  0.101161894181E+01  0.100703678806E+01
  0.100642908935E+01  0.100977868831E+01  0.100227629277E+01  0.100213446098E+01  0.100179475084E+01
  0.000000000000E+00  0.000000000000E+00  0.495017408952E+00  0.452411149787E+00  0.000000000000E+00  0.460317372369E+00  0.533822151455E+00
  0.528246205304E+00  0.524489289241E+00  0.541031277923E+00  0.000000000000E+00  0.493169640529E+00  0.518326868876E+00  0.537410532140E+00
  0.536126136156E+00  0.530985564974E+00  0.511794110874E+00  0.000000000000E+00  0.478351729877E+00  0.493065117389E+00  0.532835827018E+00
  0.529743426493E+00  0.506365623339E+00  0.512957880676E+00  0.494262909362E+00  0.494741308199E+00  0.530894119614E+00  0.512877722535E+00
  0.536179840808E+00  0.516235691345E+00  0.492573615367E+00  0.494866055972E+00  0.491426965690E+00
  0.000000000000E+00  0.000000000000E+00  0.000000000000E+00 -0.192257125403E-01  0.000000000000E+00 -0.782166473068E-02  0.000000000000E+00
 -0.731623342340E-02 -0.132772829174E-01 -0.770185299679E-04  0.000000000000E+00 -0.648828811613E-02  0.000000000000E+00 -0.438727271034E-03
  0.446872627989E-02  0.314794478558E-02  0.218336089549E-02  0.000000000000E+00  0.142733295225E-01  0.000000000000E+00  0.343439124149E-02
  0.491447185597E-02  0.170477341880E-02  0.690702442307E-03  0.796987643286E-03  0.000000000000E+00  0.192084165854E-02  0.477075842699E-03
  0.000000000000E+00  0.000000000000E+00 -0.133249460742E-02 -0.132921260112E-02  0.000000000000E+00
  0.000000000000E+00  0.000000000000E+00 -0.100761166513E+00 -0.112167826181E+00  0.000000000000E+00 -0.987545035122E-01 -0.424929263764E-01
 -0.801004502407E-01 -0.946250654148E-01 -0.278109294525E-01  0.000000000000E+00 -0.989525040930E-01  0.737187916476E-03 -0.587327632710E-01
 -0.809645533958E-01 -0.600287660459E-02  0.423077532036E-02  0.000000000000E+00 -0.100473218786E+00  0.572581290411E-02 -0.193533103661E-01
 -0.680713251711E-01  0.681910353171E-02  0.515495775641E-02  0.493741041492E-02 -0.995426037522E-01 -0.157580070337E-01  0.507092442274E-02
 -0.414442969463E-01  0.259922297982E-02  0.487160972476E-02  0.497046349194E-02  0.602725411545E-02
  0.602658414036E+00  0.552709224525E+00  0.677274957413E+00  0.645108648003E+00  0.544982424124E+00  0.599517143301E+00  0.722866634567E+00
  0.703744446571E+00  0.691534277942E+00  0.720507463020E+00  0.547465908135E+00  0.630782410544E+00  0.722284526540E+00  0.722089059947E+00
  0.702365839258E+00  0.726526625661E+00  0.719694309864E+00  0.593415713309E+00  0.635820126254E+00  0.716030233802E+00  0.729014161729E+00
  0.715528220679E+00  0.720447154469E+00  0.721204057262E+00  0.716083385630E+00  0.672591699676E+00  0.726895547639E+00  0.722102575139E+00
  0.720959953183E+00  0.724770860567E+00  0.716504881315E+00  0.716255205272E+00  0.715892793398E+00
  0.000000000000E+00  0.000000000000E+00  0.509231871573E+00  0.472098689419E+00  0.000000000000E+00  0.480805639452E+00  0.534527112618E+00
  0.535829287464E+00  0.535479030409E+00  0.540786048034E+00  0.000000000000E+00  0.510356169816E+00  0.517182276695E+00  0.539187580341E+00
  0.542979806448E+00  0.529277326870E+00  0.511036671729E+00  0.000000000000E+00  0.495604767664E+00  0.492980868950E+00  0.531173382965E+00
  0.533778472010E+00  0.505621077732E+00  0.512004132612E+00  0.494163709410E+00  0.508460334613E+00  0.529554223859E+00  0.511910989734E+00
  0.537002107418E+00  0.514994098664E+00  0.492395536671E+00  0.494739085947E+00  0.491352316906E+00
  0.999989628440E+00  0.999990282883E+00  0.984104206014E+00  0.976444088972E+00  0.999991490406E+00  0.959042337618E+00  0.100368370038E+01
  0.994429502164E+00  0.991216406410E+00  0.100355188672E+01  0.999992823214E+00  0.971537539594E+00  0.100443319189E+01  0.100528531255E+01
  0.997216646631E+00  0.100662940706E+01  0.100305331306E+01  0.999993487554E+00  0.973515982333E+00  0.100047672182E+01  0.100763862626E+01
  0.100128632168E+01  0.100314049787E+01  0.100383220664E+01  0.100050395662E+01  0.985091898922E+00  0.100596551195E+01  0.100387951779E+01
  0.100289622502E+01  0.100485305992E+01  0.100082865481E+01  0.100062149983E+01  0.100045434448E+01
        12        15        14        14
        21        16        14        14
         9        14        10        10
        15        22        21        21
        29        27        22        22
        14        16        10        10
         7         8        10        10
        14        15        21        21
        14         9        12        12
         5        12         6         6
        21        24        16        16
        32        23        24        24
        28        21        27        27
        17        16        23        23
        28        31        24        24
        19        15        12        12
         4         2         6         6
         4         9         8         8
        10         8         9         9
        17        13        10        10
        19        26        22        22
        10        16        17        17
        23        25        17        17
        22        15        19        19
        12        11        19        19
        27        30        28        28
        33        31        28        28
         6         9         4         4
         8         3         4         4
        25        23        32        32
        10        13         7         7
         3         8         7         7
        30        27        29        29
         6         2         5         5
        11        12         5         5
        24        23        16        16
        13        17        20        20
        26        19        18        18
         2         4         1         1
        22        27        21        21
        31        32        24        24
        21        28        24        24
        26        29        22        22
         9         6        12        12
        11        18        19        19
        25        20        17        17
        30        33        28        28
         3         1         4         4
zone t="boundary 6 bc-6", solutiontime= 0.4000000E+02, strandid=1006, i=33, j=48, f=feblock
  0.375000000000E+01  0.250000000000E+01  0.500000000000E+01  0.403384942830E+01  0.280856328277E+01  0.125000000000E+01  0.182727219356E+01
  0.500000000000E+01  0.430969386006E+01  0.342819755379E+01  0.227317933631E+01  0.162230260845E+01  0.000000000000E+00  0.905837536509E+00
  0.500000000000E+01  0.408642231822E+01  0.297954017413E+01  0.189599568386E+01  0.109945440014E+01  0.735450417037E+00  0.000000000000E+00
  0.500000000000E+01  0.398205049073E+01  0.304506426164E+01  0.214587157439E+01  0.104050588738E+01  0.000000000000E+00  0.000000000000E+00
  0.500000000000E+01  0.375000000000E+01  0.250000000000E+01  0.125000000000E+01  0.000000000000E+00
  0.250000000000E+01  0.250000000000E+01  0.250000000000E+01  0.145332269920E+01  0.132549389334E+01  0.250000000000E+01  0.173899611320E+01
  0.125000000000E+01  0.518568023061E+00  0.350800286361E+00  0.490615021923E-01  0.825621401394E+00  0.250000000000E+01  0.157899473280E+01
  0.000000000000E+00 -0.461282870254E+00 -0.857924212153E+00 -0.873141960959E+00 -0.322732261638E+00  0.659350882208E+00  0.125000000000E+01
 -0.125000000000E+01 -0.158398995423E+01 -0.183684615440E+01 -0.165007033378E+01 -0.147959633950E+01  0.000000000000E+00 -0.125000000000E+01
 -0.250000000000E+01 -0.250000000000E+01 -0.250000000000E+01 -0.250000000000E+01 -0.250000000000E+01
  0.000000000000E+00  0.000000000000E+00  0.000000000000E+00  0.000000000000E+00  0.000000000000E+00  0.000000000000E+00  0.000000000000E+00
  0.000000000000E+00  0.000000000000E+00  0.000000000000E+00  0.000000000000E+00  0.000000000000E+00  0.000000000000E+00  0.000000000000E+00
  0.000000000000E+00  0.000000000000E+00  0.000000000000E+00  0.000000000000E+00  0.000000000000E+00  0.000000000000E+00  0.000000000000E+00
  0.000000000000E+00  0.000000000000E+00  0.000000000000E+00  0.000000000000E+00  0.000000000000E+00  0.000000000000E+00  0.000000000000E+00
  0.000000000000E+00  0.000000000000E+00  0.000000000000E+00  0.000000000000E+00  0.000000000000E+00
  0.941861278109E+00  0.946296412164E+00  0.843730530452E+00  0.943650864231E+00  0.944515748431E+00  0.956975888603E+00  0.930066149867E+00
  0.773800433444E+00  0.937609838648E+00  0.956402847783E+00  0.942357997939E+00  0.925616108640E+00  0.134427145168E+01  0.100901443149E+01
  0.762981886439E+00  0.953747955763E+00  0.951876960045E+00  0.886350649957E+00  0.941585244876E+00  0.103637723885E+01  0.142583204464E+01
  0.766457772092E+00  0.950881083379E+00  0.934858311275E+00  0.932234983842E+00  0.958156104429E+00  0.164466727371E+01  0.149409063906E+01
  0.830787409091E+00  0.935297260116E+00  0.934221979832E+00  0.961719525213E+00  0.144945744631E+01
  0.000000000000E+00  0.000000000000E+00  0.000000000000E+00  0.000000000000E+00  0.000000000000E+00  0.000000000000E+00  0.000000000000E+00
  0.000000000000E+00  0.000000000000E+00  0.000000000000E+00  0.000000000000E+00  0.000000000000E+00  0.000000000000E+00  0.000000000000E+00
  0.000000000000E+00  0.000000000000E+00  0.000000000000E+00  0.000000000000E+00  0.000000000000E+00  0.000000000000E+00  0.000000000000E+00
  0.000000000000E+00  0.000000000000E+00  0.000000000000E+00  0.000000000000E+00  0.000000000000E+00  0.000000000000E+00  0.000000000000E+00
  0.000000000000E+00  0.000000000000E+00  0.000000000000E+00  0.000000000000E+00  0.000000000000E+00
  0.000000000000E+00  0.000000000000E+00  0.000000000000E+00  0.000000000000E+00  0.000000000000E+00  0.000000000000E+00  0.000000000000E+00
  0.000000000000E+00  0.000000000000E+00  0.000000000000E+00  0.000000000000E+00  0.000000000000E+00  0.000000000000E+00  0.000000000000E+00
  0.000000000000E+00  0.000000000000E+00  0.000000000000E+00  0.000000000000E+00  0.000000000000E+00  0.000000000000E+00  0.000000000000E+00
  0.000000000000E+00  0.000000000000E+00  0.000000000000E+00  0.000000000000E+00  0.000000000000E+00  0.000000000000E+00  0.000000000000E+00
  0.000000000000E+00  0.000000000000E+00  0.000000000000E+00  0.000000000000E+00  0.000000000000E+00
  0.000000000000E+00  0.000000000000E+00  0.000000000000E+00  0.000000000000E+00  0.000000000000E+00  0.000000000000E+00  0.000000000000E+00
  0.000000000000E+00  0.000000000000E+00  0.000000000000E+00  0.000000000000E+00  0.000000000000E+00  0.000000000000E+00  0.000000000000E+00
  0.000000000000E+00  0.000000000000E+00  0.000000000000E+00  0.000000000000E+00  0.000000000000E+00  0.000000000000E+00  0.000000000000E+00
  0.000000000000E+00  0.000000000000E+00  0.000000000000E+00  0.000000000000E+00  0.000000000000E+00  0.000000000000E+00  0.000000000000E+00
  0.000000000000E+00  0.000000000000E+00  0.000000000000E+00  0.000000000000E+00  0.000000000000E+00
  0.672750885967E+00  0.675918851704E+00  0.602658414036E+00  0.674029321527E+00  0.674647102678E+00  0.683547252874E+00  0.664326185944E+00
  0.552709224525E+00  0.669715074393E+00  0.683138395002E+00  0.673106953583E+00  0.661148135553E+00  0.960184575965E+00  0.720717654221E+00
  0.544982424124E+00  0.681243185563E+00  0.679907144788E+00  0.633102744179E+00  0.672555269331E+00  0.740262732830E+00  0.101844204955E+01
  0.547465908135E+00  0.679196289590E+00  0.667751584134E+00  0.665877573766E+00  0.684392097079E+00  0.117475225537E+01  0.106719924174E+01
  0.593415713309E+00  0.668065256775E+00  0.667297105598E+00  0.686937804772E+00  0.103531921462E+01
  0.000000000000E+00  0.000000000000E+00  0.000000000000E+00  0.000000000000E+00  0.000000000000E+00  0.000000000000E+00  0.000000000000E+00
  0.000000000000E+00  0.000000000000E+00  0.000000000000E+00  0.000000000000E+00  0.000000000000E+00  0.000000000000E+00  0.000000000000E+00
  0.000000000000E+00  0.000000000000E+00  0.000000000000E+00  0.000000000000E+00  0.000000000000E+00  0.000000000000E+00  0.000000000000E+00
  0.000000000000E+00  0.000000000000E+00  0.000000000000E+00  0.000000000000E+00  0.000000000000E+00  0.000000000000E+00  0.000000000000E+00
  0.000000000000E+00  0.000000000000E+00  0.000000000000E+00  0.000000000000E+00  0.000000000000E+00
  0.999989342639E+00  0.999989411587E+00  0.999989628440E+00  0.999989599868E+00  0.999989619356E+00  0.999989827770E+00  0.999989796913E+00
  0.999990282883E+00  0.999990684293E+00  0.999990490639E+00  0.999991231653E+00  0.999990580472E+00  0.999990295612E+00  0.999990371213E+00
  0.999991490406E+00  0.999992140508E+00  0.999992690923E+00  0.999992318947E+00  0.999991644078E+00  0.999990917513E+00  0.999990759591E+00
  0.999992823214E+00  0.999993397752E+00  0.999993481914E+00  0.999993155620E+00  0.999992518423E+00  0.999991416995E+00  0.999992168736E+00
  0.999993487554E+00  0.999993691171E+00  0.999993543296E+00  0.999993138819E+00  0.999992724287E+00
        19        18        11        11
        17        10        11        11
        12        11         5         5
        18        25        17        17
        31        24        25        25
        11        10         5         5
         2         7         5         5
        11        18        17        17
        11        12        19        19
        27        19        20        20
        17        16        10        10
        15         9        16        16
        23        17        24        24
         4        10         9         9
        23        22        16        16
        26        18        19        19
        14        21        20        20
        14        12         7         7
         5         7        12        12
         4         1         5         5
        26        32        25        25
         5        10         4         4
         9         8         4         4
        25        18        26        26
        19        28        26        26
        24        30        23        23
        29        22        23        23
        20        12        14        14
         7         6        14        14
         8         9        15        15
         5         1         2         2
         6         7         2         2
        30        24        31        31
        20        21        27        27
        28        19        27        27
        16         9        10        10
         1         4         3         3
        32        26        33        33
        21        14        13        13
        25        24        17        17
        22        15        16        16
        17        23        16        16
        32        31        25        25
        12        20        19        19
        28        33        26        26
         8         3         4         4
        30        29        23        23
         6        13        14        14
