title="tecplot geometry and solution file"
variables = x y z mach temperature lambda1 lambda2 lambda3 lambda4 lambda5
zone t="boundary 1 bc-1", solutiontime= 0.4000000E+02, strandid=1001, i=32, j=46, f=feblock
  0.000000000000E+00  0.000000000000E+00  0.000000000000E+00  0.000000000000E+00  0.000000000000E+00  0.000000000000E+00  0.000000000000E+00
  0.000000000000E+00  0.000000000000E+00  0.000000000000E+00  0.000000000000E+00  0.000000000000E+00  0.000000000000E+00  0.000000000000E+00
  0.000000000000E+00  0.000000000000E+00  0.000000000000E+00  0.000000000000E+00  0.000000000000E+00  0.000000000000E+00  0.000000000000E+00
  0.000000000000E+00  0.000000000000E+00  0.000000000000E+00  0.000000000000E+00  0.000000000000E+00  0.000000000000E+00  0.000000000000E+00
  0.000000000000E+00  0.000000000000E+00  0.000000000000E+00  0.000000000000E+00
  0.250000000000E+01  0.250000000000E+01  0.125000000000E+01  0.146289271009E+01  0.157686156160E+01  0.308372018325E+00  0.000000000000E+00
 -0.125000000000E+01 -0.600232012419E+00  0.250000000000E+01  0.477386199275E+00  0.742988685424E+00 -0.739814786992E+00  0.177790177481E+01
  0.155830813274E+01  0.250000000000E+01 -0.250000000000E+01 -0.154800130438E+01 -0.487811078581E+00  0.250000000000E+01  0.627766083140E+00
 -0.345533899378E+00 -0.178862290564E+01 -0.158811787973E+01  0.125000000000E+01 -0.250000000000E+01 -0.144524380962E+01  0.000000000000E+00
 -0.125000000000E+01 -0.250000000000E+01 -0.250000000000E+01 -0.250000000000E+01
  0.000000000000E+00  0.125000000000E+01  0.000000000000E+00  0.103724302461E+01  0.219251206392E+01  0.922061490191E+00  0.000000000000E+00
  0.000000000000E+00  0.715990576545E+00  0.250000000000E+01  0.202479342020E+01  0.324151231464E+01  0.175434191980E+01  0.310152362409E+01
  0.404200324774E+01  0.375000000000E+01  0.000000000000E+00  0.930412228790E+00  0.299062775774E+01  0.500000000000E+01  0.429310310915E+01
  0.409252726285E+01  0.187029682677E+01  0.284428995242E+01  0.500000000000E+01  0.125000000000E+01  0.394624082883E+01  0.500000000000E+01
  0.500000000000E+01  0.250000000000E+01  0.375000000000E+01  0.500000000000E+01
  0.000000000000E+00  0.441238348384E+00  0.000000000000E+00  0.475214987021E+00  0.460123708856E+00  0.468827815405E+00  0.000000000000E+00
  0.000000000000E+00  0.402302516798E+00  0.469814974359E+00  0.464411128942E+00  0.478714034184E+00  0.489298241651E+00  0.483068557888E+00
  0.487930073118E+00  0.488961654628E+00  0.000000000000E+00  0.464775721414E+00  0.473795651891E+00  0.495346592024E+00  0.490266103446E+00
  0.486286083902E+00  0.445717618051E+00  0.464382274634E+00  0.496127394917E+00  0.443624103833E+00  0.486964461957E+00  0.497246279768E+00
  0.496059270892E+00  0.467732355362E+00  0.488212087362E+00  0.495098264817E+00
  0.999990295028E+00  0.102982719499E+01  0.999990757903E+00  0.104247294232E+01  0.101190080524E+01  0.102520618293E+01  0.999991416700E+00
  0.999992168096E+00  0.103891223624E+01  0.100826277309E+01  0.101252833877E+01  0.100300548289E+01  0.102702865700E+01  0.100605563290E+01
  0.100244400478E+01  0.100355660048E+01  0.999992721792E+00  0.103239739214E+01  0.100459524090E+01  0.100179336279E+01  0.100260305842E+01
  0.100234966417E+01  0.101657153079E+01  0.100617544692E+01  0.100168844809E+01  0.104043292670E+01  0.100303376377E+01  0.100118726928E+01
  0.100134171022E+01  0.100976788415E+01  0.100405369352E+01  0.100176112495E+01
  0.875982273635E-03  0.457166460152E-02  0.963536916012E-03  0.709978795101E-02  0.395529350586E-03  0.871970449969E-02  0.654248971171E-03
  0.307687007335E-03  0.880965584758E-02 -0.286950165557E-03  0.500525409232E-03 -0.115547244978E-02  0.844162796571E-03 -0.634281426187E-03
 -0.152826488969E-02 -0.147536858542E-02  0.827653733892E-03  0.871058120389E-02 -0.840940254854E-03 -0.561368430370E-02 -0.203555402899E-02
 -0.142944339430E-02  0.996189190582E-03 -0.942062138508E-03 -0.582737117229E-02  0.725567838642E-02 -0.117764816562E-02 -0.650166702060E-02
 -0.579436689068E-02 -0.761709642120E-03 -0.137214404914E-02 -0.544055660761E-02
  0.389289229581E-04  0.657424411372E-03  0.478103982645E-04  0.902759365243E-03  0.459179618274E-06  0.134013722981E-02  0.506669550850E-04
  0.952103972593E-04  0.132764602722E-02 -0.125641389078E-03  0.267846222405E-04 -0.244446223845E-03  0.236674921311E-04 -0.181671123434E-03
 -0.299008478614E-03 -0.322325795065E-03  0.924023609248E-04  0.140799155887E-02 -0.172070897863E-03 -0.115650404064E-02 -0.404386960316E-03
 -0.274760379173E-03  0.580270635101E-04 -0.176176045929E-03 -0.122180582794E-02  0.966427081538E-03 -0.230878317383E-03 -0.136617590350E-02
 -0.121345465279E-02 -0.180281837349E-03 -0.285969102970E-03 -0.113378774429E-02
  0.616105872337E-04  0.190422597173E-04  0.900172439835E-04  0.195686895743E-03  0.290982193206E-04  0.783007337391E-04  0.596397864266E-04
 -0.777793021401E-04 -0.255143496081E-05 -0.171999377163E-05  0.400406569999E-04  0.351831380884E-04  0.523469224480E-05  0.985454130238E-05
 -0.125730389547E-05 -0.665508919625E-06 -0.662399117493E-04 -0.147992557003E-03  0.244054212885E-04  0.202430835347E-06  0.698972402967E-05
  0.896230215439E-05  0.265225082263E-04 -0.676358064171E-05  0.204812718956E-04 -0.243979834478E-04 -0.290681859861E-05  0.555753415756E-05
 -0.714909634415E-05 -0.470877068272E-05 -0.251859407597E-05  0.442190614870E-06
 -0.215369134166E-03 -0.182870401103E-03 -0.229574390462E-03  0.321565044328E-05  0.220278176217E-03  0.241061864872E-03 -0.125715073961E-03
 -0.145716270944E-03  0.972543064603E-04  0.245089309410E-03  0.434437653081E-03  0.252525782893E-03  0.497009624626E-03  0.231351329218E-03
  0.171528791022E-03  0.199144224858E-03 -0.151222680176E-03  0.545676999880E-04  0.300780507502E-03  0.748632166542E-04  0.164701189522E-03
  0.201556399283E-03  0.394578441177E-03  0.254461174176E-03  0.726361334875E-04  0.179743093952E-03  0.190676887511E-03  0.693234357488E-04
  0.832728691809E-04  0.304215237815E-03  0.197098754309E-03  0.800761487449E-04
 -0.713562144631E-03 -0.188677064838E-02 -0.933646258898E-03 -0.284602593738E-02 -0.168575381769E-03 -0.364080543943E-02  0.882816387708E-04
  0.135590437012E-03 -0.366240921545E-02  0.112600358680E-03 -0.224404084028E-03  0.452708078908E-03 -0.357959079744E-03  0.248983441458E-03
  0.610273878044E-03  0.594140370107E-03 -0.326117806500E-03 -0.363077725298E-02  0.312432960743E-03  0.233118375794E-02  0.822699004284E-03
  0.567579914156E-03 -0.424694617344E-03  0.345041684203E-03  0.242386983829E-02 -0.294062809874E-02  0.462808898120E-03  0.271215006875E-02
  0.241175230662E-02  0.284642845485E-03  0.550059393013E-03  0.225895793370E-02
        12        19        11        11
        11         5        12        12
        10        14         5         5
        19        13        11        11
        19        24        13        13
        30        23        24        24
        19        12        22        22
        28        22        21        21
        11        13         6         6
         7         6         9         9
        15        12        14        14
        18        13        23        23
        15        25        21        21
        27        19        22        22
        18         8         9         9
        27        31        24        24
         4        11         6         6
         5        14        12        12
         4         2         5         5
        21        12        15        15
        14        16        15        15
        24        19        27        27
        22        29        27        27
        23        26        18        18
        17         8        18        18
         5        11         4         4
         6         3         4         4
        26        23        30        30
         5         2        10        10
        16        14        10        10
         3         6         7         7
        21        25        28        28
        29        22        28        28
         6        13         9         9
         2         4         1         1
        31        27        32        32
        25        15        20        20
        24        23        13        13
         8         7         9         9
        13        18         9         9
        31        30        24        24
        12        21        22        22
        29        32        27        27
         3         1         4         4
        26        17        18        18
        16        20        15        15
zone t="boundary 2 bc-2", solutiontime= 0.4000000E+02, strandid=1002, i=33, j=48, f=feblock
  0.500000000000E+01  0.375000000000E+01  0.250000000000E+01  0.288078410721E+01  0.125000000000E+01  0.190974100652E+01  0.326683758169E+01
  0.201431602454E+01  0.000000000000E+00  0.963108083381E+00  0.500000000000E+01  0.403552511878E+01  0.423153924130E+01  0.500000000000E+01
  0.385533350601E+01  0.500000000000E+01  0.398173246726E+01  0.315249557942E+01  0.267000324704E+01  0.154774304040E+01  0.218329375016E+01
  0.893127759452E+00  0.000000000000E+00  0.698517061619E+00  0.964171764089E+00  0.310324758057E+01  0.000000000000E+00  0.000000000000E+00
  0.125000000000E+01  0.500000000000E+01  0.375000000000E+01  0.250000000000E+01  0.000000000000E+00
 -0.250000000000E+01 -0.250000000000E+01 -0.250000000000E+01 -0.250000000000E+01 -0.250000000000E+01 -0.250000000000E+01 -0.250000000000E+01
 -0.250000000000E+01 -0.250000000000E+01 -0.250000000000E+01 -0.250000000000E+01 -0.250000000000E+01 -0.250000000000E+01 -0.250000000000E+01
 -0.250000000000E+01 -0.250000000000E+01 -0.250000000000E+01 -0.250000000000E+01 -0.250000000000E+01 -0.250000000000E+01 -0.250000000000E+01
 -0.250000000000E+01 -0.250000000000E+01 -0.250000000000E+01 -0.250000000000E+01 -0.250000000000E+01 -0.250000000000E+01 -0.250000000000E+01
 -0.250000000000E+01 -0.250000000000E+01 -0.250000000000E+01 -0.250000000000E+01 -0.250000000000E+01
  0.000000000000E+00  0.000000000000E+00  0.000000000000E+00  0.904659890645E+00  0.000000000000E+00  0.717002441913E+00  0.188609243358E+01
  0.176246431481E+01  0.000000000000E+00  0.961328577125E+00  0.125000000000E+01  0.101201586758E+01  0.191586535653E+01  0.250000000000E+01
  0.293121848150E+01  0.375000000000E+01  0.406975391361E+01  0.363585050272E+01  0.285047954584E+01  0.292817774674E+01  0.395907379566E+01
  0.205246550326E+01  0.125000000000E+01  0.306828197606E+01  0.397245519226E+01  0.433168271247E+01  0.250000000000E+01  0.375000000000E+01
  0.500000000000E+01  0.500000000000E+01  0.500000000000E+01  0.500000000000E+01  0.500000000000E+01
  0.000000000000E+00  0.000000000000E+00  0.000000000000E+00  0.380991906500E+00  0.000000000000E+00  0.343629824950E+00  0.585286157424E+00
  0.579373264282E+00  0.000000000000E+00  0.501056069140E+00  0.508460362676E+00  0.435373026572E+00  0.572640041190E+00  0.537002098944E+00
  0.568922553870E+00  0.514994090651E+00  0.508247257160E+00  0.527252853130E+00  0.567446661127E+00  0.531657143909E+00  0.505981016593E+00
  0.520795579399E+00  0.443624103833E+00  0.490663730453E+00  0.492155873749E+00  0.501390784676E+00  0.467732355362E+00  0.488212087362E+00
  0.490002767114E+00  0.491352304715E+00  0.486075475228E+00  0.490036479234E+00  0.495098264817E+00
  0.999993487379E+00  0.999993690057E+00  0.999993543115E+00  0.989539055875E+00  0.999993137282E+00  0.985524707174E+00  0.989838908967E+00
  0.991798516580E+00  0.999992721792E+00  0.984411112416E+00  0.985091906406E+00  0.984689080896E+00  0.990058464829E+00  0.100289621837E+01
  0.999855369243E+00  0.100485306649E+01  0.100121554699E+01  0.100055642931E+01  0.997896793475E+00  0.100350029570E+01  0.100058068723E+01
  0.101093276247E+01  0.104043292670E+01  0.100326475367E+01  0.100254498742E+01  0.100045587387E+01  0.100976788415E+01  0.100405369352E+01
  0.100192656835E+01  0.100045434508E+01  0.100058774183E+01  0.100109993754E+01  0.100176112495E+01
 -0.508087131754E-03 -0.417820351302E-03 -0.255587683388E-03  0.711569873960E-02  0.768327338359E-03  0.226939015901E-01 -0.106471737093E-02
  0.640621307477E-03  0.827653733892E-03  0.101266585851E-01 -0.125229335151E-02 -0.175651655364E-02 -0.949730537728E-03 -0.814011580998E-03
 -0.577077685156E-03 -0.526184146013E-03 -0.388825813184E-03 -0.433387282940E-03 -0.825632822099E-03 -0.114496192605E-02 -0.568395616848E-03
  0.552022679480E-03  0.725567838642E-02 -0.759765118262E-03 -0.110932743432E-02 -0.689822568649E-03 -0.761709642120E-03 -0.137214404914E-02
 -0.493108487322E-02 -0.611386256151E-03 -0.230216376902E-02 -0.436925164616E-02 -0.544055660761E-02
  0.147296483814E-03 -0.307358389572E-04  0.283507736586E-05  0.127823406394E-02 -0.109511285258E-03  0.283976160714E-02 -0.412795257230E-04
 -0.922403398634E-04  0.924023609248E-04  0.120036413137E-02  0.289918111437E-03  0.295587957612E-04  0.151126543995E-03  0.207334758701E-03
  0.128199309885E-03  0.123196335972E-03  0.141002211931E-03  0.108818259864E-03  0.104729450691E-04 -0.144418037696E-03  0.400771110621E-04
 -0.895401281812E-04  0.966427081538E-03 -0.715764133724E-04 -0.136376765722E-03  0.609831210639E-04 -0.180281837349E-03 -0.285969102970E-03
 -0.897382356949E-03  0.294639309500E-04 -0.234775888043E-03 -0.690336772159E-03 -0.113378774429E-02
 -0.378573454919E-04  0.114361654738E-04  0.631300955650E-04  0.191084974713E-03  0.324722004524E-04  0.277338341473E-03 -0.173153628741E-04
  0.935567895274E-05 -0.662399117493E-04  0.101502316330E-03 -0.128366776763E-04 -0.519549050216E-04  0.134915750221E-05  0.141082319295E-05
  0.177287262756E-05 -0.288030285793E-05  0.885544176684E-07 -0.186213762982E-05  0.478965355046E-05  0.938617642213E-05 -0.353115783921E-05
  0.677104235619E-05 -0.243979834478E-04  0.248292157736E-05 -0.100451535508E-05 -0.148258698643E-05 -0.470877068272E-05 -0.251859407597E-05
 -0.108997897155E-05 -0.644398045309E-06 -0.541385567910E-07  0.304151870444E-06  0.442190614870E-06
 -0.316938689725E-04 -0.495881513667E-04 -0.871013348630E-04  0.286768818084E-03 -0.199935314267E-03  0.730623708608E-04  0.370471031471E-03
  0.496349677058E-03 -0.151222680176E-03  0.229584130673E-03  0.590105739660E-04  0.255101662961E-03  0.136485991320E-03  0.541508682357E-04
  0.128939768597E-03  0.424825653428E-04  0.114493362081E-03  0.163311034006E-03  0.205439756269E-03  0.189765057934E-03  0.179585818440E-03
  0.349897034665E-03  0.179743093952E-03  0.201113599759E-03  0.172236578893E-03  0.158143858841E-03  0.304215237815E-03  0.197098754309E-03
  0.115399430947E-03  0.649418647786E-04  0.138905115516E-03  0.148024166482E-03  0.800761487449E-04
  0.117130524833E-03  0.483462152870E-03  0.109814356535E-02 -0.320502166049E-02  0.960141889533E-03 -0.967041001476E-02  0.341406933836E-03
 -0.237309808543E-03 -0.326117806500E-03 -0.414809371245E-02  0.269180534376E-03  0.551710292859E-03  0.229279613305E-03  0.156885194325E-03
  0.114032118896E-03  0.106563176919E-03  0.562912035388E-04  0.817687934059E-04  0.245598090055E-03  0.417630307209E-03  0.156010389828E-03
 -0.211196600779E-03 -0.294062809874E-02  0.260423171465E-03  0.410414464744E-03  0.191237673319E-03  0.284642845485E-03  0.550059393013E-03
  0.200631782603E-02  0.185308701182E-03  0.864972723406E-03  0.174028136211E-02  0.225895793370E-02
        15         7        19        19
         8        20        19        19
        18        19        21        21
         7         4         8         8
         3         6         4         4
        19         7         8         8
        19        18        15        15
        14        13        15        15
         8        22        20        20
        27        24        22        22
        19        20        21        21
        32        26        21        21
        17        18        26        26
        17        16        15        15
        25        29        21        21
        12         7        13        13
        10         8         6         6
        25        20        24        24
         4         6         8         8
        12         2         4         4
        10        23        22        22
        26        31        17        17
        30        16        17        17
         4         7        12        12
        13        11        12        12
        21        20        25        25
        24        28        25        25
        22         8        10        10
         6         5        10        10
        31        26        32        32
         4         2         3         3
         5         6         3         3
        11        13        14        14
        22        23        27        27
        28        24        27        27
        15        13         7         7
         2        12         1         1
        29        25        33        33
        23        10         9         9
        21        26        18        18
        16        14        15        15
        18        17        15        15
        29        32        21        21
        22        24        20        20
        28        33        25        25
        11         1        12        12
        31        30        17        17
         5         9        10        10
zone t="boundary 3 bc-3", solutiontime= 0.4000000E+02, strandid=1003, i=33, j=48, f=feblock
  0.375000000000E+01  0.250000000000E+01  0.500000000000E+01  0.403552511878E+01  0.288078410721E+01  0.125000000000E+01  0.190974100652E+01
  0.500000000000E+01  0.326683758169E+01  0.423153924130E+01  0.201431602454E+01  0.000000000000E+00  0.963108083381E+00  0.500000000000E+01
  0.267000324704E+01  0.385533350601E+01  0.893127759452E+00  0.154774304040E+01  0.000000000000E+00  0.500000000000E+01  0.315249557942E+01
  0.218329375016E+01  0.398173246726E+01  0.000000000000E+00  0.698517061619E+00  0.964171764089E+00  0.125000000000E+01  0.000000000000E+00
  0.500000000000E+01  0.310324758057E+01  0.250000000000E+01  0.375000000000E+01  0.000000000000E+00
  0.250000000000E+01  0.250000000000E+01  0.250000000000E+01  0.250000000000E+01  0.250000000000E+01  0.250000000000E+01  0.250000000000E+01
  0.250000000000E+01  0.250000000000E+01  0.250000000000E+01  0.250000000000E+01  0.250000000000E+01  0.250000000000E+01  0.250000000000E+01
  0.250000000000E+01  0.250000000000E+01  0.250000000000E+01  0.250000000000E+01  0.250000000000E+01  0.250000000000E+01  0.250000000000E+01
  0.250000000000E+01  0.250000000000E+01  0.250000000000E+01  0.250000000000E+01  0.250000000000E+01  0.250000000000E+01  0.250000000000E+01
  0.250000000000E+01  0.250000000000E+01  0.250000000000E+01  0.250000000000E+01  0.250000000000E+01
  0.000000000000E+00  0.000000000000E+00  0.000000000000E+00  0.101201586758E+01  0.904659890645E+00  0.000000000000E+00  0.717002441913E+00
  0.125000000000E+01  0.188609243358E+01  0.191586535653E+01  0.176246431481E+01  0.000000000000E+00  0.961328577125E+00  0.250000000000E+01
  0.285047954584E+01  0.293121848150E+01  0.205246550326E+01  0.292817774674E+01  0.125000000000E+01  0.375000000000E+01  0.363585050272E+01
  0.395907379566E+01  0.406975391361E+01  0.250000000000E+01  0.306828197606E+01  0.397245519226E+01  0.500000000000E+01  0.375000000000E+01
  0.500000000000E+01  0.433168271247E+01  0.500000000000E+01  0.500000000000E+01  0.500000000000E+01
  0.000000000000E+00  0.000000000000E+00  0.000000000000E+00  0.443767745459E+00  0.402286944574E+00  0.000000000000E+00  0.377550369545E+00
  0.509232128688E+00  0.575832179754E+00  0.573707405285E+00  0.562554064412E+00  0.000000000000E+00  0.490563299840E+00  0.534527096543E+00
  0.556586982170E+00  0.564391577749E+00  0.522730517385E+00  0.522052000170E+00  0.441238348384E+00  0.517182331791E+00  0.524228630763E+00
  0.503687457534E+00  0.509488571178E+00  0.469814974359E+00  0.495614442414E+00  0.494483780212E+00  0.488562428343E+00  0.488961654628E+00
  0.492980744788E+00  0.499005552222E+00  0.486460936507E+00  0.484596927548E+00  0.495346592024E+00
  0.999989339439E+00  0.999989408764E+00  0.999989626853E+00  0.981541895460E+00  0.988773990194E+00  0.999989827144E+00  0.982469462434E+00
  0.984104309047E+00  0.990427545862E+00  0.990355285694E+00  0.994362997073E+00  0.999990295028E+00  0.988652071037E+00  0.100368369414E+01
  0.999769197113E+00  0.100118501219E+01  0.100834885320E+01  0.100252111043E+01  0.102982719499E+01  0.100443319461E+01  0.100199536635E+01
  0.100082056599E+01  0.100138192342E+01  0.100826277309E+01  0.100298787130E+01  0.100192389555E+01  0.100215267510E+01  0.100355660048E+01
  0.100047670023E+01  0.100056591053E+01  0.100126820231E+01  0.100066573360E+01  0.100179336279E+01
 -0.338033193207E-03  0.225664428219E-03 -0.407457875233E-03  0.187865489082E-02  0.101281880218E-01  0.593365269356E-03  0.975220829155E-02
 -0.142026375577E-02 -0.897417832674E-03 -0.933507365153E-03  0.158753944240E-02  0.875982273635E-03  0.648056670472E-02 -0.740941112695E-03
 -0.845852584895E-03 -0.615629372009E-03  0.215056273646E-03 -0.841912175157E-03  0.457166460152E-02 -0.516890026478E-03 -0.369023666783E-03
 -0.505505263628E-03 -0.397593066893E-03 -0.286950165557E-03 -0.675408793055E-03 -0.136306333858E-02 -0.424555551863E-02 -0.147536858542E-02
 -0.495006937294E-03 -0.610329535252E-03 -0.398486436212E-02 -0.216062036207E-02 -0.561368430370E-02
 -0.555162316101E-04 -0.751176410248E-04  0.111681333806E-03  0.662703881787E-03  0.146203053301E-02 -0.112059305628E-03  0.117169412887E-02
  0.249958808203E-03  0.168885636084E-04  0.155631041425E-03  0.222819743173E-04  0.389289229581E-04  0.509045850830E-03  0.193548365378E-03
  0.546761484241E-05  0.116180937123E-03 -0.164580617243E-03 -0.828809822632E-04  0.657424411372E-03  0.126823519770E-03  0.114497527901E-03
  0.605825930534E-04  0.130975222258E-03 -0.125641389078E-03 -0.149403073848E-03 -0.173610690798E-03 -0.756889481645E-03 -0.322325795065E-03
  0.455796248480E-04  0.706159279363E-04 -0.619314621800E-03 -0.213521744006E-03 -0.115650404064E-02
 -0.116969818358E-04  0.788183752817E-05  0.776430762018E-05 -0.558961708421E-04 -0.181947013837E-03  0.495060537383E-04 -0.617657504603E-05
 -0.205689537076E-05 -0.160003029346E-04  0.845526622205E-06 -0.144158870469E-04  0.616105872337E-04  0.614809102399E-04  0.489301786322E-05
  0.420267600471E-06  0.145640622741E-05 -0.254540471148E-04 -0.973086021620E-05  0.190422597173E-04  0.271761793654E-05  0.128848048259E-05
  0.682897540046E-05  0.434433473631E-06 -0.171999377163E-05 -0.564187573716E-05  0.261660216254E-05  0.263477134778E-05 -0.665508919625E-06
  0.101238546789E-05  0.316311097157E-07  0.605965262083E-06 -0.200467056505E-06  0.202430835347E-06
 -0.773098308473E-04 -0.153102520231E-03 -0.292686654406E-04  0.892459942044E-04  0.172488577347E-03 -0.128505211956E-03  0.348504932421E-04
  0.383662792591E-04  0.298161384743E-03  0.125269530374E-03  0.451599670906E-03 -0.215369134166E-03  0.132381957040E-03  0.538389665153E-04
  0.154913559298E-03  0.126178064543E-03  0.358503327888E-03  0.164147600971E-03 -0.182870401103E-03  0.516568987152E-04  0.153894225705E-03
  0.158056829720E-03  0.115675469468E-03  0.245089309410E-03  0.233687551031E-03  0.159999310743E-03  0.119500949920E-03  0.199144224858E-03
  0.579906891556E-04  0.151637394316E-03  0.146215194038E-03  0.133698201277E-03  0.748632166542E-04
  0.115685239056E-02  0.589249030765E-03  0.189704102544E-03 -0.104264276573E-02 -0.441947491385E-02  0.483025376873E-04 -0.408447065570E-02
  0.351910622054E-03  0.274266303400E-03  0.227894933638E-03 -0.618450820778E-03 -0.713562144631E-03 -0.256162612903E-02  0.139934797925E-03
  0.261194576893E-03  0.134128739635E-03 -0.717203692055E-04  0.291240540237E-03 -0.188677064838E-02  0.101463432864E-03  0.576312731837E-04
  0.128594848775E-03  0.642040550728E-04  0.112600358680E-03  0.242844659209E-03  0.513282455425E-03  0.171731442995E-02  0.594140370107E-03
  0.140071142845E-03  0.161597247672E-03  0.158163109241E-02  0.808465761097E-03  0.233118375794E-02
        15         9        16        16
        15        18        11        11
        22        15        21        21
        11         5         9         9
         5         7         2         2
        11         9        15        15
        16        21        15        15
        16        10        14        14
        18        17        11        11
        17        25        24        24
        22        18        15        15
        22        30        31        31
        30        21        23        23
        16        20        23        23
        22        27        26        26
        10         9         4         4
         7        11        13        13
        25        18        26        26
        11         7         5         5
         5         1         4         4
        17        19        13        13
        23        32        30        30
        23        20        29        29
         4         9         5         5
         4         8        10        10
        26        18        22        22
        26        28        25        25
        13        11        17        17
        13         6         7         7
        31        30        32        32
         2         1         5         5
         2         7         6         6
        14        10         8         8
        24        19        17        17
        24        25        28        28
         9        10        16        16
         3         4         1         1
        33        26        27        27
        12        13        19        19
        21        30        22        22
        16        14        20        20
        16        23        21        21
        22        31        27        27
        18        25        17        17
        26        33        28        28
         4         3         8         8
        23        29        32        32
        13        12         6         6
zone t="boundary 4 bc-4", solutiontime= 0.4000000E+02, strandid=1004, i=32, j=46, f=feblock
  0.125000000000E+01  0.219251206392E+01  0.103724302461E+01  0.500000000000E+01  0.250000000000E+01  0.375000000000E+01  0.404200324774E+01
  0.500000000000E+01  0.000000000000E+00  0.310152362409E+01  0.202479342020E+01  0.324151231464E+01  0.922061490191E+00  0.000000000000E+00
  0.299062775774E+01  0.394624082883E+01  0.500000000000E+01  0.409252726285E+01  0.500000000000E+01  0.429310310915E+01  0.175434191980E+01
  0.284428995242E+01  0.000000000000E+00  0.000000000000E+00  0.715990576545E+00  0.930412228790E+00  0.125000000000E+01  0.187029682677E+01
  0.500000000000E+01  0.375000000000E+01  0.250000000000E+01  0.000000000000E+00
  0.250000000000E+01  0.157686156160E+01  0.146289271009E+01  0.250000000000E+01  0.250000000000E+01  0.250000000000E+01  0.155830813274E+01
  0.125000000000E+01  0.250000000000E+01  0.177790177481E+01  0.477386199275E+00  0.742988685424E+00  0.308372018325E+00  0.125000000000E+01
 -0.487811078581E+00 -0.144524380962E+01 -0.125000000000E+01 -0.345533899378E+00  0.000000000000E+00  0.627766083140E+00 -0.739814786992E+00
 -0.158811787973E+01  0.000000000000E+00 -0.125000000000E+01 -0.600232012419E+00 -0.154800130438E+01 -0.250000000000E+01 -0.178862290564E+01
 -0.250000000000E+01 -0.250000000000E+01 -0.250000000000E+01 -0.250000000000E+01
  0.500000000000E+01  0.500000000000E+01  0.500000000000E+01  0.500000000000E+01  0.500000000000E+01  0.500000000000E+01  0.500000000000E+01
  0.500000000000E+01  0.500000000000E+01  0.500000000000E+01  0.500000000000E+01  0.500000000000E+01  0.500000000000E+01  0.500000000000E+01
  0.500000000000E+01  0.500000000000E+01  0.500000000000E+01  0.500000000000E+01  0.500000000000E+01  0.500000000000E+01  0.500000000000E+01
  0.500000000000E+01  0.500000000000E+01  0.500000000000E+01  0.500000000000E+01  0.500000000000E+01  0.500000000000E+01  0.500000000000E+01
  0.500000000000E+01  0.500000000000E+01  0.500000000000E+01  0.500000000000E+01
  0.488562428343E+00  0.488873127044E+00  0.490562939264E+00  0.492980744788E+00  0.486460936507E+00  0.484596927548E+00  0.485347896276E+00
  0.494163542317E+00  0.495346592024E+00  0.486528232758E+00  0.487819998460E+00  0.487068916091E+00  0.494045904395E+00  0.496127394917E+00
  0.487612357629E+00  0.483219722850E+00  0.492395510969E+00  0.487214141159E+00  0.494738985333E+00  0.487958525499E+00  0.489677249447E+00
  0.488029107105E+00  0.497246279768E+00  0.496059270892E+00  0.494951052257E+00  0.492800373677E+00  0.490002767114E+00  0.490005124553E+00
  0.491352304715E+00  0.486075475228E+00  0.490036479234E+00  0.495098264817E+00
  0.100215267510E+01  0.100152652958E+01  0.100178347660E+01  0.100047670023E+01  0.100126820231E+01  0.100066573360E+01  0.100025357725E+01
  0.100050391679E+01  0.100179336279E+01  0.100112367258E+01  0.100133045248E+01  0.100072432973E+01  0.100164366725E+01  0.100168844809E+01
  0.100096274503E+01  0.100000874853E+01  0.100082864314E+01  0.100022269190E+01  0.100062146074E+01  0.100023497311E+01  0.100174635719E+01
  0.100098855496E+01  0.100118726928E+01  0.100134171022E+01  0.100132635956E+01  0.100179873777E+01  0.100192656835E+01  0.100163748619E+01
  0.100045434508E+01  0.100058774183E+01  0.100109993754E+01  0.100176112495E+01
 -0.424555551863E-02 -0.413407040676E-02 -0.423499716313E-02 -0.495006937294E-03 -0.398486436212E-02 -0.216062036207E-02 -0.150586007624E-02
 -0.494267032155E-03 -0.561368430370E-02 -0.331858049220E-02 -0.448034823351E-02 -0.314964953835E-02 -0.521334353326E-02 -0.582737117229E-02
 -0.359175472199E-02 -0.150688275107E-02 -0.591393417657E-03 -0.189279686078E-02 -0.470809033178E-03 -0.186344750512E-02 -0.557720538977E-02
 -0.341651176948E-02 -0.650166702060E-02 -0.579436689068E-02 -0.607639930974E-02 -0.490244804920E-02 -0.493108487322E-02 -0.522849485880E-02
 -0.611386256151E-03 -0.230216376902E-02 -0.436925164616E-02 -0.544055660761E-02
 -0.756889481645E-03 -0.674579631173E-03 -0.764806215554E-03  0.455796248480E-04 -0.619314621800E-03 -0.213521744006E-03 -0.949690118869E-04
  0.351732478835E-04 -0.115650404064E-02 -0.455204213682E-03 -0.738608669412E-03 -0.416735719709E-03 -0.954838341272E-03 -0.122180582794E-02
 -0.509117965055E-03 -0.948208024333E-04  0.368945767110E-04 -0.167779228636E-03  0.365544021845E-04 -0.165488967830E-03 -0.970919956743E-03
 -0.475311587137E-03 -0.136617590350E-02 -0.121345465279E-02 -0.115859107193E-02 -0.917212899719E-03 -0.897382356949E-03 -0.900644668203E-03
  0.294639309500E-04 -0.234775888043E-03 -0.690336772159E-03 -0.113378774429E-02
  0.263477134778E-05  0.113798436109E-04  0.127727274278E-04  0.101238546789E-05  0.605965262083E-06 -0.200467056505E-06  0.339304664907E-05
 -0.264591097099E-05  0.202430835347E-06  0.644003521437E-05  0.153444420456E-04  0.695317913178E-05  0.182929894883E-04  0.204812718956E-04
 -0.886458316771E-06 -0.584711175794E-05 -0.276632103362E-05 -0.675427769562E-05  0.406879055389E-06 -0.816842474247E-06 -0.372502559689E-07
 -0.215601657849E-05  0.555753415756E-05 -0.714909634415E-05 -0.453321249998E-06 -0.108861532114E-04 -0.108997897155E-05 -0.106815801832E-04
 -0.644398045309E-06 -0.541385567910E-07  0.304151870444E-06  0.442190614870E-06
  0.119500949920E-03  0.144276072849E-03  0.114103849936E-03  0.579906891556E-04  0.146215194038E-03  0.133698201277E-03  0.121315262837E-03
  0.527000152461E-04  0.748632166542E-04  0.149618387991E-03  0.141164588526E-03  0.152107046662E-03  0.110620152509E-03  0.726361334875E-04
  0.152039345750E-03  0.127131211552E-03  0.622409084661E-04  0.126055200574E-03  0.511608224715E-04  0.113865460907E-03  0.134011682895E-03
  0.154684126330E-03  0.693234357488E-04  0.832728691809E-04  0.949319947624E-04  0.109697867505E-03  0.115399430947E-03  0.132784932013E-03
  0.649418647786E-04  0.138905115516E-03  0.148024166482E-03  0.800761487449E-04
  0.171731442995E-02  0.164995505955E-02  0.171936584310E-02  0.140071142845E-03  0.158163109241E-02  0.808465761097E-03  0.538249118366E-03
  0.144484976254E-03  0.233118375794E-02  0.129434063481E-02  0.179480051203E-02  0.122294810113E-02  0.212851744275E-02  0.242386983829E-02
  0.140860172896E-02  0.537795798146E-03  0.175706115855E-03  0.700077040692E-03  0.135896619375E-03  0.692143216689E-03  0.225720093829E-02
  0.133454527187E-02  0.271215006875E-02  0.241175230662E-02  0.250076094623E-02  0.200363298843E-02  0.200631782603E-02  0.211213419820E-02
  0.185308701182E-03  0.864972723406E-03  0.174028136211E-02  0.225895793370E-02
        12        15        11        11
        11         2        12        12
         5        10         2         2
        15        21        11        11
        15        22        21        21
        31        28        22        22
        15        12        18        18
        19        18        20        20
        11        21        13        13
        23        13        25        25
         7        12        10        10
        26        21        28        28
         7         8        20        20
        16        15        18        18
        26        24        25        25
        16        30        22        22
         3        11        13        13
         2        10        12        12
         3         1         2         2
        20        12         7         7
        10         6         7         7
        22        15        16        16
        18        17        16        16
        28        27        26        26
        32        24        26        26
         2        11         3         3
        13        14         3         3
        27        28        31        31
         2         1         5         5
         6        10         5         5
        14        13        23        23
        20         8        19        19
        17        18        19        19
        13        21        25        25
         1         3         9         9
        30        16        29        29
         8         7         4         4
        22        28        21        21
        24        23        25        25
        21        26        25        25
        30        31        22        22
        12        20        18        18
        17        29        16        16
        14         9         3         3
        27        32        26        26
         6         4         7         7
zone t="boundary 5 bc-5", solutiontime= 0.4000000E+02, strandid=1005, i=33, j=48, f=feblock
  0.500000000000E+01  0.500000000000E+01  0.500000000000E+01  0.500000000000E+01  0.500000000000E+01  0.500000000000E+01  0.500000000000E+01
  0.500000000000E+01  0.500000000000E+01  0.500000000000E+01  0.500000000000E+01  0.500000000000E+01  0.500000000000E+01  0.500000000000E+01
  0.500000000000E+01  0.500000000000E+01  0.500000000000E+01  0.500000000000E+01  0.500000000000E+01  0.500000000000E+01  0.500000000000E+01
  0.500000000000E+01  0.500000000000E+01  0.500000000000E+01  0.500000000000E+01  0.500000000000E+01  0.500000000000E+01  0.500000000000E+01
  0.500000000000E+01  0.500000000000E+01  0.500000000000E+01  0.500000000000E+01  0.500000000000E+01
  0.250000000000E+01  0.125000000000E+01  0.250000000000E+01  0.157899473280E+01  0.000000000000E+00  0.659350882208E+00  0.250000000000E+01
  0.173899611320E+01  0.825621401394E+00  0.132549389334E+01 -0.125000000000E+01 -0.322732261638E+00  0.250000000000E+01  0.490615021923E-01
 -0.873141960959E+00  0.350800286361E+00  0.145332269920E+01 -0.250000000000E+01 -0.147959633950E+01  0.250000000000E+01 -0.857924212153E+00
 -0.165007033378E+01  0.518568023061E+00 -0.461282870254E+00  0.125000000000E+01 -0.250000000000E+01 -0.183684615440E+01 -0.158398995423E+01
 -0.250000000000E+01 -0.250000000000E+01 -0.125000000000E+01  0.000000000000E+00 -0.250000000000E+01
  0.000000000000E+00  0.000000000000E+00  0.125000000000E+01  0.905837536509E+00  0.000000000000E+00  0.735450417037E+00  0.250000000000E+01
  0.182727219356E+01  0.162230260845E+01  0.280856328277E+01  0.000000000000E+00  0.109945440014E+01  0.375000000000E+01  0.227317933631E+01
  0.189599568386E+01  0.342819755379E+01  0.403384942830E+01  0.000000000000E+00  0.104050588738E+01  0.500000000000E+01  0.297954017413E+01
  0.214587157439E+01  0.430969386006E+01  0.408642231822E+01  0.500000000000E+01  0.125000000000E+01  0.304506426164E+01  0.398205049073E+01
  0.250000000000E+01  0.375000000000E+01  0.500000000000E+01  0.500000000000E+01  0.500000000000E+01
  0.000000000000E+00  0.000000000000E+00  0.509232128688E+00  0.472098749751E+00  0.000000000000E+00  0.480805629297E+00  0.534527096543E+00
  0.535829284544E+00  0.535479021387E+00  0.540786045491E+00  0.000000000000E+00  0.510356197485E+00  0.517182331791E+00  0.539187577880E+00
  0.542979820827E+00  0.529277379004E+00  0.511036765470E+00  0.000000000000E+00  0.495604789636E+00  0.492980744788E+00  0.531173388087E+00
  0.533778472990E+00  0.505621127769E+00  0.512004182097E+00  0.494163542317E+00  0.508460362676E+00  0.529554208813E+00  0.511911000444E+00
  0.537002098944E+00  0.514994090651E+00  0.492395510969E+00  0.494738985333E+00  0.491352304715E+00
  0.999989626853E+00  0.999990280142E+00  0.984104309047E+00  0.976444106158E+00  0.999991490088E+00  0.959042327528E+00  0.100368369414E+01
  0.994429506663E+00  0.991216393836E+00  0.100355187734E+01  0.999992820913E+00  0.971537544369E+00  0.100443319461E+01  0.100528531017E+01
  0.997216648600E+00  0.100662940615E+01  0.100305331035E+01  0.999993487379E+00  0.973515985336E+00  0.100047670023E+01  0.100763862604E+01
  0.100128631826E+01  0.100314049598E+01  0.100383220486E+01  0.100050391679E+01  0.985091906406E+00  0.100596550881E+01  0.100387951332E+01
  0.100289621837E+01  0.100485306649E+01  0.100082864314E+01  0.100062146074E+01  0.100045434508E+01
 -0.407457875233E-03 -0.366406295169E-03 -0.142026375577E-02 -0.169095379226E-02 -0.579958211817E-03 -0.786590061925E-03 -0.740941112695E-03
 -0.951649919561E-03 -0.103826910432E-02 -0.658784597696E-03 -0.399480542065E-03 -0.897147070885E-03 -0.516890026478E-03 -0.836249606191E-03
 -0.100199569929E-02 -0.553319901737E-03 -0.418758084253E-03 -0.508087131754E-03 -0.105792848558E-02 -0.495006937294E-03 -0.670158652761E-03
 -0.943160334057E-03 -0.339935900045E-03 -0.381959699497E-03 -0.494267032155E-03 -0.125229335151E-02 -0.664980732174E-03 -0.430117608823E-03
 -0.814011580998E-03 -0.526184146013E-03 -0.591393417657E-03 -0.470809033178E-03 -0.611386256151E-03
  0.111681333806E-03  0.110225177904E-03  0.249958808203E-03  0.231624413802E-03  0.192462367621E-03  0.623432097183E-03  0.193548365378E-03
  0.251437382281E-03  0.286838585359E-03  0.180433917358E-03  0.158759666006E-03  0.537813104158E-03  0.126823519770E-03  0.219372124959E-03
  0.270164686914E-03  0.153241086692E-03  0.126829886207E-03  0.147296483814E-03  0.453619125969E-03  0.455796248480E-04  0.173817936141E-03
  0.242379031989E-03  0.112929530209E-03  0.134556298227E-03  0.351732478835E-04  0.289918111437E-03  0.164144038293E-03  0.135876060046E-03
  0.207334758701E-03  0.123196335972E-03  0.368945767110E-04  0.365544021845E-04  0.294639309500E-04
  0.776430762018E-05  0.367182223069E-04 -0.205689537076E-05  0.490335631205E-04 -0.244750291263E-04  0.103465313401E-03  0.489301786322E-05
  0.247773197798E-04  0.366482978176E-04  0.592824764390E-05 -0.226590676997E-04 -0.578611936008E-04  0.271761793654E-05 -0.320759461301E-06
 -0.224970684589E-04  0.698220133734E-05  0.207614634733E-05 -0.378573454919E-04 -0.281804411104E-04  0.101238546789E-05 -0.610619042171E-05
 -0.203516303045E-04  0.124613818581E-05  0.112841462000E-05 -0.264591097099E-05 -0.128366776763E-04 -0.802258794883E-07 -0.585360961135E-05
  0.141082319295E-05 -0.288030285793E-05 -0.276632103362E-05  0.406879055389E-06 -0.644398045309E-06
 -0.292686654406E-04 -0.425347628092E-04  0.383662792591E-04  0.689742598690E-05 -0.856124532272E-04 -0.437159197029E-04  0.538389665153E-04
  0.581567023901E-04  0.104572608880E-03  0.607837592935E-04 -0.578405278373E-04  0.284138492055E-04  0.516568987152E-04  0.641626356684E-04
  0.981203622912E-04  0.402034205629E-04  0.553367959898E-04 -0.316938689725E-04  0.105286115003E-04  0.579906891556E-04  0.431072790323E-04
  0.670937208192E-04  0.406359539200E-04  0.493921217321E-04  0.527000152461E-04  0.590105739660E-04  0.369023390279E-04  0.474487957181E-04
  0.541508682357E-04  0.424825653428E-04  0.622409084661E-04  0.511608224715E-04  0.649418647786E-04
  0.189704102544E-03  0.423180498742E-03  0.351910622054E-03  0.460275939636E-03  0.689567161533E-03 -0.729770558914E-04  0.139934797925E-03
  0.182684066402E-03  0.198589681961E-03  0.120033519543E-03  0.598090587936E-03  0.589137800186E-05  0.101463432864E-03  0.155448323192E-03
  0.188847155955E-03  0.100527780374E-03  0.725954974898E-04  0.117130524833E-03  0.119562872425E-03  0.140071142845E-03  0.126147231229E-03
  0.180778729621E-03  0.531997448848E-04  0.573284754575E-04  0.144484976254E-03  0.269180534376E-03  0.129427303917E-03  0.730093227341E-04
  0.156885194325E-03  0.106563176919E-03  0.175706115855E-03  0.135896619375E-03  0.185308701182E-03
        12        15        14        14
        21        16        14        14
         9        14        10        10
        15        22        21        21
        29        27        22        22
        14        16        10        10
         7         8        10        10
        14        15        21        21
        14         9        12        12
         5        12         6         6
        21        24        16        16
        32        23        24        24
        28        21        27        27
        17        16        23        23
        28        31        24        24
        19        15        12        12
         4         2         6         6
         4         9         8         8
        10         8         9         9
        17        13        10        10
        19        26        22        22
        10        16        17        17
        23        25        17        17
        22        15        19        19
        12        11        19        19
        27        30        28        28
        33        31        28        28
         6         9         4         4
         8         3         4         4
        25        23        32        32
        10        13         7         7
         3         8         7         7
        30        27        29        29
         6         2         5         5
        11        12         5         5
        24        23        16        16
        13        17        20        20
        26        19        18        18
         2         4         1         1
        22        27        21        21
        31        32        24        24
        21        28        24        24
        26        29        22        22
         9         6        12        12
        11        18        19        19
        25        20        17        17
        30        33        28        28
         3         1         4         4
zone t="boundary 6 bc-6", solutiontime= 0.4000000E+02, strandid=1006, i=33, j=48, f=feblock
  0.375000000000E+01  0.250000000000E+01  0.500000000000E+01  0.403384942830E+01  0.280856328277E+01  0.125000000000E+01  0.182727219356E+01
  0.500000000000E+01  0.430969386006E+01  0.342819755379E+01  0.227317933631E+01  0.162230260845E+01  0.000000000000E+00  0.905837536509E+00
  0.500000000000E+01  0.408642231822E+01  0.297954017413E+01  0.189599568386E+01  0.109945440014E+01  0.735450417037E+00  0.000000000000E+00
  0.500000000000E+01  0.398205049073E+01  0.304506426164E+01  0.214587157439E+01  0.104050588738E+01  0.000000000000E+00  0.000000000000E+00
  0.500000000000E+01  0.375000000000E+01  0.250000000000E+01  0.125000000000E+01  0.000000000000E+00
  0.250000000000E+01  0.250000000000E+01  0.250000000000E+01  0.145332269920E+01  0.132549389334E+01  0.250000000000E+01  0.173899611320E+01
  0.125000000000E+01  0.518568023061E+00  0.350800286361E+00  0.490615021923E-01  0.825621401394E+00  0.250000000000E+01  0.157899473280E+01
  0.000000000000E+00 -0.461282870254E+00 -0.857924212153E+00 -0.873141960959E+00 -0.322732261638E+00  0.659350882208E+00  0.125000000000E+01
 -0.125000000000E+01 -0.158398995423E+01 -0.183684615440E+01 -0.165007033378E+01 -0.147959633950E+01  0.000000000000E+00 -0.125000000000E+01
 -0.250000000000E+01 -0.250000000000E+01 -0.250000000000E+01 -0.250000000000E+01 -0.250000000000E+01
  0.000000000000E+00  0.000000000000E+00  0.000000000000E+00  0.000000000000E+00  0.000000000000E+00  0.000000000000E+00  0.000000000000E+00
  0.000000000000E+00  0.000000000000E+00  0.000000000000E+00  0.000000000000E+00  0.000000000000E+00  0.000000000000E+00  0.000000000000E+00
  0.000000000000E+00  0.000000000000E+00  0.000000000000E+00  0.000000000000E+00  0.000000000000E+00  0.000000000000E+00  0.000000000000E+00
  0.000000000000E+00  0.000000000000E+00  0.000000000000E+00  0.000000000000E+00  0.000000000000E+00  0.000000000000E+00  0.000000000000E+00
  0.000000000000E+00  0.000000000000E+00  0.000000000000E+00  0.000000000000E+00  0.000000000000E+00
  0.000000000000E+00  0.000000000000E+00  0.000000000000E+00  0.000000000000E+00  0.000000000000E+00  0.000000000000E+00  0.000000000000E+00
  0.000000000000E+00  0.000000000000E+00  0.000000000000E+00  0.000000000000E+00  0.000000000000E+00  0.000000000000E+00  0.000000000000E+00
  0.000000000000E+00  0.000000000000E+00  0.000000000000E+00  0.000000000000E+00  0.000000000000E+00  0.000000000000E+00  0.000000000000E+00
  0.000000000000E+00  0.000000000000E+00  0.000000000000E+00  0.000000000000E+00  0.000000000000E+00  0.000000000000E+00  0.000000000000E+00
  0.000000000000E+00  0.000000000000E+00  0.000000000000E+00  0.000000000000E+00  0.000000000000E+00
  0.999989339439E+00  0.999989408764E+00  0.999989626853E+00  0.999989597857E+00  0.999989617537E+00  0.999989827144E+00  0.999989796486E+00
  0.999990280142E+00  0.999990683073E+00  0.999990488857E+00  0.999991229255E+00  0.999990579939E+00  0.999990295028E+00  0.999990369758E+00
  0.999991490088E+00  0.999992140430E+00  0.999992688838E+00  0.999992317107E+00  0.999991643787E+00  0.999990917154E+00  0.999990757903E+00
  0.999992820913E+00  0.999993395481E+00  0.999993478885E+00  0.999993152857E+00  0.999992518335E+00  0.999991416700E+00  0.999992168096E+00
  0.999993487379E+00  0.999993690057E+00  0.999993543115E+00  0.999993137282E+00  0.999992721792E+00
 -0.338033193207E-03  0.225664428219E-03 -0.407457875233E-03 -0.427122353880E-03  0.381600787025E-04  0.593365269356E-03  0.265767995782E-03
 -0.366406295169E-03 -0.471498316588E-03 -0.148920443139E-03  0.214876565834E-03  0.224565120984E-03  0.875982273635E-03  0.604482164236E-03
 -0.579958211817E-03 -0.490943430309E-03  0.428583344523E-04  0.445116859165E-03  0.260581033311E-03  0.469969655628E-03  0.963536916012E-03
 -0.399480542065E-03 -0.470975359073E-03  0.171119731895E-04  0.133270705612E-03  0.593105967280E-03  0.654248971171E-03  0.307687007335E-03
 -0.508087131754E-03 -0.417820351302E-03 -0.255587683388E-03  0.768327338359E-03  0.827653733892E-03
 -0.555162316101E-04 -0.751176410248E-04  0.111681333806E-03 -0.217405610584E-04 -0.226021336941E-03 -0.112059305628E-03 -0.445849793095E-04
  0.110225177904E-03 -0.269801116927E-04 -0.181551001677E-03 -0.145050262503E-03 -0.562819304851E-04  0.389289229581E-04 -0.170782254124E-03
  0.192462367621E-03 -0.376851504786E-04 -0.189984786986E-03 -0.151461261492E-03 -0.327294158911E-04 -0.140375158364E-03  0.478103982645E-04
  0.158759666006E-03 -0.198122052188E-04 -0.160507113087E-03 -0.152508039374E-03 -0.112685673956E-03  0.506669550850E-04  0.952103972593E-04
  0.147296483814E-03 -0.307358389572E-04  0.283507736586E-05 -0.109511285258E-03  0.924023609248E-04
 -0.116969818358E-04  0.788183752817E-05  0.776430762018E-05 -0.400553832683E-04 -0.380018156818E-04  0.495060537383E-04  0.231671188150E-04
  0.367182223069E-04  0.433424510408E-04  0.198069448152E-04 -0.252046833093E-04 -0.266691879939E-04  0.616105872337E-04  0.578761605774E-04
 -0.244750291263E-04 -0.207579814444E-04 -0.681257382989E-04 -0.714248644587E-04 -0.193401971755E-03  0.350663041061E-04  0.900172439835E-04
 -0.226590676997E-04  0.550020167600E-05  0.114364493020E-03  0.256495046131E-03 -0.239426770995E-04  0.596397864266E-04 -0.777793021401E-04
 -0.378573454919E-04  0.114361654738E-04  0.631300955650E-04  0.324722004524E-04 -0.662399117493E-04
 -0.773098308473E-04 -0.153102520231E-03 -0.292686654406E-04 -0.116898754899E-03 -0.268656126708E-03 -0.128505211956E-03 -0.165107808517E-03
 -0.425347628092E-04 -0.896116033151E-04 -0.169410781023E-03 -0.241985446167E-03 -0.286688862502E-03 -0.215369134166E-03 -0.127396800479E-03
 -0.856124532272E-04 -0.118614709537E-03 -0.220224732345E-03 -0.243121288423E-03 -0.418863103168E-03 -0.192608608327E-03 -0.229574390462E-03
 -0.578405278373E-04 -0.834760512832E-04 -0.135611261768E-03 -0.258626064327E-03 -0.440223369272E-03 -0.125715073961E-03 -0.145716270944E-03
 -0.316938689725E-04 -0.495881513667E-04 -0.871013348630E-04 -0.199935314267E-03 -0.151222680176E-03
  0.115685239056E-02  0.589249030765E-03  0.189704102544E-03  0.406901684601E-03  0.961509281480E-03  0.483025376873E-04  0.570381771907E-03
  0.423180498742E-03  0.432673935194E-03  0.997669510461E-03  0.444524472798E-03  0.198883185876E-03 -0.713562144631E-03  0.129541966415E-02
  0.689567161533E-03  0.861547795824E-03  0.153533289033E-02  0.305988386648E-03  0.287918348946E-04  0.701704892389E-03 -0.933646258898E-03
  0.598090587936E-03  0.123711503176E-02 -0.288584211870E-04  0.186828717915E-03 -0.514319934210E-03  0.882816387708E-04  0.135590437012E-03
  0.117130524833E-03  0.483462152870E-03  0.109814356535E-02  0.960141889533E-03 -0.326117806500E-03
        19        18        11        11
        17        10        11        11
        12        11         5         5
        18        25        17        17
        31        24        25        25
        11        10         5         5
         2         7         5         5
        11        18        17        17
        11        12        19        19
        27        19        20        20
        17        16        10        10
        15         9        16        16
        23        17        24        24
         4        10         9         9
        23        22        16        16
        26        18        19        19
        14        21        20        20
        14        12         7         7
         5         7        12        12
         4         1         5         5
        26        32        25        25
         5        10         4         4
         9         8         4         4
        25        18        26        26
        19        28        26        26
        24        30        23        23
        29        22        23        23
        20        12        14        14
         7         6        14        14
         8         9        15        15
         5         1         2         2
         6         7         2         2
        30        24        31        31
        20        21        27        27
        28        19        27        27
        16         9        10        10
         1         4         3         3
        32        26        33        33
        21        14        13        13
        25        24        17        17
        22        15        16        16
        17        23        16        16
        32        31        25        25
        12        20        19        19
        28        33        26        26
         8         3         4         4
        30        29        23        23
         6        13        14        14
