title="tecplot geometry and solution file"
variables = x y z rho u v w p mach temperature
zone t="boundary 1 bc-1", solutiontime= 0.7000000E+02, strandid=1001, i=32, j=46, f=feblock
  0.000000000000E+00  0.000000000000E+00  0.000000000000E+00  0.000000000000E+00  0.000000000000E+00  0.000000000000E+00  0.000000000000E+00
  0.000000000000E+00  0.000000000000E+00  0.000000000000E+00  0.000000000000E+00  0.000000000000E+00  0.000000000000E+00  0.000000000000E+00
  0.000000000000E+00  0.000000000000E+00  0.000000000000E+00  0.000000000000E+00  0.000000000000E+00  0.000000000000E+00  0.000000000000E+00
  0.000000000000E+00  0.000000000000E+00  0.000000000000E+00  0.000000000000E+00  0.000000000000E+00  0.000000000000E+00  0.000000000000E+00
  0.000000000000E+00  0.000000000000E+00  0.000000000000E+00  0.000000000000E+00
  0.250000000000E+01  0.250000000000E+01  0.125000000000E+01  0.146289271009E+01  0.157686156160E+01  0.308372018325E+00  0.000000000000E+00
 -0.125000000000E+01 -0.600232012419E+00  0.250000000000E+01  0.477386199275E+00  0.742988685424E+00 -0.739814786992E+00  0.177790177481E+01
  0.155830813274E+01  0.250000000000E+01 -0.250000000000E+01 -0.154800130438E+01 -0.487811078581E+00  0.250000000000E+01  0.627766083140E+00
 -0.345533899378E+00 -0.178862290564E+01 -0.158811787973E+01  0.125000000000E+01 -0.250000000000E+01 -0.144524380962E+01  0.000000000000E+00
 -0.125000000000E+01 -0.250000000000E+01 -0.250000000000E+01 -0.250000000000E+01
  0.000000000000E+00  0.125000000000E+01  0.000000000000E+00  0.103724302461E+01  0.219251206392E+01  0.922061490191E+00  0.000000000000E+00
  0.000000000000E+00  0.715990576545E+00  0.250000000000E+01  0.202479342020E+01  0.324151231464E+01  0.175434191980E+01  0.310152362409E+01
  0.404200324774E+01  0.375000000000E+01  0.000000000000E+00  0.930412228790E+00  0.299062775774E+01  0.500000000000E+01  0.429310310915E+01
  0.409252726285E+01  0.187029682677E+01  0.284428995242E+01  0.500000000000E+01  0.125000000000E+01  0.394624082883E+01  0.500000000000E+01
  0.500000000000E+01  0.250000000000E+01  0.375000000000E+01  0.500000000000E+01
  0.121818458194E+01  0.105826237866E+01  0.128618966702E+01  0.108360318683E+01  0.102353818150E+01  0.116896026915E+01  0.145483167948E+01
  0.134702293089E+01  0.119335315723E+01  0.101663544535E+01  0.101704782236E+01  0.100664229116E+01  0.102798203005E+01  0.100991664140E+01
  0.100347387159E+01  0.100492021930E+01  0.130112134550E+01  0.114218086488E+01  0.100788000564E+01  0.100195491969E+01  0.100379281722E+01
  0.100391014997E+01  0.103489601459E+01  0.101229040640E+01  0.100191064940E+01  0.106029378129E+01  0.100437398427E+01  0.100078101967E+01
  0.100129934002E+01  0.102047308259E+01  0.100592766331E+01  0.100184142540E+01
  0.000000000000E+00  0.452341937929E+00  0.000000000000E+00  0.473453002509E+00  0.470156681847E+00  0.459847670980E+00  0.000000000000E+00
  0.000000000000E+00  0.401657734899E+00  0.478831870893E+00  0.474377881166E+00  0.485453434790E+00  0.492419539200E+00  0.489458988813E+00
  0.492137878276E+00  0.493512609025E+00  0.000000000000E+00  0.464100228837E+00  0.481655961352E+00  0.498222036324E+00  0.493991284471E+00
  0.490676108716E+00  0.458526885164E+00  0.473158305932E+00  0.498752939501E+00  0.451086838901E+00  0.491543229480E+00  0.499565568313E+00
  0.498567808280E+00  0.477358087448E+00  0.492969519438E+00  0.497857293712E+00
  0.000000000000E+00  0.000000000000E+00  0.000000000000E+00  0.159869524548E-01 -0.426994578622E-02  0.288683655772E-01  0.000000000000E+00
  0.000000000000E+00 -0.358909985941E-02  0.000000000000E+00  0.246363075259E-02 -0.532488951969E-02 -0.288928050211E-02 -0.184334738722E-03
 -0.111420245729E-02  0.000000000000E+00  0.000000000000E+00 -0.850120951952E-02  0.934255508295E-03  0.000000000000E+00 -0.168146857252E-02
 -0.106065187379E-02  0.219467362611E-02 -0.119815173814E-02  0.721186645835E-04  0.000000000000E+00  0.213532624406E-03 -0.171042336951E-03
  0.607641699386E-03  0.000000000000E+00  0.000000000000E+00  0.000000000000E+00
  0.000000000000E+00  0.387461301027E-01  0.000000000000E+00  0.104161880391E+00  0.226227018316E-01  0.134968238228E+00  0.000000000000E+00
  0.000000000000E+00  0.126747286887E+00  0.343051086646E-02  0.214216663380E-01 -0.711475457299E-02  0.633445095586E-01  0.293264161761E-02
 -0.808249680520E-03  0.233506485276E-03  0.000000000000E+00  0.115487278976E+00 -0.830702056096E-02  0.114920461546E-02 -0.767806822020E-03
 -0.441740607057E-02  0.222709990679E-01 -0.268519057694E-02  0.181619499476E-02  0.687463147671E-01 -0.176036782695E-02  0.156160276721E-02
  0.142583867866E-02  0.231155401235E-02 -0.109720453638E-02  0.211453877793E-02
  0.907048411896E+00  0.774824693795E+00  0.957684337964E+00  0.800788124557E+00  0.737959853506E+00  0.857553599979E+00  0.108325354303E+01
  0.100298019558E+01  0.887423993002E+00  0.730590466893E+00  0.733249046913E+00  0.720273413532E+00  0.748091271226E+00  0.724261290943E+00
  0.717584116753E+00  0.719253632702E+00  0.968802320784E+00  0.841059007700E+00  0.722231941679E+00  0.716331146232E+00  0.717951593159E+00
  0.717915449334E+00  0.749258875717E+00  0.726447015203E+00  0.716258694654E+00  0.782240671428E+00  0.718599221695E+00  0.715135353945E+00
  0.715577484806E+00  0.734200048752E+00  0.720291040301E+00  0.716211583001E+00
  0.000000000000E+00  0.448420230539E+00  0.000000000000E+00  0.476858080056E+00  0.468526646183E+00  0.473750642545E+00  0.000000000000E+00
  0.000000000000E+00  0.412800192935E+00  0.477392728794E+00  0.472665109085E+00  0.485115566540E+00  0.491878728689E+00  0.488489512257E+00
  0.491859539915E+00  0.493013764043E+00  0.000000000000E+00  0.471104089998E+00  0.480954939022E+00  0.497997592862E+00  0.493665490854E+00
  0.490411087983E+00  0.455984239431E+00  0.472064589877E+00  0.498544440236E+00  0.448977812024E+00  0.491139521655E+00  0.499466118396E+00
  0.498443509739E+00  0.475640614011E+00  0.492364230709E+00  0.497649527295E+00
  0.104242640687E+01  0.102503367141E+01  0.104242640687E+01  0.103460693731E+01  0.100938471430E+01  0.102704520560E+01  0.104242640687E+01
  0.104242640687E+01  0.104109465222E+01  0.100608990010E+01  0.100934158956E+01  0.100172900324E+01  0.101881915160E+01  0.100400940608E+01
  0.100113993189E+01  0.100202490352E+01  0.104242640687E+01  0.103090731686E+01  0.100321934426E+01  0.100090691210E+01  0.100133435225E+01
  0.100116691628E+01  0.101359210125E+01  0.100467792133E+01  0.100084989926E+01  0.103286179673E+01  0.100165767545E+01  0.100040815707E+01
  0.100050847802E+01  0.100725838416E+01  0.100246518035E+01  0.100085321966E+01
        12        19        11        11
        11         5        12        12
        10        14         5         5
        19        13        11        11
        19        24        13        13
        30        23        24        24
        19        12        22        22
        28        22        21        21
        11        13         6         6
         7         6         9         9
        15        12        14        14
        18        13        23        23
        15        25        21        21
        27        19        22        22
        18         8         9         9
        27        31        24        24
         4        11         6         6
         5        14        12        12
         4         2         5         5
        21        12        15        15
        14        16        15        15
        24        19        27        27
        22        29        27        27
        23        26        18        18
        17         8        18        18
         5        11         4         4
         6         3         4         4
        26        23        30        30
         5         2        10        10
        16        14        10        10
         3         6         7         7
        21        25        28        28
        29        22        28        28
         6        13         9         9
         2         4         1         1
        31        27        32        32
        25        15        20        20
        24        23        13        13
         8         7         9         9
        13        18         9         9
        31        30        24        24
        12        21        22        22
        29        32        27        27
         3         1         4         4
        26        17        18        18
        16        20        15        15
zone t="boundary 2 bc-2", solutiontime= 0.7000000E+02, strandid=1002, i=33, j=48, f=feblock
  0.500000000000E+01  0.375000000000E+01  0.250000000000E+01  0.288078410721E+01  0.125000000000E+01  0.190974100652E+01  0.326683758169E+01
  0.201431602454E+01  0.000000000000E+00  0.963108083381E+00  0.500000000000E+01  0.403552511878E+01  0.423153924130E+01  0.500000000000E+01
  0.385533350601E+01  0.500000000000E+01  0.398173246726E+01  0.315249557942E+01  0.267000324704E+01  0.154774304040E+01  0.218329375016E+01
  0.893127759452E+00  0.000000000000E+00  0.698517061619E+00  0.964171764089E+00  0.310324758057E+01  0.000000000000E+00  0.000000000000E+00
  0.125000000000E+01  0.500000000000E+01  0.375000000000E+01  0.250000000000E+01  0.000000000000E+00
 -0.250000000000E+01 -0.250000000000E+01 -0.250000000000E+01 -0.250000000000E+01 -0.250000000000E+01 -0.250000000000E+01 -0.250000000000E+01
 -0.250000000000E+01 -0.250000000000E+01 -0.250000000000E+01 -0.250000000000E+01 -0.250000000000E+01 -0.250000000000E+01 -0.250000000000E+01
 -0.250000000000E+01 -0.250000000000E+01 -0.250000000000E+01 -0.250000000000E+01 -0.250000000000E+01 -0.250000000000E+01 -0.250000000000E+01
 -0.250000000000E+01 -0.250000000000E+01 -0.250000000000E+01 -0.250000000000E+01 -0.250000000000E+01 -0.250000000000E+01 -0.250000000000E+01
 -0.250000000000E+01 -0.250000000000E+01 -0.250000000000E+01 -0.250000000000E+01 -0.250000000000E+01
  0.000000000000E+00  0.000000000000E+00  0.000000000000E+00  0.904659890645E+00  0.000000000000E+00  0.717002441913E+00  0.188609243358E+01
  0.176246431481E+01  0.000000000000E+00  0.961328577125E+00  0.125000000000E+01  0.101201586758E+01  0.191586535653E+01  0.250000000000E+01
  0.293121848150E+01  0.375000000000E+01  0.406975391361E+01  0.363585050272E+01  0.285047954584E+01  0.292817774674E+01  0.395907379566E+01
  0.205246550326E+01  0.125000000000E+01  0.306828197606E+01  0.397245519226E+01  0.433168271247E+01  0.250000000000E+01  0.375000000000E+01
  0.500000000000E+01  0.500000000000E+01  0.500000000000E+01  0.500000000000E+01  0.500000000000E+01
  0.768442109317E+00  0.889467848361E+00  0.898590067213E+00  0.950545293979E+00  0.925002312270E+00  0.947939534805E+00  0.980939672464E+00
  0.987812977660E+00  0.130112134550E+01  0.101416776781E+01  0.944532913674E+00  0.944167558355E+00  0.978036972676E+00  0.100707584362E+01
  0.997752378202E+00  0.100974227713E+01  0.100010875269E+01  0.996155377201E+00  0.989909723509E+00  0.998870819769E+00  0.997947254796E+00
  0.100916160587E+01  0.106029378129E+01  0.100645927347E+01  0.100351164143E+01  0.998468078574E+00  0.102047308259E+01  0.100592766331E+01
  0.100234194770E+01  0.999832000929E+00  0.100018834100E+01  0.100027918074E+01  0.100184142540E+01
  0.000000000000E+00  0.000000000000E+00  0.000000000000E+00  0.385518682381E+00  0.000000000000E+00  0.341124701603E+00  0.583443835094E+00
  0.571630370282E+00  0.000000000000E+00  0.481045748719E+00  0.504840840536E+00  0.444604197989E+00  0.571824648630E+00  0.531852489007E+00
  0.566246958658E+00  0.512615498426E+00  0.508208098449E+00  0.526845499413E+00  0.564341747942E+00  0.531314734940E+00  0.508110227269E+00
  0.521727098240E+00  0.451086838901E+00  0.494941288659E+00  0.496095188664E+00  0.503554214314E+00  0.477358087448E+00  0.492969519438E+00
  0.494566070744E+00  0.491728885661E+00  0.489551771033E+00  0.494683521751E+00  0.497857293712E+00
  0.000000000000E+00  0.000000000000E+00  0.000000000000E+00  0.000000000000E+00  0.000000000000E+00  0.000000000000E+00  0.000000000000E+00
  0.000000000000E+00  0.000000000000E+00  0.000000000000E+00  0.000000000000E+00  0.000000000000E+00  0.000000000000E+00  0.000000000000E+00
  0.000000000000E+00  0.000000000000E+00  0.000000000000E+00  0.000000000000E+00  0.000000000000E+00  0.000000000000E+00  0.000000000000E+00
  0.000000000000E+00  0.000000000000E+00  0.000000000000E+00  0.000000000000E+00  0.000000000000E+00  0.000000000000E+00  0.000000000000E+00
  0.000000000000E+00  0.000000000000E+00  0.000000000000E+00  0.000000000000E+00  0.000000000000E+00
  0.000000000000E+00  0.000000000000E+00  0.000000000000E+00 -0.140743658274E-02  0.000000000000E+00  0.169934526108E-01  0.874805642233E-02
  0.405145499645E-01  0.000000000000E+00  0.733793428427E-01 -0.112534359618E+00 -0.264965548308E-01 -0.370100558068E-01 -0.485219066177E-01
 -0.592668618014E-02 -0.260645707022E-03 -0.197469527439E-02 -0.318101353007E-02  0.106499702982E-01  0.235537334810E-01  0.229398710452E-02
  0.486703117502E-01  0.687463147671E-01  0.868802353675E-02  0.441878117028E-02 -0.352483469224E-02  0.231155401235E-02 -0.109720453638E-02
  0.136527683828E-02  0.543938376126E-02 -0.148479060027E-02 -0.124614298920E-02  0.211453877793E-02
  0.572174533503E+00  0.662289123710E+00  0.669081439297E+00  0.681339715658E+00  0.688747740520E+00  0.681122410120E+00  0.692965973138E+00
  0.700131056116E+00  0.968802320784E+00  0.722361567722E+00  0.666533494326E+00  0.671308994988E+00  0.691197117834E+00  0.719956107460E+00
  0.710687895344E+00  0.723729955456E+00  0.714736575325E+00  0.710879175115E+00  0.704008078057E+00  0.714162015515E+00  0.712427512696E+00
  0.725843819652E+00  0.782240671428E+00  0.720452137564E+00  0.717726528101E+00  0.712823274598E+00  0.734200048752E+00  0.720291040301E+00
  0.716514246240E+00  0.714352805637E+00  0.714318645089E+00  0.714480013541E+00  0.716211583001E+00
  0.000000000000E+00  0.000000000000E+00  0.000000000000E+00  0.384847669368E+00  0.000000000000E+00  0.340537619456E+00  0.586744523261E+00
  0.575290285174E+00  0.000000000000E+00  0.487298220343E+00  0.520377332591E+00  0.446419043233E+00  0.576080623487E+00  0.533832671342E+00
  0.567071183151E+00  0.511734581881E+00  0.508079242933E+00  0.527099760050E+00  0.565671703424E+00  0.531582236174E+00  0.508255160893E+00
  0.522179336389E+00  0.448977812024E+00  0.494483838705E+00  0.495792476873E+00  0.503696593224E+00  0.475640614011E+00  0.492364230709E+00
  0.494376130166E+00  0.491694568667E+00  0.489588836401E+00  0.494686862238E+00  0.497649527295E+00
  0.104242640687E+01  0.104242640687E+01  0.104242640687E+01  0.100350357628E+01  0.104242640687E+01  0.100594113776E+01  0.989003085129E+00
  0.992276372886E+00  0.104242640687E+01  0.997178402733E+00  0.987945341605E+00  0.995408690616E+00  0.989406323077E+00  0.100085664534E+01
  0.997204391810E+00  0.100344608777E+01  0.100052239596E+01  0.999071899765E+00  0.995657771484E+00  0.100095708267E+01  0.999450134244E+00
  0.100695601339E+01  0.103286179673E+01  0.100215976859E+01  0.100130092951E+01  0.999483714955E+00  0.100725838416E+01  0.100246518035E+01
  0.100077617927E+01  0.100026197097E+01  0.999857788910E+00  0.999992840218E+00  0.100085321966E+01
        15         7        19        19
         8        20        19        19
        18        19        21        21
         7         4         8         8
         3         6         4         4
        19         7         8         8
        19        18        15        15
        14        13        15        15
         8        22        20        20
        27        24        22        22
        19        20        21        21
        32        26        21        21
        17        18        26        26
        17        16        15        15
        25        29        21        21
        12         7        13        13
        10         8         6         6
        25        20        24        24
         4         6         8         8
        12         2         4         4
        10        23        22        22
        26        31        17        17
        30        16        17        17
         4         7        12        12
        13        11        12        12
        21        20        25        25
        24        28        25        25
        22         8        10        10
         6         5        10        10
        31        26        32        32
         4         2         3         3
         5         6         3         3
        11        13        14        14
        22        23        27        27
        28        24        27        27
        15        13         7         7
         2        12         1         1
        29        25        33        33
        23        10         9         9
        21        26        18        18
        16        14        15        15
        18        17        15        15
        29        32        21        21
        22        24        20        20
        28        33        25        25
        11         1        12        12
        31        30        17        17
         5         9        10        10
zone t="boundary 3 bc-3", solutiontime= 0.7000000E+02, strandid=1003, i=33, j=48, f=feblock
  0.375000000000E+01  0.250000000000E+01  0.500000000000E+01  0.403552511878E+01  0.288078410721E+01  0.125000000000E+01  0.190974100652E+01
  0.500000000000E+01  0.326683758169E+01  0.423153924130E+01  0.201431602454E+01  0.000000000000E+00  0.963108083381E+00  0.500000000000E+01
  0.267000324704E+01  0.385533350601E+01  0.893127759452E+00  0.154774304040E+01  0.000000000000E+00  0.500000000000E+01  0.315249557942E+01
  0.218329375016E+01  0.398173246726E+01  0.000000000000E+00  0.698517061619E+00  0.964171764089E+00  0.125000000000E+01  0.000000000000E+00
  0.500000000000E+01  0.310324758057E+01  0.250000000000E+01  0.375000000000E+01  0.000000000000E+00
  0.250000000000E+01  0.250000000000E+01  0.250000000000E+01  0.250000000000E+01  0.250000000000E+01  0.250000000000E+01  0.250000000000E+01
  0.250000000000E+01  0.250000000000E+01  0.250000000000E+01  0.250000000000E+01  0.250000000000E+01  0.250000000000E+01  0.250000000000E+01
  0.250000000000E+01  0.250000000000E+01  0.250000000000E+01  0.250000000000E+01  0.250000000000E+01  0.250000000000E+01  0.250000000000E+01
  0.250000000000E+01  0.250000000000E+01  0.250000000000E+01  0.250000000000E+01  0.250000000000E+01  0.250000000000E+01  0.250000000000E+01
  0.250000000000E+01  0.250000000000E+01  0.250000000000E+01  0.250000000000E+01  0.250000000000E+01
  0.000000000000E+00  0.000000000000E+00  0.000000000000E+00  0.101201586758E+01  0.904659890645E+00  0.000000000000E+00  0.717002441913E+00
  0.125000000000E+01  0.188609243358E+01  0.191586535653E+01  0.176246431481E+01  0.000000000000E+00  0.961328577125E+00  0.250000000000E+01
  0.285047954584E+01  0.293121848150E+01  0.205246550326E+01  0.292817774674E+01  0.125000000000E+01  0.375000000000E+01  0.363585050272E+01
  0.395907379566E+01  0.406975391361E+01  0.250000000000E+01  0.306828197606E+01  0.397245519226E+01  0.500000000000E+01  0.375000000000E+01
  0.500000000000E+01  0.433168271247E+01  0.500000000000E+01  0.500000000000E+01  0.500000000000E+01
  0.896390732276E+00  0.910576116433E+00  0.782148769524E+00  0.945489397506E+00  0.959928854900E+00  0.921951481579E+00  0.963789842156E+00
  0.950588865240E+00  0.978010429125E+00  0.979569858753E+00  0.986582359980E+00  0.121818458194E+01  0.100508195497E+01  0.100847447053E+01
  0.992184784319E+00  0.997796744381E+00  0.100539757121E+01  0.998258575266E+00  0.105826237866E+01  0.100700176639E+01  0.998796998060E+00
  0.999304347751E+00  0.100000894594E+01  0.101663544535E+01  0.100452210118E+01  0.100205619595E+01  0.100248347289E+01  0.100492021930E+01
  0.100014696942E+01  0.998717532124E+00  0.100101726313E+01  0.100049053634E+01  0.100195491969E+01
  0.000000000000E+00  0.000000000000E+00  0.000000000000E+00  0.450082890153E+00  0.402576457275E+00  0.000000000000E+00  0.368457662482E+00
  0.504792905483E+00  0.572584381418E+00  0.570925938552E+00  0.555909408056E+00  0.000000000000E+00  0.474073542258E+00  0.529170114332E+00
  0.555221783300E+00  0.562407673360E+00  0.524231230223E+00  0.523486373817E+00  0.452341937929E+00  0.514524152338E+00  0.524840204602E+00
  0.506310221565E+00  0.509835179052E+00  0.478831870893E+00  0.499502250962E+00  0.498068755048E+00  0.493144538614E+00  0.493512609025E+00
  0.493218076443E+00  0.501480247178E+00  0.491171694785E+00  0.488083437203E+00  0.498222036324E+00
  0.000000000000E+00  0.000000000000E+00  0.000000000000E+00  0.000000000000E+00  0.000000000000E+00  0.000000000000E+00  0.000000000000E+00
  0.000000000000E+00  0.000000000000E+00  0.000000000000E+00  0.000000000000E+00  0.000000000000E+00  0.000000000000E+00  0.000000000000E+00
  0.000000000000E+00  0.000000000000E+00  0.000000000000E+00  0.000000000000E+00  0.000000000000E+00  0.000000000000E+00  0.000000000000E+00
  0.000000000000E+00  0.000000000000E+00  0.000000000000E+00  0.000000000000E+00  0.000000000000E+00  0.000000000000E+00  0.000000000000E+00
  0.000000000000E+00  0.000000000000E+00  0.000000000000E+00  0.000000000000E+00  0.000000000000E+00
  0.000000000000E+00  0.000000000000E+00  0.000000000000E+00 -0.278638077917E-01  0.123664701394E-01  0.000000000000E+00  0.160494446989E-01
 -0.114497545280E+00  0.502660829360E-03 -0.460959415171E-01  0.299835269089E-01  0.000000000000E+00  0.532149102299E-01 -0.503076174122E-01
  0.509269591893E-02 -0.105752180024E-01  0.442019497921E-01  0.107174682175E-01  0.387461301027E-01 -0.219290926688E-02 -0.365967795764E-02
 -0.368417132337E-03 -0.147382943570E-02  0.343051086646E-02  0.812193832885E-02  0.211455718240E-02  0.581787484845E-03  0.233506485276E-03
  0.508938642634E-02 -0.207861646547E-02 -0.600380856232E-03 -0.691786717703E-03  0.114920461546E-02
  0.667443835857E+00  0.678006135169E+00  0.582380379609E+00  0.670461781225E+00  0.688046191447E+00  0.686476121609E+00  0.690469825457E+00
  0.670568034095E+00  0.691845091303E+00  0.692559442293E+00  0.700775485817E+00  0.907048411896E+00  0.717427431903E+00  0.721488343444E+00
  0.706656274523E+00  0.711391330992E+00  0.721333709407E+00  0.713300720588E+00  0.774824693795E+00  0.721234180749E+00  0.713528065588E+00
  0.713571126905E+00  0.714557790715E+00  0.730590466893E+00  0.718646072907E+00  0.716255038054E+00  0.716755987156E+00  0.719253632702E+00
  0.714567743438E+00  0.713126959091E+00  0.715142504509E+00  0.714650807239E+00  0.716331146232E+00
  0.000000000000E+00  0.000000000000E+00  0.000000000000E+00  0.452585313058E+00  0.402068350521E+00  0.000000000000E+00  0.368259540209E+00
  0.520856391768E+00  0.575364361646E+00  0.575726043589E+00  0.558274784673E+00  0.000000000000E+00  0.477213190954E+00  0.531132488210E+00
  0.556048813928E+00  0.563028967934E+00  0.524925913954E+00  0.523501048993E+00  0.448420230539E+00  0.513833787561E+00  0.524815581166E+00
  0.506387581104E+00  0.509742516795E+00  0.477392728794E+00  0.499175263194E+00  0.497899154043E+00  0.492905266339E+00  0.493013764043E+00
  0.493183223518E+00  0.501569885800E+00  0.491127356926E+00  0.488078904248E+00  0.497997592862E+00
  0.104242640687E+01  0.104242640687E+01  0.104242640687E+01  0.992762580089E+00  0.100347506287E+01  0.104242640687E+01  0.100297566270E+01
  0.987593356141E+00  0.990360735408E+00  0.989805076734E+00  0.994428564651E+00  0.104242640687E+01  0.999319905902E+00  0.100159568768E+01
  0.997111425177E+00  0.998147036456E+00  0.100444562637E+01  0.100036306581E+01  0.102503367141E+01  0.100270713196E+01  0.100014246515E+01
  0.999695017755E+00  0.100037195774E+01  0.100608990010E+01  0.100157527732E+01  0.100069941918E+01  0.100097249397E+01  0.100202490352E+01
  0.100024783497E+01  0.999659774275E+00  0.100018205799E+01  0.100002058370E+01  0.100090691210E+01
        15         9        16        16
        15        18        11        11
        22        15        21        21
        11         5         9         9
         5         7         2         2
        11         9        15        15
        16        21        15        15
        16        10        14        14
        18        17        11        11
        17        25        24        24
        22        18        15        15
        22        30        31        31
        30        21        23        23
        16        20        23        23
        22        27        26        26
        10         9         4         4
         7        11        13        13
        25        18        26        26
        11         7         5         5
         5         1         4         4
        17        19        13        13
        23        32        30        30
        23        20        29        29
         4         9         5         5
         4         8        10        10
        26        18        22        22
        26        28        25        25
        13        11        17        17
        13         6         7         7
        31        30        32        32
         2         1         5         5
         2         7         6         6
        14        10         8         8
        24        19        17        17
        24        25        28        28
         9        10        16        16
         3         4         1         1
        33        26        27        27
        12        13        19        19
        21        30        22        22
        16        14        20        20
        16        23        21        21
        22        31        27        27
        18        25        17        17
        26        33        28        28
         4         3         8         8
        23        29        32        32
        13        12         6         6
zone t="boundary 4 bc-4", solutiontime= 0.7000000E+02, strandid=1004, i=32, j=46, f=feblock
  0.125000000000E+01  0.219251206392E+01  0.103724302461E+01  0.500000000000E+01  0.250000000000E+01  0.375000000000E+01  0.404200324774E+01
  0.500000000000E+01  0.000000000000E+00  0.310152362409E+01  0.202479342020E+01  0.324151231464E+01  0.922061490191E+00  0.000000000000E+00
  0.299062775774E+01  0.394624082883E+01  0.500000000000E+01  0.409252726285E+01  0.500000000000E+01  0.429310310915E+01  0.175434191980E+01
  0.284428995242E+01  0.000000000000E+00  0.000000000000E+00  0.715990576545E+00  0.930412228790E+00  0.125000000000E+01  0.187029682677E+01
  0.500000000000E+01  0.375000000000E+01  0.250000000000E+01  0.000000000000E+00
  0.250000000000E+01  0.157686156160E+01  0.146289271009E+01  0.250000000000E+01  0.250000000000E+01  0.250000000000E+01  0.155830813274E+01
  0.125000000000E+01  0.250000000000E+01  0.177790177481E+01  0.477386199275E+00  0.742988685424E+00  0.308372018325E+00  0.125000000000E+01
 -0.487811078581E+00 -0.144524380962E+01 -0.125000000000E+01 -0.345533899378E+00  0.000000000000E+00  0.627766083140E+00 -0.739814786992E+00
 -0.158811787973E+01  0.000000000000E+00 -0.125000000000E+01 -0.600232012419E+00 -0.154800130438E+01 -0.250000000000E+01 -0.178862290564E+01
 -0.250000000000E+01 -0.250000000000E+01 -0.250000000000E+01 -0.250000000000E+01
  0.500000000000E+01  0.500000000000E+01  0.500000000000E+01  0.500000000000E+01  0.500000000000E+01  0.500000000000E+01  0.500000000000E+01
  0.500000000000E+01  0.500000000000E+01  0.500000000000E+01  0.500000000000E+01  0.500000000000E+01  0.500000000000E+01  0.500000000000E+01
  0.500000000000E+01  0.500000000000E+01  0.500000000000E+01  0.500000000000E+01  0.500000000000E+01  0.500000000000E+01  0.500000000000E+01
  0.500000000000E+01  0.500000000000E+01  0.500000000000E+01  0.500000000000E+01  0.500000000000E+01  0.500000000000E+01  0.500000000000E+01
  0.500000000000E+01  0.500000000000E+01  0.500000000000E+01  0.500000000000E+01
  0.100248347289E+01  0.100135122346E+01  0.100191993649E+01  0.100014696942E+01  0.100101726313E+01  0.100049053634E+01  0.999769533618E+00
  0.100034174079E+01  0.100195491969E+01  0.100086190462E+01  0.100110962311E+01  0.100019547658E+01  0.100153275705E+01  0.100191064940E+01
  0.100053904405E+01  0.998651303532E+00  0.100067244568E+01  0.999529189335E+00  0.100054047020E+01  0.999917380270E+00  0.100145592090E+01
  0.100043838917E+01  0.100078101967E+01  0.100129934002E+01  0.100105954563E+01  0.100174206522E+01  0.100234194770E+01  0.100132522476E+01
  0.999832000929E+00  0.100018834100E+01  0.100027918074E+01  0.100184142540E+01
  0.493144538614E+00  0.493570893864E+00  0.494616674356E+00  0.493218076443E+00  0.491171694785E+00  0.488083437203E+00  0.488180032541E+00
  0.494184421579E+00  0.498222036324E+00  0.490774023870E+00  0.492754894728E+00  0.491186516249E+00  0.497627908397E+00  0.498752939501E+00
  0.492071388472E+00  0.486118098773E+00  0.492272489745E+00  0.489699589494E+00  0.494625594402E+00  0.490048595228E+00  0.494648772893E+00
  0.492666560239E+00  0.499565568313E+00  0.498567808280E+00  0.498183916421E+00  0.496584719107E+00  0.494566070744E+00  0.494870835896E+00
  0.491728885661E+00  0.489551771033E+00  0.494683521751E+00  0.497857293712E+00
  0.000000000000E+00 -0.144081956591E-03 -0.112879652040E-02  0.000000000000E+00  0.000000000000E+00  0.000000000000E+00  0.893258622679E-04
  0.597378743675E-03  0.000000000000E+00  0.744597111249E-04 -0.913163299237E-03 -0.947727471206E-03 -0.158335781470E-02  0.721186645835E-04
 -0.919755949971E-03 -0.928033233778E-03 -0.141075478716E-02 -0.213524644956E-02 -0.145304096575E-02 -0.126502549830E-02 -0.553488770139E-03
 -0.655100359600E-03 -0.171042336951E-03  0.607641699386E-03 -0.321563159404E-04  0.141787547688E-02  0.000000000000E+00  0.717552965190E-03
  0.000000000000E+00  0.000000000000E+00  0.000000000000E+00  0.000000000000E+00
  0.581787484845E-03 -0.197918158338E-03  0.119735027016E-02  0.508938642634E-02 -0.600380856232E-03 -0.691786717703E-03  0.112506908859E-02
  0.433469287912E-02  0.114920461546E-02 -0.106902864188E-02 -0.490081390168E-03 -0.157802595773E-02  0.223260574784E-02  0.181619499476E-02
 -0.181137283229E-02 -0.771739782213E-04  0.399356074569E-02  0.182605531535E-03  0.437960446558E-02  0.824236438431E-03 -0.424031620283E-04
 -0.194750258469E-02  0.156160276721E-02  0.142583867866E-02  0.196796438732E-02  0.222127176134E-02  0.136527683828E-02 -0.434307901911E-03
  0.543938376126E-02 -0.148479060027E-02 -0.124614298920E-02  0.211453877793E-02
  0.716755987156E+00  0.715540654087E+00  0.716176153802E+00  0.714567743438E+00  0.715142504509E+00  0.714650807239E+00  0.714041050612E+00
  0.714753482033E+00  0.716331146232E+00  0.715051453723E+00  0.715300351411E+00  0.714419697022E+00  0.715816953669E+00  0.716258694654E+00
  0.714728114069E+00  0.713088610171E+00  0.715172308335E+00  0.713861769300E+00  0.714974430749E+00  0.714213782148E+00  0.715724391251E+00
  0.714587375280E+00  0.715135353945E+00  0.715577484806E+00  0.715335134885E+00  0.716060492204E+00  0.716514246240E+00  0.715554346418E+00
  0.714352805637E+00  0.714318645089E+00  0.714480013541E+00  0.716211583001E+00
  0.492905266339E+00  0.493471001089E+00  0.494440138814E+00  0.493183223518E+00  0.491127356926E+00  0.488078904248E+00  0.488208699220E+00
  0.494126461509E+00  0.497997592862E+00  0.490723682896E+00  0.492679496025E+00  0.491191905404E+00  0.497483715498E+00  0.498544440236E+00
  0.492055833124E+00  0.486198658788E+00  0.492150859428E+00  0.489734341990E+00  0.494542408301E+00  0.490055352947E+00  0.494511279500E+00
  0.492674800378E+00  0.499466118396E+00  0.498443509739E+00  0.498085904094E+00  0.496407743752E+00  0.494376130166E+00  0.494760172999E+00
  0.491694568667E+00  0.489588836401E+00  0.494686862238E+00  0.497649527295E+00
  0.100097249397E+01  0.100040514482E+01  0.100072528633E+01  0.100024783497E+01  0.100018205799E+01  0.100002058370E+01  0.999887911406E+00
  0.100031302708E+01  0.100090691210E+01  0.100020994964E+01  0.100031052430E+01  0.999992100797E+00  0.100061004304E+01  0.100084989926E+01
  0.100008027238E+01  0.999672308752E+00  0.100056840377E+01  0.999877229884E+00  0.100042350396E+01  0.999981913242E+00  0.100055741530E+01
  0.999983943265E+00  0.100040815707E+01  0.100050847802E+01  0.100040920963E+01  0.100074133241E+01  0.100077617927E+01  0.100045026352E+01
  0.100026197097E+01  0.999857788910E+00  0.999992840218E+00  0.100085321966E+01
        12        15        11        11
        11         2        12        12
         5        10         2         2
        15        21        11        11
        15        22        21        21
        31        28        22        22
        15        12        18        18
        19        18        20        20
        11        21        13        13
        23        13        25        25
         7        12        10        10
        26        21        28        28
         7         8        20        20
        16        15        18        18
        26        24        25        25
        16        30        22        22
         3        11        13        13
         2        10        12        12
         3         1         2         2
        20        12         7         7
        10         6         7         7
        22        15        16        16
        18        17        16        16
        28        27        26        26
        32        24        26        26
         2        11         3         3
        13        14         3         3
        27        28        31        31
         2         1         5         5
         6        10         5         5
        14        13        23        23
        20         8        19        19
        17        18        19        19
        13        21        25        25
         1         3         9         9
        30        16        29        29
         8         7         4         4
        22        28        21        21
        24        23        25        25
        21        26        25        25
        30        31        22        22
        12        20        18        18
        17        29        16        16
        14         9         3         3
        27        32        26        26
         6         4         7         7
zone t="boundary 5 bc-5", solutiontime= 0.7000000E+02, strandid=1005, i=33, j=48, f=feblock
  0.500000000000E+01  0.500000000000E+01  0.500000000000E+01  0.500000000000E+01  0.500000000000E+01  0.500000000000E+01  0.500000000000E+01
  0.500000000000E+01  0.500000000000E+01  0.500000000000E+01  0.500000000000E+01  0.500000000000E+01  0.500000000000E+01  0.500000000000E+01
  0.500000000000E+01  0.500000000000E+01  0.500000000000E+01  0.500000000000E+01  0.500000000000E+01  0.500000000000E+01  0.500000000000E+01
  0.500000000000E+01  0.500000000000E+01  0.500000000000E+01  0.500000000000E+01  0.500000000000E+01  0.500000000000E+01  0.500000000000E+01
  0.500000000000E+01  0.500000000000E+01  0.500000000000E+01  0.500000000000E+01  0.500000000000E+01
  0.250000000000E+01  0.125000000000E+01  0.250000000000E+01  0.157899473280E+01  0.000000000000E+00  0.659350882208E+00  0.250000000000E+01
  0.173899611320E+01  0.825621401394E+00  0.132549389334E+01 -0.125000000000E+01 -0.322732261638E+00  0.250000000000E+01  0.490615021923E-01
 -0.873141960959E+00  0.350800286361E+00  0.145332269920E+01 -0.250000000000E+01 -0.147959633950E+01  0.250000000000E+01 -0.857924212153E+00
 -0.165007033378E+01  0.518568023061E+00 -0.461282870254E+00  0.125000000000E+01 -0.250000000000E+01 -0.183684615440E+01 -0.158398995423E+01
 -0.250000000000E+01 -0.250000000000E+01 -0.125000000000E+01  0.000000000000E+00 -0.250000000000E+01
  0.000000000000E+00  0.000000000000E+00  0.125000000000E+01  0.905837536509E+00  0.000000000000E+00  0.735450417037E+00  0.250000000000E+01
  0.182727219356E+01  0.162230260845E+01  0.280856328277E+01  0.000000000000E+00  0.109945440014E+01  0.375000000000E+01  0.227317933631E+01
  0.189599568386E+01  0.342819755379E+01  0.403384942830E+01  0.000000000000E+00  0.104050588738E+01  0.500000000000E+01  0.297954017413E+01
  0.214587157439E+01  0.430969386006E+01  0.408642231822E+01  0.500000000000E+01  0.125000000000E+01  0.304506426164E+01  0.398205049073E+01
  0.250000000000E+01  0.375000000000E+01  0.500000000000E+01  0.500000000000E+01  0.500000000000E+01
  0.782148769524E+00  0.711314880331E+00  0.950588865240E+00  0.903188367945E+00  0.699289341156E+00  0.847015832244E+00  0.100847447053E+01
  0.986269434338E+00  0.970813606926E+00  0.100660437332E+01  0.703240403858E+00  0.892464443264E+00  0.100700176639E+01  0.100816079836E+01
  0.984922627557E+00  0.101288298886E+01  0.100420446692E+01  0.768442109317E+00  0.896326348454E+00  0.100014696942E+01  0.101561576677E+01
  0.100008462028E+01  0.100512532385E+01  0.100609091278E+01  0.100034174079E+01  0.944532913674E+00  0.101291776687E+01  0.100702004912E+01
  0.100707584362E+01  0.100974227713E+01  0.100067244568E+01  0.100054047020E+01  0.999832000929E+00
  0.000000000000E+00  0.000000000000E+00  0.504792905483E+00  0.470337350581E+00  0.000000000000E+00  0.486264852071E+00  0.529170114332E+00
  0.528665972765E+00  0.529195035265E+00  0.535466970192E+00  0.000000000000E+00  0.509188772466E+00  0.514524152338E+00  0.532389683278E+00
  0.536924805943E+00  0.524934594143E+00  0.508982094242E+00  0.000000000000E+00  0.495236530610E+00  0.493218076443E+00  0.526463437973E+00
  0.527480049663E+00  0.503912733327E+00  0.509533952697E+00  0.494184421579E+00  0.504840840536E+00  0.525525555165E+00  0.509686937078E+00
  0.531852489007E+00  0.512615498426E+00  0.492272489745E+00  0.494625594402E+00  0.491728885661E+00
  0.000000000000E+00  0.000000000000E+00  0.000000000000E+00 -0.186268780778E-01  0.000000000000E+00 -0.634848293999E-02  0.000000000000E+00
 -0.641827077836E-02 -0.115114873917E-01  0.742697910329E-03  0.000000000000E+00 -0.516591076378E-02  0.000000000000E+00  0.543274206606E-03
  0.473057528748E-02  0.345017941550E-02  0.218486347643E-02  0.000000000000E+00  0.149347941355E-01  0.000000000000E+00  0.313806468398E-02
  0.467871476679E-02  0.167061701828E-02  0.505434645585E-03  0.597378743675E-03  0.000000000000E+00  0.149867781305E-02  0.259045566988E-03
  0.000000000000E+00  0.000000000000E+00 -0.141075478716E-02 -0.145304096575E-02  0.000000000000E+00
  0.000000000000E+00  0.000000000000E+00 -0.114497545280E+00 -0.128134217689E+00  0.000000000000E+00 -0.113720871903E+00 -0.503076174122E-01
 -0.913892046315E-01 -0.107482696529E+00 -0.341012958723E-01  0.000000000000E+00 -0.113341091175E+00 -0.219290926688E-02 -0.678703506263E-01
 -0.919148728902E-01 -0.996388986174E-02  0.194643478320E-02  0.000000000000E+00 -0.115329990054E+00  0.508938642634E-02 -0.245965314549E-01
 -0.776676993630E-01  0.523795538280E-02  0.298878378791E-02  0.433469287912E-02 -0.112534359618E+00 -0.205369040407E-01  0.271847081611E-02
 -0.485219066177E-01 -0.260645707022E-03  0.399356074569E-02  0.437960446558E-02  0.543938376126E-02
  0.582380379609E+00  0.529638153469E+00  0.670568034095E+00  0.634912924943E+00  0.520684053760E+00  0.585437313002E+00  0.721488343444E+00
  0.700263427856E+00  0.687731947872E+00  0.719538678794E+00  0.523625976686E+00  0.621961609092E+00  0.721234180749E+00  0.722146741598E+00
  0.700676221634E+00  0.726462130429E+00  0.718576419956E+00  0.572174533503E+00  0.626529915553E+00  0.714567743438E+00  0.729073597704E+00
  0.714221672641E+00  0.719533081057E+00  0.720417670500E+00  0.714753482033E+00  0.666533494326E+00  0.726169198127E+00  0.721197935532E+00
  0.719956107460E+00  0.723729955456E+00  0.715172308335E+00  0.714974430749E+00  0.714352805637E+00
  0.000000000000E+00  0.000000000000E+00  0.520856391768E+00  0.491745770768E+00  0.000000000000E+00  0.507706381576E+00  0.531132488210E+00
  0.538157585407E+00  0.542358766524E+00  0.536352542572E+00  0.000000000000E+00  0.528142002898E+00  0.513833787561E+00  0.535943083218E+00
  0.545858750933E+00  0.523964572321E+00  0.508534306976E+00  0.000000000000E+00  0.514240480191E+00  0.493183223518E+00  0.525731981546E+00
  0.533234389999E+00  0.503386873736E+00  0.508912631307E+00  0.494126461509E+00  0.520377332591E+00  0.524965945482E+00  0.509023156412E+00
  0.533832671342E+00  0.511734581881E+00  0.492150859428E+00  0.494542408301E+00  0.491694568667E+00
  0.104242640687E+01  0.104242640687E+01  0.987593356141E+00  0.984155826699E+00  0.104242640687E+01  0.967646892776E+00  0.100159568768E+01
  0.994017217674E+00  0.991770943620E+00  0.100074485767E+01  0.104242640687E+01  0.975664923460E+00  0.100270713196E+01  0.100282161326E+01
  0.995963218675E+00  0.100411103137E+01  0.100179497411E+01  0.104242640687E+01  0.978596560603E+00  0.100024783497E+01  0.100500904986E+01
  0.999825736166E+00  0.100220966439E+01  0.100247872821E+01  0.100031302708E+01  0.987945341605E+00  0.100367168060E+01  0.100263853796E+01
  0.100085664534E+01  0.100344608777E+01  0.100056840377E+01  0.100042350396E+01  0.100026197097E+01
        12        15        14        14
        21        16        14        14
         9        14        10        10
        15        22        21        21
        29        27        22        22
        14        16        10        10
         7         8        10        10
        14        15        21        21
        14         9        12        12
         5        12         6         6
        21        24        16        16
        32        23        24        24
        28        21        27        27
        17        16        23        23
        28        31        24        24
        19        15        12        12
         4         2         6         6
         4         9         8         8
        10         8         9         9
        17        13        10        10
        19        26        22        22
        10        16        17        17
        23        25        17        17
        22        15        19        19
        12        11        19        19
        27        30        28        28
        33        31        28        28
         6         9         4         4
         8         3         4         4
        25        23        32        32
        10        13         7         7
         3         8         7         7
        30        27        29        29
         6         2         5         5
        11        12         5         5
        24        23        16        16
        13        17        20        20
        26        19        18        18
         2         4         1         1
        22        27        21        21
        31        32        24        24
        21        28        24        24
        26        29        22        22
         9         6        12        12
        11        18        19        19
        25        20        17        17
        30        33        28        28
         3         1         4         4
zone t="boundary 6 bc-6", solutiontime= 0.7000000E+02, strandid=1006, i=33, j=48, f=feblock
  0.375000000000E+01  0.250000000000E+01  0.500000000000E+01  0.403384942830E+01  0.280856328277E+01  0.125000000000E+01  0.182727219356E+01
  0.500000000000E+01  0.430969386006E+01  0.342819755379E+01  0.227317933631E+01  0.162230260845E+01  0.000000000000E+00  0.905837536509E+00
  0.500000000000E+01  0.408642231822E+01  0.297954017413E+01  0.189599568386E+01  0.109945440014E+01  0.735450417037E+00  0.000000000000E+00
  0.500000000000E+01  0.398205049073E+01  0.304506426164E+01  0.214587157439E+01  0.104050588738E+01  0.000000000000E+00  0.000000000000E+00
  0.500000000000E+01  0.375000000000E+01  0.250000000000E+01  0.125000000000E+01  0.000000000000E+00
  0.250000000000E+01  0.250000000000E+01  0.250000000000E+01  0.145332269920E+01  0.132549389334E+01  0.250000000000E+01  0.173899611320E+01
  0.125000000000E+01  0.518568023061E+00  0.350800286361E+00  0.490615021923E-01  0.825621401394E+00  0.250000000000E+01  0.157899473280E+01
  0.000000000000E+00 -0.461282870254E+00 -0.857924212153E+00 -0.873141960959E+00 -0.322732261638E+00  0.659350882208E+00  0.125000000000E+01
 -0.125000000000E+01 -0.158398995423E+01 -0.183684615440E+01 -0.165007033378E+01 -0.147959633950E+01  0.000000000000E+00 -0.125000000000E+01
 -0.250000000000E+01 -0.250000000000E+01 -0.250000000000E+01 -0.250000000000E+01 -0.250000000000E+01
  0.000000000000E+00  0.000000000000E+00  0.000000000000E+00  0.000000000000E+00  0.000000000000E+00  0.000000000000E+00  0.000000000000E+00
  0.000000000000E+00  0.000000000000E+00  0.000000000000E+00  0.000000000000E+00  0.000000000000E+00  0.000000000000E+00  0.000000000000E+00
  0.000000000000E+00  0.000000000000E+00  0.000000000000E+00  0.000000000000E+00  0.000000000000E+00  0.000000000000E+00  0.000000000000E+00
  0.000000000000E+00  0.000000000000E+00  0.000000000000E+00  0.000000000000E+00  0.000000000000E+00  0.000000000000E+00  0.000000000000E+00
  0.000000000000E+00  0.000000000000E+00  0.000000000000E+00  0.000000000000E+00  0.000000000000E+00
  0.896390732276E+00  0.910576116433E+00  0.782148769524E+00  0.897104373322E+00  0.906242237565E+00  0.921951481579E+00  0.901613126579E+00
  0.711314880331E+00  0.890015878520E+00  0.912464013150E+00  0.907745931449E+00  0.897239662220E+00  0.121818458194E+01  0.961323342298E+00
  0.699289341156E+00  0.906694882916E+00  0.911093045924E+00  0.862450417371E+00  0.912629780163E+00  0.986004393488E+00  0.128618966702E+01
  0.703240403858E+00  0.904469031577E+00  0.894146193030E+00  0.899932954839E+00  0.925434718735E+00  0.145483167948E+01  0.134702293089E+01
  0.768442109317E+00  0.889467848361E+00  0.898590067213E+00  0.925002312270E+00  0.130112134550E+01
  0.000000000000E+00  0.000000000000E+00  0.000000000000E+00  0.000000000000E+00  0.000000000000E+00  0.000000000000E+00  0.000000000000E+00
  0.000000000000E+00  0.000000000000E+00  0.000000000000E+00  0.000000000000E+00  0.000000000000E+00  0.000000000000E+00  0.000000000000E+00
  0.000000000000E+00  0.000000000000E+00  0.000000000000E+00  0.000000000000E+00  0.000000000000E+00  0.000000000000E+00  0.000000000000E+00
  0.000000000000E+00  0.000000000000E+00  0.000000000000E+00  0.000000000000E+00  0.000000000000E+00  0.000000000000E+00  0.000000000000E+00
  0.000000000000E+00  0.000000000000E+00  0.000000000000E+00  0.000000000000E+00  0.000000000000E+00
  0.000000000000E+00  0.000000000000E+00  0.000000000000E+00  0.000000000000E+00  0.000000000000E+00  0.000000000000E+00  0.000000000000E+00
  0.000000000000E+00  0.000000000000E+00  0.000000000000E+00  0.000000000000E+00  0.000000000000E+00  0.000000000000E+00  0.000000000000E+00
  0.000000000000E+00  0.000000000000E+00  0.000000000000E+00  0.000000000000E+00  0.000000000000E+00  0.000000000000E+00  0.000000000000E+00
  0.000000000000E+00  0.000000000000E+00  0.000000000000E+00  0.000000000000E+00  0.000000000000E+00  0.000000000000E+00  0.000000000000E+00
  0.000000000000E+00  0.000000000000E+00  0.000000000000E+00  0.000000000000E+00  0.000000000000E+00
  0.000000000000E+00  0.000000000000E+00  0.000000000000E+00  0.000000000000E+00  0.000000000000E+00  0.000000000000E+00  0.000000000000E+00
  0.000000000000E+00  0.000000000000E+00  0.000000000000E+00  0.000000000000E+00  0.000000000000E+00  0.000000000000E+00  0.000000000000E+00
  0.000000000000E+00  0.000000000000E+00  0.000000000000E+00  0.000000000000E+00  0.000000000000E+00  0.000000000000E+00  0.000000000000E+00
  0.000000000000E+00  0.000000000000E+00  0.000000000000E+00  0.000000000000E+00  0.000000000000E+00  0.000000000000E+00  0.000000000000E+00
  0.000000000000E+00  0.000000000000E+00  0.000000000000E+00  0.000000000000E+00  0.000000000000E+00
  0.667443835857E+00  0.678006135169E+00  0.582380379609E+00  0.667975206050E+00  0.674779171043E+00  0.686476121609E+00  0.671332379948E+00
  0.529638153469E+00  0.662697181646E+00  0.679411844734E+00  0.675898806909E+00  0.668075940850E+00  0.907048411896E+00  0.715792026823E+00
  0.520684053760E+00  0.675116206377E+00  0.678391035849E+00  0.642172206918E+00  0.679535273242E+00  0.734169297902E+00  0.957684337964E+00
  0.523625976686E+00  0.673458859081E+00  0.665772573727E+00  0.670081340384E+00  0.689069706175E+00  0.108325354303E+01  0.100298019558E+01
  0.572174533503E+00  0.662289123710E+00  0.669081439297E+00  0.688747740520E+00  0.968802320784E+00
  0.000000000000E+00  0.000000000000E+00  0.000000000000E+00  0.000000000000E+00  0.000000000000E+00  0.000000000000E+00  0.000000000000E+00
  0.000000000000E+00  0.000000000000E+00  0.000000000000E+00  0.000000000000E+00  0.000000000000E+00  0.000000000000E+00  0.000000000000E+00
  0.000000000000E+00  0.000000000000E+00  0.000000000000E+00  0.000000000000E+00  0.000000000000E+00  0.000000000000E+00  0.000000000000E+00
  0.000000000000E+00  0.000000000000E+00  0.000000000000E+00  0.000000000000E+00  0.000000000000E+00  0.000000000000E+00  0.000000000000E+00
  0.000000000000E+00  0.000000000000E+00  0.000000000000E+00  0.000000000000E+00  0.000000000000E+00
  0.104242640687E+01  0.104242640687E+01  0.104242640687E+01  0.104242640687E+01  0.104242640687E+01  0.104242640687E+01  0.104242640687E+01
  0.104242640687E+01  0.104242640687E+01  0.104242640687E+01  0.104242640687E+01  0.104242640687E+01  0.104242640687E+01  0.104242640687E+01
  0.104242640687E+01  0.104242640687E+01  0.104242640687E+01  0.104242640687E+01  0.104242640687E+01  0.104242640687E+01  0.104242640687E+01
  0.104242640687E+01  0.104242640687E+01  0.104242640687E+01  0.104242640687E+01  0.104242640687E+01  0.104242640687E+01  0.104242640687E+01
  0.104242640687E+01  0.104242640687E+01  0.104242640687E+01  0.104242640687E+01  0.104242640687E+01
        19        18        11        11
        17        10        11        11
        12        11         5         5
        18        25        17        17
        31        24        25        25
        11        10         5         5
         2         7         5         5
        11        18        17        17
        11        12        19        19
        27        19        20        20
        17        16        10        10
        15         9        16        16
        23        17        24        24
         4        10         9         9
        23        22        16        16
        26        18        19        19
        14        21        20        20
        14        12         7         7
         5         7        12        12
         4         1         5         5
        26        32        25        25
         5        10         4         4
         9         8         4         4
        25        18        26        26
        19        28        26        26
        24        30        23        23
        29        22        23        23
        20        12        14        14
         7         6        14        14
         8         9        15        15
         5         1         2         2
         6         7         2         2
        30        24        31        31
        20        21        27        27
        28        19        27        27
        16         9        10        10
         1         4         3         3
        32        26        33        33
        21        14        13        13
        25        24        17        17
        22        15        16        16
        17        23        16        16
        32        31        25        25
        12        20        19        19
        28        33        26        26
         8         3         4         4
        30        29        23        23
         6        13        14        14
