title="tecplot geometry and solution file"
variables = x y z rho u v w p mach temperature
zone t="boundary 1 bc-1", solutiontime= 0.1000000E+02, strandid=1001, i=42, j=30, f=feblock
 -0.260208521397E-16 -0.260208521397E-16 -0.260208521397E-16 -0.260208521397E-16 -0.260208521397E-16 -0.260208521397E-16 -0.260208521397E-16
 -0.260208521397E-16 -0.260208521397E-16 -0.260208521397E-16 -0.260208521397E-16 -0.260208521397E-16 -0.260208521397E-16 -0.260208521397E-16
 -0.260208521397E-16 -0.260208521397E-16 -0.260208521397E-16 -0.260208521397E-16 -0.260208521397E-16 -0.260208521397E-16 -0.260208521397E-16
 -0.260208521397E-16 -0.260208521397E-16 -0.260208521397E-16 -0.260208521397E-16 -0.260208521397E-16 -0.260208521397E-16 -0.260208521397E-16
 -0.260208521397E-16 -0.260208521397E-16 -0.260208521397E-16 -0.260208521397E-16 -0.260208521397E-16 -0.260208521397E-16 -0.260208521397E-16
 -0.260208521397E-16 -0.260208521397E-16 -0.260208521397E-16 -0.260208521397E-16 -0.260208521397E-16 -0.260208521397E-16 -0.260208521397E-16
 -0.260208521397E-16 -0.833333333333E+00 -0.260208521397E-16 -0.260208521397E-16 -0.260208521397E-16 -0.166666666667E+01 -0.833333333333E+00
 -0.833333333333E+00 -0.833333333333E+00 -0.260208521397E-16 -0.250000000000E+01 -0.166666666667E+01 -0.166666666667E+01 -0.166666666667E+01
 -0.833333333333E+00 -0.260208521397E-16 -0.333333333333E+01 -0.250000000000E+01 -0.250000000000E+01 -0.250000000000E+01 -0.166666666667E+01
 -0.833333333333E+00 -0.416666666667E+01 -0.333333333333E+01 -0.333333333333E+01 -0.333333333333E+01 -0.250000000000E+01 -0.166666666667E+01
 -0.500000000000E+01 -0.416666666667E+01 -0.416666666667E+01 -0.416666666667E+01 -0.333333333333E+01 -0.250000000000E+01 -0.500000000000E+01
 -0.500000000000E+01 -0.500000000000E+01 -0.416666666667E+01 -0.333333333333E+01 -0.500000000000E+01 -0.416666666667E+01 -0.500000000000E+01
  0.500000000000E+01  0.500000000000E+01  0.400000000000E+01  0.200000000000E+01  0.300000000000E+01  0.500000000000E+01  0.400000000000E+01
  0.200000000000E+01  0.300000000000E+01  0.100000000000E+01  0.500000000000E+01  0.400000000000E+01  0.200000000000E+01  0.300000000000E+01
  0.100000000000E+01 -0.260208521397E-16  0.500000000000E+01  0.400000000000E+01  0.200000000000E+01  0.300000000000E+01  0.100000000000E+01
 -0.260208521397E-16  0.500000000000E+01  0.400000000000E+01  0.200000000000E+01  0.300000000000E+01  0.100000000000E+01 -0.260208521397E-16
  0.500000000000E+01  0.400000000000E+01  0.200000000000E+01  0.300000000000E+01  0.100000000000E+01 -0.260208521397E-16  0.400000000000E+01
  0.200000000000E+01  0.300000000000E+01  0.100000000000E+01 -0.260208521397E-16  0.100000000000E+01 -0.260208521397E-16 -0.260208521397E-16
  0.100346197833E+01  0.100343461093E+01  0.100412313683E+01  0.103215282588E+01  0.100648368868E+01  0.100346228899E+01  0.100401990071E+01
  0.103171788028E+01  0.100625066040E+01  0.100869230568E+01  0.100344394176E+01  0.100405296620E+01  0.103183059250E+01  0.100629453295E+01
  0.100582570243E+01  0.149790280898E+01  0.100346227347E+01  0.100402266576E+01  0.103175724077E+01  0.100625153505E+01  0.100569038957E+01
  0.149959362366E+01  0.100343458740E+01  0.100405299560E+01  0.103183019250E+01  0.100629457234E+01  0.100552632562E+01  0.150002943854E+01
  0.100346195276E+01  0.100401995814E+01  0.103171714993E+01  0.100625074187E+01  0.100569120827E+01  0.149996581037E+01  0.100412320146E+01
  0.103215186615E+01  0.100648378203E+01  0.100582724007E+01  0.150002308815E+01  0.100869432588E+01  0.149958149798E+01  0.149788539531E+01
  0.496263945920E+00  0.496287126703E+00  0.496494628151E+00  0.470910632257E+00  0.493250923867E+00  0.496262342841E+00  0.496611292246E+00
  0.471431598217E+00  0.493470388997E+00  0.481942499754E+00  0.496270607965E+00  0.496566097507E+00  0.471316165013E+00  0.493421708201E+00
  0.483084581962E+00  0.000000000000E+00  0.496262349434E+00  0.496604807603E+00  0.471417764357E+00  0.493470676716E+00  0.482963107926E+00
  0.000000000000E+00  0.496287132117E+00  0.496566073230E+00  0.471316426792E+00  0.493421698668E+00  0.483108170736E+00  0.000000000000E+00
  0.496263946613E+00  0.496611243767E+00  0.471432092679E+00  0.493470360571E+00  0.482962799828E+00  0.000000000000E+00  0.496494572102E+00
  0.470911313099E+00  0.493250891483E+00  0.483083969361E+00  0.000000000000E+00  0.481941722028E+00  0.000000000000E+00  0.000000000000E+00
  0.000000000000E+00  0.764115288877E-05  0.000000000000E+00  0.000000000000E+00  0.000000000000E+00  0.784951329441E-05 -0.980809917340E-05
 -0.545048528072E-04 -0.258268018751E-04  0.000000000000E+00  0.324139392582E-08  0.424818351724E-05  0.683183527121E-04 -0.144696536309E-05
 -0.103097349357E-02  0.000000000000E+00 -0.784262684293E-05  0.137758886088E-07 -0.142730422113E-06  0.888023977108E-08 -0.151072299987E-03
  0.000000000000E+00 -0.763474710101E-05 -0.422287346830E-05 -0.685755952007E-04  0.146362488012E-05  0.327438516128E-06  0.000000000000E+00
  0.000000000000E+00  0.982172584421E-05  0.543180747001E-04  0.258366151849E-04  0.151670883515E-03  0.000000000000E+00  0.000000000000E+00
  0.000000000000E+00  0.000000000000E+00  0.103137354711E-02  0.000000000000E+00  0.000000000000E+00  0.000000000000E+00  0.000000000000E+00
  0.137728823863E-02  0.137310712240E-02  0.470384565436E-03 -0.473028205850E-02  0.377210550966E-02  0.137040971395E-02  0.545238698285E-03
 -0.507266147397E-02  0.385194148928E-02  0.373959299197E-01  0.136269742260E-02  0.532199694552E-03 -0.501925301400E-02  0.383584408003E-02
  0.359659211741E-01  0.000000000000E+00  0.137042456991E-02  0.526624818320E-03 -0.506113025566E-02  0.381780772519E-02  0.360862706476E-01
  0.000000000000E+00  0.137313234214E-02  0.532206048178E-03 -0.501916341756E-02  0.383577287974E-02  0.360707414825E-01  0.000000000000E+00
  0.137731344548E-02  0.545248255684E-03 -0.507249958432E-02  0.385180660555E-02  0.360859975129E-01  0.000000000000E+00  0.470395534682E-03
 -0.473002559359E-02  0.377193352204E-02  0.359653846983E-01  0.000000000000E+00  0.373951750225E-01  0.000000000000E+00  0.000000000000E+00
  0.717542358769E+00  0.717517449770E+00  0.719413193715E+00  0.740487472012E+00  0.722012119640E+00  0.717542748950E+00  0.719318912578E+00
  0.739950986605E+00  0.721790998401E+00  0.745006688726E+00  0.717527008830E+00  0.719354394279E+00  0.740042040557E+00  0.721838258076E+00
  0.742770218418E+00  0.106990197951E+01  0.717542739694E+00  0.719325222141E+00  0.739966806007E+00  0.721795777810E+00  0.742717113344E+00
  0.107111117017E+01  0.717517436486E+00  0.719354396828E+00  0.740041782140E+00  0.721838265053E+00  0.742535164173E+00  0.107142379606E+01
  0.717542344310E+00  0.719318920241E+00  0.739950529444E+00  0.721791017476E+00  0.742717448099E+00  0.107137949142E+01  0.719413198336E+00
  0.740486875047E+00  0.722012135294E+00  0.742770830796E+00  0.107142112034E+01  0.745007433363E+00  0.107110601396E+01  0.106989474630E+01
  0.495994736639E+00  0.496019738728E+00  0.495741206006E+00  0.469904423072E+00  0.492206920110E+00  0.495993057394E+00  0.495864772018E+00
  0.470499119473E+00  0.492444928749E+00  0.475372405629E+00  0.496002202455E+00  0.495815567093E+00  0.470380112249E+00  0.492390840872E+00
  0.476425024692E+00  0.000000000000E+00  0.495993063387E+00  0.495856785047E+00  0.470489133010E+00  0.492443534126E+00  0.476298621733E+00
  0.000000000000E+00  0.496019742984E+00  0.495815549238E+00  0.470380363517E+00  0.492390838066E+00  0.476459228909E+00  0.000000000000E+00
  0.495994736080E+00  0.495864735163E+00  0.470499589951E+00  0.492444912762E+00  0.476298386274E+00  0.000000000000E+00  0.495741164413E+00
  0.469905070767E+00  0.492206903974E+00  0.476424553303E+00  0.000000000000E+00  0.475371824135E+00  0.000000000000E+00  0.000000000000E+00
  0.100109353814E+01  0.100108608846E+01  0.100304278853E+01  0.100438853125E+01  0.100430536418E+01  0.100109377258E+01  0.100301445907E+01
  0.100408396621E+01  0.100423029523E+01  0.103402133470E+01  0.100109011630E+01  0.100303090164E+01  0.100409782799E+01  0.100425226236E+01
  0.103385537203E+01  0.999973270848E+00  0.100109377516E+01  0.100302049480E+01  0.100406712691E+01  0.100423607194E+01  0.103392054798E+01
  0.999974669526E+00  0.100108609340E+01  0.100303087584E+01  0.100409786661E+01  0.100425223275E+01  0.103383591594E+01  0.999975917769E+00
  0.100109354348E+01  0.100301441238E+01  0.100408405665E+01  0.100423024046E+01  0.103392017231E+01  0.999976984551E+00  0.100304273042E+01
  0.100438865546E+01  0.100430529280E+01  0.103385464390E+01  0.999977653888E+00  0.103402029727E+01  0.999977941555E+00  0.999978135523E+00
         2         7         3         1
         7         9         5         3
         9         8         4         5
         8        15        10         4
        15        22        16        10
         6        12         7         2
        12        14         9         7
        14        13         8         9
        13        21        15         8
        21        28        22        15
        11        18        12         6
        18        20        14        12
        20        19        13        14
        19        27        21        13
        27        34        28        21
        17        24        18        11
        24        26        20        18
        26        25        19        20
        25        33        27        19
        33        39        34        27
        23        30        24        17
        30        32        26        24
        32        31        25        26
        31        38        33        25
        38        41        39        33
        29        35        30        23
        35        37        32        30
        37        36        31        32
        36        40        38        31
        40        42        41        38
zone t="boundary 2 bc-2", solutiontime= 0.1000000E+02, strandid=1002, i=50, j=78, f=feblock
  0.500000000000E+01  0.400000000000E+01  0.500000000000E+01  0.432205072469E+01  0.300000000000E+01  0.339985167428E+01  0.500000000000E+01
  0.414352482062E+01  0.200000000000E+01  0.238772260472E+01  0.328766614337E+01  0.253053942594E+01  0.500000000000E+01  0.437470683547E+01
  0.355186041251E+01  0.100000000000E+01  0.148474164412E+01  0.182006405350E+01  0.265208498144E+01  0.158439218620E+01  0.500000000000E+01
  0.421824364393E+01  0.356601661300E+01  0.279151482472E+01 -0.260208521397E-16  0.691584087487E+00  0.102677755985E+01  0.203910647352E+01
  0.786163368796E+00  0.130062434092E+01  0.579883387792E+00  0.500000000000E+01  0.439593351493E+01  0.365358382485E+01  0.222719085292E+01
  0.294979435250E+01  0.181898636514E+01 -0.260208521397E-16 -0.260208521397E-16  0.608717331133E+00  0.956798945949E+00 -0.260208521397E-16
  0.400000000000E+01  0.200000000000E+01  0.160059523280E+01  0.300000000000E+01 -0.260208521397E-16  0.482256655205E+00  0.100000000000E+01
 -0.260208521397E-16
 -0.500000000000E+01 -0.500000000000E+01 -0.500000000000E+01 -0.500000000000E+01 -0.500000000000E+01 -0.500000000000E+01 -0.500000000000E+01
 -0.500000000000E+01 -0.500000000000E+01 -0.500000000000E+01 -0.500000000000E+01 -0.500000000000E+01 -0.500000000000E+01 -0.500000000000E+01
 -0.500000000000E+01 -0.500000000000E+01 -0.500000000000E+01 -0.500000000000E+01 -0.500000000000E+01 -0.500000000000E+01 -0.500000000000E+01
 -0.500000000000E+01 -0.500000000000E+01 -0.500000000000E+01 -0.500000000000E+01 -0.500000000000E+01 -0.500000000000E+01 -0.500000000000E+01
 -0.500000000000E+01 -0.500000000000E+01 -0.500000000000E+01 -0.500000000000E+01 -0.500000000000E+01 -0.500000000000E+01 -0.500000000000E+01
 -0.500000000000E+01 -0.500000000000E+01 -0.500000000000E+01 -0.500000000000E+01 -0.500000000000E+01 -0.500000000000E+01 -0.500000000000E+01
 -0.500000000000E+01 -0.500000000000E+01 -0.500000000000E+01 -0.500000000000E+01 -0.500000000000E+01 -0.500000000000E+01 -0.500000000000E+01
 -0.500000000000E+01
  0.500000000000E+01  0.500000000000E+01  0.400000000000E+01  0.427284776458E+01  0.500000000000E+01  0.409791606955E+01  0.300000000000E+01
  0.334954216394E+01  0.500000000000E+01  0.428961258157E+01  0.317389756208E+01  0.342579600005E+01  0.200000000000E+01  0.245604909385E+01
  0.233993022181E+01  0.500000000000E+01  0.436396516571E+01  0.369973104758E+01  0.256908373316E+01  0.279597472668E+01  0.100000000000E+01
  0.157729503259E+01  0.159701071514E+01  0.152167522831E+01  0.500000000000E+01  0.441213888848E+01  0.370665089386E+01  0.199896920986E+01
  0.224835513052E+01  0.181406525358E+01  0.296809553468E+01 -0.260208521397E-16  0.696815730569E+00  0.990157383601E+00  0.787866207738E+00
  0.548147595005E+00  0.128672970530E+01  0.400000000000E+01  0.200000000000E+01  0.160443740745E+01  0.959766653149E+00  0.300000000000E+01
 -0.260208521397E-16 -0.260208521397E-16  0.606872513237E+00 -0.260208521397E-16  0.100000000000E+01  0.486991412371E+00 -0.260208521397E-16
 -0.260208521397E-16
  0.100236803959E+01  0.100380690227E+01  0.100178303938E+01  0.100348238957E+01  0.100368139045E+01  0.100372370748E+01  0.100614937527E+01
  0.100323357337E+01  0.100333879554E+01  0.100413313928E+01  0.999971622667E+00  0.100389449060E+01  0.101615221664E+01  0.100494650736E+01
  0.997797887127E+00  0.100400494625E+01  0.100392399172E+01  0.100518104732E+01  0.996773911413E+00  0.100780208036E+01  0.980842182077E+00
  0.998458176431E+00  0.100525608086E+01  0.100902088775E+01  0.100346195276E+01  0.100419930235E+01  0.100768102285E+01  0.999083587887E+00
  0.101106926317E+01  0.994280617670E+00  0.100809328428E+01  0.827269008751E+00  0.996542120670E+00  0.985926786011E+00  0.101792996438E+01
  0.100314290515E+01  0.100105422979E+01  0.100412320146E+01  0.103215186615E+01  0.100340732874E+01  0.106553541283E+01  0.100648378203E+01
  0.983389463501E+00  0.985179907657E+00  0.975131646341E+00  0.990946991330E+00  0.100869432588E+01  0.109448478259E+01  0.922683756826E+00
  0.149788539531E+01
  0.495601348577E+00  0.491995873730E+00  0.500091193170E+00  0.493516596308E+00  0.495073473981E+00  0.493131965526E+00  0.513346164070E+00
  0.504878089213E+00  0.496370091286E+00  0.496066263224E+00  0.504669725005E+00  0.495901891706E+00  0.521398398029E+00  0.536199925884E+00
  0.548393868119E+00  0.495920416940E+00  0.496520196140E+00  0.495438731556E+00  0.525465579490E+00  0.494075031419E+00  0.483242257026E+00
  0.559611174711E+00  0.566527323613E+00  0.563110852774E+00  0.496263946613E+00  0.496147993341E+00  0.493309875031E+00  0.549088113646E+00
  0.488162235064E+00  0.539706618425E+00  0.491798023601E+00  0.000000000000E+00  0.413137512535E+00  0.476043389178E+00  0.418758090259E+00
  0.319767937278E+00  0.581877910602E+00  0.496494572102E+00  0.470911313099E+00  0.496036305662E+00  0.531894036493E+00  0.493250891483E+00
  0.000000000000E+00  0.000000000000E+00  0.382454536283E+00  0.000000000000E+00  0.481941722028E+00  0.448163410160E+00  0.000000000000E+00
  0.000000000000E+00
  0.000000000000E+00  0.000000000000E+00  0.000000000000E+00  0.000000000000E+00  0.000000000000E+00  0.000000000000E+00  0.000000000000E+00
  0.000000000000E+00  0.000000000000E+00  0.000000000000E+00  0.000000000000E+00  0.000000000000E+00  0.000000000000E+00  0.000000000000E+00
  0.000000000000E+00  0.000000000000E+00  0.000000000000E+00  0.000000000000E+00  0.000000000000E+00  0.000000000000E+00  0.000000000000E+00
  0.000000000000E+00  0.000000000000E+00  0.000000000000E+00  0.000000000000E+00  0.000000000000E+00  0.000000000000E+00  0.000000000000E+00
  0.000000000000E+00  0.000000000000E+00  0.000000000000E+00  0.000000000000E+00  0.000000000000E+00  0.000000000000E+00  0.000000000000E+00
  0.000000000000E+00  0.000000000000E+00  0.000000000000E+00  0.000000000000E+00  0.000000000000E+00  0.000000000000E+00  0.000000000000E+00
  0.000000000000E+00  0.000000000000E+00  0.000000000000E+00  0.000000000000E+00  0.000000000000E+00  0.000000000000E+00  0.000000000000E+00
  0.000000000000E+00
  0.141316244104E-02  0.141801835089E-02  0.765075414650E-02  0.273599859116E-02  0.549168230034E-02  0.225758028288E-02  0.999500662536E-02
  0.531369215667E-02  0.714270195835E-02  0.589919108277E-02  0.385991764791E-02  0.499379428001E-02 -0.228691217455E-01  0.540776442204E-02
  0.105193380369E-01  0.511449222591E-02  0.697618604023E-02  0.653915075674E-02  0.135811252838E-01  0.938373506746E-02 -0.781004929860E-01
 -0.960144140834E-02  0.490244166009E-02  0.183949558358E-01  0.137731344548E-02  0.439055806602E-02  0.536001792395E-02  0.260781771306E-01
  0.773299083428E-02  0.437021197843E-01  0.591166182485E-02  0.000000000000E+00 -0.390771158696E-01  0.103422807244E-01  0.927104399993E-03
  0.456508255331E-02  0.347804483060E-01  0.470395534682E-03 -0.473002559359E-02  0.266444423199E-01  0.716371069535E-01  0.377193352204E-02
  0.000000000000E+00  0.000000000000E+00 -0.109481505490E-01  0.000000000000E+00  0.373951750225E-01  0.176771275817E+00  0.000000000000E+00
  0.000000000000E+00
  0.715764361370E+00  0.717685380968E+00  0.716407192708E+00  0.717206618375E+00  0.718578808836E+00  0.717486450523E+00  0.721756656227E+00
  0.718980792065E+00  0.718603334370E+00  0.718405334982E+00  0.715972016512E+00  0.716820837596E+00  0.727854937752E+00  0.719638539644E+00
  0.712486748778E+00  0.718657480152E+00  0.718531600078E+00  0.718705218750E+00  0.714898993833E+00  0.721231878107E+00  0.686969842125E+00
  0.706204717422E+00  0.710403541035E+00  0.713718195116E+00  0.717542344310E+00  0.718972187133E+00  0.721422964004E+00  0.718524027359E+00
  0.723891596215E+00  0.717114221321E+00  0.720638723506E+00  0.590894429177E+00  0.696196778261E+00  0.692955553357E+00  0.715322789046E+00
  0.709490720295E+00  0.698556765916E+00  0.719413198336E+00  0.740486875047E+00  0.737403359945E+00  0.747472921809E+00  0.722012135294E+00
  0.702406790392E+00  0.703685257401E+00  0.680609163894E+00  0.707804807890E+00  0.745007433363E+00  0.722929023239E+00  0.659045773744E+00
  0.106989474630E+01
  0.495677033798E+00  0.491764625744E+00  0.499853658072E+00  0.493375013598E+00  0.494530509975E+00  0.492951199010E+00  0.512347284484E+00
  0.504067784690E+00  0.495753439147E+00  0.495698102655E+00  0.504082650828E+00  0.496012351227E+00  0.521170696566E+00  0.535548840571E+00
  0.548581745001E+00  0.495425112159E+00  0.496070318793E+00  0.495234063293E+00  0.524567344891E+00  0.493693457265E+00  0.494345689970E+00
  0.562452569707E+00  0.569585465493E+00  0.566171716995E+00  0.495994736080E+00  0.495584982839E+00  0.492774225860E+00  0.547832186259E+00
  0.487650115145E+00  0.538856568101E+00  0.491638288733E+00  0.000000000000E+00  0.419610665341E+00  0.480014805095E+00  0.422190226912E+00
  0.321383216701E+00  0.589753111632E+00  0.495741164413E+00  0.469905070767E+00  0.489735009003E+00  0.541565466249E+00  0.492206903974E+00
  0.000000000000E+00  0.000000000000E+00  0.387058310133E+00  0.000000000000E+00  0.475371824135E+00  0.500990172787E+00  0.000000000000E+00
  0.000000000000E+00
  0.999702770179E+00  0.100094901827E+01  0.100118491766E+01  0.100060477011E+01  0.100232039962E+01  0.100075451366E+01  0.100428360198E+01
  0.100332877169E+01  0.100269686828E+01  0.100162760259E+01  0.100238926825E+01  0.999656021656E+00  0.100279947843E+01  0.100253490920E+01
  0.999682862789E+00  0.100210708719E+01  0.100201235194E+01  0.100100107233E+01  0.100409790014E+01  0.100190766524E+01  0.980542840173E+00
  0.990213338655E+00  0.989364776181E+00  0.990272337563E+00  0.100109354348E+01  0.100235188337E+01  0.100229351025E+01  0.100685633364E+01
  0.100235292637E+01  0.100973497020E+01  0.100079449853E+01  0.999979682663E+00  0.978057494359E+00  0.983985614820E+00  0.983812187192E+00
  0.990174982357E+00  0.976949542966E+00  0.100304273042E+01  0.100438865546E+01  0.102885904294E+01  0.982099776256E+00  0.100430529280E+01
  0.999979705952E+00  0.999979143611E+00  0.977153016238E+00  0.999979554624E+00  0.103402029727E+01  0.924727916398E+00  0.999978677868E+00
  0.999978135523E+00
        44        35        36        36
        24        34        36        36
        38        27        31        31
        20        29        31        31
        24        23        34        34
        15        22        23        23
        24        35        37        37
        41        30        37        37
        27        18        20        20
        17        18        27        27
        15        19        11        11
        12         6        11        11
         8         7        14        14
        13        14         7         7
        41        40        30        30
        47        39        40        40
        17         9        10        10
         5        10         9         9
        44        45        35        35
        49        41        45        45
        19        15        24        24
        36        35        24        24
        37        45        41        41
        40        39        29        29
        30        29        20        20
        12        18        10        10
        20        12        19        19
        11         8        15        15
        20        18        12        12
        27        20        31        31
        28        20        19        19
        23        24        15        15
        23        22        34        34
        28        24        37        37
        11        19        12        12
        11         6         8         8
        28        19        24        24
        40        41        47        47
        30        40        29        29
        45        44        49        49
        37        35        45        45
        16        26        25        25
        27        38        26        26
        47        48        50        50
        43        33        32        32
        22        21        33        33
         3         4         1         1
         6         2         4         4
        10         5         6         6
        14        13        22        22
         4         3         8         8
         7         8         3         3
        42        38        31        31
         9        17        16        16
        33        43        34        34
        36        34        43        43
        41        48        47        47
        15         8        14        14
        28        30        20        20
        18        17        10        10
        42        31        39        39
        26        16        17        17
         8         6         4         4
        34        22        33        33
        37        30        28        28
        27        26        17        17
        49        48        41        41
        46        36        43        43
        31        29        39        39
        36        46        44        44
        22        13        21        21
        15        14        22        22
         6         5         2         2
        12        10         6         6
        26        38        25        25
        48        49        50        50
        33        21        32        32
         4         2         1         1
zone t="boundary 3 bc-3", solutiontime= 0.1000000E+02, strandid=1003, i=50, j=78, f=feblock
  0.500000000000E+01  0.400000000000E+01  0.500000000000E+01  0.432205072469E+01  0.300000000000E+01  0.339985167428E+01  0.500000000000E+01
  0.414352482062E+01  0.200000000000E+01  0.238772260472E+01  0.328766614337E+01  0.253053942594E+01  0.500000000000E+01  0.437470683547E+01
  0.355186041251E+01  0.100000000000E+01  0.148474164412E+01  0.182006405350E+01  0.265208498144E+01  0.158439218620E+01  0.500000000000E+01
  0.421824364393E+01  0.356601661300E+01  0.279151482472E+01 -0.260208521397E-16  0.691584087487E+00  0.102677755985E+01  0.203910647352E+01
  0.786163368796E+00  0.130062434092E+01  0.579883387792E+00  0.500000000000E+01  0.439593351493E+01  0.365358382485E+01  0.222719085292E+01
  0.294979435250E+01  0.181898636514E+01 -0.260208521397E-16 -0.260208521397E-16  0.608717331133E+00  0.956798945949E+00 -0.260208521397E-16
  0.400000000000E+01  0.200000000000E+01  0.160059523280E+01  0.300000000000E+01 -0.260208521397E-16  0.482256655205E+00  0.100000000000E+01
 -0.260208521397E-16
 -0.260208521397E-16 -0.260208521397E-16 -0.260208521397E-16 -0.260208521397E-16 -0.260208521397E-16 -0.260208521397E-16 -0.260208521397E-16
 -0.260208521397E-16 -0.260208521397E-16 -0.260208521397E-16 -0.260208521397E-16 -0.260208521397E-16 -0.260208521397E-16 -0.260208521397E-16
 -0.260208521397E-16 -0.260208521397E-16 -0.260208521397E-16 -0.260208521397E-16 -0.260208521397E-16 -0.260208521397E-16 -0.260208521397E-16
 -0.260208521397E-16 -0.260208521397E-16 -0.260208521397E-16 -0.260208521397E-16 -0.260208521397E-16 -0.260208521397E-16 -0.260208521397E-16
 -0.260208521397E-16 -0.260208521397E-16 -0.260208521397E-16 -0.260208521397E-16 -0.260208521397E-16 -0.260208521397E-16 -0.260208521397E-16
 -0.260208521397E-16 -0.260208521397E-16 -0.260208521397E-16 -0.260208521397E-16 -0.260208521397E-16 -0.260208521397E-16 -0.260208521397E-16
 -0.260208521397E-16 -0.260208521397E-16 -0.260208521397E-16 -0.260208521397E-16 -0.260208521397E-16 -0.260208521397E-16 -0.260208521397E-16
 -0.260208521397E-16
  0.500000000000E+01  0.500000000000E+01  0.400000000000E+01  0.427284776458E+01  0.500000000000E+01  0.409791606955E+01  0.300000000000E+01
  0.334954216394E+01  0.500000000000E+01  0.428961258157E+01  0.317389756208E+01  0.342579600005E+01  0.200000000000E+01  0.245604909385E+01
  0.233993022181E+01  0.500000000000E+01  0.436396516571E+01  0.369973104758E+01  0.256908373316E+01  0.279597472668E+01  0.100000000000E+01
  0.157729503259E+01  0.159701071514E+01  0.152167522831E+01  0.500000000000E+01  0.441213888848E+01  0.370665089386E+01  0.199896920986E+01
  0.224835513052E+01  0.181406525358E+01  0.296809553468E+01 -0.260208521397E-16  0.696815730569E+00  0.990157383601E+00  0.787866207738E+00
  0.548147595005E+00  0.128672970530E+01  0.400000000000E+01  0.200000000000E+01  0.160443740745E+01  0.959766653149E+00  0.300000000000E+01
 -0.260208521397E-16 -0.260208521397E-16  0.606872513237E+00 -0.260208521397E-16  0.100000000000E+01  0.486991412371E+00 -0.260208521397E-16
 -0.260208521397E-16
  0.100236820737E+01  0.100380702084E+01  0.100178305779E+01  0.100348248851E+01  0.100368138824E+01  0.100372381105E+01  0.100614919729E+01
  0.100323354069E+01  0.100333873961E+01  0.100413317518E+01  0.999971622708E+00  0.100389462566E+01  0.101615235680E+01  0.100494635569E+01
  0.997797812691E+00  0.100400492736E+01  0.100392398930E+01  0.100518112415E+01  0.996773754064E+00  0.100780223516E+01  0.980844160786E+00
  0.998458997839E+00  0.100525658951E+01  0.100902141090E+01  0.100346197833E+01  0.100419929470E+01  0.100768113183E+01  0.999083299450E+00
  0.101106929536E+01  0.994280093426E+00  0.100809338450E+01  0.827277353222E+00  0.996544814635E+00  0.985928703238E+00  0.101793213202E+01
  0.100314597900E+01  0.100105493733E+01  0.100412313683E+01  0.103215282588E+01  0.100340666530E+01  0.106553795288E+01  0.100648368868E+01
  0.983395751193E+00  0.985185724668E+00  0.975133527398E+00  0.990953917977E+00  0.100869230568E+01  0.109449060418E+01  0.922686535323E+00
  0.149790280898E+01
  0.495601134706E+00  0.491995685661E+00  0.500091159117E+00  0.493516428614E+00  0.495073346410E+00  0.493131777021E+00  0.513346544975E+00
  0.504878085047E+00  0.496370050326E+00  0.496066184291E+00  0.504669606885E+00  0.495901701731E+00  0.521398596878E+00  0.536200315326E+00
  0.548394125911E+00  0.495920417119E+00  0.496520200944E+00  0.495438661724E+00  0.525465691133E+00  0.494074809106E+00  0.483239895982E+00
  0.559610889712E+00  0.566527490768E+00  0.563111355565E+00  0.496263945920E+00  0.496148011636E+00  0.493309828748E+00  0.549088515375E+00
  0.488162058852E+00  0.539706892520E+00  0.491797989668E+00  0.000000000000E+00  0.413134938863E+00  0.476042705566E+00  0.418758227764E+00
  0.319767372074E+00  0.581879171790E+00  0.496494628151E+00  0.470910632257E+00  0.496035624407E+00  0.531895013387E+00  0.493250923867E+00
  0.000000000000E+00  0.000000000000E+00  0.382454961724E+00  0.000000000000E+00  0.481942499754E+00  0.448165650820E+00  0.000000000000E+00
  0.000000000000E+00
  0.000000000000E+00  0.000000000000E+00  0.000000000000E+00  0.000000000000E+00  0.000000000000E+00  0.000000000000E+00  0.000000000000E+00
  0.000000000000E+00  0.000000000000E+00  0.000000000000E+00  0.000000000000E+00  0.000000000000E+00  0.000000000000E+00  0.000000000000E+00
  0.000000000000E+00  0.000000000000E+00  0.000000000000E+00  0.000000000000E+00  0.000000000000E+00  0.000000000000E+00  0.000000000000E+00
  0.000000000000E+00  0.000000000000E+00  0.000000000000E+00  0.000000000000E+00  0.000000000000E+00  0.000000000000E+00  0.000000000000E+00
  0.000000000000E+00  0.000000000000E+00  0.000000000000E+00  0.000000000000E+00  0.000000000000E+00  0.000000000000E+00  0.000000000000E+00
  0.000000000000E+00  0.000000000000E+00  0.000000000000E+00  0.000000000000E+00  0.000000000000E+00  0.000000000000E+00  0.000000000000E+00
  0.000000000000E+00  0.000000000000E+00  0.000000000000E+00  0.000000000000E+00  0.000000000000E+00  0.000000000000E+00  0.000000000000E+00
  0.000000000000E+00
  0.141305384539E-02  0.141793328282E-02  0.765081961072E-02  0.273598418340E-02  0.549180175511E-02  0.225769506730E-02  0.999556857921E-02
  0.531394302518E-02  0.714287706330E-02  0.589934087345E-02  0.386021166757E-02  0.499393308770E-02 -0.228679642657E-01  0.540851967767E-02
  0.105199617875E-01  0.511456836771E-02  0.697630273198E-02  0.653925381557E-02  0.135814845265E-01  0.938382809652E-02 -0.780986271381E-01
 -0.960068704566E-02  0.490303234942E-02  0.183955530739E-01  0.137728823863E-02  0.439058993566E-02  0.536006419184E-02  0.260787113824E-01
  0.773306003925E-02  0.437027679875E-01  0.591175848066E-02  0.000000000000E+00 -0.390756703685E-01  0.103425667451E-01  0.927375783860E-03
  0.456498511417E-02  0.347811992238E-01  0.470384565436E-03 -0.473028205850E-02  0.266444135999E-01  0.716386048582E-01  0.377210550966E-02
  0.000000000000E+00  0.000000000000E+00 -0.109484206418E-01  0.000000000000E+00  0.373959299197E-01  0.176774964404E+00  0.000000000000E+00
  0.000000000000E+00
  0.715764432075E+00  0.717685448426E+00  0.716407208709E+00  0.717206648578E+00  0.718578845203E+00  0.717486500918E+00  0.721756670069E+00
  0.718980851658E+00  0.718603343099E+00  0.718405375512E+00  0.715972079317E+00  0.716820887723E+00  0.727855076591E+00  0.719638620234E+00
  0.712486873005E+00  0.718657489557E+00  0.718531618362E+00  0.718705249615E+00  0.714899065539E+00  0.721231982557E+00  0.686970588681E+00
  0.706205197660E+00  0.710403775175E+00  0.713718345632E+00  0.717542358769E+00  0.718972209310E+00  0.721423037681E+00  0.718524110231E+00
  0.723891547471E+00  0.717114257455E+00  0.720638715728E+00  0.590897376844E+00  0.696197144982E+00  0.692955929714E+00  0.715322876189E+00
  0.709490787862E+00  0.698556534956E+00  0.719413193715E+00  0.740487472012E+00  0.737403885281E+00  0.747473525699E+00  0.722012119640E+00
  0.702407133784E+00  0.703685054757E+00  0.680608629408E+00  0.707805087143E+00  0.745006688726E+00  0.722929270658E+00  0.659044101521E+00
  0.106990197951E+01
  0.495676836587E+00  0.491764443452E+00  0.499853624057E+00  0.493374859811E+00  0.494530370825E+00  0.492951019224E+00  0.512347625194E+00
  0.504067754066E+00  0.495753383933E+00  0.495698020451E+00  0.504082513000E+00  0.496012178651E+00  0.521170830534E+00  0.535549166708E+00
  0.548581946464E+00  0.495425105220E+00  0.496070318322E+00  0.495234003154E+00  0.524567397819E+00  0.493693239137E+00  0.494343265553E+00
  0.562452310457E+00  0.569585688912E+00  0.566172328647E+00  0.495994736639E+00  0.495584991864E+00  0.492774181618E+00  0.547832500754E+00
  0.487649964437E+00  0.538856736411E+00  0.491638283068E+00  0.000000000000E+00  0.419608393540E+00  0.480014458732E+00  0.422190789951E+00
  0.321383124449E+00  0.589754736578E+00  0.495741206006E+00  0.469904423072E+00  0.489734000471E+00  0.541567071668E+00  0.492206920110E+00
  0.000000000000E+00  0.000000000000E+00  0.387059273465E+00  0.000000000000E+00  0.475372405629E+00  0.500994994447E+00  0.000000000000E+00
  0.000000000000E+00
  0.999702701604E+00  0.100094899412E+01  0.100118492161E+01  0.100060471359E+01  0.100232045255E+01  0.100075448069E+01  0.100428379888E+01
  0.100332888754E+01  0.100269693636E+01  0.100162762328E+01  0.100238935614E+01  0.999655957067E+00  0.100279953140E+01  0.100253517277E+01
  0.999683111668E+00  0.100210711916E+01  0.100201237985E+01  0.100100103880E+01  0.100409815936E+01  0.100190765643E+01  0.980541927662E+00
  0.990213197401E+00  0.989364601662E+00  0.990272032973E+00  0.100109353814E+01  0.100235192192E+01  0.100229350421E+01  0.100685674045E+01
  0.100235282696E+01  0.100973555347E+01  0.100079438823E+01  0.999974584532E+00  0.978055365561E+00  0.983984235790E+00  0.983810212059E+00
  0.990172042555E+00  0.976948529469E+00  0.100304278853E+01  0.100438853125E+01  0.102886045617E+01  0.982098228553E+00  0.100430536418E+01
  0.999973801092E+00  0.999972951285E+00  0.977150363924E+00  0.999972959412E+00  0.103402133470E+01  0.924723314256E+00  0.999973129342E+00
  0.999973270848E+00
        36        35        44        44
        36        34        24        24
        31        27        38        38
        31        29        20        20
        34        23        24        24
        23        22        15        15
        37        35        24        24
        37        30        41        41
        20        18        27        27
        27        18        17        17
        11        19        15        15
        11         6        12        12
        14         7         8         8
         7        14        13        13
        30        40        41        41
        40        39        47        47
        10         9        17        17
         9        10         5         5
        35        45        44        44
        45        41        49        49
        24        15        19        19
        24        35        36        36
        41        45        37        37
        29        39        40        40
        20        29        30        30
        10        18        12        12
        19        12        20        20
        15         8        11        11
        12        18        20        20
        31        20        27        27
        19        20        28        28
        15        24        23        23
        34        22        23        23
        37        24        28        28
        12        19        11        11
         8         6        11        11
        24        19        28        28
        47        41        40        40
        29        40        30        30
        49        44        45        45
        45        35        37        37
        25        26        16        16
        26        38        27        27
        50        48        47        47
        32        33        43        43
        33        21        22        22
         1         4         3         3
         4         2         6         6
         6         5        10        10
        22        13        14        14
         8         3         4         4
         3         8         7         7
        31        38        42        42
        16        17         9         9
        34        43        33        33
        43        34        36        36
        47        48        41        41
        14         8        15        15
        20        30        28        28
        10        17        18        18
        39        31        42        42
        17        16        26        26
         4         6         8         8
        33        22        34        34
        28        30        37        37
        17        26        27        27
        41        48        49        49
        43        36        46        46
        39        29        31        31
        44        46        36        36
        21        13        22        22
        22        14        15        15
         2         5         6         6
         6        10        12        12
        25        38        26        26
        50        49        48        48
        32        21        33        33
         1         2         4         4
zone t="boundary 4 bc-4", solutiontime= 0.1000000E+02, strandid=1004, i=42, j=30, f=feblock
  0.500000000000E+01  0.400000000000E+01  0.500000000000E+01  0.300000000000E+01  0.400000000000E+01  0.500000000000E+01  0.200000000000E+01
  0.300000000000E+01  0.400000000000E+01  0.500000000000E+01  0.100000000000E+01  0.200000000000E+01  0.300000000000E+01  0.400000000000E+01
  0.500000000000E+01 -0.260208521397E-16  0.100000000000E+01  0.200000000000E+01  0.300000000000E+01  0.400000000000E+01  0.500000000000E+01
 -0.260208521397E-16  0.100000000000E+01  0.200000000000E+01  0.300000000000E+01  0.400000000000E+01  0.500000000000E+01 -0.260208521397E-16
  0.100000000000E+01  0.200000000000E+01  0.300000000000E+01  0.400000000000E+01 -0.260208521397E-16  0.100000000000E+01  0.200000000000E+01
  0.300000000000E+01 -0.260208521397E-16  0.100000000000E+01  0.200000000000E+01 -0.260208521397E-16  0.100000000000E+01 -0.260208521397E-16
 -0.260208521397E-16 -0.260208521397E-16 -0.833333333333E+00 -0.260208521397E-16 -0.833333333333E+00 -0.166666666667E+01 -0.260208521397E-16
 -0.833333333333E+00 -0.166666666667E+01 -0.250000000000E+01 -0.260208521397E-16 -0.833333333333E+00 -0.166666666667E+01 -0.250000000000E+01
 -0.333333333333E+01 -0.260208521397E-16 -0.833333333333E+00 -0.166666666667E+01 -0.250000000000E+01 -0.333333333333E+01 -0.416666666667E+01
 -0.833333333333E+00 -0.166666666667E+01 -0.250000000000E+01 -0.333333333333E+01 -0.416666666667E+01 -0.500000000000E+01 -0.166666666667E+01
 -0.250000000000E+01 -0.333333333333E+01 -0.416666666667E+01 -0.500000000000E+01 -0.250000000000E+01 -0.333333333333E+01 -0.416666666667E+01
 -0.500000000000E+01 -0.333333333333E+01 -0.416666666667E+01 -0.500000000000E+01 -0.416666666667E+01 -0.500000000000E+01 -0.500000000000E+01
  0.500000000000E+01  0.500000000000E+01  0.500000000000E+01  0.500000000000E+01  0.500000000000E+01  0.500000000000E+01  0.500000000000E+01
  0.500000000000E+01  0.500000000000E+01  0.500000000000E+01  0.500000000000E+01  0.500000000000E+01  0.500000000000E+01  0.500000000000E+01
  0.500000000000E+01  0.500000000000E+01  0.500000000000E+01  0.500000000000E+01  0.500000000000E+01  0.500000000000E+01  0.500000000000E+01
  0.500000000000E+01  0.500000000000E+01  0.500000000000E+01  0.500000000000E+01  0.500000000000E+01  0.500000000000E+01  0.500000000000E+01
  0.500000000000E+01  0.500000000000E+01  0.500000000000E+01  0.500000000000E+01  0.500000000000E+01  0.500000000000E+01  0.500000000000E+01
  0.500000000000E+01  0.500000000000E+01  0.500000000000E+01  0.500000000000E+01  0.500000000000E+01  0.500000000000E+01  0.500000000000E+01
  0.100236820737E+01  0.100380702084E+01  0.100233521201E+01  0.100368138824E+01  0.100376637781E+01  0.100232816695E+01  0.100333873961E+01
  0.100362269772E+01  0.100378078380E+01  0.100235880803E+01  0.100400492736E+01  0.100327726718E+01  0.100365609640E+01  0.100380211134E+01
  0.100232808784E+01  0.100346197833E+01  0.100394721446E+01  0.100330752285E+01  0.100365360180E+01  0.100378072873E+01  0.100233507523E+01
  0.100343461093E+01  0.100397618315E+01  0.100329780287E+01  0.100365610177E+01  0.100376628293E+01  0.100236803959E+01  0.100346228899E+01
  0.100395357746E+01  0.100330755240E+01  0.100362270671E+01  0.100380690227E+01  0.100344394176E+01  0.100397619186E+01  0.100327731967E+01
  0.100368139045E+01  0.100346227347E+01  0.100394723230E+01  0.100333879554E+01  0.100343458740E+01  0.100400494625E+01  0.100346195276E+01
  0.495601134706E+00  0.491995685661E+00  0.495537383940E+00  0.495073346410E+00  0.491995797134E+00  0.495542359617E+00  0.496370050326E+00
  0.495214598966E+00  0.491988830705E+00  0.495551909152E+00  0.495920417119E+00  0.496546828873E+00  0.495187537335E+00  0.492045916465E+00
  0.495542454628E+00  0.496263945920E+00  0.496069100423E+00  0.496478928972E+00  0.495262488095E+00  0.491988906313E+00  0.495537559478E+00
  0.496287126703E+00  0.495976945831E+00  0.496533927949E+00  0.495187578892E+00  0.491995940671E+00  0.495601348577E+00  0.496262342841E+00
  0.496035496608E+00  0.496478935909E+00  0.495214683979E+00  0.491995873730E+00  0.496270607965E+00  0.495976943970E+00  0.496546844821E+00
  0.495073473981E+00  0.496262349434E+00  0.496069093633E+00  0.496370091286E+00  0.496287132117E+00  0.495920416940E+00  0.496263946613E+00
  0.000000000000E+00  0.000000000000E+00 -0.690605642186E-04  0.000000000000E+00 -0.623167709823E-04 -0.336899259253E-04  0.000000000000E+00
 -0.415128080315E-04 -0.163957798278E-04 -0.125514757845E-06  0.000000000000E+00 -0.286581640108E-04  0.686529080365E-05 -0.999481272157E-07
  0.334712816141E-04  0.000000000000E+00 -0.959006326505E-05  0.153054319631E-04 -0.416523002078E-07  0.162211155595E-04  0.689282253066E-04
  0.764115288877E-05  0.158157521286E-04  0.151565072242E-08 -0.693883587966E-05  0.622069649480E-04  0.000000000000E+00  0.784951329441E-05
  0.458311076537E-08 -0.153028951434E-04  0.414630222766E-04  0.000000000000E+00  0.324139392582E-08 -0.158067037491E-04  0.286564044853E-04
  0.000000000000E+00 -0.784262684293E-05  0.959508507686E-05  0.000000000000E+00 -0.763474710101E-05  0.000000000000E+00  0.000000000000E+00
  0.141305384539E-02  0.141793328282E-02  0.132799713069E-02  0.549180175511E-02  0.131436867258E-02  0.132187908270E-02  0.714287706330E-02
  0.538611627275E-02  0.137053909457E-02  0.130067773934E-02  0.511456836771E-02  0.705153192506E-02  0.547712861271E-02  0.133999320586E-02
  0.132193258944E-02  0.137728823863E-02  0.505329887426E-02  0.713882773677E-02  0.544867914213E-02  0.137057852752E-02  0.132809866730E-02
  0.137310712240E-02  0.511043703840E-02  0.710177157254E-02  0.547706641872E-02  0.131444605820E-02  0.141316244104E-02  0.137040971395E-02
  0.507587150339E-02  0.713873713589E-02  0.538601535073E-02  0.141801835089E-02  0.136269742260E-02  0.511039779029E-02  0.705138050515E-02
  0.549168230034E-02  0.137042456991E-02  0.505323335487E-02  0.714270195835E-02  0.137313234214E-02  0.511449222591E-02  0.137731344548E-02
  0.715764432075E+00  0.717685448426E+00  0.715724496219E+00  0.718578845203E+00  0.717633597082E+00  0.715722118673E+00  0.718603343099E+00
  0.718510491775E+00  0.717654605537E+00  0.715737600594E+00  0.718657489557E+00  0.718534451610E+00  0.718551147463E+00  0.717659550085E+00
  0.715722085464E+00  0.717542358769E+00  0.718596888534E+00  0.718573942692E+00  0.718538527108E+00  0.717654573530E+00  0.715724441477E+00
  0.717517449770E+00  0.718631624494E+00  0.718558008446E+00  0.718551131623E+00  0.717633544600E+00  0.715764361370E+00  0.717542748950E+00
  0.718606867174E+00  0.718573939209E+00  0.718510465743E+00  0.717685380968E+00  0.717527008830E+00  0.718631619685E+00  0.718534447329E+00
  0.718578808836E+00  0.717542739694E+00  0.718596882100E+00  0.718603334370E+00  0.717517436486E+00  0.718657480152E+00  0.717542344310E+00
  0.495676836587E+00  0.491764443452E+00  0.495618515559E+00  0.494530370825E+00  0.491772080884E+00  0.495622553401E+00  0.495753383933E+00
  0.494679358581E+00  0.491761598062E+00  0.495634262263E+00  0.495425105220E+00  0.495937183910E+00  0.494647561110E+00  0.491822103209E+00
  0.495622640495E+00  0.495994736639E+00  0.495579648857E+00  0.495864476791E+00  0.494725837295E+00  0.491761671215E+00  0.495618676516E+00
  0.496019738728E+00  0.495483352927E+00  0.495921961792E+00  0.494647608704E+00  0.491772219287E+00  0.495677033798E+00  0.495993057394E+00
  0.495544441562E+00  0.495864490923E+00  0.494679453569E+00  0.491764625744E+00  0.496002202455E+00  0.495483354470E+00  0.495937212138E+00
  0.494530509975E+00  0.495993063387E+00  0.495579648029E+00  0.495753439147E+00  0.496019742984E+00  0.495425112159E+00  0.495994736080E+00
  0.999702701604E+00  0.100094899412E+01  0.999679830364E+00  0.100232045255E+01  0.100091720357E+01  0.999683535974E+00  0.100269693636E+01
  0.100228371755E+01  0.100093213973E+01  0.999674600361E+00  0.100210711916E+01  0.100266224020E+01  0.100230707516E+01  0.100091776932E+01
  0.999683568488E+00  0.100109353814E+01  0.100208021842E+01  0.100268710925E+01  0.100229196223E+01  0.100093215000E+01  0.999679890322E+00
  0.100108608846E+01  0.100209974218E+01  0.100267458869E+01  0.100230704771E+01  0.100091722498E+01  0.999702770179E+00  0.100109377258E+01
  0.100208778238E+01  0.100268707485E+01  0.100228367225E+01  0.100094901827E+01  0.100109011630E+01  0.100209972678E+01  0.100266218177E+01
  0.100232039962E+01  0.100109377516E+01  0.100208019164E+01  0.100269686828E+01  0.100108609340E+01  0.100210708719E+01  0.100109354348E+01
         3         5         2         1
         5         8         4         2
         8        12         7         4
        12        17        11         7
        17        22        16        11
         6         9         5         3
         9        13         8         5
        13        18        12         8
        18        23        17        12
        23        28        22        17
        10        14         9         6
        14        19        13         9
        19        24        18        13
        24        29        23        18
        29        33        28        23
        15        20        14        10
        20        25        19        14
        25        30        24        19
        30        34        29        24
        34        37        33        29
        21        26        20        15
        26        31        25        20
        31        35        30        25
        35        38        34        30
        38        40        37        34
        27        32        26        21
        32        36        31        26
        36        39        35        31
        39        41        38        35
        41        42        40        38
zone t="boundary 5 bc-5", solutiontime= 0.1000000E+02, strandid=1005, i=42, j=30, f=feblock
  0.500000000000E+01  0.500000000000E+01  0.500000000000E+01  0.500000000000E+01  0.500000000000E+01  0.500000000000E+01  0.500000000000E+01
  0.500000000000E+01  0.500000000000E+01  0.500000000000E+01  0.500000000000E+01  0.500000000000E+01  0.500000000000E+01  0.500000000000E+01
  0.500000000000E+01  0.500000000000E+01  0.500000000000E+01  0.500000000000E+01  0.500000000000E+01  0.500000000000E+01  0.500000000000E+01
  0.500000000000E+01  0.500000000000E+01  0.500000000000E+01  0.500000000000E+01  0.500000000000E+01  0.500000000000E+01  0.500000000000E+01
  0.500000000000E+01  0.500000000000E+01  0.500000000000E+01  0.500000000000E+01  0.500000000000E+01  0.500000000000E+01  0.500000000000E+01
  0.500000000000E+01  0.500000000000E+01  0.500000000000E+01  0.500000000000E+01  0.500000000000E+01  0.500000000000E+01  0.500000000000E+01
 -0.260208521397E-16 -0.260208521397E-16 -0.833333333333E+00 -0.260208521397E-16 -0.833333333333E+00 -0.166666666667E+01 -0.260208521397E-16
 -0.833333333333E+00 -0.166666666667E+01 -0.250000000000E+01 -0.260208521397E-16 -0.833333333333E+00 -0.166666666667E+01 -0.250000000000E+01
 -0.333333333333E+01 -0.260208521397E-16 -0.833333333333E+00 -0.166666666667E+01 -0.250000000000E+01 -0.333333333333E+01 -0.416666666667E+01
 -0.833333333333E+00 -0.166666666667E+01 -0.250000000000E+01 -0.333333333333E+01 -0.416666666667E+01 -0.500000000000E+01 -0.166666666667E+01
 -0.250000000000E+01 -0.333333333333E+01 -0.416666666667E+01 -0.500000000000E+01 -0.250000000000E+01 -0.333333333333E+01 -0.416666666667E+01
 -0.500000000000E+01 -0.333333333333E+01 -0.416666666667E+01 -0.500000000000E+01 -0.416666666667E+01 -0.500000000000E+01 -0.500000000000E+01
  0.500000000000E+01  0.400000000000E+01  0.500000000000E+01  0.300000000000E+01  0.400000000000E+01  0.500000000000E+01  0.200000000000E+01
  0.300000000000E+01  0.400000000000E+01  0.500000000000E+01  0.100000000000E+01  0.200000000000E+01  0.300000000000E+01  0.400000000000E+01
  0.500000000000E+01 -0.260208521397E-16  0.100000000000E+01  0.200000000000E+01  0.300000000000E+01  0.400000000000E+01  0.500000000000E+01
 -0.260208521397E-16  0.100000000000E+01  0.200000000000E+01  0.300000000000E+01  0.400000000000E+01  0.500000000000E+01 -0.260208521397E-16
  0.100000000000E+01  0.200000000000E+01  0.300000000000E+01  0.400000000000E+01 -0.260208521397E-16  0.100000000000E+01  0.200000000000E+01
  0.300000000000E+01 -0.260208521397E-16  0.100000000000E+01  0.200000000000E+01 -0.260208521397E-16  0.100000000000E+01 -0.260208521397E-16
  0.100236820737E+01  0.100178305779E+01  0.100233521201E+01  0.100614919729E+01  0.100175769812E+01  0.100232816695E+01  0.101615235680E+01
  0.100634708939E+01  0.100170254007E+01  0.100235880803E+01  0.980844160786E+00  0.101758873933E+01  0.100628416443E+01  0.100172713708E+01
  0.100232808784E+01  0.827277353222E+00  0.984438504987E+00  0.101775541287E+01  0.100630412408E+01  0.100170253403E+01  0.100233507523E+01
  0.827340094154E+00  0.984835612109E+00  0.101784139806E+01  0.100628423450E+01  0.100175769088E+01  0.100236803959E+01  0.827889362994E+00
  0.985049926099E+00  0.101775525927E+01  0.100634723675E+01  0.100178303938E+01  0.828022346884E+00  0.984834870152E+00  0.101758854479E+01
  0.100614937527E+01  0.827887896369E+00  0.984437105210E+00  0.101615221664E+01  0.827335420677E+00  0.980842182077E+00  0.827269008751E+00
  0.495601134706E+00  0.500091159117E+00  0.495537383940E+00  0.513346544975E+00  0.499919926870E+00  0.495542359617E+00  0.521398596878E+00
  0.513266887138E+00  0.499884742521E+00  0.495551909152E+00  0.483239895982E+00  0.522228533685E+00  0.513267190389E+00  0.499869190481E+00
  0.495542454628E+00  0.000000000000E+00  0.486737658374E+00  0.522448903487E+00  0.513238398098E+00  0.499884758334E+00  0.495537559478E+00
  0.000000000000E+00  0.487004138043E+00  0.522406112630E+00  0.513267041782E+00  0.499919953317E+00  0.495601348577E+00  0.000000000000E+00
  0.486907794616E+00  0.522448892036E+00  0.513266582162E+00  0.500091193170E+00  0.000000000000E+00  0.487004837232E+00  0.522228417627E+00
  0.513346164070E+00  0.000000000000E+00  0.486739171934E+00  0.521398398029E+00  0.000000000000E+00  0.483242257026E+00  0.000000000000E+00
  0.000000000000E+00  0.000000000000E+00 -0.690605642186E-04  0.000000000000E+00 -0.485361982566E-04 -0.336899259253E-04  0.000000000000E+00
  0.184966045391E-03 -0.386127604010E-04 -0.125514757845E-06  0.000000000000E+00  0.956853955165E-03  0.541794402459E-04 -0.123312049360E-06
  0.334712816141E-04  0.000000000000E+00  0.205854457786E-02  0.369103441866E-03 -0.171271673461E-06  0.383979746879E-04  0.689282253066E-04
  0.000000000000E+00  0.769281989184E-03 -0.317515118508E-06 -0.544758064053E-04  0.484068376763E-04  0.000000000000E+00  0.000000000000E+00
 -0.564401201818E-06 -0.369670492671E-03 -0.185143771472E-03  0.000000000000E+00  0.000000000000E+00 -0.770337780582E-03 -0.957207150406E-03
  0.000000000000E+00  0.000000000000E+00 -0.205931192571E-02  0.000000000000E+00  0.000000000000E+00  0.000000000000E+00  0.000000000000E+00
  0.141305384539E-02  0.765081961072E-02  0.132799713069E-02  0.999556857921E-02  0.762043329752E-02  0.132187908270E-02 -0.228679642657E-01
  0.105547621847E-01  0.760262332924E-02  0.130067773934E-02 -0.780986271381E-01 -0.213129883164E-01  0.106686988066E-01  0.756334907831E-02
  0.132193258944E-02  0.000000000000E+00 -0.766573663822E-01 -0.210670738842E-01  0.106662392165E-01  0.760260680050E-02  0.132809866730E-02
  0.000000000000E+00 -0.764914287576E-01 -0.210130457282E-01  0.106684648499E-01  0.762040957337E-02  0.141316244104E-02  0.000000000000E+00
 -0.764524530844E-01 -0.210675164343E-01  0.105543536883E-01  0.765075414650E-02  0.000000000000E+00 -0.764918471203E-01 -0.213138086886E-01
  0.999500662536E-02  0.000000000000E+00 -0.766584692688E-01 -0.228691217455E-01  0.000000000000E+00 -0.781004929860E-01  0.000000000000E+00
  0.715764432075E+00  0.716407208709E+00  0.715724496219E+00  0.721756670069E+00  0.716387349297E+00  0.715722118673E+00  0.727855076591E+00
  0.721955237364E+00  0.716350897718E+00  0.715737600594E+00  0.686970588681E+00  0.729084471469E+00  0.721920382086E+00  0.716363388948E+00
  0.715722085464E+00  0.590897376844E+00  0.689642847748E+00  0.729203566348E+00  0.721939326560E+00  0.716350893850E+00  0.715724441477E+00
  0.590943728816E+00  0.689877068075E+00  0.729289106284E+00  0.721920381269E+00  0.716387344451E+00  0.715764361370E+00  0.591337231273E+00
  0.690066570699E+00  0.729203476537E+00  0.721955237510E+00  0.716407192708E+00  0.591432611101E+00  0.689876742369E+00  0.729084335637E+00
  0.721756656227E+00  0.591336660327E+00  0.689642282277E+00  0.727854937752E+00  0.590941977609E+00  0.686969842125E+00  0.590894429177E+00
  0.495676836587E+00  0.499853624057E+00  0.495618515559E+00  0.512347625194E+00  0.499682652981E+00  0.495622553401E+00  0.521170830534E+00
  0.512259269252E+00  0.499646177633E+00  0.495634262263E+00  0.494343265553E+00  0.521862278469E+00  0.512258241565E+00  0.499631817879E+00
  0.495622640495E+00  0.000000000000E+00  0.497550604295E+00  0.522071548138E+00  0.512227823601E+00  0.499646193010E+00  0.495618676516E+00
  0.000000000000E+00  0.497802511663E+00  0.522017990892E+00  0.512258106618E+00  0.499682678918E+00  0.495677033798E+00  0.000000000000E+00
  0.497685490970E+00  0.522071547673E+00  0.512258994142E+00  0.499853658072E+00  0.000000000000E+00  0.497803206355E+00  0.521862195461E+00
  0.512347284484E+00  0.000000000000E+00  0.497552140746E+00  0.521170696566E+00  0.000000000000E+00  0.494345689970E+00  0.000000000000E+00
  0.999702701604E+00  0.100118492161E+01  0.999679830364E+00  0.100428379888E+01  0.100118251239E+01  0.999683535974E+00  0.100279953140E+01
  0.100436255340E+01  0.100118669634E+01  0.999674600361E+00  0.980541927662E+00  0.100307542783E+01  0.100437686554E+01  0.100117957017E+01
  0.999683568488E+00  0.999974584532E+00  0.980762111556E+00  0.100307498243E+01  0.100438330023E+01  0.100118669697E+01  0.999679890322E+00
  0.999977187360E+00  0.980699604513E+00  0.100310790143E+01  0.100437679447E+01  0.100118251286E+01  0.999702770179E+00  0.999979176914E+00
  0.980755567187E+00  0.100307501027E+01  0.100436240653E+01  0.100118491766E+01  0.999979841918E+00  0.980699880344E+00  0.100307543272E+01
  0.100428360198E+01  0.999979982904E+00  0.980762701932E+00  0.100279947843E+01  0.999979872704E+00  0.980542840173E+00  0.999979682663E+00
        22        17        11        16
        17        12         7        11
        12         8         4         7
         8         5         2         4
         5         3         1         2
        28        23        17        22
        23        18        12        17
        18        13         8        12
        13         9         5         8
         9         6         3         5
        33        29        23        28
        29        24        18        23
        24        19        13        18
        19        14         9        13
        14        10         6         9
        37        34        29        33
        34        30        24        29
        30        25        19        24
        25        20        14        19
        20        15        10        14
        40        38        34        37
        38        35        30        34
        35        31        25        30
        31        26        20        25
        26        21        15        20
        42        41        38        40
        41        39        35        38
        39        36        31        35
        36        32        26        31
        32        27        21        26
zone t="boundary 6 bc-6", solutiontime= 0.1000000E+02, strandid=1006, i=42, j=30, f=feblock
  0.500000000000E+01  0.500000000000E+01  0.400000000000E+01  0.200000000000E+01  0.300000000000E+01  0.100000000000E+01  0.500000000000E+01
  0.400000000000E+01  0.200000000000E+01  0.300000000000E+01  0.100000000000E+01 -0.260208521397E-16  0.500000000000E+01  0.400000000000E+01
  0.200000000000E+01  0.300000000000E+01  0.100000000000E+01 -0.260208521397E-16  0.500000000000E+01  0.400000000000E+01  0.200000000000E+01
  0.300000000000E+01  0.100000000000E+01 -0.260208521397E-16  0.500000000000E+01  0.400000000000E+01  0.200000000000E+01  0.300000000000E+01
  0.100000000000E+01 -0.260208521397E-16  0.500000000000E+01  0.400000000000E+01  0.200000000000E+01  0.300000000000E+01  0.100000000000E+01
 -0.260208521397E-16  0.400000000000E+01  0.200000000000E+01  0.300000000000E+01  0.100000000000E+01 -0.260208521397E-16 -0.260208521397E-16
 -0.260208521397E-16 -0.833333333333E+00 -0.260208521397E-16 -0.260208521397E-16 -0.260208521397E-16 -0.260208521397E-16 -0.166666666667E+01
 -0.833333333333E+00 -0.833333333333E+00 -0.833333333333E+00 -0.833333333333E+00 -0.260208521397E-16 -0.250000000000E+01 -0.166666666667E+01
 -0.166666666667E+01 -0.166666666667E+01 -0.166666666667E+01 -0.833333333333E+00 -0.333333333333E+01 -0.250000000000E+01 -0.250000000000E+01
 -0.250000000000E+01 -0.250000000000E+01 -0.166666666667E+01 -0.416666666667E+01 -0.333333333333E+01 -0.333333333333E+01 -0.333333333333E+01
 -0.333333333333E+01 -0.250000000000E+01 -0.500000000000E+01 -0.416666666667E+01 -0.416666666667E+01 -0.416666666667E+01 -0.416666666667E+01
 -0.333333333333E+01 -0.500000000000E+01 -0.500000000000E+01 -0.500000000000E+01 -0.500000000000E+01 -0.416666666667E+01 -0.500000000000E+01
 -0.260208521397E-16 -0.260208521397E-16 -0.260208521397E-16 -0.260208521397E-16 -0.260208521397E-16 -0.260208521397E-16 -0.260208521397E-16
 -0.260208521397E-16 -0.260208521397E-16 -0.260208521397E-16 -0.260208521397E-16 -0.260208521397E-16 -0.260208521397E-16 -0.260208521397E-16
 -0.260208521397E-16 -0.260208521397E-16 -0.260208521397E-16 -0.260208521397E-16 -0.260208521397E-16 -0.260208521397E-16 -0.260208521397E-16
 -0.260208521397E-16 -0.260208521397E-16 -0.260208521397E-16 -0.260208521397E-16 -0.260208521397E-16 -0.260208521397E-16 -0.260208521397E-16
 -0.260208521397E-16 -0.260208521397E-16 -0.260208521397E-16 -0.260208521397E-16 -0.260208521397E-16 -0.260208521397E-16 -0.260208521397E-16
 -0.260208521397E-16 -0.260208521397E-16 -0.260208521397E-16 -0.260208521397E-16 -0.260208521397E-16 -0.260208521397E-16 -0.260208521397E-16
  0.827277353222E+00  0.827340094154E+00  0.983395751193E+00  0.985185724668E+00  0.990953917977E+00  0.922686535323E+00  0.827889362994E+00
  0.983180974141E+00  0.985087184482E+00  0.991720965613E+00  0.920301389001E+00  0.149790280898E+01  0.828022346884E+00  0.983392570516E+00
  0.985254748640E+00  0.991987976314E+00  0.919837695531E+00  0.149959362366E+01  0.827887896369E+00  0.983519117099E+00  0.985303159492E+00
  0.992045547236E+00  0.919828378528E+00  0.150002943854E+01  0.827335420677E+00  0.983391681498E+00  0.985253583232E+00  0.991987001770E+00
  0.919836879330E+00  0.149996581037E+01  0.827269008751E+00  0.983178170099E+00  0.985083789723E+00  0.991717873732E+00  0.920299780011E+00
  0.150002308815E+01  0.983389463501E+00  0.985179907657E+00  0.990946991330E+00  0.922683756826E+00  0.149958149798E+01  0.149788539531E+01
  0.000000000000E+00  0.000000000000E+00  0.000000000000E+00  0.000000000000E+00  0.000000000000E+00  0.000000000000E+00  0.000000000000E+00
  0.000000000000E+00  0.000000000000E+00  0.000000000000E+00  0.000000000000E+00  0.000000000000E+00  0.000000000000E+00  0.000000000000E+00
  0.000000000000E+00  0.000000000000E+00  0.000000000000E+00  0.000000000000E+00  0.000000000000E+00  0.000000000000E+00  0.000000000000E+00
  0.000000000000E+00  0.000000000000E+00  0.000000000000E+00  0.000000000000E+00  0.000000000000E+00  0.000000000000E+00  0.000000000000E+00
  0.000000000000E+00  0.000000000000E+00  0.000000000000E+00  0.000000000000E+00  0.000000000000E+00  0.000000000000E+00  0.000000000000E+00
  0.000000000000E+00  0.000000000000E+00  0.000000000000E+00  0.000000000000E+00  0.000000000000E+00  0.000000000000E+00  0.000000000000E+00
  0.000000000000E+00  0.000000000000E+00  0.000000000000E+00  0.000000000000E+00  0.000000000000E+00  0.000000000000E+00  0.000000000000E+00
  0.000000000000E+00  0.000000000000E+00  0.000000000000E+00  0.000000000000E+00  0.000000000000E+00  0.000000000000E+00  0.000000000000E+00
  0.000000000000E+00  0.000000000000E+00  0.000000000000E+00  0.000000000000E+00  0.000000000000E+00  0.000000000000E+00  0.000000000000E+00
  0.000000000000E+00  0.000000000000E+00  0.000000000000E+00  0.000000000000E+00  0.000000000000E+00  0.000000000000E+00  0.000000000000E+00
  0.000000000000E+00  0.000000000000E+00  0.000000000000E+00  0.000000000000E+00  0.000000000000E+00  0.000000000000E+00  0.000000000000E+00
  0.000000000000E+00  0.000000000000E+00  0.000000000000E+00  0.000000000000E+00  0.000000000000E+00  0.000000000000E+00  0.000000000000E+00
  0.000000000000E+00  0.000000000000E+00  0.000000000000E+00  0.000000000000E+00  0.000000000000E+00  0.000000000000E+00  0.000000000000E+00
  0.000000000000E+00  0.000000000000E+00  0.000000000000E+00  0.000000000000E+00  0.000000000000E+00  0.000000000000E+00  0.000000000000E+00
  0.000000000000E+00  0.000000000000E+00  0.000000000000E+00  0.000000000000E+00  0.000000000000E+00  0.000000000000E+00  0.000000000000E+00
  0.000000000000E+00  0.000000000000E+00  0.000000000000E+00  0.000000000000E+00  0.000000000000E+00  0.000000000000E+00  0.000000000000E+00
  0.000000000000E+00  0.000000000000E+00  0.000000000000E+00  0.000000000000E+00  0.000000000000E+00  0.000000000000E+00  0.000000000000E+00
  0.000000000000E+00  0.000000000000E+00  0.000000000000E+00  0.000000000000E+00  0.000000000000E+00  0.000000000000E+00  0.000000000000E+00
  0.590897376844E+00  0.590943728816E+00  0.702407133784E+00  0.703685054757E+00  0.707805087143E+00  0.659044101521E+00  0.591337231273E+00
  0.702256318127E+00  0.703616610740E+00  0.708355774277E+00  0.657341726777E+00  0.106990197951E+01  0.591432611101E+00  0.702408855996E+00
  0.703737961806E+00  0.708548009313E+00  0.657011555279E+00  0.107111117017E+01  0.591336660327E+00  0.702499716271E+00  0.703773193534E+00
  0.708589678771E+00  0.657005761730E+00  0.107142379606E+01  0.590941977609E+00  0.702408714925E+00  0.703737988451E+00  0.708547935025E+00
  0.657012169802E+00  0.107137949142E+01  0.590894429177E+00  0.702256063496E+00  0.703616701133E+00  0.708355587513E+00  0.657342954724E+00
  0.107142112034E+01  0.702406790392E+00  0.703685257401E+00  0.707804807890E+00  0.659045773744E+00  0.107110601396E+01  0.106989474630E+01
  0.000000000000E+00  0.000000000000E+00  0.000000000000E+00  0.000000000000E+00  0.000000000000E+00  0.000000000000E+00  0.000000000000E+00
  0.000000000000E+00  0.000000000000E+00  0.000000000000E+00  0.000000000000E+00  0.000000000000E+00  0.000000000000E+00  0.000000000000E+00
  0.000000000000E+00  0.000000000000E+00  0.000000000000E+00  0.000000000000E+00  0.000000000000E+00  0.000000000000E+00  0.000000000000E+00
  0.000000000000E+00  0.000000000000E+00  0.000000000000E+00  0.000000000000E+00  0.000000000000E+00  0.000000000000E+00  0.000000000000E+00
  0.000000000000E+00  0.000000000000E+00  0.000000000000E+00  0.000000000000E+00  0.000000000000E+00  0.000000000000E+00  0.000000000000E+00
  0.000000000000E+00  0.000000000000E+00  0.000000000000E+00  0.000000000000E+00  0.000000000000E+00  0.000000000000E+00  0.000000000000E+00
  0.999974584532E+00  0.999977187360E+00  0.999973801092E+00  0.999972951285E+00  0.999972959412E+00  0.999973129342E+00  0.999979176914E+00
  0.999977492686E+00  0.999975708297E+00  0.999976927355E+00  0.999975039141E+00  0.999973270848E+00  0.999979841918E+00  0.999979487214E+00
  0.999978074594E+00  0.999979069025E+00  0.999976606590E+00  0.999974669526E+00  0.999979982904E+00  0.999980158677E+00  0.999979002864E+00
  0.999979842703E+00  0.999977917505E+00  0.999975917769E+00  0.999979872704E+00  0.999980190393E+00  0.999979295280E+00  0.999979946577E+00
  0.999978429211E+00  0.999976984551E+00  0.999979682663E+00  0.999979982057E+00  0.999979282841E+00  0.999979781332E+00  0.999978655435E+00
  0.999977653888E+00  0.999979705952E+00  0.999979143611E+00  0.999979554624E+00  0.999978677868E+00  0.999977941555E+00  0.999978135523E+00
        18        11         6        12
        11         9         4         6
         9        10         5         4
        10         8         3         5
         8         2         1         3
        24        17        11        18
        17        15         9        11
        15        16        10         9
        16        14         8        10
        14         7         2         8
        30        23        17        24
        23        21        15        17
        21        22        16        15
        22        20        14        16
        20        13         7        14
        36        29        23        30
        29        27        21        23
        27        28        22        21
        28        26        20        22
        26        19        13        20
        41        35        29        36
        35        33        27        29
        33        34        28        27
        34        32        26        28
        32        25        19        26
        42        40        35        41
        40        38        33        35
        38        39        34        33
        39        37        32        34
        37        31        25        32
