title="tecplot geometry and solution file"
variables = x y z rho u v w p mach temperature
zone t="boundary 1 bc-1", solutiontime= 0.8000000E+02, strandid=1001, i=42, j=30, f=feblock
  0.425667917537E-18  0.425667917537E-18  0.425667917537E-18  0.425667917537E-18  0.425667917537E-18  0.425667917537E-18  0.425667917537E-18
  0.425667917537E-18  0.425667917537E-18  0.425667917537E-18  0.425667917537E-18  0.425667917537E-18  0.425667917537E-18  0.425667917537E-18
  0.425667917537E-18  0.425667917537E-18  0.425667917537E-18  0.425667917537E-18  0.425667917537E-18  0.425667917537E-18  0.425667917537E-18
  0.425667917537E-18  0.425667917537E-18  0.425667917537E-18  0.425667917537E-18  0.425667917537E-18  0.425667917537E-18  0.425667917537E-18
  0.425667917537E-18  0.425667917537E-18  0.425667917537E-18  0.425667917537E-18  0.425667917537E-18  0.425667917537E-18  0.425667917537E-18
  0.425667917537E-18  0.425667917537E-18  0.425667917537E-18  0.425667917537E-18  0.425667917537E-18  0.425667917537E-18  0.425667917537E-18
  0.425667917537E-18 -0.833333333333E+00  0.425667917537E-18  0.425667917537E-18  0.425667917537E-18 -0.166666666667E+01 -0.833333333333E+00
 -0.833333333333E+00 -0.833333333333E+00  0.425667917537E-18 -0.250000000000E+01 -0.166666666667E+01 -0.166666666667E+01 -0.166666666667E+01
 -0.833333333333E+00  0.425667917537E-18 -0.333333333333E+01 -0.250000000000E+01 -0.250000000000E+01 -0.250000000000E+01 -0.166666666667E+01
 -0.833333333333E+00 -0.416666666667E+01 -0.333333333333E+01 -0.333333333333E+01 -0.333333333333E+01 -0.250000000000E+01 -0.166666666667E+01
 -0.500000000000E+01 -0.416666666667E+01 -0.416666666667E+01 -0.416666666667E+01 -0.333333333333E+01 -0.250000000000E+01 -0.500000000000E+01
 -0.500000000000E+01 -0.500000000000E+01 -0.416666666667E+01 -0.333333333333E+01 -0.500000000000E+01 -0.416666666667E+01 -0.500000000000E+01
  0.500000000000E+01  0.500000000000E+01  0.400000000000E+01  0.200000000000E+01  0.300000000000E+01  0.500000000000E+01  0.400000000000E+01
  0.200000000000E+01  0.300000000000E+01  0.100000000000E+01  0.500000000000E+01  0.400000000000E+01  0.200000000000E+01  0.300000000000E+01
  0.100000000000E+01  0.425667917537E-18  0.500000000000E+01  0.400000000000E+01  0.200000000000E+01  0.300000000000E+01  0.100000000000E+01
  0.425667917537E-18  0.500000000000E+01  0.400000000000E+01  0.200000000000E+01  0.300000000000E+01  0.100000000000E+01  0.425667917537E-18
  0.500000000000E+01  0.400000000000E+01  0.200000000000E+01  0.300000000000E+01  0.100000000000E+01  0.425667917537E-18  0.400000000000E+01
  0.200000000000E+01  0.300000000000E+01  0.100000000000E+01  0.425667917537E-18  0.100000000000E+01  0.425667917537E-18  0.425667917537E-18
  0.100380048372E+01  0.100377310237E+01  0.100553010190E+01  0.103486138867E+01  0.100777099596E+01  0.100379503077E+01  0.100543501905E+01
  0.103453820989E+01  0.100753026430E+01  0.100722827596E+01  0.100377495463E+01  0.100547681842E+01  0.103467597595E+01  0.100759319336E+01
  0.100404874466E+01  0.150307422803E+01  0.100379501587E+01  0.100543895345E+01  0.103456044701E+01  0.100752482606E+01  0.100401170428E+01
  0.150478963578E+01  0.100377307776E+01  0.100547681045E+01  0.103467553235E+01  0.100759319756E+01  0.100382818764E+01  0.150532561002E+01
  0.100380045149E+01  0.100543500926E+01  0.103453741801E+01  0.100753027948E+01  0.100401256328E+01  0.150520973831E+01  0.100553009428E+01
  0.103486030387E+01  0.100777102142E+01  0.100405034433E+01  0.150531923848E+01  0.100723043842E+01  0.150477742983E+01  0.150305665750E+01
  0.495821491210E+00  0.495858668982E+00  0.494914471749E+00  0.468450225985E+00  0.491961352982E+00  0.495834281062E+00  0.494980859231E+00
  0.468935182906E+00  0.492165021600E+00  0.483651009559E+00  0.495856324200E+00  0.494946126925E+00  0.468782730238E+00  0.492102034128E+00
  0.485202470373E+00  0.000000000000E+00  0.495834294467E+00  0.494984193049E+00  0.468925302943E+00  0.492168884750E+00  0.485012276477E+00
  0.000000000000E+00  0.495858691590E+00  0.494946130172E+00  0.468783020328E+00  0.492102051186E+00  0.485190940889E+00  0.000000000000E+00
  0.495821519460E+00  0.494980859315E+00  0.468935729061E+00  0.492165041594E+00  0.485011930193E+00  0.000000000000E+00  0.494914460593E+00
  0.468451026946E+00  0.491961368141E+00  0.485201788834E+00  0.000000000000E+00  0.483650069965E+00  0.000000000000E+00  0.000000000000E+00
  0.000000000000E+00  0.739920529666E-05  0.000000000000E+00  0.000000000000E+00  0.000000000000E+00  0.259984317013E-05 -0.185246801337E-04
  0.125843490544E-04 -0.343020587690E-04  0.000000000000E+00 -0.410780386192E-08 -0.434345361234E-05  0.645360149671E-04 -0.828259679796E-05
 -0.108375129514E-02  0.000000000000E+00 -0.260656580850E-05  0.119745090328E-07 -0.183678100544E-06  0.133160472417E-07 -0.138508390038E-03
  0.000000000000E+00 -0.740362665020E-05  0.436565763720E-05 -0.648653933922E-04  0.830633786136E-05  0.371048495293E-06  0.000000000000E+00
  0.000000000000E+00  0.185393822218E-04 -0.128335851475E-04  0.343187372277E-04  0.139193163853E-03  0.000000000000E+00  0.000000000000E+00
  0.000000000000E+00  0.000000000000E+00  0.108424804622E-02  0.000000000000E+00  0.000000000000E+00  0.000000000000E+00  0.000000000000E+00
  0.177074244536E-02  0.174956471240E-02 -0.839630510806E-03 -0.500855395124E-02  0.364052993837E-02  0.176262565286E-02 -0.827794211979E-03
 -0.522973188298E-02  0.368667450805E-02  0.352779120284E-01  0.175036947693E-02 -0.835866538880E-03 -0.525200994026E-02  0.368371530084E-02
  0.339363684683E-01  0.000000000000E+00  0.176262795400E-02 -0.831799595828E-03 -0.527756476563E-02  0.369099149301E-02  0.340598350758E-01
  0.000000000000E+00  0.174957043729E-02 -0.835854341941E-03 -0.525191619082E-02  0.368363967864E-02  0.340240163648E-01  0.000000000000E+00
  0.177075087168E-02 -0.827770171527E-03 -0.522957079049E-02  0.368654146484E-02  0.340595576217E-01  0.000000000000E+00 -0.839603001926E-03
 -0.500830218689E-02  0.364034867951E-02  0.339358274993E-01  0.000000000000E+00  0.352771860862E-01  0.000000000000E+00  0.000000000000E+00
  0.717939521149E+00  0.717912609157E+00  0.720350324671E+00  0.741929661991E+00  0.723056986869E+00  0.717933801701E+00  0.720256502118E+00
  0.741401532117E+00  0.722831381626E+00  0.744870585815E+00  0.717913919189E+00  0.720301109841E+00  0.741524430493E+00  0.722897996187E+00
  0.742485978282E+00  0.107359575152E+01  0.717933789729E+00  0.720262212512E+00  0.741414096983E+00  0.722828082578E+00  0.742504512593E+00
  0.107482251339E+01  0.717912590313E+00  0.720301090554E+00  0.741524151307E+00  0.722897978673E+00  0.742293566835E+00  0.107520668458E+01
  0.717939497537E+00  0.720256470284E+00  0.741401052072E+00  0.722831354172E+00  0.742504868194E+00  0.107512506803E+01  0.720350284999E+00
  0.741929023286E+00  0.723056950062E+00  0.742486623930E+00  0.107520400032E+01  0.744871389404E+00  0.107481731198E+01  0.107358842425E+01
  0.495500239458E+00  0.495539846752E+00  0.494188255801E+00  0.467610205497E+00  0.490877949893E+00  0.495513619828E+00  0.494263346124E+00
  0.468190216699E+00  0.491099467024E+00  0.476588834482E+00  0.495537511374E+00  0.494223646595E+00  0.468030650651E+00  0.491029305161E+00
  0.478027657250E+00  0.000000000000E+00  0.495513633687E+00  0.494265689188E+00  0.468181952926E+00  0.491103148008E+00  0.477833728326E+00
  0.000000000000E+00  0.495539869794E+00  0.494223654477E+00  0.468030927014E+00  0.491029328590E+00  0.478030622914E+00  0.000000000000E+00
  0.495500267915E+00  0.494263354682E+00  0.468190732516E+00  0.491099499006E+00  0.477833459919E+00  0.000000000000E+00  0.494188256350E+00
  0.467610958431E+00  0.490877982374E+00  0.478027126014E+00  0.000000000000E+00  0.476588116132E+00  0.000000000000E+00  0.000000000000E+00
  0.100130986776E+01  0.100129964675E+01  0.100294407162E+01  0.100371077533E+01  0.100447401808E+01  0.100130733025E+01  0.100290827737E+01
  0.100330962650E+01  0.100440053280E+01  0.103533513209E+01  0.100129962620E+01  0.100292869542E+01  0.100334232825E+01  0.100443036072E+01
  0.103528874980E+01  0.999973270848E+00  0.100130732842E+01  0.100291230418E+01  0.100330506427E+01  0.100440137001E+01  0.103535278842E+01
  0.999974669526E+00  0.100129964501E+01  0.100292867651E+01  0.100334238066E+01  0.100443033219E+01  0.103524787046E+01  0.999975917769E+00
  0.100130986697E+01  0.100290824281E+01  0.100330974485E+01  0.100440047952E+01  0.103535239845E+01  0.999976984551E+00  0.100294402399E+01
  0.100371096342E+01  0.100447394157E+01  0.103528800062E+01  0.999977653888E+00  0.103533402624E+01  0.999977941555E+00  0.999978135523E+00
         2         7         3         1
         7         9         5         3
         9         8         4         5
         8        15        10         4
        15        22        16        10
         6        12         7         2
        12        14         9         7
        14        13         8         9
        13        21        15         8
        21        28        22        15
        11        18        12         6
        18        20        14        12
        20        19        13        14
        19        27        21        13
        27        34        28        21
        17        24        18        11
        24        26        20        18
        26        25        19        20
        25        33        27        19
        33        39        34        27
        23        30        24        17
        30        32        26        24
        32        31        25        26
        31        38        33        25
        38        41        39        33
        29        35        30        23
        35        37        32        30
        37        36        31        32
        36        40        38        31
        40        42        41        38
zone t="boundary 2 bc-2", solutiontime= 0.8000000E+02, strandid=1002, i=50, j=78, f=feblock
  0.500000000000E+01  0.400000000000E+01  0.500000000000E+01  0.432205072469E+01  0.300000000000E+01  0.339985167428E+01  0.500000000000E+01
  0.414352482062E+01  0.200000000000E+01  0.238772260472E+01  0.328766614337E+01  0.253053942594E+01  0.500000000000E+01  0.437470683547E+01
  0.355186041251E+01  0.100000000000E+01  0.148474164412E+01  0.182006405350E+01  0.265208498144E+01  0.158439218620E+01  0.500000000000E+01
  0.421824364393E+01  0.356601661300E+01  0.279151482472E+01  0.425667917537E-18  0.691584087487E+00  0.102677755985E+01  0.203910647352E+01
  0.786163368796E+00  0.130062434092E+01  0.579883387792E+00  0.500000000000E+01  0.439593351493E+01  0.365358382485E+01  0.222719085292E+01
  0.294979435250E+01  0.181898636514E+01  0.425667917537E-18  0.425667917537E-18  0.608717331133E+00  0.956798945949E+00  0.425667917537E-18
  0.400000000000E+01  0.200000000000E+01  0.160059523280E+01  0.300000000000E+01  0.425667917537E-18  0.482256655205E+00  0.100000000000E+01
  0.425667917537E-18
 -0.500000000000E+01 -0.500000000000E+01 -0.500000000000E+01 -0.500000000000E+01 -0.500000000000E+01 -0.500000000000E+01 -0.500000000000E+01
 -0.500000000000E+01 -0.500000000000E+01 -0.500000000000E+01 -0.500000000000E+01 -0.500000000000E+01 -0.500000000000E+01 -0.500000000000E+01
 -0.500000000000E+01 -0.500000000000E+01 -0.500000000000E+01 -0.500000000000E+01 -0.500000000000E+01 -0.500000000000E+01 -0.500000000000E+01
 -0.500000000000E+01 -0.500000000000E+01 -0.500000000000E+01 -0.500000000000E+01 -0.500000000000E+01 -0.500000000000E+01 -0.500000000000E+01
 -0.500000000000E+01 -0.500000000000E+01 -0.500000000000E+01 -0.500000000000E+01 -0.500000000000E+01 -0.500000000000E+01 -0.500000000000E+01
 -0.500000000000E+01 -0.500000000000E+01 -0.500000000000E+01 -0.500000000000E+01 -0.500000000000E+01 -0.500000000000E+01 -0.500000000000E+01
 -0.500000000000E+01 -0.500000000000E+01 -0.500000000000E+01 -0.500000000000E+01 -0.500000000000E+01 -0.500000000000E+01 -0.500000000000E+01
 -0.500000000000E+01
  0.500000000000E+01  0.500000000000E+01  0.400000000000E+01  0.427284776458E+01  0.500000000000E+01  0.409791606955E+01  0.300000000000E+01
  0.334954216394E+01  0.500000000000E+01  0.428961258157E+01  0.317389756208E+01  0.342579600005E+01  0.200000000000E+01  0.245604909385E+01
  0.233993022181E+01  0.500000000000E+01  0.436396516571E+01  0.369973104758E+01  0.256908373316E+01  0.279597472668E+01  0.100000000000E+01
  0.157729503259E+01  0.159701071514E+01  0.152167522831E+01  0.500000000000E+01  0.441213888848E+01  0.370665089386E+01  0.199896920986E+01
  0.224835513052E+01  0.181406525358E+01  0.296809553468E+01  0.425667917537E-18  0.696815730569E+00  0.990157383601E+00  0.787866207738E+00
  0.548147595005E+00  0.128672970530E+01  0.400000000000E+01  0.200000000000E+01  0.160443740745E+01  0.959766653149E+00  0.300000000000E+01
  0.425667917537E-18  0.425667917537E-18  0.606872513237E+00  0.425667917537E-18  0.100000000000E+01  0.486991412371E+00  0.425667917537E-18
  0.425667917537E-18
  0.100230147400E+01  0.100190858332E+01  0.100208991693E+01  0.100305258379E+01  0.100199816772E+01  0.100313193950E+01  0.100511336346E+01
  0.100369741748E+01  0.100548490740E+01  0.100303748386E+01  0.100096457722E+01  0.100461607264E+01  0.101903623642E+01  0.100460638753E+01
  0.996428643945E+00  0.100461663818E+01  0.100463377495E+01  0.100386001817E+01  0.996054931291E+00  0.101002871559E+01  0.983192953432E+00
  0.999209264831E+00  0.100339180108E+01  0.100831146759E+01  0.100380045149E+01  0.100495340263E+01  0.100724448562E+01  0.997528612056E+00
  0.101249343682E+01  0.993492055044E+00  0.100751320759E+01  0.820335853512E+00  0.996146569251E+00  0.984681991758E+00  0.101951012458E+01
  0.100281728820E+01  0.100187745580E+01  0.100553009428E+01  0.103486030387E+01  0.100265098925E+01  0.106812033976E+01  0.100777102142E+01
  0.980088246556E+00  0.984154784974E+00  0.975535642143E+00  0.986264993898E+00  0.100723043842E+01  0.109842821922E+01  0.922337055001E+00
  0.150305665750E+01
  0.500084134773E+00  0.499207004600E+00  0.499426295599E+00  0.497831406478E+00  0.499699580650E+00  0.497947646937E+00  0.512033788172E+00
  0.500203140107E+00  0.494199636746E+00  0.498605107946E+00  0.501678853495E+00  0.498589145878E+00  0.523956925746E+00  0.537340213345E+00
  0.549692740098E+00  0.493151175099E+00  0.495426089700E+00  0.497560334333E+00  0.522246914367E+00  0.493535222702E+00  0.477411030865E+00
  0.570414508033E+00  0.584151709190E+00  0.571389078678E+00  0.495821519460E+00  0.494725716247E+00  0.493736359661E+00  0.547549340084E+00
  0.488842202603E+00  0.537946950057E+00  0.492247512678E+00  0.000000000000E+00  0.397676263414E+00  0.465933583714E+00  0.413352284639E+00
  0.307142476158E+00  0.585771836877E+00  0.494914460593E+00  0.468451026946E+00  0.493110410082E+00  0.532070480866E+00  0.491961368141E+00
  0.000000000000E+00  0.000000000000E+00  0.377547219743E+00  0.000000000000E+00  0.483650069965E+00  0.446830684450E+00  0.000000000000E+00
  0.000000000000E+00
  0.000000000000E+00  0.000000000000E+00  0.000000000000E+00  0.000000000000E+00  0.000000000000E+00  0.000000000000E+00  0.000000000000E+00
  0.000000000000E+00  0.000000000000E+00  0.000000000000E+00  0.000000000000E+00  0.000000000000E+00  0.000000000000E+00  0.000000000000E+00
  0.000000000000E+00  0.000000000000E+00  0.000000000000E+00  0.000000000000E+00  0.000000000000E+00  0.000000000000E+00  0.000000000000E+00
  0.000000000000E+00  0.000000000000E+00  0.000000000000E+00  0.000000000000E+00  0.000000000000E+00  0.000000000000E+00  0.000000000000E+00
  0.000000000000E+00  0.000000000000E+00  0.000000000000E+00  0.000000000000E+00  0.000000000000E+00  0.000000000000E+00  0.000000000000E+00
  0.000000000000E+00  0.000000000000E+00  0.000000000000E+00  0.000000000000E+00  0.000000000000E+00  0.000000000000E+00  0.000000000000E+00
  0.000000000000E+00  0.000000000000E+00  0.000000000000E+00  0.000000000000E+00  0.000000000000E+00  0.000000000000E+00  0.000000000000E+00
  0.000000000000E+00
  0.327264670055E-02  0.433624929366E-02  0.733936003141E-02  0.467018552083E-02  0.461401000231E-02  0.429406560138E-02  0.121403482278E-01
  0.421530481888E-02  0.342578823076E-02  0.532209392233E-02  0.321684179145E-02  0.656572620113E-02 -0.228578514856E-01  0.631148839959E-02
  0.934431034514E-02  0.482176892547E-02  0.603970711940E-02  0.734761507359E-02  0.127843476260E-01  0.106224123946E-01 -0.872549819125E-01
 -0.932386023332E-02  0.728143191399E-02  0.219511165624E-01  0.177075087168E-02  0.391570730415E-02  0.536534792228E-02  0.250638359594E-01
  0.861862821118E-02  0.445545002320E-01  0.601887235800E-02  0.000000000000E+00 -0.437674611261E-01  0.127001071473E-01  0.560297866864E-02
  0.453815102751E-02  0.380589376729E-01 -0.839603001926E-03 -0.500830218689E-02  0.258306156651E-01  0.733095351725E-01  0.364034867951E-02
  0.000000000000E+00  0.000000000000E+00 -0.110075770365E-01  0.000000000000E+00  0.352771860862E-01  0.179029003410E+00  0.000000000000E+00
  0.000000000000E+00
  0.716680651050E+00  0.716862981138E+00  0.716428774704E+00  0.717008439002E+00  0.716860049564E+00  0.716848635233E+00  0.720760632865E+00
  0.718675444251E+00  0.719249463019E+00  0.718220396775E+00  0.715864974417E+00  0.716775461013E+00  0.730505077398E+00  0.720081748743E+00
  0.711998308529E+00  0.719028492472E+00  0.719201624525E+00  0.718604961760E+00  0.714413813688E+00  0.721666304579E+00  0.687386274518E+00
  0.705381945634E+00  0.708078615671E+00  0.712752911625E+00  0.717939497537E+00  0.719439425327E+00  0.721994904598E+00  0.718924205413E+00
  0.723522064268E+00  0.717707577122E+00  0.720783653339E+00  0.585942276051E+00  0.694223560947E+00  0.690309202725E+00  0.715892049056E+00
  0.707673709075E+00  0.698078179542E+00  0.720350284999E+00  0.741929023286E+00  0.738951477263E+00  0.749091001183E+00  0.723056950062E+00
  0.700048826142E+00  0.702953042185E+00  0.681416702183E+00  0.704460592385E+00  0.744871389404E+00  0.724806515070E+00  0.658798134863E+00
  0.107358842425E+01
  0.499832743728E+00  0.498802943595E+00  0.499253494084E+00  0.497665000908E+00  0.499320911662E+00  0.497852981194E+00  0.511173858249E+00
  0.499611949299E+00  0.493852029799E+00  0.498020429720E+00  0.501377110090E+00  0.498913150542E+00  0.523513203092E+00  0.536441474837E+00
  0.549670392096E+00  0.492678880217E+00  0.494909377347E+00  0.497073436096E+00  0.521325146384E+00  0.493575223136E+00  0.490549010830E+00
  0.573852941185E+00  0.587746301991E+00  0.574799016398E+00  0.495500267915E+00  0.494185406957E+00  0.492898068928E+00  0.545676039888E+00
  0.488812587276E+00  0.536745412843E+00  0.491897805326E+00  0.000000000000E+00  0.405034531266E+00  0.470486791401E+00  0.416934872309E+00
  0.309042095281E+00  0.594339337657E+00  0.494188256350E+00  0.467610958431E+00  0.486118464779E+00  0.542040309432E+00  0.490877982374E+00
  0.000000000000E+00  0.000000000000E+00  0.381950381592E+00  0.000000000000E+00  0.476588116132E+00  0.500820701314E+00  0.000000000000E+00
  0.000000000000E+00
  0.100104902317E+01  0.100169635264E+01  0.100090846903E+01  0.100075692025E+01  0.100160269921E+01  0.100045472565E+01  0.100393141977E+01
  0.100243918578E+01  0.100145635286E+01  0.100246358851E+01  0.100124518589E+01  0.998874766941E+00  0.100360229775E+01  0.100349197532E+01
  0.100037031051E+01  0.100201395358E+01  0.100223812840E+01  0.100217851917E+01  0.100414074339E+01  0.100030109126E+01  0.978791376571E+00
  0.988316220281E+00  0.987959101192E+00  0.989628808505E+00  0.100130986697E+01  0.100225064448E+01  0.100352285951E+01  0.100898748709E+01
  0.100043205530E+01  0.101137256495E+01  0.100157209561E+01  0.999979682663E+00  0.975672672403E+00  0.981467003463E+00  0.983069068674E+00
  0.987959825145E+00  0.975478034466E+00  0.100294402399E+01  0.100371096342E+01  0.103179678598E+01  0.981843864043E+00  0.100447394157E+01
  0.999979705952E+00  0.999979143611E+00  0.977907256121E+00  0.999979554624E+00  0.103533402624E+01  0.923801030726E+00  0.999978677868E+00
  0.999978135523E+00
        44        35        36        36
        24        34        36        36
        38        27        31        31
        20        29        31        31
        24        23        34        34
        15        22        23        23
        24        35        37        37
        41        30        37        37
        27        18        20        20
        17        18        27        27
        15        19        11        11
        12         6        11        11
         8         7        14        14
        13        14         7         7
        41        40        30        30
        47        39        40        40
        17         9        10        10
         5        10         9         9
        44        45        35        35
        49        41        45        45
        19        15        24        24
        36        35        24        24
        37        45        41        41
        40        39        29        29
        30        29        20        20
        12        18        10        10
        20        12        19        19
        11         8        15        15
        20        18        12        12
        27        20        31        31
        28        20        19        19
        23        24        15        15
        23        22        34        34
        28        24        37        37
        11        19        12        12
        11         6         8         8
        28        19        24        24
        40        41        47        47
        30        40        29        29
        45        44        49        49
        37        35        45        45
        16        26        25        25
        27        38        26        26
        47        48        50        50
        43        33        32        32
        22        21        33        33
         3         4         1         1
         6         2         4         4
        10         5         6         6
        14        13        22        22
         4         3         8         8
         7         8         3         3
        42        38        31        31
         9        17        16        16
        33        43        34        34
        36        34        43        43
        41        48        47        47
        15         8        14        14
        28        30        20        20
        18        17        10        10
        42        31        39        39
        26        16        17        17
         8         6         4         4
        34        22        33        33
        37        30        28        28
        27        26        17        17
        49        48        41        41
        46        36        43        43
        31        29        39        39
        36        46        44        44
        22        13        21        21
        15        14        22        22
         6         5         2         2
        12        10         6         6
        26        38        25        25
        48        49        50        50
        33        21        32        32
         4         2         1         1
zone t="boundary 3 bc-3", solutiontime= 0.8000000E+02, strandid=1003, i=50, j=78, f=feblock
  0.500000000000E+01  0.400000000000E+01  0.500000000000E+01  0.432205072469E+01  0.300000000000E+01  0.339985167428E+01  0.500000000000E+01
  0.414352482062E+01  0.200000000000E+01  0.238772260472E+01  0.328766614337E+01  0.253053942594E+01  0.500000000000E+01  0.437470683547E+01
  0.355186041251E+01  0.100000000000E+01  0.148474164412E+01  0.182006405350E+01  0.265208498144E+01  0.158439218620E+01  0.500000000000E+01
  0.421824364393E+01  0.356601661300E+01  0.279151482472E+01  0.425667917537E-18  0.691584087487E+00  0.102677755985E+01  0.203910647352E+01
  0.786163368796E+00  0.130062434092E+01  0.579883387792E+00  0.500000000000E+01  0.439593351493E+01  0.365358382485E+01  0.222719085292E+01
  0.294979435250E+01  0.181898636514E+01  0.425667917537E-18  0.425667917537E-18  0.608717331133E+00  0.956798945949E+00  0.425667917537E-18
  0.400000000000E+01  0.200000000000E+01  0.160059523280E+01  0.300000000000E+01  0.425667917537E-18  0.482256655205E+00  0.100000000000E+01
  0.425667917537E-18
  0.425667917537E-18  0.425667917537E-18  0.425667917537E-18  0.425667917537E-18  0.425667917537E-18  0.425667917537E-18  0.425667917537E-18
  0.425667917537E-18  0.425667917537E-18  0.425667917537E-18  0.425667917537E-18  0.425667917537E-18  0.425667917537E-18  0.425667917537E-18
  0.425667917537E-18  0.425667917537E-18  0.425667917537E-18  0.425667917537E-18  0.425667917537E-18  0.425667917537E-18  0.425667917537E-18
  0.425667917537E-18  0.425667917537E-18  0.425667917537E-18  0.425667917537E-18  0.425667917537E-18  0.425667917537E-18  0.425667917537E-18
  0.425667917537E-18  0.425667917537E-18  0.425667917537E-18  0.425667917537E-18  0.425667917537E-18  0.425667917537E-18  0.425667917537E-18
  0.425667917537E-18  0.425667917537E-18  0.425667917537E-18  0.425667917537E-18  0.425667917537E-18  0.425667917537E-18  0.425667917537E-18
  0.425667917537E-18  0.425667917537E-18  0.425667917537E-18  0.425667917537E-18  0.425667917537E-18  0.425667917537E-18  0.425667917537E-18
  0.425667917537E-18
  0.500000000000E+01  0.500000000000E+01  0.400000000000E+01  0.427284776458E+01  0.500000000000E+01  0.409791606955E+01  0.300000000000E+01
  0.334954216394E+01  0.500000000000E+01  0.428961258157E+01  0.317389756208E+01  0.342579600005E+01  0.200000000000E+01  0.245604909385E+01
  0.233993022181E+01  0.500000000000E+01  0.436396516571E+01  0.369973104758E+01  0.256908373316E+01  0.279597472668E+01  0.100000000000E+01
  0.157729503259E+01  0.159701071514E+01  0.152167522831E+01  0.500000000000E+01  0.441213888848E+01  0.370665089386E+01  0.199896920986E+01
  0.224835513052E+01  0.181406525358E+01  0.296809553468E+01  0.425667917537E-18  0.696815730569E+00  0.990157383601E+00  0.787866207738E+00
  0.548147595005E+00  0.128672970530E+01  0.400000000000E+01  0.200000000000E+01  0.160443740745E+01  0.959766653149E+00  0.300000000000E+01
  0.425667917537E-18  0.425667917537E-18  0.606872513237E+00  0.425667917537E-18  0.100000000000E+01  0.486991412371E+00  0.425667917537E-18
  0.425667917537E-18
  0.100230148342E+01  0.100190856341E+01  0.100208996450E+01  0.100305261895E+01  0.100199813472E+01  0.100313199786E+01  0.100511328630E+01
  0.100369745452E+01  0.100548498222E+01  0.100303746853E+01  0.100096463214E+01  0.100461623348E+01  0.101903640460E+01  0.100460628006E+01
  0.996428570611E+00  0.100461665947E+01  0.100463379701E+01  0.100386002270E+01  0.996054780321E+00  0.101002899202E+01  0.983194907975E+00
  0.999210111333E+00  0.100339227479E+01  0.100831200279E+01  0.100380048372E+01  0.100495342280E+01  0.100724453883E+01  0.997528228484E+00
  0.101249356955E+01  0.993491465279E+00  0.100751325438E+01  0.820343777977E+00  0.996149305283E+00  0.984684048998E+00  0.101951242586E+01
  0.100282051284E+01  0.100187822307E+01  0.100553010190E+01  0.103486138867E+01  0.100265020598E+01  0.106812294488E+01  0.100777099596E+01
  0.980094416318E+00  0.984160627453E+00  0.975537572545E+00  0.986271914868E+00  0.100722827596E+01  0.109843418396E+01  0.922339837823E+00
  0.150307422803E+01
  0.500084141789E+00  0.499206996295E+00  0.499426232353E+00  0.497831357144E+00  0.499699596184E+00  0.497947600804E+00  0.512033995294E+00
  0.500203049665E+00  0.494199565412E+00  0.498605125687E+00  0.501678701574E+00  0.498589036044E+00  0.523957128898E+00  0.537340514774E+00
  0.549692885322E+00  0.493151102532E+00  0.495426068357E+00  0.497560321457E+00  0.522246901954E+00  0.493534963031E+00  0.477408698389E+00
  0.570414282579E+00  0.584151848805E+00  0.571389543165E+00  0.495821491210E+00  0.494725704447E+00  0.493736332438E+00  0.547549557909E+00
  0.488842030964E+00  0.537947071283E+00  0.492247497021E+00  0.000000000000E+00  0.397673616503E+00  0.465932946461E+00  0.413352526928E+00
  0.307142052651E+00  0.585773135781E+00  0.494914471749E+00  0.468450225985E+00  0.493109593481E+00  0.532071573876E+00  0.491961352982E+00
  0.000000000000E+00  0.000000000000E+00  0.377547764482E+00  0.000000000000E+00  0.483651009559E+00  0.446832955306E+00  0.000000000000E+00
  0.000000000000E+00
  0.000000000000E+00  0.000000000000E+00  0.000000000000E+00  0.000000000000E+00  0.000000000000E+00  0.000000000000E+00  0.000000000000E+00
  0.000000000000E+00  0.000000000000E+00  0.000000000000E+00  0.000000000000E+00  0.000000000000E+00  0.000000000000E+00  0.000000000000E+00
  0.000000000000E+00  0.000000000000E+00  0.000000000000E+00  0.000000000000E+00  0.000000000000E+00  0.000000000000E+00  0.000000000000E+00
  0.000000000000E+00  0.000000000000E+00  0.000000000000E+00  0.000000000000E+00  0.000000000000E+00  0.000000000000E+00  0.000000000000E+00
  0.000000000000E+00  0.000000000000E+00  0.000000000000E+00  0.000000000000E+00  0.000000000000E+00  0.000000000000E+00  0.000000000000E+00
  0.000000000000E+00  0.000000000000E+00  0.000000000000E+00  0.000000000000E+00  0.000000000000E+00  0.000000000000E+00  0.000000000000E+00
  0.000000000000E+00  0.000000000000E+00  0.000000000000E+00  0.000000000000E+00  0.000000000000E+00  0.000000000000E+00  0.000000000000E+00
  0.000000000000E+00
  0.327271509503E-02  0.433636556519E-02  0.733956318884E-02  0.467033660089E-02  0.461407581828E-02  0.429422739876E-02  0.121409631235E-01
  0.421557100386E-02  0.342575844523E-02  0.532213473427E-02  0.321710164736E-02  0.656584182184E-02 -0.228566598266E-01  0.631228299043E-02
  0.934493623785E-02  0.482181001900E-02  0.603975750429E-02  0.734771268049E-02  0.127846522043E-01  0.106225103459E-01 -0.872531381863E-01
 -0.932295434545E-02  0.728207026677E-02  0.219518187731E-01  0.177074244536E-02  0.391572858815E-02  0.536538690852E-02  0.250643556787E-01
  0.861872596161E-02  0.445551508683E-01  0.601897410336E-02  0.000000000000E+00 -0.437659342818E-01  0.127004784157E-01  0.560335924757E-02
  0.453803288257E-02  0.380596552067E-01 -0.839630510806E-03 -0.500855395124E-02  0.258304910165E-01  0.733110904828E-01  0.364052993837E-02
  0.000000000000E+00  0.000000000000E+00 -0.110079544686E-01  0.000000000000E+00  0.352779120284E-01  0.179032658321E+00  0.000000000000E+00
  0.000000000000E+00
  0.716680670419E+00  0.716862997195E+00  0.716428811377E+00  0.717008460120E+00  0.716860047664E+00  0.716848665456E+00  0.720760682424E+00
  0.718675496801E+00  0.719249510120E+00  0.718220430682E+00  0.715865032999E+00  0.716775505300E+00  0.730505234577E+00  0.720081848327E+00
  0.711998437053E+00  0.719028518938E+00  0.719201664491E+00  0.718604989463E+00  0.714413887113E+00  0.721666425271E+00  0.687387022523E+00
  0.705382422749E+00  0.708078862442E+00  0.712753085161E+00  0.717939521149E+00  0.719439457535E+00  0.721994985072E+00  0.718924301209E+00
  0.723521985648E+00  0.717707640645E+00  0.720783638423E+00  0.585944948969E+00  0.694223921467E+00  0.690309588793E+00  0.715892169409E+00
  0.707673802248E+00  0.698077970909E+00  0.720350324671E+00  0.741929661991E+00  0.738952036856E+00  0.749091627317E+00  0.723056986869E+00
  0.700049099225E+00  0.702952862266E+00  0.681416196263E+00  0.704460889639E+00  0.744870585815E+00  0.724806818951E+00  0.658796467103E+00
  0.107359575152E+01
  0.499832746782E+00  0.498802925764E+00  0.499253432930E+00  0.497664954404E+00  0.499320920230E+00  0.497852940454E+00  0.511174042258E+00
  0.499611852165E+00  0.493851960515E+00  0.498020432312E+00  0.501376953173E+00  0.498913066705E+00  0.523513340724E+00  0.536441719251E+00
  0.549670478071E+00  0.492678804280E+00  0.494909348325E+00  0.497073416217E+00  0.521325075140E+00  0.493574991939E+00  0.490546577273E+00
  0.573852748542E+00  0.587746486771E+00  0.574799592640E+00  0.495500239458E+00  0.494185389237E+00  0.492898027726E+00  0.545676138905E+00
  0.488812476021E+00  0.536745403309E+00  0.491897807437E+00  0.000000000000E+00  0.405032149605E+00  0.470486518524E+00  0.416935557369E+00
  0.309042144021E+00  0.594341013521E+00  0.494188255801E+00  0.467610205497E+00  0.486117281601E+00  0.542042050898E+00  0.490877949893E+00
  0.000000000000E+00  0.000000000000E+00  0.381951463034E+00  0.000000000000E+00  0.476588834482E+00  0.500825563592E+00  0.000000000000E+00
  0.000000000000E+00
  0.100104904081E+01  0.100169639498E+01  0.100090847275E+01  0.100075691464E+01  0.100160272954E+01  0.100045470963E+01  0.100393156587E+01
  0.100243922208E+01  0.100145634393E+01  0.100246365116E+01  0.100124521289E+01  0.998874668731E+00  0.100360234805E+01  0.100349222145E+01
  0.100037056471E+01  0.100201396923E+01  0.100223816208E+01  0.100217855328E+01  0.100414099879E+01  0.100030098479E+01  0.978790495889E+00
  0.988316051498E+00  0.987958979081E+00  0.989628524174E+00  0.100130986776E+01  0.100225066923E+01  0.100352291836E+01  0.100898800951E+01
  0.100043181544E+01  0.101137325485E+01  0.100157202836E+01  0.999974584532E+00  0.975670499290E+00  0.981465501847E+00  0.983067014925E+00
  0.987956778370E+00  0.975476995871E+00  0.100294407162E+01  0.100371077533E+01  0.103179837338E+01  0.981842290040E+00  0.100447401808E+01
  0.999973801092E+00  0.999972951285E+00  0.977904594980E+00  0.999972959412E+00  0.103533513209E+01  0.923796401597E+00  0.999973129342E+00
  0.999973270848E+00
        36        35        44        44
        36        34        24        24
        31        27        38        38
        31        29        20        20
        34        23        24        24
        23        22        15        15
        37        35        24        24
        37        30        41        41
        20        18        27        27
        27        18        17        17
        11        19        15        15
        11         6        12        12
        14         7         8         8
         7        14        13        13
        30        40        41        41
        40        39        47        47
        10         9        17        17
         9        10         5         5
        35        45        44        44
        45        41        49        49
        24        15        19        19
        24        35        36        36
        41        45        37        37
        29        39        40        40
        20        29        30        30
        10        18        12        12
        19        12        20        20
        15         8        11        11
        12        18        20        20
        31        20        27        27
        19        20        28        28
        15        24        23        23
        34        22        23        23
        37        24        28        28
        12        19        11        11
         8         6        11        11
        24        19        28        28
        47        41        40        40
        29        40        30        30
        49        44        45        45
        45        35        37        37
        25        26        16        16
        26        38        27        27
        50        48        47        47
        32        33        43        43
        33        21        22        22
         1         4         3         3
         4         2         6         6
         6         5        10        10
        22        13        14        14
         8         3         4         4
         3         8         7         7
        31        38        42        42
        16        17         9         9
        34        43        33        33
        43        34        36        36
        47        48        41        41
        14         8        15        15
        20        30        28        28
        10        17        18        18
        39        31        42        42
        17        16        26        26
         4         6         8         8
        33        22        34        34
        28        30        37        37
        17        26        27        27
        41        48        49        49
        43        36        46        46
        39        29        31        31
        44        46        36        36
        21        13        22        22
        22        14        15        15
         2         5         6         6
         6        10        12        12
        25        38        26        26
        50        49        48        48
        32        21        33        33
         1         2         4         4
zone t="boundary 4 bc-4", solutiontime= 0.8000000E+02, strandid=1004, i=42, j=30, f=feblock
  0.500000000000E+01  0.400000000000E+01  0.500000000000E+01  0.300000000000E+01  0.400000000000E+01  0.500000000000E+01  0.200000000000E+01
  0.300000000000E+01  0.400000000000E+01  0.500000000000E+01  0.100000000000E+01  0.200000000000E+01  0.300000000000E+01  0.400000000000E+01
  0.500000000000E+01  0.425667917537E-18  0.100000000000E+01  0.200000000000E+01  0.300000000000E+01  0.400000000000E+01  0.500000000000E+01
  0.425667917537E-18  0.100000000000E+01  0.200000000000E+01  0.300000000000E+01  0.400000000000E+01  0.500000000000E+01  0.425667917537E-18
  0.100000000000E+01  0.200000000000E+01  0.300000000000E+01  0.400000000000E+01  0.425667917537E-18  0.100000000000E+01  0.200000000000E+01
  0.300000000000E+01  0.425667917537E-18  0.100000000000E+01  0.200000000000E+01  0.425667917537E-18  0.100000000000E+01  0.425667917537E-18
  0.425667917537E-18  0.425667917537E-18 -0.833333333333E+00  0.425667917537E-18 -0.833333333333E+00 -0.166666666667E+01  0.425667917537E-18
 -0.833333333333E+00 -0.166666666667E+01 -0.250000000000E+01  0.425667917537E-18 -0.833333333333E+00 -0.166666666667E+01 -0.250000000000E+01
 -0.333333333333E+01  0.425667917537E-18 -0.833333333333E+00 -0.166666666667E+01 -0.250000000000E+01 -0.333333333333E+01 -0.416666666667E+01
 -0.833333333333E+00 -0.166666666667E+01 -0.250000000000E+01 -0.333333333333E+01 -0.416666666667E+01 -0.500000000000E+01 -0.166666666667E+01
 -0.250000000000E+01 -0.333333333333E+01 -0.416666666667E+01 -0.500000000000E+01 -0.250000000000E+01 -0.333333333333E+01 -0.416666666667E+01
 -0.500000000000E+01 -0.333333333333E+01 -0.416666666667E+01 -0.500000000000E+01 -0.416666666667E+01 -0.500000000000E+01 -0.500000000000E+01
  0.500000000000E+01  0.500000000000E+01  0.500000000000E+01  0.500000000000E+01  0.500000000000E+01  0.500000000000E+01  0.500000000000E+01
  0.500000000000E+01  0.500000000000E+01  0.500000000000E+01  0.500000000000E+01  0.500000000000E+01  0.500000000000E+01  0.500000000000E+01
  0.500000000000E+01  0.500000000000E+01  0.500000000000E+01  0.500000000000E+01  0.500000000000E+01  0.500000000000E+01  0.500000000000E+01
  0.500000000000E+01  0.500000000000E+01  0.500000000000E+01  0.500000000000E+01  0.500000000000E+01  0.500000000000E+01  0.500000000000E+01
  0.500000000000E+01  0.500000000000E+01  0.500000000000E+01  0.500000000000E+01  0.500000000000E+01  0.500000000000E+01  0.500000000000E+01
  0.500000000000E+01  0.500000000000E+01  0.500000000000E+01  0.500000000000E+01  0.500000000000E+01  0.500000000000E+01  0.500000000000E+01
  0.100230148342E+01  0.100190856341E+01  0.100223896589E+01  0.100199813472E+01  0.100178412161E+01  0.100227365893E+01  0.100548498222E+01
  0.100185162404E+01  0.100184890633E+01  0.100226288061E+01  0.100461665947E+01  0.100541690817E+01  0.100192836637E+01  0.100181778166E+01
  0.100227365040E+01  0.100380048372E+01  0.100454269527E+01  0.100548593400E+01  0.100188064300E+01  0.100184891173E+01  0.100223895831E+01
  0.100377310237E+01  0.100459276850E+01  0.100543441775E+01  0.100192838257E+01  0.100178413648E+01  0.100230147400E+01  0.100379503077E+01
  0.100455193697E+01  0.100548590102E+01  0.100185165264E+01  0.100190858332E+01  0.100377495463E+01  0.100459275817E+01  0.100541685455E+01
  0.100199816772E+01  0.100379501587E+01  0.100454267871E+01  0.100548490740E+01  0.100377307776E+01  0.100461663818E+01  0.100380045149E+01
  0.500084141789E+00  0.499206996295E+00  0.500304833048E+00  0.499699596184E+00  0.499539468054E+00  0.500282620451E+00  0.494199565412E+00
  0.499908562254E+00  0.499429199107E+00  0.500282943427E+00  0.493151102532E+00  0.494340030448E+00  0.499772753409E+00  0.499481481394E+00
  0.500282616033E+00  0.495821491210E+00  0.493225343314E+00  0.494219820991E+00  0.499858670008E+00  0.499429191930E+00  0.500304823067E+00
  0.495858668982E+00  0.493149324743E+00  0.494308153189E+00  0.499772736833E+00  0.499539455707E+00  0.500084134773E+00  0.495834281062E+00
  0.493213656676E+00  0.494219844165E+00  0.499908529059E+00  0.499207004600E+00  0.495856324200E+00  0.493149356814E+00  0.494340065860E+00
  0.499699580650E+00  0.495834294467E+00  0.493225396375E+00  0.494199636746E+00  0.495858691590E+00  0.493151175099E+00  0.495821519460E+00
  0.000000000000E+00  0.000000000000E+00 -0.483393344367E-04  0.000000000000E+00 -0.745698855460E-04  0.204055591792E-04  0.000000000000E+00
 -0.652176308183E-04  0.176791956165E-04 -0.519872379290E-07  0.000000000000E+00 -0.111014453117E-04  0.140877448090E-04 -0.384867261129E-07
 -0.204918171368E-04  0.000000000000E+00 -0.190301244847E-04  0.166469376534E-04 -0.345084515095E-07 -0.177435149045E-04  0.482866265683E-04
  0.739920529666E-05  0.135741445428E-05 -0.427697256068E-07 -0.141463438219E-04  0.745237248500E-04  0.000000000000E+00  0.259984317013E-05
 -0.747651189259E-08 -0.167181170728E-04  0.651802650173E-04  0.000000000000E+00 -0.410780386192E-08 -0.136985257040E-05  0.110599928856E-04
  0.000000000000E+00 -0.260656580850E-05  0.190245229644E-04  0.000000000000E+00 -0.740362665020E-05  0.000000000000E+00  0.000000000000E+00
  0.327271509503E-02  0.433636556519E-02  0.318910264186E-02  0.461407581828E-02  0.429791058045E-02  0.323982708909E-02  0.342575844523E-02
  0.450782571582E-02  0.436512401417E-02  0.321923405582E-02  0.482181001900E-02  0.328233424941E-02  0.459116905779E-02  0.433181841735E-02
  0.323979633108E-02  0.177074244536E-02  0.476863997999E-02  0.335513416402E-02  0.454114177572E-02  0.436507809238E-02  0.318905341183E-02
  0.174956471240E-02  0.481561061919E-02  0.330382815145E-02  0.459113764778E-02  0.429783294351E-02  0.327264670055E-02  0.176262565286E-02
  0.477720904374E-02  0.335514320654E-02  0.450778027912E-02  0.433624929366E-02  0.175036947693E-02  0.481559013159E-02  0.328235502441E-02
  0.461401000231E-02  0.176262795400E-02  0.476860847663E-02  0.342578823076E-02  0.174957043729E-02  0.482176892547E-02  0.177075087168E-02
  0.716680670419E+00  0.716862997195E+00  0.716632902255E+00  0.716860047664E+00  0.716753909826E+00  0.716666093137E+00  0.719249510120E+00
  0.716724098595E+00  0.716820983475E+00  0.716655270195E+00  0.719028518938E+00  0.719159329716E+00  0.716803619310E+00  0.716788661370E+00
  0.716666081322E+00  0.717939521149E+00  0.718957268065E+00  0.719228433066E+00  0.716754528917E+00  0.716820974793E+00  0.716632887327E+00
  0.717912609157E+00  0.719007578062E+00  0.719176855782E+00  0.716803623241E+00  0.716753899310E+00  0.716680651050E+00  0.717933801701E+00
  0.718966645183E+00  0.719228411512E+00  0.716724105443E+00  0.716862981138E+00  0.717913919189E+00  0.719007565533E+00  0.719159295898E+00
  0.716860049564E+00  0.717933789729E+00  0.718957247854E+00  0.719249463019E+00  0.717912590313E+00  0.719028492472E+00  0.717939497537E+00
  0.499832746782E+00  0.498802925764E+00  0.500053849998E+00  0.499320920230E+00  0.499141757912E+00  0.500029048335E+00  0.493851960515E+00
  0.499539594211E+00  0.499024949106E+00  0.500030324914E+00  0.492678804280E+00  0.494005595678E+00  0.499396074315E+00  0.499080394664E+00
  0.500029045719E+00  0.495500239458E+00  0.492758726380E+00  0.493879187196E+00  0.499486670431E+00  0.499024945905E+00  0.500053843020E+00
  0.495539846752E+00  0.492678283993E+00  0.493972166608E+00  0.499396060134E+00  0.499141752267E+00  0.499832743728E+00  0.495513619828E+00
  0.492746187618E+00  0.493879209717E+00  0.499539565372E+00  0.498802943595E+00  0.495537511374E+00  0.492678317590E+00  0.494005629646E+00
  0.499320911662E+00  0.495513633687E+00  0.492758781944E+00  0.493852029799E+00  0.495539869794E+00  0.492678880217E+00  0.495500267915E+00
  0.100104904081E+01  0.100169639498E+01  0.100104475809E+01  0.100160272954E+01  0.100166837556E+01  0.100105646941E+01  0.100145634393E+01
  0.100155922690E+01  0.100169733233E+01  0.100105211685E+01  0.100201396923E+01  0.100139857747E+01  0.100159362757E+01  0.100168328441E+01
  0.100105646142E+01  0.100130986776E+01  0.100198844711E+01  0.100142604908E+01  0.100157273973E+01  0.100169731479E+01  0.100104474481E+01
  0.100129964675E+01  0.100200861568E+01  0.100140554204E+01  0.100159361687E+01  0.100166834600E+01  0.100104902317E+01  0.100130733025E+01
  0.100199229747E+01  0.100142605192E+01  0.100155920787E+01  0.100169635264E+01  0.100129962620E+01  0.100200860853E+01  0.100139858378E+01
  0.100160269921E+01  0.100130732842E+01  0.100198843547E+01  0.100145635286E+01  0.100129964501E+01  0.100201395358E+01  0.100130986697E+01
         3         5         2         1
         5         8         4         2
         8        12         7         4
        12        17        11         7
        17        22        16        11
         6         9         5         3
         9        13         8         5
        13        18        12         8
        18        23        17        12
        23        28        22        17
        10        14         9         6
        14        19        13         9
        19        24        18        13
        24        29        23        18
        29        33        28        23
        15        20        14        10
        20        25        19        14
        25        30        24        19
        30        34        29        24
        34        37        33        29
        21        26        20        15
        26        31        25        20
        31        35        30        25
        35        38        34        30
        38        40        37        34
        27        32        26        21
        32        36        31        26
        36        39        35        31
        39        41        38        35
        41        42        40        38
zone t="boundary 5 bc-5", solutiontime= 0.8000000E+02, strandid=1005, i=42, j=30, f=feblock
  0.500000000000E+01  0.500000000000E+01  0.500000000000E+01  0.500000000000E+01  0.500000000000E+01  0.500000000000E+01  0.500000000000E+01
  0.500000000000E+01  0.500000000000E+01  0.500000000000E+01  0.500000000000E+01  0.500000000000E+01  0.500000000000E+01  0.500000000000E+01
  0.500000000000E+01  0.500000000000E+01  0.500000000000E+01  0.500000000000E+01  0.500000000000E+01  0.500000000000E+01  0.500000000000E+01
  0.500000000000E+01  0.500000000000E+01  0.500000000000E+01  0.500000000000E+01  0.500000000000E+01  0.500000000000E+01  0.500000000000E+01
  0.500000000000E+01  0.500000000000E+01  0.500000000000E+01  0.500000000000E+01  0.500000000000E+01  0.500000000000E+01  0.500000000000E+01
  0.500000000000E+01  0.500000000000E+01  0.500000000000E+01  0.500000000000E+01  0.500000000000E+01  0.500000000000E+01  0.500000000000E+01
  0.425667917537E-18  0.425667917537E-18 -0.833333333333E+00  0.425667917537E-18 -0.833333333333E+00 -0.166666666667E+01  0.425667917537E-18
 -0.833333333333E+00 -0.166666666667E+01 -0.250000000000E+01  0.425667917537E-18 -0.833333333333E+00 -0.166666666667E+01 -0.250000000000E+01
 -0.333333333333E+01  0.425667917537E-18 -0.833333333333E+00 -0.166666666667E+01 -0.250000000000E+01 -0.333333333333E+01 -0.416666666667E+01
 -0.833333333333E+00 -0.166666666667E+01 -0.250000000000E+01 -0.333333333333E+01 -0.416666666667E+01 -0.500000000000E+01 -0.166666666667E+01
 -0.250000000000E+01 -0.333333333333E+01 -0.416666666667E+01 -0.500000000000E+01 -0.250000000000E+01 -0.333333333333E+01 -0.416666666667E+01
 -0.500000000000E+01 -0.333333333333E+01 -0.416666666667E+01 -0.500000000000E+01 -0.416666666667E+01 -0.500000000000E+01 -0.500000000000E+01
  0.500000000000E+01  0.400000000000E+01  0.500000000000E+01  0.300000000000E+01  0.400000000000E+01  0.500000000000E+01  0.200000000000E+01
  0.300000000000E+01  0.400000000000E+01  0.500000000000E+01  0.100000000000E+01  0.200000000000E+01  0.300000000000E+01  0.400000000000E+01
  0.500000000000E+01  0.425667917537E-18  0.100000000000E+01  0.200000000000E+01  0.300000000000E+01  0.400000000000E+01  0.500000000000E+01
  0.425667917537E-18  0.100000000000E+01  0.200000000000E+01  0.300000000000E+01  0.400000000000E+01  0.500000000000E+01  0.425667917537E-18
  0.100000000000E+01  0.200000000000E+01  0.300000000000E+01  0.400000000000E+01  0.425667917537E-18  0.100000000000E+01  0.200000000000E+01
  0.300000000000E+01  0.425667917537E-18  0.100000000000E+01  0.200000000000E+01  0.425667917537E-18  0.100000000000E+01  0.425667917537E-18
  0.100230148342E+01  0.100208996450E+01  0.100223896589E+01  0.100511328630E+01  0.100200527692E+01  0.100227365893E+01  0.101903640460E+01
  0.100503077397E+01  0.100202513692E+01  0.100226288061E+01  0.983194907975E+00  0.102055544675E+01  0.100503432513E+01  0.100200994553E+01
  0.100227365040E+01  0.820343777977E+00  0.988637047003E+00  0.102056656588E+01  0.100502756930E+01  0.100202512162E+01  0.100223895831E+01
  0.821512884935E+00  0.988555809868E+00  0.102061567838E+01  0.100503436448E+01  0.100200524137E+01  0.100230147400E+01  0.821802541471E+00
  0.988792119937E+00  0.102056644200E+01  0.100503083005E+01  0.100208991693E+01  0.821770430179E+00  0.988554974669E+00  0.102055524871E+01
  0.100511336346E+01  0.821801066696E+00  0.988635588071E+00  0.101903623642E+01  0.821508323010E+00  0.983192953432E+00  0.820335853512E+00
  0.500084141789E+00  0.499426232353E+00  0.500304833048E+00  0.512033995294E+00  0.499152755643E+00  0.500282620451E+00  0.523957128898E+00
  0.511521688163E+00  0.499158004665E+00  0.500282943427E+00  0.477408698389E+00  0.525364789878E+00  0.511600305204E+00  0.499147773548E+00
  0.500282616033E+00  0.000000000000E+00  0.480926521937E+00  0.525565001202E+00  0.511551102716E+00  0.499158014000E+00  0.500304823067E+00
  0.000000000000E+00  0.481140218139E+00  0.525362691424E+00  0.511600212739E+00  0.499152782075E+00  0.500084134773E+00  0.000000000000E+00
  0.480834085969E+00  0.525564982318E+00  0.511521500409E+00  0.499426295599E+00  0.000000000000E+00  0.481141012273E+00  0.525364663644E+00
  0.512033788172E+00  0.000000000000E+00  0.480928022687E+00  0.523956925746E+00  0.000000000000E+00  0.477411030865E+00  0.000000000000E+00
  0.000000000000E+00  0.000000000000E+00 -0.483393344367E-04  0.000000000000E+00 -0.827352055993E-04  0.204055591792E-04  0.000000000000E+00
  0.316116640884E-04  0.154903356850E-04 -0.519872379290E-07  0.000000000000E+00  0.106386415548E-02  0.191407097845E-04 -0.987456365848E-07
 -0.204918171368E-04  0.000000000000E+00  0.287991533453E-02  0.180614765101E-03 -0.191977222465E-06 -0.156656991292E-04  0.482866265683E-04
  0.000000000000E+00  0.629706069085E-03 -0.331123049147E-06 -0.194841122154E-04  0.826297135694E-04  0.000000000000E+00  0.000000000000E+00
 -0.584773322297E-06 -0.181220628486E-03 -0.318190249040E-04  0.000000000000E+00  0.000000000000E+00 -0.630758806167E-03 -0.106423614519E-02
  0.000000000000E+00  0.000000000000E+00 -0.288059209820E-02  0.000000000000E+00  0.000000000000E+00  0.000000000000E+00  0.000000000000E+00
  0.327271509503E-02  0.733956318884E-02  0.318910264186E-02  0.121409631235E-01  0.690585434820E-02  0.323982708909E-02 -0.228566598266E-01
  0.124589193661E-01  0.705421363918E-02  0.321923405582E-02 -0.872531381863E-01 -0.207321901377E-01  0.126625187914E-01  0.708497363859E-02
  0.323979633108E-02  0.000000000000E+00 -0.850255799417E-01 -0.206048217836E-01  0.128132216513E-01  0.705413639246E-02  0.318905341183E-02
  0.000000000000E+00 -0.849085078826E-01 -0.204007413281E-01  0.126622735478E-01  0.690572397125E-02  0.327264670055E-02  0.000000000000E+00
 -0.849088490035E-01 -0.206053159809E-01  0.124585068180E-01  0.733936003141E-02  0.000000000000E+00 -0.849089711955E-01 -0.207330143327E-01
  0.121403482278E-01  0.000000000000E+00 -0.850266600288E-01 -0.228578514856E-01  0.000000000000E+00 -0.872549819125E-01  0.000000000000E+00
  0.716680670419E+00  0.716428811377E+00  0.716632902255E+00  0.720760682424E+00  0.716323637794E+00  0.716666093137E+00  0.730505234577E+00
  0.720758154443E+00  0.716345157550E+00  0.716655270195E+00  0.687387022523E+00  0.731977644232E+00  0.720770827355E+00  0.716331090801E+00
  0.716666081322E+00  0.585944948969E+00  0.691147067531E+00  0.731964942066E+00  0.720759373329E+00  0.716345145253E+00  0.716632887327E+00
  0.586781531470E+00  0.691030477971E+00  0.732012465454E+00  0.720770817061E+00  0.716323610010E+00  0.716680651050E+00  0.586989592147E+00
  0.691253695700E+00  0.731964869860E+00  0.720758119321E+00  0.716428774704E+00  0.586967046331E+00  0.691030123826E+00  0.731977500604E+00
  0.720760632865E+00  0.586989011875E+00  0.691146464798E+00  0.730505077398E+00  0.586779848763E+00  0.687386274518E+00  0.585942276051E+00
  0.499832746782E+00  0.499253432930E+00  0.500053849998E+00  0.511174042258E+00  0.498989474313E+00  0.500029048335E+00  0.523513340724E+00
  0.510650446326E+00  0.498994237293E+00  0.500030324914E+00  0.490546577273E+00  0.524692824869E+00  0.510730281865E+00  0.498985563553E+00
  0.500029045719E+00  0.000000000000E+00  0.493672388008E+00  0.524893844621E+00  0.510687278013E+00  0.498994246013E+00  0.500053843020E+00
  0.000000000000E+00  0.493877711907E+00  0.524679722427E+00  0.510730197217E+00  0.498989499735E+00  0.499832743728E+00  0.000000000000E+00
  0.493551901125E+00  0.524893839350E+00  0.510650275681E+00  0.499253494084E+00  0.000000000000E+00  0.493878503130E+00  0.524692732744E+00
  0.511173858249E+00  0.000000000000E+00  0.493673926894E+00  0.523513203092E+00  0.000000000000E+00  0.490549010830E+00  0.000000000000E+00
  0.100104904081E+01  0.100090847275E+01  0.100104475809E+01  0.100393156587E+01  0.100084611929E+01  0.100105646941E+01  0.100360234805E+01
  0.100401046650E+01  0.100085634943E+01  0.100105211685E+01  0.978790495889E+00  0.100412839418E+01  0.100402457216E+01  0.100085186938E+01
  0.100105646142E+01  0.999974584532E+00  0.978727124860E+00  0.100410002948E+01  0.100401536583E+01  0.100085634752E+01  0.100104474481E+01
  0.999977187360E+00  0.978642439305E+00  0.100411690056E+01  0.100402451851E+01  0.100084611598E+01  0.100104902317E+01  0.999979176914E+00
  0.978724601933E+00  0.100410005232E+01  0.100401036155E+01  0.100090846903E+01  0.999979841918E+00  0.978642764588E+00  0.100412839202E+01
  0.100393141977E+01  0.999979982904E+00  0.978727715645E+00  0.100360229775E+01  0.999979872704E+00  0.978791376571E+00  0.999979682663E+00
        22        17        11        16
        17        12         7        11
        12         8         4         7
         8         5         2         4
         5         3         1         2
        28        23        17        22
        23        18        12        17
        18        13         8        12
        13         9         5         8
         9         6         3         5
        33        29        23        28
        29        24        18        23
        24        19        13        18
        19        14         9        13
        14        10         6         9
        37        34        29        33
        34        30        24        29
        30        25        19        24
        25        20        14        19
        20        15        10        14
        40        38        34        37
        38        35        30        34
        35        31        25        30
        31        26        20        25
        26        21        15        20
        42        41        38        40
        41        39        35        38
        39        36        31        35
        36        32        26        31
        32        27        21        26
zone t="boundary 6 bc-6", solutiontime= 0.8000000E+02, strandid=1006, i=42, j=30, f=feblock
  0.500000000000E+01  0.500000000000E+01  0.400000000000E+01  0.200000000000E+01  0.300000000000E+01  0.100000000000E+01  0.500000000000E+01
  0.400000000000E+01  0.200000000000E+01  0.300000000000E+01  0.100000000000E+01  0.425667917537E-18  0.500000000000E+01  0.400000000000E+01
  0.200000000000E+01  0.300000000000E+01  0.100000000000E+01  0.425667917537E-18  0.500000000000E+01  0.400000000000E+01  0.200000000000E+01
  0.300000000000E+01  0.100000000000E+01  0.425667917537E-18  0.500000000000E+01  0.400000000000E+01  0.200000000000E+01  0.300000000000E+01
  0.100000000000E+01  0.425667917537E-18  0.500000000000E+01  0.400000000000E+01  0.200000000000E+01  0.300000000000E+01  0.100000000000E+01
  0.425667917537E-18  0.400000000000E+01  0.200000000000E+01  0.300000000000E+01  0.100000000000E+01  0.425667917537E-18  0.425667917537E-18
  0.425667917537E-18 -0.833333333333E+00  0.425667917537E-18  0.425667917537E-18  0.425667917537E-18  0.425667917537E-18 -0.166666666667E+01
 -0.833333333333E+00 -0.833333333333E+00 -0.833333333333E+00 -0.833333333333E+00  0.425667917537E-18 -0.250000000000E+01 -0.166666666667E+01
 -0.166666666667E+01 -0.166666666667E+01 -0.166666666667E+01 -0.833333333333E+00 -0.333333333333E+01 -0.250000000000E+01 -0.250000000000E+01
 -0.250000000000E+01 -0.250000000000E+01 -0.166666666667E+01 -0.416666666667E+01 -0.333333333333E+01 -0.333333333333E+01 -0.333333333333E+01
 -0.333333333333E+01 -0.250000000000E+01 -0.500000000000E+01 -0.416666666667E+01 -0.416666666667E+01 -0.416666666667E+01 -0.416666666667E+01
 -0.333333333333E+01 -0.500000000000E+01 -0.500000000000E+01 -0.500000000000E+01 -0.500000000000E+01 -0.416666666667E+01 -0.500000000000E+01
  0.425667917537E-18  0.425667917537E-18  0.425667917537E-18  0.425667917537E-18  0.425667917537E-18  0.425667917537E-18  0.425667917537E-18
  0.425667917537E-18  0.425667917537E-18  0.425667917537E-18  0.425667917537E-18  0.425667917537E-18  0.425667917537E-18  0.425667917537E-18
  0.425667917537E-18  0.425667917537E-18  0.425667917537E-18  0.425667917537E-18  0.425667917537E-18  0.425667917537E-18  0.425667917537E-18
  0.425667917537E-18  0.425667917537E-18  0.425667917537E-18  0.425667917537E-18  0.425667917537E-18  0.425667917537E-18  0.425667917537E-18
  0.425667917537E-18  0.425667917537E-18  0.425667917537E-18  0.425667917537E-18  0.425667917537E-18  0.425667917537E-18  0.425667917537E-18
  0.425667917537E-18  0.425667917537E-18  0.425667917537E-18  0.425667917537E-18  0.425667917537E-18  0.425667917537E-18  0.425667917537E-18
  0.820343777977E+00  0.821512884935E+00  0.980094416318E+00  0.984160627453E+00  0.986271914868E+00  0.922339837823E+00  0.821802541471E+00
  0.980367035381E+00  0.983849210221E+00  0.987116108724E+00  0.919519355285E+00  0.150307422803E+01  0.821770430179E+00  0.980475008473E+00
  0.984074414516E+00  0.987384192858E+00  0.919171440195E+00  0.150478963578E+01  0.821801066696E+00  0.980615413810E+00  0.984142966044E+00
  0.987449141716E+00  0.919158008539E+00  0.150532561002E+01  0.821508323010E+00  0.980474093155E+00  0.984073239011E+00  0.987383228817E+00
  0.919170644268E+00  0.150520973831E+01  0.820335853512E+00  0.980364262990E+00  0.983845797338E+00  0.987113014273E+00  0.919517762509E+00
  0.150531923848E+01  0.980088246556E+00  0.984154784974E+00  0.986264993898E+00  0.922337055001E+00  0.150477742983E+01  0.150305665750E+01
  0.000000000000E+00  0.000000000000E+00  0.000000000000E+00  0.000000000000E+00  0.000000000000E+00  0.000000000000E+00  0.000000000000E+00
  0.000000000000E+00  0.000000000000E+00  0.000000000000E+00  0.000000000000E+00  0.000000000000E+00  0.000000000000E+00  0.000000000000E+00
  0.000000000000E+00  0.000000000000E+00  0.000000000000E+00  0.000000000000E+00  0.000000000000E+00  0.000000000000E+00  0.000000000000E+00
  0.000000000000E+00  0.000000000000E+00  0.000000000000E+00  0.000000000000E+00  0.000000000000E+00  0.000000000000E+00  0.000000000000E+00
  0.000000000000E+00  0.000000000000E+00  0.000000000000E+00  0.000000000000E+00  0.000000000000E+00  0.000000000000E+00  0.000000000000E+00
  0.000000000000E+00  0.000000000000E+00  0.000000000000E+00  0.000000000000E+00  0.000000000000E+00  0.000000000000E+00  0.000000000000E+00
  0.000000000000E+00  0.000000000000E+00  0.000000000000E+00  0.000000000000E+00  0.000000000000E+00  0.000000000000E+00  0.000000000000E+00
  0.000000000000E+00  0.000000000000E+00  0.000000000000E+00  0.000000000000E+00  0.000000000000E+00  0.000000000000E+00  0.000000000000E+00
  0.000000000000E+00  0.000000000000E+00  0.000000000000E+00  0.000000000000E+00  0.000000000000E+00  0.000000000000E+00  0.000000000000E+00
  0.000000000000E+00  0.000000000000E+00  0.000000000000E+00  0.000000000000E+00  0.000000000000E+00  0.000000000000E+00  0.000000000000E+00
  0.000000000000E+00  0.000000000000E+00  0.000000000000E+00  0.000000000000E+00  0.000000000000E+00  0.000000000000E+00  0.000000000000E+00
  0.000000000000E+00  0.000000000000E+00  0.000000000000E+00  0.000000000000E+00  0.000000000000E+00  0.000000000000E+00  0.000000000000E+00
  0.000000000000E+00  0.000000000000E+00  0.000000000000E+00  0.000000000000E+00  0.000000000000E+00  0.000000000000E+00  0.000000000000E+00
  0.000000000000E+00  0.000000000000E+00  0.000000000000E+00  0.000000000000E+00  0.000000000000E+00  0.000000000000E+00  0.000000000000E+00
  0.000000000000E+00  0.000000000000E+00  0.000000000000E+00  0.000000000000E+00  0.000000000000E+00  0.000000000000E+00  0.000000000000E+00
  0.000000000000E+00  0.000000000000E+00  0.000000000000E+00  0.000000000000E+00  0.000000000000E+00  0.000000000000E+00  0.000000000000E+00
  0.000000000000E+00  0.000000000000E+00  0.000000000000E+00  0.000000000000E+00  0.000000000000E+00  0.000000000000E+00  0.000000000000E+00
  0.000000000000E+00  0.000000000000E+00  0.000000000000E+00  0.000000000000E+00  0.000000000000E+00  0.000000000000E+00  0.000000000000E+00
  0.585944948969E+00  0.586781531470E+00  0.700049099225E+00  0.702952862266E+00  0.704460889639E+00  0.658796467103E+00  0.586989592147E+00
  0.700246407109E+00  0.702732364891E+00  0.705066666675E+00  0.656783145209E+00  0.107359575152E+01  0.586967046331E+00  0.700324925856E+00
  0.702894884489E+00  0.705259661389E+00  0.656535669743E+00  0.107482251339E+01  0.586989011875E+00  0.700425683645E+00  0.702944501329E+00
  0.705306598150E+00  0.656526936598E+00  0.107520668458E+01  0.586779848763E+00  0.700324764535E+00  0.702894902893E+00  0.705259591717E+00
  0.656536297880E+00  0.107512506803E+01  0.585942276051E+00  0.700246170081E+00  0.702732439177E+00  0.705066468688E+00  0.656784382716E+00
  0.107520400032E+01  0.700048826142E+00  0.702953042185E+00  0.704460592385E+00  0.658798134863E+00  0.107481731198E+01  0.107358842425E+01
  0.000000000000E+00  0.000000000000E+00  0.000000000000E+00  0.000000000000E+00  0.000000000000E+00  0.000000000000E+00  0.000000000000E+00
  0.000000000000E+00  0.000000000000E+00  0.000000000000E+00  0.000000000000E+00  0.000000000000E+00  0.000000000000E+00  0.000000000000E+00
  0.000000000000E+00  0.000000000000E+00  0.000000000000E+00  0.000000000000E+00  0.000000000000E+00  0.000000000000E+00  0.000000000000E+00
  0.000000000000E+00  0.000000000000E+00  0.000000000000E+00  0.000000000000E+00  0.000000000000E+00  0.000000000000E+00  0.000000000000E+00
  0.000000000000E+00  0.000000000000E+00  0.000000000000E+00  0.000000000000E+00  0.000000000000E+00  0.000000000000E+00  0.000000000000E+00
  0.000000000000E+00  0.000000000000E+00  0.000000000000E+00  0.000000000000E+00  0.000000000000E+00  0.000000000000E+00  0.000000000000E+00
  0.999974584532E+00  0.999977187360E+00  0.999973801092E+00  0.999972951285E+00  0.999972959412E+00  0.999973129342E+00  0.999979176914E+00
  0.999977492686E+00  0.999975708297E+00  0.999976927355E+00  0.999975039141E+00  0.999973270848E+00  0.999979841918E+00  0.999979487214E+00
  0.999978074594E+00  0.999979069025E+00  0.999976606590E+00  0.999974669526E+00  0.999979982904E+00  0.999980158677E+00  0.999979002864E+00
  0.999979842703E+00  0.999977917505E+00  0.999975917769E+00  0.999979872704E+00  0.999980190393E+00  0.999979295280E+00  0.999979946577E+00
  0.999978429211E+00  0.999976984551E+00  0.999979682663E+00  0.999979982057E+00  0.999979282841E+00  0.999979781332E+00  0.999978655435E+00
  0.999977653888E+00  0.999979705952E+00  0.999979143611E+00  0.999979554624E+00  0.999978677868E+00  0.999977941555E+00  0.999978135523E+00
        18        11         6        12
        11         9         4         6
         9        10         5         4
        10         8         3         5
         8         2         1         3
        24        17        11        18
        17        15         9        11
        15        16        10         9
        16        14         8        10
        14         7         2         8
        30        23        17        24
        23        21        15        17
        21        22        16        15
        22        20        14        16
        20        13         7        14
        36        29        23        30
        29        27        21        23
        27        28        22        21
        28        26        20        22
        26        19        13        20
        41        35        29        36
        35        33        27        29
        33        34        28        27
        34        32        26        28
        32        25        19        26
        42        40        35        41
        40        38        33        35
        38        39        34        33
        39        37        32        34
        37        31        25        32
