TITLE="fun3d_case_title"
VARIABLES="Iteration" "R_1" "R_2" "R_3" "R_4" "R_5" "C_L" "C_D" "C_M_x" "C_M_y" "C_M_z" "Wall Time" "C_x" "C_y" "C_z" "C_Lp" "C_Dp" "C_Lv" "C_Dv" "C_M_xp" "C_M_yp" "C_M_zp" "C_M_xv" "C_M_yv" "C_M_zv" "C_xp" "C_yp" "C_zp" "C_xv" "C_yv" "C_zv"
ZONE  I=100 F=POINT
1  0.8319306237E-02  0.1308201800E-01  0.5079606395E-21  0.3124098338E-02  0.3079879132E-01 -0.5557381998E+01  0.5908137242E-02  0.1389348989E+02  0.5314753409E+01  0.1476796547E-01  0.4554000000E+00  0.5908137242E-02 -0.5730071092E-09 -0.5557381998E+01 -0.5557720587E+01  0.0000000000E+00  0.3385884198E-03  0.5908137242E-02  0.1389433727E+02  0.5315042936E+01  0.0000000000E+00 -0.8473734647E-03 -0.2895262587E-03  0.1476796547E-01  0.0000000000E+00  0.0000000000E+00 -0.5557720587E+01  0.5908137242E-02 -0.5730071092E-09  0.3385884198E-03
2  0.5776421537E-02  0.9410695984E-02  0.1669070400E-04  0.2789506713E-02  0.1122752853E-01 -0.5389539474E+01  0.5612542217E-02  0.1347379252E+02 -0.1017698748E+01  0.1402749671E-01  0.5685000000E+00  0.5612542217E-02 -0.8782966646E-09 -0.5389539474E+01 -0.5390010281E+01  0.0000000000E+00  0.4708070382E-03  0.5612542217E-02  0.1347497116E+02 -0.1017434290E+01  0.0000000000E+00 -0.1178641557E-02 -0.2644584014E-03  0.1402749671E-01  0.0000000000E+00  0.0000000000E+00 -0.5390010281E+01  0.5612542217E-02 -0.8782966646E-09  0.4708070382E-03
3  0.3602266320E-02  0.6070974414E-02  0.2821815358E-04  0.3195506387E-02  0.4353498606E-02 -0.4214570689E+01  0.5437824993E-02  0.1053634369E+02 -0.5878653471E+01  0.1358977409E-01  0.6807000000E+00  0.5437824993E-02 -0.7551393296E-09 -0.4214570689E+01 -0.4215117797E+01  0.0000000000E+00  0.5471071983E-03  0.5437824993E-02  0.1053771352E+02 -0.5878510550E+01  0.0000000000E+00 -0.1369832830E-02 -0.1429215808E-03  0.1358977409E-01  0.0000000000E+00  0.0000000000E+00 -0.4215117797E+01  0.5437824993E-02 -0.7551393296E-09  0.5471071983E-03
4  0.2078028264E-02  0.4706241542E-02  0.3044491921E-04  0.2975734452E-02  0.3394485324E-02 -0.3213725691E+01  0.5304528635E-02  0.8034225432E+01 -0.8296787077E+01  0.1325589826E-01  0.7930000000E+00  0.5304528635E-02 -0.5481540963E-09 -0.3213725691E+01 -0.3214309770E+01  0.0000000000E+00  0.5840794911E-03  0.5304528635E-02  0.8035687968E+01 -0.8296749580E+01  0.0000000000E+00 -0.1462535335E-02 -0.3749675711E-04  0.1325589826E-01  0.0000000000E+00  0.0000000000E+00 -0.3214309770E+01  0.5304528635E-02 -0.5481540963E-09  0.5840794911E-03
5  0.1471643395E-02  0.3672067274E-02  0.2794362099E-04  0.2135015985E-02  0.2833188100E-02 -0.2426842429E+01  0.5195140374E-02  0.6067023357E+01 -0.9628592890E+01  0.1298196037E-01  0.9056000000E+00  0.5195140374E-02 -0.3477335019E-09 -0.2426842429E+01 -0.2427437217E+01  0.0000000000E+00  0.5947878250E-03  0.5195140374E-02  0.6068512847E+01 -0.9628617922E+01  0.0000000000E+00 -0.1489490353E-02  0.2503227407E-04  0.1298196037E-01  0.0000000000E+00  0.0000000000E+00 -0.2427437217E+01  0.5195140374E-02 -0.3477335019E-09  0.5947878250E-03
6  0.1067395648E-02  0.2871185432E-02  0.2426357468E-04  0.1403628123E-02  0.2291239436E-02 -0.1911210387E+01  0.5103797824E-02  0.4777951695E+01 -0.1058413316E+02  0.1275324935E-01  0.1018300000E+01  0.5103797824E-02 -0.1564826607E-09 -0.1911210387E+01 -0.1911802782E+01  0.0000000000E+00  0.5923943245E-03  0.5103797824E-02  0.4779435343E+01 -0.1058418967E+02  0.0000000000E+00 -0.1483647539E-02  0.5650656230E-04  0.1275324935E-01  0.0000000000E+00  0.0000000000E+00 -0.1911802782E+01  0.5103797824E-02 -0.1564826607E-09  0.5923943245E-03
7  0.6810551543E-03  0.2278425033E-02  0.2091584020E-04  0.9923053817E-03  0.1793336872E-02 -0.1629182955E+01  0.5030022149E-02  0.4072888885E+01 -0.1140117864E+02  0.1256853828E-01  0.1102300000E+01  0.5030022149E-02  0.1842116886E-10 -0.1629182955E+01 -0.1629770563E+01  0.0000000000E+00  0.5876077058E-03  0.5030022149E-02  0.4074360682E+01 -0.1140125193E+02  0.0000000000E+00 -0.1471796845E-02  0.7328321600E-04  0.1256853828E-01  0.0000000000E+00  0.0000000000E+00 -0.1629770563E+01  0.5030022149E-02  0.1842116886E-10  0.5876077058E-03
8  0.4309826632E-03  0.1817111758E-02  0.1820865382E-04  0.7286908322E-03  0.1408904582E-02 -0.1476152225E+01  0.4972871197E-02  0.3690314663E+01 -0.1213462166E+02  0.1242545356E-01  0.1215000000E+01  0.4972871197E-02  0.1679717117E-09 -0.1476152225E+01 -0.1476737195E+01  0.0000000000E+00  0.5849702179E-03  0.4972871197E-02  0.3691779959E+01 -0.1213470806E+02  0.0000000000E+00 -0.1465296571E-02  0.8639952632E-04  0.1242545356E-01  0.0000000000E+00  0.0000000000E+00 -0.1476737195E+01  0.4972871197E-02  0.1679717117E-09  0.5849702179E-03
9  0.3096091951E-03  0.1449727458E-02  0.1598851620E-04  0.5431274158E-03  0.1126582052E-02 -0.1355300178E+01  0.4930594486E-02  0.3388185439E+01 -0.1278651263E+02  0.1231960111E-01  0.1299000000E+01  0.4930594486E-02  0.2915799374E-09 -0.1355300178E+01 -0.1355885093E+01  0.0000000000E+00  0.5849149638E-03  0.4930594486E-02  0.3389650674E+01 -0.1278661214E+02  0.0000000000E+00 -0.1465235184E-02  0.9950707546E-04  0.1231960111E-01  0.0000000000E+00  0.0000000000E+00 -0.1355885093E+01  0.4930594486E-02  0.2915799374E-09  0.5849149638E-03
10  0.2317589972E-03  0.1162297658E-02  0.1412120857E-04  0.4025327296E-03  0.9063437245E-03 -0.1262133877E+01  0.4897988916E-02  0.3155269745E+01 -0.1325121053E+02  0.1223796029E-01  0.1411800000E+01  0.4897988916E-02  0.3815925296E-09 -0.1262133877E+01 -0.1262719240E+01  0.0000000000E+00  0.5853622592E-03  0.4897988916E-02  0.3156736161E+01 -0.1325132453E+02  0.0000000000E+00 -0.1466416328E-02  0.1140031227E-03  0.1223796029E-01  0.0000000000E+00  0.0000000000E+00 -0.1262719240E+01  0.4897988916E-02  0.3815925296E-09  0.5853622592E-03
11  0.1681365822E-03  0.9364748574E-03  0.1249321747E-04  0.3101321263E-03  0.7195635976E-03 -0.1166996839E+01  0.4873356008E-02  0.2917427297E+01 -0.1361327206E+02  0.1217627618E-01  0.1323660000E+02  0.4873356008E-02  0.4499648945E-09 -0.1166996839E+01 -0.1167582452E+01  0.0000000000E+00  0.5856130551E-03  0.4873356008E-02  0.2918894394E+01 -0.1361339908E+02  0.0000000000E+00 -0.1467097361E-02  0.1270131633E-03  0.1217627618E-01  0.0000000000E+00  0.0000000000E+00 -0.1167582452E+01  0.4873356008E-02  0.4499648945E-09  0.5856130551E-03
12  0.1270993839E-03  0.7581064317E-03  0.1111147662E-04  0.2494922311E-03  0.5875229931E-03 -0.1090345771E+01  0.4854034454E-02  0.2725799824E+01 -0.1386249668E+02  0.1212788975E-01  0.1334920000E+02  0.4854034454E-02  0.5013368003E-09 -0.1090345771E+01 -0.1090930958E+01  0.0000000000E+00  0.5851861584E-03  0.4854034454E-02  0.2727265901E+01 -0.1386263461E+02  0.0000000000E+00 -0.1466077386E-02  0.1379357072E-03  0.1212788975E-01  0.0000000000E+00  0.0000000000E+00 -0.1090930958E+01  0.4854034454E-02  0.5013368003E-09  0.5851861584E-03
13  0.1010246376E-03  0.6130622245E-03  0.9906657537E-05  0.2015663569E-03  0.4876348655E-03 -0.1036062598E+01  0.4838710036E-02  0.2590092049E+01 -0.1403037875E+02  0.1208951151E-01  0.1343370000E+02  0.4838710036E-02  0.5398371701E-09 -0.1036062598E+01 -0.1036646990E+01  0.0000000000E+00  0.5843923813E-03  0.4838710036E-02  0.2591556184E+01 -0.1403052500E+02  0.0000000000E+00 -0.1464135269E-02  0.1462431082E-03  0.1208951151E-01  0.0000000000E+00  0.0000000000E+00 -0.1036646990E+01  0.4838710036E-02  0.5398371701E-09  0.5843923813E-03
14  0.8126538588E-04  0.4937186621E-03  0.8833124337E-05  0.1629950100E-03  0.4048451986E-03 -0.1001797408E+01  0.4826557690E-02  0.2504429161E+01 -0.1414608124E+02  0.1205907546E-01  0.1351810000E+02  0.4826557690E-02  0.5698060919E-09 -0.1001797408E+01 -0.1002380961E+01  0.0000000000E+00  0.5835531918E-03  0.4826557690E-02  0.2505891236E+01 -0.1414623348E+02  0.0000000000E+00 -0.1462074917E-02  0.1522411023E-03  0.1205907546E-01  0.0000000000E+00  0.0000000000E+00 -0.1002380961E+01  0.4826557690E-02  0.5698060919E-09  0.5835531918E-03
15  0.6511853963E-04  0.3952955515E-03  0.7851848268E-05  0.1323522848E-03  0.3329723778E-03 -0.9821543283E+00  0.4817002940E-02  0.2455321489E+01 -0.1422891892E+02  0.1203514277E-01  0.1360220000E+02  0.4817002940E-02  0.5944791941E-09 -0.9821543283E+00 -0.9827371948E+00  0.0000000000E+00  0.5828665118E-03  0.4817002940E-02  0.2456781880E+01 -0.1422907541E+02  0.0000000000E+00 -0.1460391018E-02  0.1564907652E-03  0.1203514277E-01  0.0000000000E+00  0.0000000000E+00 -0.9827371948E+00  0.4817002940E-02  0.5944791941E-09  0.5828665118E-03
16  0.5210423219E-04  0.3145146980E-03  0.6943442040E-05  0.1078623014E-03  0.2706806232E-03 -0.9722405108E+00  0.4809516245E-02  0.2430536944E+01 -0.1428880537E+02  0.1201638753E-01  0.1371510000E+02  0.4809516245E-02  0.6154140900E-09 -0.9722405108E+00 -0.9728228701E+00  0.0000000000E+00  0.5823592938E-03  0.4809516245E-02  0.2431996095E+01 -0.1428896496E+02  0.0000000000E+00 -0.1459150863E-02  0.1595891437E-03  0.1201638753E-01  0.0000000000E+00  0.0000000000E+00 -0.9728228701E+00  0.4809516245E-02  0.6154140900E-09  0.5823592938E-03
17  0.4166235507E-04  0.2485899685E-03  0.6095104714E-05  0.8796149292E-04  0.2177277445E-03 -0.9672422741E+00  0.4803728954E-02  0.2418041350E+01 -0.1433373202E+02  0.1200188671E-01  0.1379950000E+02  0.4803728954E-02  0.6332339092E-09 -0.9672422741E+00 -0.9678242798E+00  0.0000000000E+00  0.5820057198E-03  0.4803728954E-02  0.2419499640E+01 -0.1433389392E+02  0.0000000000E+00 -0.1458290381E-02  0.1619084358E-03  0.1200188671E-01  0.0000000000E+00  0.0000000000E+00 -0.9678242798E+00  0.4803728954E-02  0.6332339092E-09  0.5820057198E-03
18  0.3314551412E-04  0.1954038366E-03  0.5315605988E-05  0.7177063650E-04  0.1735608973E-03 -0.9653379960E+00  0.4799251764E-02  0.2413280650E+01 -0.1436614737E+02  0.1199066596E-01  0.1388380000E+02  0.4799251764E-02  0.6478814093E-09 -0.9653379960E+00 -0.9659197264E+00  0.0000000000E+00  0.5817304107E-03  0.4799251764E-02  0.2414738272E+01 -0.1436631112E+02  0.0000000000E+00 -0.1457621599E-02  0.1637544993E-03  0.1199066596E-01  0.0000000000E+00  0.0000000000E+00 -0.9659197264E+00  0.4799251764E-02  0.6478814093E-09  0.5817304107E-03
19  0.2623835388E-04  0.1528340472E-03  0.4608453629E-05  0.5855781590E-04  0.1374653790E-03 -0.9655961631E+00  0.4795782450E-02  0.2413926054E+01 -0.1438809292E+02  0.1198196889E-01  0.1396830000E+02  0.4795782450E-02  0.6592282482E-09 -0.9655961631E+00 -0.9661776560E+00  0.0000000000E+00  0.5814928980E-03  0.4795782450E-02  0.2415383098E+01 -0.1438825819E+02  0.0000000000E+00 -0.1457043958E-02  0.1652725425E-03  0.1198196889E-01  0.0000000000E+00  0.0000000000E+00 -0.9661776560E+00  0.4795782450E-02  0.6592282482E-09  0.5814928980E-03
20  0.2071720971E-04  0.1190446768E-03  0.3973886389E-05  0.4774041628E-04  0.1085161865E-03 -0.9674423717E+00  0.4793092226E-02  0.2418541547E+01 -0.1440160527E+02  0.1197522289E-01  0.1408110000E+02  0.4793092226E-02  0.6674125915E-09 -0.9674423717E+00 -0.9680236531E+00  0.0000000000E+00  0.5812814331E-03  0.4793092226E-02  0.2419998076E+01 -0.1440177179E+02  0.0000000000E+00 -0.1456528678E-02  0.1665234871E-03  0.1197522289E-01  0.0000000000E+00  0.0000000000E+00 -0.9680236531E+00  0.4793092226E-02  0.6674125915E-09  0.5812814331E-03
21  0.1634987333E-04  0.9243202709E-04  0.3408202504E-05  0.3882353162E-04  0.8560435536E-04 -0.9699693673E+00  0.4791031111E-02  0.2424858999E+01 -0.1440972788E+02  0.1197005246E-01  0.2590490000E+02  0.4791031111E-02  0.6729950800E-09 -0.9699693673E+00 -0.9705504713E+00  0.0000000000E+00  0.5811040289E-03  0.4791031111E-02  0.2426315095E+01 -0.1440989540E+02  0.0000000000E+00 -0.1456096375E-02  0.1675215350E-03  0.1197005246E-01  0.0000000000E+00  0.0000000000E+00 -0.9705504713E+00  0.4791031111E-02  0.6729950800E-09  0.5811040289E-03
22  0.1288267500E-04  0.7167464159E-04  0.2910159519E-05  0.3142066550E-04  0.6762419323E-04 -0.9726950710E+00  0.4789466677E-02  0.2431673220E+01 -0.1441431113E+02  0.1196612606E-01  0.2598950000E+02  0.4789466677E-02  0.6766868345E-09 -0.9726950710E+00 -0.9732760318E+00  0.0000000000E+00  0.5809608692E-03  0.4789466677E-02  0.2433128968E+01 -0.1441447944E+02  0.0000000000E+00 -0.1455747946E-02  0.1683036368E-03  0.1196612606E-01  0.0000000000E+00  0.0000000000E+00 -0.9732760318E+00  0.4789466677E-02  0.6766868345E-09  0.5809608692E-03
23  0.1010738219E-04  0.5559593374E-04  0.2475989664E-05  0.2527379175E-04  0.5354506219E-04 -0.9752837125E+00  0.4788290610E-02  0.2438144791E+01 -0.1441671681E+02  0.1196317253E-01  0.2607380000E+02  0.4788290610E-02  0.6791632272E-09 -0.9752837125E+00 -0.9758645621E+00  0.0000000000E+00  0.5808495213E-03  0.4788290610E-02  0.2439600269E+01 -0.1441688572E+02  0.0000000000E+00 -0.1455477656E-02  0.1689070541E-03  0.1196317253E-01  0.0000000000E+00  0.0000000000E+00 -0.9758645621E+00  0.4788290610E-02  0.6791632272E-09  0.5808495213E-03
24  0.7883929544E-05  0.4322251754E-04  0.2100329179E-05  0.2022026496E-04  0.4252388614E-04 -0.9775730731E+00  0.4787412875E-02  0.2443868168E+01 -0.1441779480E+02  0.1196096649E-01  0.2618680000E+02  0.4787412875E-02  0.6809478328E-09 -0.9775730731E+00 -0.9781538377E+00  0.0000000000E+00  0.5807646045E-03  0.4787412875E-02  0.2445323441E+01 -0.1441796417E+02  0.0000000000E+00 -0.1455272315E-02  0.1693682583E-03  0.1196096649E-01  0.0000000000E+00  0.0000000000E+00 -0.9781538377E+00  0.4787412875E-02  0.6809478328E-09  0.5807646045E-03
25  0.6119485564E-05  0.3376195332E-04  0.1777155725E-05  0.1613324613E-04  0.3389743035E-04 -0.9794010882E+00  0.4786766114E-02  0.2448438192E+01 -0.1441836661E+02  0.1195933929E-01  0.2627420000E+02  0.4786766114E-02  0.6824132096E-09 -0.9794010882E+00 -0.9799817900E+00  0.0000000000E+00  0.5807017759E-03  0.4786766114E-02  0.2449893313E+01 -0.1441853633E+02  0.0000000000E+00 -0.1455121284E-02  0.1697146537E-03  0.1195933929E-01  0.0000000000E+00  0.0000000000E+00 -0.9799817900E+00  0.4786766114E-02  0.6824132096E-09  0.5807017759E-03
26  0.4740111961E-05  0.2657730875E-04  0.1501512241E-05  0.1287633776E-04  0.2713658360E-04 -0.9807809092E+00  0.4786293840E-02  0.2451887738E+01 -0.1441875195E+02  0.1195814953E-01  0.2635860000E+02  0.4786293840E-02  0.6837552527E-09 -0.9807809092E+00 -0.9813615645E+00  0.0000000000E+00  0.5806553650E-03  0.4786293840E-02  0.2453342748E+01 -0.1441892192E+02  0.0000000000E+00 -0.1455010540E-02  0.1699734762E-03  0.1195814953E-01  0.0000000000E+00  0.0000000000E+00 -0.9813615645E+00  0.4786293840E-02  0.6837552527E-09  0.5806553650E-03
27  0.3681051766E-05  0.2114560119E-04  0.1268550163E-05  0.1031095370E-04  0.2182853856E-04 -0.9817656900E+00  0.4785952369E-02  0.2454349688E+01 -0.1441911942E+02  0.1195728787E-01  0.2644610000E+02  0.4785952369E-02  0.6850406335E-09 -0.9817656900E+00 -0.9823463111E+00  0.0000000000E+00  0.5806211242E-03  0.4785952369E-02  0.2455804618E+01 -0.1441928959E+02  0.0000000000E+00 -0.1454929575E-02  0.1701657782E-03  0.1195728787E-01  0.0000000000E+00  0.0000000000E+00 -0.9823463111E+00  0.4785952369E-02  0.6850406335E-09  0.5806211242E-03
28  0.2886574482E-05  0.1704278807E-04  0.1073509017E-05  0.8302922451E-05  0.1765103015E-04 -0.9824194709E+00  0.4785708567E-02  0.2455984142E+01 -0.1441955207E+02  0.1195667135E-01  0.2653350000E+02  0.4785708567E-02  0.6862642816E-09 -0.9824194709E+00 -0.9830000669E+00  0.0000000000E+00  0.5805959454E-03  0.4785708567E-02  0.2457439013E+01 -0.1441972238E+02  0.0000000000E+00 -0.1454870702E-02  0.1703077992E-03  0.1195667135E-01  0.0000000000E+00  0.0000000000E+00 -0.9830000669E+00  0.4785708567E-02  0.6862642816E-09  0.5805959454E-03
29  0.2305937910E-05  0.1392712304E-04  0.9118283538E-06  0.6730592750E-05  0.1435307645E-04 -0.9828077969E+00  0.4785537296E-02  0.2456954959E+01 -0.1442007252E+02  0.1195623705E-01  0.2661800000E+02  0.4785537296E-02  0.6873926911E-09 -0.9828077969E+00 -0.9833883744E+00  0.0000000000E+00  0.5805775129E-03  0.4785537296E-02  0.2458409787E+01 -0.1442024293E+02  0.0000000000E+00 -0.1454828194E-02  0.1704121461E-03  0.1195623705E-01  0.0000000000E+00  0.0000000000E+00 -0.9833883744E+00  0.4785537296E-02  0.6873926911E-09  0.5805775129E-03
30  0.1890865671E-05  0.1152912887E-04  0.7790548305E-06  0.5491136826E-05  0.1173814975E-04 -0.9830021449E+00  0.4785418987E-02  0.2457440831E+01 -0.1442064102E+02  0.1195593594E-01  0.2673130000E+02  0.4785418987E-02  0.6883891784E-09 -0.9830021449E+00 -0.9835827089E+00  0.0000000000E+00  0.5805639449E-03  0.4785418987E-02  0.2458895628E+01 -0.1442081151E+02  0.0000000000E+00 -0.1454797395E-02  0.1704888432E-03  0.1195593594E-01  0.0000000000E+00  0.0000000000E+00 -0.9835827089E+00  0.4785418987E-02  0.6883891784E-09  0.5805639449E-03
31  0.1596696308E-05  0.9646202318E-05  0.6707067912E-06  0.4504976132E-05  0.9657013934E-05 -0.9830396062E+00  0.4785339682E-02  0.2457534485E+01 -0.1442127428E+02  0.1195573306E-01  0.3854660000E+02  0.4785339682E-02  0.6892346390E-09 -0.9830396062E+00 -0.9836201603E+00  0.0000000000E+00  0.5805541712E-03  0.4785339682E-02  0.2458989260E+01 -0.1442144482E+02  0.0000000000E+00 -0.1454775675E-02  0.1705446113E-03  0.1195573306E-01  0.0000000000E+00  0.0000000000E+00 -0.9836201603E+00  0.4785339682E-02  0.6892346390E-09  0.5805541712E-03
32  0.1380073927E-05  0.8127597411E-05  0.5823269215E-06  0.3705158429E-05  0.7976976757E-05 -0.9829704249E+00  0.4785288005E-02  0.2457361532E+01 -0.1442192685E+02  0.1195559989E-01  0.3863150000E+02  0.4785288005E-02  0.6899236625E-09 -0.9829704249E+00 -0.9835509719E+00  0.0000000000E+00  0.5805470654E-03  0.4785288005E-02  0.2458816292E+01 -0.1442209743E+02  0.0000000000E+00 -0.1454760257E-02  0.1705853127E-03  0.1195559989E-01  0.0000000000E+00  0.0000000000E+00 -0.9835509719E+00  0.4785288005E-02  0.6899236625E-09  0.5805470654E-03
33  0.1210891477E-05  0.6872791069E-05  0.5096768562E-06  0.3047865536E-05  0.6608331836E-05 -0.9828331755E+00  0.4785255402E-02  0.2457018409E+01 -0.1442256755E+02  0.1195551496E-01  0.3871590000E+02  0.4785255402E-02  0.6904644562E-09 -0.9828331755E+00 -0.9834137174E+00  0.0000000000E+00  0.5805418609E-03  0.4785255402E-02  0.2458473158E+01 -0.1442273817E+02  0.0000000000E+00 -0.1454749266E-02  0.1706150973E-03  0.1195551496E-01  0.0000000000E+00  0.0000000000E+00 -0.9834137174E+00  0.4785255402E-02  0.6904644562E-09  0.5805418609E-03
34  0.1068834023E-05  0.5814966745E-05  0.4489194070E-06  0.2502559033E-05  0.5481087037E-05 -0.9826559141E+00  0.4785235608E-02  0.2456575255E+01 -0.1442317922E+02  0.1195546254E-01  0.3880370000E+02  0.4785235608E-02  0.6908755195E-09 -0.9826559141E+00 -0.9832364521E+00  0.0000000000E+00  0.5805380316E-03  0.4785235608E-02  0.2458029996E+01 -0.1442334985E+02  0.0000000000E+00 -0.1454741422E-02  0.1706369375E-03  0.1195546254E-01  0.0000000000E+00  0.0000000000E+00 -0.9832364521E+00  0.4785235608E-02  0.6908755195E-09  0.5805380316E-03
35  0.9426237158E-06  0.4910801764E-05  0.3969092241E-06  0.2048210770E-05  0.4543696974E-05 -0.9824587760E+00  0.4785224128E-02  0.2456082410E+01 -0.1442375304E+02  0.1195543133E-01  0.3888830000E+02  0.4785224128E-02  0.6911806522E-09 -0.9824587760E+00 -0.9830393112E+00  0.0000000000E+00  0.5805352048E-03  0.4785224128E-02  0.2457537145E+01 -0.1442392369E+02  0.0000000000E+00 -0.1454735832E-02  0.1706530230E-03  0.1195543133E-01  0.0000000000E+00  0.0000000000E+00 -0.9830393112E+00  0.4785224128E-02  0.6911806522E-09  0.5805352048E-03
36  0.8272351789E-06  0.4132172911E-05  0.3513359389E-06  0.1670285525E-05  0.3759058694E-05 -0.9822559340E+00  0.4785217802E-02  0.2455575304E+01 -0.1442428479E+02  0.1195541337E-01  0.3897590000E+02  0.4785217802E-02  0.6914042700E-09 -0.9822559340E+00 -0.9828364671E+00  0.0000000000E+00  0.5805331039E-03  0.4785217802E-02  0.2457030036E+01 -0.1442445546E+02  0.0000000000E+00 -0.1454731840E-02  0.1706650035E-03  0.1195541337E-01  0.0000000000E+00  0.0000000000E+00 -0.9828364671E+00  0.4785217802E-02  0.6914042700E-09  0.5805331039E-03
37  0.7210607839E-06  0.3460184489E-05  0.3106888182E-06  0.1358203972E-05  0.3100258311E-05 -0.9820570805E+00  0.4785214476E-02  0.2455078171E+01 -0.1442477273E+02  0.1195540322E-01  0.3906050000E+02  0.4785214476E-02  0.6915681515E-09 -0.9820570805E+00 -0.9826376120E+00  0.0000000000E+00  0.5805315170E-03  0.4785214476E-02  0.2456532900E+01 -0.1442494341E+02  0.0000000000E+00 -0.1454728949E-02  0.1706741200E-03  0.1195540322E-01  0.0000000000E+00  0.0000000000E+00 -0.9826376120E+00  0.4785214476E-02  0.6915681515E-09  0.5805315170E-03
38  0.6239649270E-06  0.2881262213E-05  0.2740937515E-06  0.1103423421E-05  0.2547176549E-05 -0.9818685792E+00  0.4785212733E-02  0.2454606918E+01 -0.1442521656E+02  0.1195539728E-01  0.3914820000E+02  0.4785212733E-02  0.6916898208E-09 -0.9818685792E+00 -0.9824491095E+00  0.0000000000E+00  0.5805302831E-03  0.4785212733E-02  0.2456061644E+01 -0.1442538724E+02  0.0000000000E+00 -0.1454726785E-02  0.1706812815E-03  0.1195539728E-01  0.0000000000E+00  0.0000000000E+00 -0.9824491095E+00  0.4785212733E-02  0.6916898208E-09  0.5805302831E-03
39  0.5362077363E-06  0.2384780716E-05  0.2410996685E-06  0.8982282451E-06  0.2084108831E-05 -0.9816943403E+00  0.4785211688E-02  0.2454171321E+01 -0.1442561693E+02  0.1195539331E-01  0.3923310000E+02  0.4785211688E-02  0.6917822582E-09 -0.9816943403E+00 -0.9822748696E+00  0.0000000000E+00  0.5805292860E-03  0.4785211688E-02  0.2455626046E+01 -0.1442578762E+02  0.0000000000E+00 -0.1454725085E-02  0.1706871219E-03  0.1195539331E-01  0.0000000000E+00  0.0000000000E+00 -0.9822748696E+00  0.4785211688E-02  0.6917822582E-09  0.5805292860E-03
40  0.4579473020E-06  0.1961715836E-05  0.2114773841E-06  0.7351387532E-06  0.1698219363E-05 -0.9815366870E+00  0.4785210819E-02  0.2453777188E+01 -0.1442597473E+02  0.1195538997E-01  0.3934970000E+02  0.4785210819E-02  0.6918544252E-09 -0.9815366870E+00 -0.9821172155E+00  0.0000000000E+00  0.5805284451E-03  0.4785210819E-02  0.2455231912E+01 -0.1442614542E+02  0.0000000000E+00 -0.1454723669E-02  0.1706920627E-03  0.1195538997E-01  0.0000000000E+00  0.0000000000E+00 -0.9821172155E+00  0.4785210819E-02  0.6918544252E-09  0.5805284451E-03
41  0.3891184819E-06  0.1603961876E-05  0.1850772338E-06  0.6068736815E-06  0.1378703222E-05 -0.9813960217E+00  0.4785209884E-02  0.2453425525E+01 -0.1442629305E+02  0.1195538663E-01  0.5116260000E+02  0.4785209884E-02  0.6919123286E-09 -0.9813960217E+00 -0.9819765494E+00  0.0000000000E+00  0.5805277192E-03  0.4785209884E-02  0.2454880247E+01 -0.1442646375E+02  0.0000000000E+00 -0.1454722451E-02  0.1706963429E-03  0.1195538663E-01  0.0000000000E+00  0.0000000000E+00 -0.9819765494E+00  0.4785209884E-02  0.6919123286E-09  0.5805277192E-03
42  0.3292060194E-06  0.1303913750E-05  0.1616983652E-06  0.5060962165E-06  0.1115781256E-05 -0.9812723948E+00  0.4785208779E-02  0.2453116458E+01 -0.1442657387E+02  0.1195538300E-01  0.5125020000E+02  0.4785208779E-02  0.6919597985E-09 -0.9812723948E+00 -0.9818529219E+00  0.0000000000E+00  0.5805270793E-03  0.4785208779E-02  0.2454571179E+01 -0.1442674457E+02  0.0000000000E+00 -0.1454721373E-02  0.1707001136E-03  0.1195538300E-01  0.0000000000E+00  0.0000000000E+00 -0.9818529219E+00  0.4785208779E-02  0.6919597985E-09  0.5805270793E-03
43  0.2776162877E-06  0.1054439696E-05  0.1411130574E-06  0.4263841704E-06  0.9010388240E-06 -0.9811651760E+00  0.4785207500E-02  0.2452848412E+01 -0.1442681963E+02  0.1195537906E-01  0.5133530000E+02  0.4785207500E-02  0.6919993234E-09 -0.9811651760E+00 -0.9817457025E+00  0.0000000000E+00  0.5805265117E-03  0.4785207500E-02  0.2454303132E+01 -0.1442699034E+02  0.0000000000E+00 -0.1454720413E-02  0.1707034517E-03  0.1195537906E-01  0.0000000000E+00  0.0000000000E+00 -0.9817457025E+00  0.4785207500E-02  0.6919993234E-09  0.5805265117E-03
44  0.2335499807E-06  0.8488221037E-06  0.1230434502E-06  0.3622496033E-06  0.7268542884E-06 -0.9810733242E+00  0.4785206095E-02  0.2452618783E+01 -0.1442703299E+02  0.1195537491E-01  0.5142320000E+02  0.4785206095E-02  0.6920326004E-09 -0.9810733242E+00 -0.9816538503E+00  0.0000000000E+00  0.5805260103E-03  0.4785206095E-02  0.2454073502E+01 -0.1442720369E+02  0.0000000000E+00 -0.1454719563E-02  0.1707063956E-03  0.1195537491E-01  0.0000000000E+00  0.0000000000E+00 -0.9816538503E+00  0.4785206095E-02  0.6920326004E-09  0.5805260103E-03
45  0.1961406928E-06  0.6808185688E-06  0.1071928907E-06  0.3094245477E-06  0.5864628158E-06 -0.9809955780E+00  0.4785204637E-02  0.2452424418E+01 -0.1442721656E+02  0.1195537072E-01  0.5150830000E+02  0.4785204637E-02  0.6920608451E-09 -0.9809955780E+00 -0.9815761036E+00  0.0000000000E+00  0.5805255715E-03  0.4785204637E-02  0.2453879136E+01 -0.1442738727E+02  0.0000000000E+00 -0.1454718822E-02  0.1707089678E-03  0.1195537072E-01  0.0000000000E+00  0.0000000000E+00 -0.9815761036E+00  0.4785204637E-02  0.6920608451E-09  0.5805255715E-03
46  0.1645268583E-06  0.5447050015E-06  0.9327942177E-07  0.2649000388E-06  0.4739293127E-06 -0.9809305689E+00  0.4785203197E-02  0.2452261895E+01 -0.1442737296E+02  0.1195536665E-01  0.5159620000E+02  0.4785203197E-02  0.6920849423E-09 -0.9809305689E+00 -0.9815110941E+00  0.0000000000E+00  0.5805251921E-03  0.4785203197E-02  0.2453716613E+01 -0.1442754367E+02  0.0000000000E+00 -0.1454718186E-02  0.1707111866E-03  0.1195536665E-01  0.0000000000E+00  0.0000000000E+00 -0.9815110941E+00  0.4785203197E-02  0.6920849423E-09  0.5805251921E-03
47  0.1378991915E-06  0.4353111150E-06  0.8105773775E-07  0.2267494750E-06  0.3841150742E-06 -0.9808768895E+00  0.4785201836E-02  0.2452127697E+01 -0.1442750472E+02  0.1195536286E-01  0.5168130000E+02  0.4785201836E-02  0.6921055247E-09 -0.9808768895E+00 -0.9814574144E+00  0.0000000000E+00  0.5805248681E-03  0.4785201836E-02  0.2453582415E+01 -0.1442767543E+02  0.0000000000E+00 -0.1454717650E-02  0.1707130730E-03  0.1195536286E-01  0.0000000000E+00  0.0000000000E+00 -0.9814574144E+00  0.4785201836E-02  0.6921055247E-09  0.5805248681E-03
48  0.1155296207E-06  0.3480403654E-06  0.7032542805E-07  0.1938353311E-06  0.3126395166E-06 -0.9808331390E+00  0.4785200597E-02  0.2452018321E+01 -0.1442761437E+02  0.1195535944E-01  0.5176930000E+02  0.4785200597E-02  0.6921230253E-09 -0.9808331390E+00 -0.9814136636E+00  0.0000000000E+00  0.5805245946E-03  0.4785200597E-02  0.2453473039E+01 -0.1442778508E+02  0.0000000000E+00 -0.1454717206E-02  0.1707146518E-03  0.1195535944E-01  0.0000000000E+00  0.0000000000E+00 -0.9814136636E+00  0.4785200597E-02  0.6921230253E-09  0.5805245946E-03
49  0.9678237406E-07  0.2788700054E-06  0.6091675731E-07  0.1654988188E-06  0.2558266108E-06 -0.9807979561E+00  0.4785199507E-02  0.2451930365E+01 -0.1442770444E+02  0.1195535645E-01  0.5185410000E+02  0.4785199507E-02  0.6921377328E-09 -0.9807979561E+00 -0.9813784804E+00  0.0000000000E+00  0.5805243663E-03  0.4785199507E-02  0.2453385081E+01 -0.1442787515E+02  0.0000000000E+00 -0.1454716842E-02  0.1707159521E-03  0.1195535645E-01  0.0000000000E+00  0.0000000000E+00 -0.9813784804E+00  0.4785199507E-02  0.6921377328E-09  0.5805243663E-03
50  0.8111085262E-07  0.2243331605E-06  0.5269063451E-07  0.1412974087E-06  0.2106349901E-06 -0.9807700504E+00  0.4785198578E-02  0.2451860601E+01 -0.1442777742E+02  0.1195535390E-01  0.5197090000E+02  0.4785198578E-02  0.6921498523E-09 -0.9807700504E+00 -0.9813505745E+00  0.0000000000E+00  0.5805241777E-03  0.4785198578E-02  0.2453315317E+01 -0.1442794813E+02  0.0000000000E+00 -0.1454716548E-02  0.1707170054E-03  0.1195535390E-01  0.0000000000E+00  0.0000000000E+00 -0.9813505745E+00  0.4785198578E-02  0.6921498523E-09  0.5805241777E-03
51  0.6804646391E-07  0.1814874867E-06  0.4551891956E-07  0.1208218719E-06  0.1745785096E-06 -0.9807482163E+00  0.4785197806E-02  0.2451806016E+01 -0.1442783575E+02  0.1195535179E-01  0.6382840000E+02  0.4785197806E-02  0.6921595483E-09 -0.9807482163E+00 -0.9813287403E+00  0.0000000000E+00  0.5805240233E-03  0.4785197806E-02  0.2453260732E+01 -0.1442800647E+02  0.0000000000E+00 -0.1454716315E-02  0.1707178447E-03  0.1195535179E-01  0.0000000000E+00  0.0000000000E+00 -0.9813287403E+00  0.4785197806E-02  0.6921595483E-09  0.5805240233E-03
52  0.5718501042E-07  0.1478769780E-06  0.3928003366E-07  0.1036041858E-06  0.1456549664E-06 -0.9807313684E+00  0.4785197179E-02  0.2451763897E+01 -0.1442788175E+02  0.1195535008E-01  0.6391690000E+02  0.4785197179E-02  0.6921669972E-09 -0.9807313684E+00 -0.9813118923E+00  0.0000000000E+00  0.5805238983E-03  0.4785197179E-02  0.2453218613E+01 -0.1442805247E+02  0.0000000000E+00 -0.1454716130E-02  0.1707185025E-03  0.1195535008E-01  0.0000000000E+00  0.0000000000E+00 -0.9813118923E+00  0.4785197179E-02  0.6921669972E-09  0.5805238983E-03
53  0.4817567974E-07  0.1214848122E-06  0.3385674557E-07  0.8910857256E-07  0.1222693683E-06 -0.9807185464E+00  0.4785196682E-02  0.2451731842E+01 -0.1442791752E+02  0.1195534872E-01  0.6400230000E+02  0.4785196682E-02  0.6921724100E-09 -0.9807185464E+00 -0.9812990702E+00  0.0000000000E+00  0.5805237980E-03  0.4785196682E-02  0.2453186558E+01 -0.1442808824E+02  0.0000000000E+00 -0.1454715987E-02  0.1707190100E-03  0.1195534872E-01  0.0000000000E+00  0.0000000000E+00 -0.9812990702E+00  0.4785196682E-02  0.6921724100E-09  0.5805237980E-03
54  0.4071323011E-07  0.1006853125E-06  0.2913852443E-07  0.7678521964E-07  0.1031789741E-06 -0.9807089229E+00  0.4785196294E-02  0.2451707783E+01 -0.1442794500E+02  0.1195534765E-01  0.6409040000E+02  0.4785196294E-02  0.6921760383E-09 -0.9807089229E+00 -0.9812894466E+00  0.0000000000E+00  0.5805237182E-03  0.4785196294E-02  0.2453162499E+01 -0.1442811571E+02  0.0000000000E+00 -0.1454715878E-02  0.1707193955E-03  0.1195534765E-01  0.0000000000E+00  0.0000000000E+00 -0.9812894466E+00  0.4785196294E-02  0.6921760383E-09  0.5805237182E-03
55  0.3453319200E-07  0.8419105555E-07  0.2502571253E-07  0.6614512546E-07  0.8743642392E-07 -0.9807018025E+00  0.4785195996E-02  0.2451689983E+01 -0.1442796582E+02  0.1195534683E-01  0.6417580000E+02  0.4785195996E-02  0.6921781637E-09 -0.9807018025E+00 -0.9812823261E+00  0.0000000000E+00  0.5805236555E-03  0.4785195996E-02  0.2453144698E+01 -0.1442813654E+02  0.0000000000E+00 -0.1454715795E-02  0.1707196839E-03  0.1195534683E-01  0.0000000000E+00  0.0000000000E+00 -0.9812823261E+00  0.4785195996E-02  0.6921781637E-09  0.5805236555E-03
56  0.2940878253E-07  0.7099818185E-07  0.2143288061E-07  0.5681838469E-07  0.7433479032E-07 -0.9806966138E+00  0.4785195770E-02  0.2451677011E+01 -0.1442798141E+02  0.1195534620E-01  0.6426380000E+02  0.4785195770E-02  0.6921790833E-09 -0.9806966138E+00 -0.9812771374E+00  0.0000000000E+00  0.5805236066E-03  0.4785195770E-02  0.2453131727E+01 -0.1442815213E+02  0.0000000000E+00 -0.1454715735E-02  0.1707198965E-03  0.1195534620E-01  0.0000000000E+00  0.0000000000E+00 -0.9812771374E+00  0.4785195770E-02  0.6921790833E-09  0.5805236066E-03
57  0.2514817046E-07  0.6033326062E-07  0.1829012450E-07  0.4857426492E-07  0.6335366555E-07 -0.9806928970E+00  0.4785195600E-02  0.2451667719E+01 -0.1442799293E+02  0.1195534573E-01  0.6434930000E+02  0.4785195600E-02  0.6921790904E-09 -0.9806928970E+00 -0.9812734206E+00  0.0000000000E+00  0.5805235689E-03  0.4785195600E-02  0.2453122435E+01 -0.1442816365E+02  0.0000000000E+00 -0.1454715691E-02  0.1707200506E-03  0.1195534573E-01  0.0000000000E+00  0.0000000000E+00 -0.9812734206E+00  0.4785195600E-02  0.6921790904E-09  0.5805235689E-03
58  0.2159135953E-07  0.5160541625E-07  0.1554215985E-07  0.4130347108E-07  0.5410862716E-07 -0.9806902888E+00  0.4785195474E-02  0.2451661199E+01 -0.1442800132E+02  0.1195534537E-01  0.6443770000E+02  0.4785195474E-02  0.6921784538E-09 -0.9806902888E+00 -0.9812708123E+00  0.0000000000E+00  0.5805235404E-03  0.4785195474E-02  0.2453115915E+01 -0.1442817204E+02  0.0000000000E+00 -0.1454715661E-02  0.1707201604E-03  0.1195534537E-01  0.0000000000E+00  0.0000000000E+00 -0.9812708123E+00  0.4785195474E-02  0.6921784538E-09  0.5805235404E-03
59  0.1860660204E-07  0.4436647322E-07  0.1314585025E-07  0.3497623204E-07  0.4630779015E-07 -0.9806885057E+00  0.4785195382E-02  0.2451656741E+01 -0.1442800732E+02  0.1195534511E-01  0.6452300000E+02  0.4785195382E-02  0.6921774098E-09 -0.9806885057E+00 -0.9812690293E+00  0.0000000000E+00  0.5805235190E-03  0.4785195382E-02  0.2453111457E+01 -0.1442817804E+02  0.0000000000E+00 -0.1454715642E-02  0.1707202368E-03  0.1195534511E-01  0.0000000000E+00  0.0000000000E+00 -0.9812690293E+00  0.4785195382E-02  0.6921774098E-09  0.5805235190E-03
60  0.1608661083E-07  0.3827983804E-07  0.1106707737E-07  0.2959181772E-07  0.3971855141E-07 -0.9806873297E+00  0.4785195316E-02  0.2451653801E+01 -0.1442801153E+02  0.1195534492E-01  0.6464030000E+02  0.4785195316E-02  0.6921761526E-09 -0.9806873297E+00 -0.9812678532E+00  0.0000000000E+00  0.5805235033E-03  0.4785195316E-02  0.2453108517E+01 -0.1442818225E+02  0.0000000000E+00 -0.1454715631E-02  0.1707202885E-03  0.1195534492E-01  0.0000000000E+00  0.0000000000E+00 -0.9812678532E+00  0.4785195316E-02  0.6921761526E-09  0.5805235033E-03
61  0.1394489124E-07  0.3309678261E-07  0.9277718110E-08  0.2513187839E-07  0.3414576214E-07 -0.9806865935E+00  0.4785195270E-02  0.2451651961E+01 -0.1442801440E+02  0.1195534478E-01  0.7645270000E+02  0.4785195270E-02  0.6921748299E-09 -0.9806865935E+00 -0.9812671170E+00  0.0000000000E+00  0.5805234921E-03  0.4785195270E-02  0.2453106677E+01 -0.1442818512E+02  0.0000000000E+00 -0.1454715625E-02  0.1707203218E-03  0.1195534478E-01  0.0000000000E+00  0.0000000000E+00 -0.9812671170E+00  0.4785195270E-02  0.6921748299E-09  0.5805234921E-03
62  0.1211237768E-07  0.2863789103E-07  0.7753204632E-08  0.2152791821E-07  0.2942082553E-07 -0.9806861707E+00  0.4785195239E-02  0.2451650904E+01 -0.1442801627E+02  0.1195534468E-01  0.7654140000E+02  0.4785195239E-02  0.6921735470E-09 -0.9806861707E+00 -0.9812666942E+00  0.0000000000E+00  0.5805234843E-03  0.4785195239E-02  0.2453105620E+01 -0.1442818699E+02  0.0000000000E+00 -0.1454715625E-02  0.1707203418E-03  0.1195534468E-01  0.0000000000E+00  0.0000000000E+00 -0.9812666942E+00  0.4785195239E-02  0.6921735470E-09  0.5805234843E-03
63  0.1053447350E-07  0.2477717084E-07  0.6470693974E-08  0.1865227782E-07  0.2539794854E-07 -0.9806859659E+00  0.4785195220E-02  0.2451650392E+01 -0.1442801744E+02  0.1195534462E-01  0.7662720000E+02  0.4785195220E-02  0.6921723723E-09 -0.9806859659E+00 -0.9812664894E+00  0.0000000000E+00  0.5805234792E-03  0.4785195220E-02  0.2453105108E+01 -0.1442818816E+02  0.0000000000E+00 -0.1454715628E-02  0.1707203520E-03  0.1195534462E-01  0.0000000000E+00  0.0000000000E+00 -0.9812664894E+00  0.4785195220E-02  0.6921723723E-09  0.5805234792E-03
64  0.9168411173E-08  0.2142786350E-07  0.5407811944E-08  0.1633712193E-07  0.2195491585E-07 -0.9806859079E+00  0.4785195209E-02  0.2451650247E+01 -0.1442801808E+02  0.1195534458E-01  0.7671560000E+02  0.4785195209E-02  0.6921713430E-09 -0.9806859079E+00 -0.9812664313E+00  0.0000000000E+00  0.5805234761E-03  0.4785195209E-02  0.2453104963E+01 -0.1442818880E+02  0.0000000000E+00 -0.1454715633E-02  0.1707203554E-03  0.1195534458E-01  0.0000000000E+00  0.0000000000E+00 -0.9812664313E+00  0.4785195209E-02  0.6921713430E-09  0.5805234761E-03
65  0.7980914420E-08  0.1852940024E-07  0.4541719708E-08  0.1441214666E-07  0.1899389975E-07 -0.9806859441E+00  0.4785195205E-02  0.2451650338E+01 -0.1442801838E+02  0.1195534456E-01  0.7680120000E+02  0.4785195205E-02  0.6921704733E-09 -0.9806859441E+00 -0.9812664676E+00  0.0000000000E+00  0.5805234745E-03  0.4785195205E-02  0.2453105053E+01 -0.1442818910E+02  0.0000000000E+00 -0.1454715640E-02  0.1707203541E-03  0.1195534456E-01  0.0000000000E+00  0.0000000000E+00 -0.9812664676E+00  0.4785195205E-02  0.6921704733E-09  0.5805234745E-03
66  0.6946121393E-08  0.1603593696E-07  0.3848390925E-08  0.1274069945E-07  0.1644026065E-07 -0.9806860365E+00  0.4785195205E-02  0.2451650569E+01 -0.1442801843E+02  0.1195534455E-01  0.7688970000E+02  0.4785195205E-02  0.6921697593E-09 -0.9806860365E+00 -0.9812665600E+00  0.0000000000E+00  0.5805234739E-03  0.4785195205E-02  0.2453105285E+01 -0.1442818915E+02  0.0000000000E+00 -0.1454715647E-02  0.1707203498E-03  0.1195534455E-01  0.0000000000E+00  0.0000000000E+00 -0.9812665600E+00  0.4785195205E-02  0.6921697593E-09  0.5805234739E-03
67  0.6043760013E-08  0.1390716943E-07  0.3302202023E-08  0.1123794449E-07  0.1423870016E-07 -0.9806861583E+00  0.4785195207E-02  0.2451650873E+01 -0.1442801834E+02  0.1195534455E-01  0.7697570000E+02  0.4785195207E-02  0.6921691870E-09 -0.9806861583E+00 -0.9812666818E+00  0.0000000000E+00  0.5805234740E-03  0.4785195207E-02  0.2453105589E+01 -0.1442818906E+02  0.0000000000E+00 -0.1454715655E-02  0.1707203437E-03  0.1195534455E-01  0.0000000000E+00  0.0000000000E+00 -0.9812666818E+00  0.4785195207E-02  0.6921691870E-09  0.5805234740E-03
68  0.5257590406E-08  0.1210216972E-07  0.2876166779E-08  0.9868889858E-08  0.1234751174E-07 -0.9806862910E+00  0.4785195212E-02  0.2451651205E+01 -0.1442801815E+02  0.1195534455E-01  0.7706400000E+02  0.4785195212E-02  0.6921687361E-09 -0.9806862910E+00 -0.9812668145E+00  0.0000000000E+00  0.5805234745E-03  0.4785195212E-02  0.2453105921E+01 -0.1442818887E+02  0.0000000000E+00 -0.1454715662E-02  0.1707203367E-03  0.1195534455E-01  0.0000000000E+00  0.0000000000E+00 -0.9812668145E+00  0.4785195212E-02  0.6921687361E-09  0.5805234745E-03
69  0.4574136843E-08  0.1057673351E-07  0.2543105930E-08  0.8633811398E-08  0.1073236363E-07 -0.9806864227E+00  0.4785195218E-02  0.2451651535E+01 -0.1442801792E+02  0.1195534456E-01  0.7714940000E+02  0.4785195218E-02  0.6921683838E-09 -0.9806864227E+00 -0.9812669462E+00  0.0000000000E+00  0.5805234753E-03  0.4785195218E-02  0.2453106250E+01 -0.1442818864E+02  0.0000000000E+00 -0.1454715669E-02  0.1707203296E-03  0.1195534456E-01  0.0000000000E+00  0.0000000000E+00 -0.9812669462E+00  0.4785195218E-02  0.6921683838E-09  0.5805234753E-03
70  0.3981725408E-08  0.9284136863E-08  0.2277581071E-08  0.7549427407E-08  0.9361110568E-08 -0.9806865461E+00  0.4785195223E-02  0.2451651843E+01 -0.1442801768E+02  0.1195534457E-01  0.7726650000E+02  0.4785195223E-02  0.6921681077E-09 -0.9806865461E+00 -0.9812670696E+00  0.0000000000E+00  0.5805234762E-03  0.4785195223E-02  0.2453106559E+01 -0.1442818840E+02  0.0000000000E+00 -0.1454715675E-02  0.1707203228E-03  0.1195534457E-01  0.0000000000E+00  0.0000000000E+00 -0.9812670696E+00  0.4785195223E-02  0.6921681077E-09  0.5805234762E-03
71  0.3469826362E-08  0.8178353220E-08  0.2057873693E-08  0.6631204034E-08  0.8200754708E-08 -0.9806866571E+00  0.4785195229E-02  0.2451652121E+01 -0.1442801744E+02  0.1195534458E-01  0.8908140000E+02  0.4785195229E-02  0.6921678875E-09 -0.9806866571E+00 -0.9812671806E+00  0.0000000000E+00  0.5805234772E-03  0.4785195229E-02  0.2453106836E+01 -0.1442818816E+02  0.0000000000E+00 -0.1454715681E-02  0.1707203166E-03  0.1195534458E-01  0.0000000000E+00  0.0000000000E+00 -0.9812671806E+00  0.4785195229E-02  0.6921678875E-09  0.5805234772E-03
72  0.3028676893E-08  0.7218102584E-08  0.1867224851E-08  0.5880190752E-08  0.7217002615E-08 -0.9806867542E+00  0.4785195234E-02  0.2451652363E+01 -0.1442801721E+02  0.1195534459E-01  0.8917030000E+02  0.4785195234E-02  0.6921677052E-09 -0.9806867542E+00 -0.9812672777E+00  0.0000000000E+00  0.5805234780E-03  0.4785195234E-02  0.2453107079E+01 -0.1442818793E+02  0.0000000000E+00 -0.1454715686E-02  0.1707203111E-03  0.1195534459E-01  0.0000000000E+00  0.0000000000E+00 -0.9812672777E+00  0.4785195234E-02  0.6921677052E-09  0.5805234780E-03
73  0.2649134008E-08  0.6370068316E-08  0.1694026741E-08  0.5277415864E-08  0.6375984058E-08 -0.9806868370E+00  0.4785195239E-02  0.2451652570E+01 -0.1442801701E+02  0.1195534460E-01  0.8925620000E+02  0.4785195239E-02  0.6921675466E-09 -0.9806868370E+00 -0.9812673605E+00  0.0000000000E+00  0.5805234788E-03  0.4785195239E-02  0.2453107286E+01 -0.1442818773E+02  0.0000000000E+00 -0.1454715690E-02  0.1707203064E-03  0.1195534460E-01  0.0000000000E+00  0.0000000000E+00 -0.9812673605E+00  0.4785195239E-02  0.6921675466E-09  0.5805234788E-03
74  0.2322687376E-08  0.5610299393E-08  0.1531197628E-08  0.4787545946E-08  0.5647015062E-08 -0.9806869063E+00  0.4785195243E-02  0.2451652743E+01 -0.1442801684E+02  0.1195534460E-01  0.8934470000E+02  0.4785195243E-02  0.6921674018E-09 -0.9806869063E+00 -0.9812674297E+00  0.0000000000E+00  0.5805234794E-03  0.4785195243E-02  0.2453107459E+01 -0.1442818756E+02  0.0000000000E+00 -0.1454715694E-02  0.1707203025E-03  0.1195534460E-01  0.0000000000E+00  0.0000000000E+00 -0.9812674297E+00  0.4785195243E-02  0.6921674018E-09  0.5805234794E-03
75  0.2041552630E-08  0.4923728132E-08  0.1375167399E-08  0.4369383690E-08  0.5005048485E-08 -0.9806869632E+00  0.4785195246E-02  0.2451652886E+01 -0.1442801669E+02  0.1195534461E-01  0.8943070000E+02  0.4785195246E-02  0.6921672637E-09 -0.9806869632E+00 -0.9812674867E+00  0.0000000000E+00  0.5805234800E-03  0.4785195246E-02  0.2453107602E+01 -0.1442818741E+02  0.0000000000E+00 -0.1454715697E-02  0.1707202994E-03  0.1195534461E-01  0.0000000000E+00  0.0000000000E+00 -0.9812674867E+00  0.4785195246E-02  0.6921672637E-09  0.5805234800E-03
76  0.1798774800E-08  0.4302374770E-08  0.1224820875E-08  0.3987047015E-08  0.4431892454E-08 -0.9806870093E+00  0.4785195249E-02  0.2451653001E+01 -0.1442801656E+02  0.1195534461E-01  0.8951950000E+02  0.4785195249E-02  0.6921671286E-09 -0.9806870093E+00 -0.9812675328E+00  0.0000000000E+00  0.5805234804E-03  0.4785195249E-02  0.2453107717E+01 -0.1442818728E+02  0.0000000000E+00 -0.1454715700E-02  0.1707202969E-03  0.1195534461E-01  0.0000000000E+00  0.0000000000E+00 -0.9812675328E+00  0.4785195249E-02  0.6921671286E-09  0.5805234804E-03
77  0.1588291657E-08  0.3742988628E-08  0.1080580943E-08  0.3616624746E-08  0.3915982246E-08 -0.9806870461E+00  0.4785195251E-02  0.2451653093E+01 -0.1442801646E+02  0.1195534461E-01  0.8960530000E+02  0.4785195251E-02  0.6921669953E-09 -0.9806870461E+00 -0.9812675696E+00  0.0000000000E+00  0.5805234808E-03  0.4785195251E-02  0.2453107809E+01 -0.1442818718E+02  0.0000000000E+00 -0.1454715702E-02  0.1707202949E-03  0.1195534461E-01  0.0000000000E+00  0.0000000000E+00 -0.9812675696E+00  0.4785195251E-02  0.6921669953E-09  0.5805234808E-03
78  0.1404936718E-08  0.3244732824E-08  0.9436877140E-09  0.3247283953E-08  0.3451054598E-08 -0.9806870751E+00  0.4785195252E-02  0.2451653166E+01 -0.1442801637E+02  0.1195534461E-01  0.8969410000E+02  0.4785195252E-02  0.6921668643E-09 -0.9806870751E+00 -0.9812675986E+00  0.0000000000E+00  0.5805234811E-03  0.4785195252E-02  0.2453107881E+01 -0.1442818709E+02  0.0000000000E+00 -0.1454715704E-02  0.1707202934E-03  0.1195534461E-01  0.0000000000E+00  0.0000000000E+00 -0.9812675986E+00  0.4785195252E-02  0.6921668643E-09  0.5805234811E-03
79  0.1244386451E-08  0.2807276933E-08  0.8156677326E-09  0.2878753462E-08  0.3034290923E-08 -0.9806870976E+00  0.4785195253E-02  0.2451653222E+01 -0.1442801631E+02  0.1195534462E-01  0.8978000000E+02  0.4785195253E-02  0.6921667377E-09 -0.9806870976E+00 -0.9812676211E+00  0.0000000000E+00  0.5805234813E-03  0.4785195253E-02  0.2453107938E+01 -0.1442818703E+02  0.0000000000E+00 -0.1454715706E-02  0.1707202923E-03  0.1195534462E-01  0.0000000000E+00  0.0000000000E+00 -0.9812676211E+00  0.4785195253E-02  0.6921667377E-09  0.5805234813E-03
80  0.1103071597E-08  0.2429454096E-08  0.6979649948E-09  0.2517491007E-08  0.2664442732E-08 -0.9806871148E+00  0.4785195254E-02  0.2451653265E+01 -0.1442801625E+02  0.1195534462E-01  0.8989780000E+02  0.4785195254E-02  0.6921666180E-09 -0.9806871148E+00 -0.9812676383E+00  0.0000000000E+00  0.5805234815E-03  0.4785195254E-02  0.2453107981E+01 -0.1442818697E+02  0.0000000000E+00 -0.1454715708E-02  0.1707202914E-03  0.1195534462E-01  0.0000000000E+00  0.0000000000E+00 -0.9812676383E+00  0.4785195254E-02  0.6921666180E-09  0.5805234815E-03
81  0.9780746769E-09  0.2108509869E-08  0.5917042356E-09  0.2172994903E-08  0.2340292902E-08 -0.9806871279E+00  0.4785195255E-02  0.2451653298E+01 -0.1442801621E+02  0.1195534462E-01  0.1017054000E+03  0.4785195255E-02  0.6921665072E-09 -0.9806871279E+00 -0.9812676514E+00  0.0000000000E+00  0.5805234816E-03  0.4785195255E-02  0.2453108013E+01 -0.1442818694E+02  0.0000000000E+00 -0.1454715709E-02  0.1707202908E-03  0.1195534462E-01  0.0000000000E+00  0.0000000000E+00 -0.9812676514E+00  0.4785195255E-02  0.6921665072E-09  0.5805234816E-03
82  0.8670301964E-09  0.1839903006E-08  0.4975604381E-09  0.1854877907E-08  0.2059650309E-08 -0.9806871377E+00  0.4785195255E-02  0.2451653322E+01 -0.1442801618E+02  0.1195534462E-01  0.1017946000E+03  0.4785195255E-02  0.6921664070E-09 -0.9806871377E+00 -0.9812676611E+00  0.0000000000E+00  0.5805234818E-03  0.4785195255E-02  0.2453108038E+01 -0.1442818690E+02  0.0000000000E+00 -0.1454715710E-02  0.1707202903E-03  0.1195534462E-01  0.0000000000E+00  0.0000000000E+00 -0.9812676611E+00  0.4785195255E-02  0.6921664070E-09  0.5805234818E-03
83  0.7680359604E-09  0.1617573065E-08  0.4157133798E-09  0.1570831051E-08  0.1818949032E-08 -0.9806871449E+00  0.4785195255E-02  0.2451653340E+01 -0.1442801616E+02  0.1195534462E-01  0.1018807000E+03  0.4785195255E-02  0.6921663187E-09 -0.9806871449E+00 -0.9812676684E+00  0.0000000000E+00  0.5805234818E-03  0.4785195255E-02  0.2453108056E+01 -0.1442818688E+02  0.0000000000E+00 -0.1454715711E-02  0.1707202900E-03  0.1195534462E-01  0.0000000000E+00  0.0000000000E+00 -0.9812676684E+00  0.4785195255E-02  0.6921663187E-09  0.5805234818E-03
84  0.6795755773E-09  0.1434536463E-08  0.3458681021E-09  0.1325409850E-08  0.1613412511E-08 -0.9806871502E+00  0.4785195256E-02  0.2451653353E+01 -0.1442801614E+02  0.1195534462E-01  0.1019700000E+03  0.4785195256E-02  0.6921662428E-09 -0.9806871502E+00 -0.9812676736E+00  0.0000000000E+00  0.5805234819E-03  0.4785195256E-02  0.2453108069E+01 -0.1442818686E+02  0.0000000000E+00 -0.1454715711E-02  0.1707202898E-03  0.1195534462E-01  0.0000000000E+00  0.0000000000E+00 -0.9812676736E+00  0.4785195256E-02  0.6921662428E-09  0.5805234819E-03
85  0.6004498005E-09  0.1283614061E-08  0.2873228291E-09  0.1119554777E-08  0.1437614024E-08 -0.9806871540E+00  0.4785195256E-02  0.2451653363E+01 -0.1442801613E+02  0.1195534462E-01  0.1020562000E+03  0.4785195256E-02  0.6921661788E-09 -0.9806871540E+00 -0.9812676774E+00  0.0000000000E+00  0.5805234819E-03  0.4785195256E-02  0.2453108079E+01 -0.1442818685E+02  0.0000000000E+00 -0.1454715712E-02  0.1707202897E-03  0.1195534462E-01  0.0000000000E+00  0.0000000000E+00 -0.9812676774E+00  0.4785195256E-02  0.6921661788E-09  0.5805234819E-03
86  0.5297130287E-09  0.1158081249E-08  0.2390657209E-09  0.9508072417E-09  0.1286187490E-08 -0.9806871567E+00  0.4785195256E-02  0.2451653370E+01 -0.1442801612E+02  0.1195534462E-01  0.1021453000E+03  0.4785195256E-02  0.6921661259E-09 -0.9806871567E+00 -0.9812676802E+00  0.0000000000E+00  0.5805234820E-03  0.4785195256E-02  0.2453108085E+01 -0.1442818684E+02  0.0000000000E+00 -0.1454715712E-02  0.1707202896E-03  0.1195534462E-01  0.0000000000E+00  0.0000000000E+00 -0.9812676802E+00  0.4785195256E-02  0.6921661259E-09  0.5805234820E-03
87  0.4666136890E-09  0.1052089650E-08  0.1998818905E-09  0.8141823451E-09  0.1154423517E-08 -0.9806871586E+00  0.4785195256E-02  0.2451653374E+01 -0.1442801612E+02  0.1195534462E-01  0.1022314000E+03  0.4785195256E-02  0.6921660829E-09 -0.9806871586E+00 -0.9812676821E+00  0.0000000000E+00  0.5805234820E-03  0.4785195256E-02  0.2453108090E+01 -0.1442818684E+02  0.0000000000E+00 -0.1454715712E-02  0.1707202895E-03  0.1195534462E-01  0.0000000000E+00  0.0000000000E+00 -0.9812676821E+00  0.4785195256E-02  0.6921660829E-09  0.5805234820E-03
88  0.4105378331E-09  0.9608296059E-09  0.1684544270E-09  0.7035111127E-09  0.1038593211E-08 -0.9806871599E+00  0.4785195256E-02  0.2451653378E+01 -0.1442801611E+02  0.1195534462E-01  0.1023206000E+03  0.4785195256E-02  0.6921660488E-09 -0.9806871599E+00 -0.9812676834E+00  0.0000000000E+00  0.5805234820E-03  0.4785195256E-02  0.2453108093E+01 -0.1442818683E+02  0.0000000000E+00 -0.1454715712E-02  0.1707202895E-03  0.1195534462E-01  0.0000000000E+00  0.0000000000E+00 -0.9812676834E+00  0.4785195256E-02  0.6921660488E-09  0.5805234820E-03
89  0.3609582852E-09  0.8804972068E-09  0.1434494684E-09  0.6128347236E-09  0.9359679314E-09 -0.9806871608E+00  0.4785195256E-02  0.2451653380E+01 -0.1442801611E+02  0.1195534462E-01  0.1024068000E+03  0.4785195256E-02  0.6921660207E-09 -0.9806871608E+00 -0.9812676843E+00  0.0000000000E+00  0.5805234820E-03  0.4785195256E-02  0.2453108096E+01 -0.1442818683E+02  0.0000000000E+00 -0.1454715712E-02  0.1707202894E-03  0.1195534462E-01  0.0000000000E+00  0.0000000000E+00 -0.9812676843E+00  0.4785195256E-02  0.6921660207E-09  0.5805234820E-03
90  0.3173901722E-09  0.8081709096E-09  0.1235834946E-09  0.5373751864E-09  0.8446216063E-09 -0.9806871614E+00  0.4785195256E-02  0.2451653381E+01 -0.1442801611E+02  0.1195534462E-01  0.1025246000E+03  0.4785195256E-02  0.6921659977E-09 -0.9806871614E+00 -0.9812676849E+00  0.0000000000E+00  0.5805234820E-03  0.4785195256E-02  0.2453108097E+01 -0.1442818683E+02  0.0000000000E+00 -0.1454715712E-02  0.1707202894E-03  0.1195534462E-01  0.0000000000E+00  0.0000000000E+00 -0.9812676849E+00  0.4785195256E-02  0.6921659977E-09  0.5805234820E-03
91  0.2793560414E-09  0.7416779294E-09  0.1076774479E-09  0.4738401264E-09  0.7631400020E-09 -0.9806871617E+00  0.4785195256E-02  0.2451653382E+01 -0.1442801610E+02  0.1195534462E-01  0.1143415000E+03  0.4785195256E-02  0.6921659791E-09 -0.9806871617E+00 -0.9812676852E+00  0.0000000000E+00  0.5805234820E-03  0.4785195256E-02  0.2453108098E+01 -0.1442818682E+02  0.0000000000E+00 -0.1454715712E-02  0.1707202894E-03  0.1195534462E-01  0.0000000000E+00  0.0000000000E+00 -0.9812676852E+00  0.4785195256E-02  0.6921659791E-09  0.5805234820E-03
92  0.2463615745E-09  0.6794865346E-09  0.9470168084E-10  0.4201588082E-09  0.6903516039E-09 -0.9806871619E+00  0.4785195256E-02  0.2451653383E+01 -0.1442801610E+02  0.1195534462E-01  0.1144309000E+03  0.4785195256E-02  0.6921659631E-09 -0.9806871619E+00 -0.9812676854E+00  0.0000000000E+00  0.5805234820E-03  0.4785195256E-02  0.2453108099E+01 -0.1442818682E+02  0.0000000000E+00 -0.1454715712E-02  0.1707202894E-03  0.1195534462E-01  0.0000000000E+00  0.0000000000E+00 -0.9812676854E+00  0.4785195256E-02  0.6921659631E-09  0.5805234820E-03
93  0.2178844792E-09  0.6206213852E-09  0.8381038154E-10  0.3749417683E-09  0.6251506668E-09 -0.9806871620E+00  0.4785195256E-02  0.2451653383E+01 -0.1442801610E+02  0.1195534462E-01  0.1145174000E+03  0.4785195256E-02  0.6921659492E-09 -0.9806871620E+00 -0.9812676855E+00  0.0000000000E+00  0.5805234820E-03  0.4785195256E-02  0.2453108099E+01 -0.1442818682E+02  0.0000000000E+00 -0.1454715711E-02  0.1707202894E-03  0.1195534462E-01  0.0000000000E+00  0.0000000000E+00 -0.9812676855E+00  0.4785195256E-02  0.6921659492E-09  0.5805234820E-03
94  0.1933766867E-09  0.5645850349E-09  0.7435929931E-10  0.3369627259E-09  0.5664347520E-09 -0.9806871621E+00  0.4785195256E-02  0.2451653383E+01 -0.1442801610E+02  0.1195534462E-01  0.1146067000E+03  0.4785195256E-02  0.6921659369E-09 -0.9806871621E+00 -0.9812676855E+00  0.0000000000E+00  0.5805234820E-03  0.4785195256E-02  0.2453108099E+01 -0.1442818682E+02  0.0000000000E+00 -0.1454715711E-02  0.1707202895E-03  0.1195534462E-01  0.0000000000E+00  0.0000000000E+00 -0.9812676855E+00  0.4785195256E-02  0.6921659369E-09  0.5805234820E-03
95  0.1722792293E-09  0.5112681473E-09  0.6590222808E-10  0.3048622380E-09  0.5131343982E-09 -0.9806871620E+00  0.4785195256E-02  0.2451653383E+01 -0.1442801610E+02  0.1195534462E-01  0.1146933000E+03  0.4785195256E-02  0.6921659259E-09 -0.9806871620E+00 -0.9812676855E+00  0.0000000000E+00  0.5805234820E-03  0.4785195256E-02  0.2453108099E+01 -0.1442818682E+02  0.0000000000E+00 -0.1454715711E-02  0.1707202895E-03  0.1195534462E-01  0.0000000000E+00  0.0000000000E+00 -0.9812676855E+00  0.4785195256E-02  0.6921659259E-09  0.5805234820E-03
96  0.1540459232E-09  0.4608431764E-09  0.5816738262E-10  0.2771318629E-09  0.4642916017E-09 -0.9806871620E+00  0.4785195256E-02  0.2451653383E+01 -0.1442801610E+02  0.1195534462E-01  0.1147827000E+03  0.4785195256E-02  0.6921659156E-09 -0.9806871620E+00 -0.9812676855E+00  0.0000000000E+00  0.5805234820E-03  0.4785195256E-02  0.2453108099E+01 -0.1442818682E+02  0.0000000000E+00 -0.1454715710E-02  0.1707202895E-03  0.1195534462E-01  0.0000000000E+00  0.0000000000E+00 -0.9812676855E+00  0.4785195256E-02  0.6921659156E-09  0.5805234820E-03
97  0.1381703868E-09  0.4136439344E-09  0.5102054098E-10  0.2522978352E-09  0.4191378824E-09 -0.9806871619E+00  0.4785195256E-02  0.2451653383E+01 -0.1442801610E+02  0.1195534462E-01  0.1148690000E+03  0.4785195256E-02  0.6921659057E-09 -0.9806871619E+00 -0.9812676854E+00  0.0000000000E+00  0.5805234820E-03  0.4785195256E-02  0.2453108098E+01 -0.1442818682E+02  0.0000000000E+00 -0.1454715710E-02  0.1707202895E-03  0.1195534462E-01  0.0000000000E+00  0.0000000000E+00 -0.9812676854E+00  0.4785195256E-02  0.6921659057E-09  0.5805234820E-03
98  0.1242092219E-09  0.3700423258E-09  0.4442265374E-10  0.2291531990E-09  0.3771384282E-09 -0.9806871618E+00  0.4785195256E-02  0.2451653382E+01 -0.1442801610E+02  0.1195534462E-01  0.1149585000E+03  0.4785195256E-02  0.6921658955E-09 -0.9806871618E+00 -0.9812676853E+00  0.0000000000E+00  0.5805234820E-03  0.4785195256E-02  0.2453108098E+01 -0.1442818682E+02  0.0000000000E+00 -0.1454715710E-02  0.1707202895E-03  0.1195534462E-01  0.0000000000E+00  0.0000000000E+00 -0.9812676853E+00  0.4785195256E-02  0.6921658955E-09  0.5805234820E-03
99  0.1117967684E-09  0.3303360249E-09  0.3838918751E-10  0.2069103347E-09  0.3379903073E-09 -0.9806871617E+00  0.4785195256E-02  0.2451653382E+01 -0.1442801610E+02  0.1195534462E-01  0.1150451000E+03  0.4785195256E-02  0.6921658859E-09 -0.9806871617E+00 -0.9812676851E+00  0.0000000000E+00  0.5805234820E-03  0.4785195256E-02  0.2453108098E+01 -0.1442818682E+02  0.0000000000E+00 -0.1454715710E-02  0.1707202895E-03  0.1195534462E-01  0.0000000000E+00  0.0000000000E+00 -0.9812676851E+00  0.4785195256E-02  0.6921658859E-09  0.5805234820E-03
100  0.1006486777E-09  0.2946627683E-09  0.3295558957E-10  0.1852315300E-09  0.3015819164E-09 -0.9806871615E+00  0.4785195256E-02  0.2451653382E+01 -0.1442801610E+02  0.1195534462E-01  0.1151633000E+03  0.4785195256E-02  0.6921658774E-09 -0.9806871615E+00 -0.9812676850E+00  0.0000000000E+00  0.5805234820E-03  0.4785195256E-02  0.2453108098E+01 -0.1442818682E+02  0.0000000000E+00 -0.1454715710E-02  0.1707202895E-03  0.1195534462E-01  0.0000000000E+00  0.0000000000E+00 -0.9812676850E+00  0.4785195256E-02  0.6921658774E-09  0.5805234820E-03
